Coefficient of   x^5                     = 1
Coefficient of   x^4 * y^1               = 1
Coefficient of   x^3 * y^2               = 1
Coefficient of   x^2 * y^3               = 1
Coefficient of   x^2 * z^1 * w^1         = 1
Coefficient of   x^1 * y^4               = 1
Coefficient of   x^1 * y^1 * z^1 * w^1   = 1
Coefficient of   x^1 * z^3               = 1
Coefficient of   y^5                     = 1
Coefficient of   y^2 * z^1 * w^1         = 1
Coefficient of   y^1 * z^3               = 1
Coefficient of   w^3                     = 1
Allocate G_len 20 elements and old = 0.
Allocate M_len = 400 elements.
Allocate G_len 40 elements and old = 20.
1 0 0 0 0 0 0 1 1 0 0 1   5
1 1 0 0 0 0 0 1 1 0 0 1   5
1 0 1 0 0 0 0 1 1 0 0 1   5
0 1 1 0 0 0 0 1 1 0 0 1   7
1 0 0 1 0 0 0 1 1 0 0 1   7
1 1 0 1 0 0 0 1 1 0 0 1   7
0 1 1 1 0 0 0 1 1 0 0 1   7
1 1 1 1 0 0 0 1 1 0 0 1   5
0 1 1 1 1 0 0 1 1 0 0 1   20
1 1 1 1 1 0 0 1 1 0 0 1   17
1 0 0 0 0 1 0 1 1 0 0 1   5
0 1 0 0 0 1 0 1 1 0 0 1   5
1 0 1 0 0 1 0 1 1 0 0 1   5
1 1 1 0 0 1 0 1 1 0 0 1   7
0 1 0 1 0 1 0 1 1 0 0 1   5
1 1 0 1 0 1 0 1 1 0 0 1   7
1 0 1 1 0 1 0 1 1 0 0 1   7
0 1 1 1 0 1 0 1 1 0 0 1   7
0 1 0 1 1 1 0 1 1 0 0 1   17
1 1 0 1 1 1 0 1 1 0 0 1   20
1 0 0 0 0 0 1 1 1 0 0 1   23
1 1 0 0 0 0 1 1 1 0 0 1   23
0 1 1 0 0 0 1 1 1 0 0 1   23
1 0 0 1 0 0 1 1 1 0 0 1   21
1 1 0 1 0 0 1 1 1 0 0 1   21
0 1 1 1 0 0 1 1 1 0 0 1   23
1 0 0 0 1 0 1 1 1 0 0 1   20
0 1 1 0 1 0 1 1 1 0 0 1   28
1 0 0 1 1 0 1 1 1 0 0 1   20
0 1 1 1 1 0 1 1 1 0 0 1   20
0 1 0 0 0 1 1 1 1 0 0 1   16
1 0 1 0 0 1 1 1 1 0 0 1   23
0 1 0 1 0 1 1 1 1 0 0 1   16
1 0 1 1 0 1 1 1 1 0 0 1   21
1 0 0 0 1 1 1 1 1 0 0 1   29
0 1 0 0 1 1 1 1 1 0 0 1   25
1 0 1 0 1 1 1 1 1 0 0 1   22
0 1 0 1 1 1 1 1 1 0 0 1   16
1 0 1 1 1 1 1 1 1 0 0 1   23
0 1 1 1 1 1 1 1 1 0 0 1   20
0 1 0 0 0 1 0 1 0 1 0 1   13
1 1 0 0 0 1 0 1 0 1 0 1   13
0 1 1 0 0 1 0 1 0 1 0 1   16
1 1 1 0 0 1 0 1 0 1 0 1   16
1 0 0 1 0 1 0 1 0 1 0 1   16
1 0 1 1 0 1 0 1 0 1 0 1   16
0 1 0 0 1 1 0 1 0 1 0 1   16
1 1 0 0 1 1 0 1 0 1 0 1   16
0 1 1 0 1 1 0 1 0 1 0 1   18
1 1 1 0 1 1 0 1 0 1 0 1   18
0 1 0 1 1 1 0 1 0 1 0 1   17
1 1 1 1 1 1 0 1 0 1 0 1   17
0 1 0 0 0 1 1 1 0 1 0 1   23
0 1 1 0 0 1 1 1 0 1 0 1   24
1 1 1 0 0 1 1 1 0 1 0 1   24
1 0 0 1 0 1 1 1 0 1 0 1   28
0 1 0 1 0 1 1 1 0 1 0 1   23
1 0 1 1 0 1 1 1 0 1 0 1   28
1 1 1 1 0 1 1 1 0 1 0 1   23
0 1 0 0 1 1 1 1 0 1 0 1   25
0 1 0 1 1 1 1 1 0 1 0 1   16
1 0 1 1 1 1 1 1 0 1 0 1   31
1 0 0 0 0 0 0 1 1 1 0 1   12
1 0 1 0 0 0 0 1 1 1 0 1   12
0 1 1 1 0 0 0 1 1 1 0 1   16
1 1 1 1 0 0 0 1 1 1 0 1   13
1 1 0 0 1 0 0 1 1 1 0 1   15
0 1 1 0 1 0 0 1 1 1 0 1   20
0 1 1 1 1 0 0 1 1 1 0 1   21
1 1 1 1 1 0 0 1 1 1 0 1   15
1 0 0 0 0 1 0 1 1 1 0 1   12
1 0 1 0 0 1 0 1 1 1 0 1   12
0 1 0 1 0 1 0 1 1 1 0 1   13
1 1 0 1 0 1 0 1 1 1 0 1   16
0 1 0 0 1 1 0 1 1 1 0 1   15
1 1 1 0 1 1 0 1 1 1 0 1   20
0 1 0 1 1 1 0 1 1 1 0 1   15
1 1 0 1 1 1 0 1 1 1 0 1   21
1 0 0 0 0 0 1 1 1 1 0 1   23
1 1 0 0 0 0 1 1 1 1 0 1   17
1 0 1 0 0 0 1 1 1 1 0 1   23
0 1 1 0 0 0 1 1 1 1 0 1   20
1 1 0 1 0 0 1 1 1 1 0 1   24
0 1 1 1 0 0 1 1 1 1 0 1   26
1 1 1 1 0 0 1 1 1 1 0 1   23
1 0 0 0 1 0 1 1 1 1 0 1   21
0 1 1 0 1 0 1 1 1 1 0 1   24
1 0 0 1 1 0 1 1 1 1 0 1   27
1 0 0 0 0 1 1 1 1 1 0 1   17
0 1 0 0 0 1 1 1 1 1 0 1   23
1 0 1 0 0 1 1 1 1 1 0 1   17
1 1 1 0 0 1 1 1 1 1 0 1   28
0 1 0 1 0 1 1 1 1 1 0 1   23
1 1 0 1 0 1 1 1 1 1 0 1   28
0 1 1 1 0 1 1 1 1 1 0 1   24
0 1 0 0 1 1 1 1 1 1 0 1   19
1 0 1 0 1 1 1 1 1 1 0 1   22
1 0 1 1 1 1 1 1 1 1 0 1   27
1 1 0 0 0 1 0 0 0 0 1 1   5
1 1 1 0 0 1 0 0 0 0 1 1   7
1 0 0 1 0 1 0 0 0 0 1 1   7
1 0 1 1 0 1 0 0 0 0 1 1   7
1 1 1 1 0 1 0 0 0 0 1 1   5
0 1 0 0 1 1 0 0 0 0 1 1   13
1 1 1 0 1 1 0 0 0 0 1 1   16
0 1 0 1 1 1 0 0 0 0 1 1   11
1 0 1 1 1 1 0 0 0 0 1 1   14
1 1 0 0 0 1 1 0 0 0 1 1   18
1 1 1 0 0 1 1 0 0 0 1 1   22
1 0 0 1 0 1 1 0 0 0 1 1   24
1 0 1 1 0 1 1 0 0 0 1 1   24
0 1 0 0 1 1 1 0 0 0 1 1   23
1 1 0 0 1 1 1 0 0 0 1 1   23
0 1 1 0 1 1 1 0 0 0 1 1   25
1 1 1 0 1 1 1 0 0 0 1 1   27
1 0 0 1 1 1 1 0 0 0 1 1   23
0 1 0 1 1 1 1 0 0 0 1 1   14
1 0 1 1 1 1 1 0 0 0 1 1   27
1 1 1 1 1 1 1 0 0 0 1 1   16
1 1 0 0 0 1 0 1 0 0 1 1   5
0 1 1 0 0 1 0 1 0 0 1 1   7
1 0 0 1 0 1 0 1 0 0 1 1   7
0 1 0 1 0 1 0 1 0 0 1 1   5
1 1 1 1 0 1 0 1 0 0 1 1   5
0 1 0 0 1 1 0 1 0 0 1 1   16
0 1 1 0 1 1 0 1 0 0 1 1   21
0 1 0 1 1 1 0 1 0 0 1 1   15
1 0 1 1 1 1 0 1 0 0 1 1   18
0 1 0 0 0 1 1 1 0 0 1 1   23
1 1 0 0 0 1 1 1 0 0 1 1   23
0 1 1 0 0 1 1 1 0 0 1 1   26
1 1 1 0 0 1 1 1 0 0 1 1   28
1 0 0 1 0 1 1 1 0 0 1 1   24
0 1 0 1 0 1 1 1 0 0 1 1   23
1 0 1 1 0 1 1 1 0 0 1 1   24
1 1 1 1 0 1 1 1 0 0 1 1   17
1 1 0 0 1 1 1 1 0 0 1 1   20
0 1 1 0 1 1 1 1 0 0 1 1   20
0 1 0 1 1 1 1 1 0 0 1 1   16
1 1 1 1 1 1 1 1 0 0 1 1   22
1 0 0 0 0 0 0 0 1 0 1 1   5
1 1 0 0 0 0 0 0 1 0 1 1   5
1 0 1 0 0 0 0 0 1 0 1 1   5
1 0 0 1 0 0 0 0 1 0 1 1   7
1 1 0 1 0 0 0 0 1 0 1 1   7
1 1 1 1 0 0 0 0 1 0 1 1   5
1 0 0 0 1 0 0 0 1 0 1 1   12
1 1 0 0 1 0 0 0 1 0 1 1   12
0 1 1 0 1 0 0 0 1 0 1 1   16
1 0 0 1 1 0 0 0 1 0 1 1   15
1 1 0 1 1 0 0 0 1 0 1 1   15
0 1 1 1 1 0 0 0 1 0 1 1   16
1 0 0 0 0 1 0 0 1 0 1 1   5
1 0 1 0 0 1 0 0 1 0 1 1   5
1 1 1 0 0 1 0 0 1 0 1 1   7
1 1 0 1 0 1 0 0 1 0 1 1   7
1 0 1 1 0 1 0 0 1 0 1 1   7
0 1 0 0 1 1 0 0 1 0 1 1   13
1 1 1 0 1 1 0 0 1 0 1 1   14
0 1 0 1 1 1 0 0 1 0 1 1   11
1 0 1 1 1 1 0 0 1 0 1 1   16
1 0 0 0 0 0 1 0 1 0 1 1   21
1 0 1 0 0 0 1 0 1 0 1 1   18
1 1 0 1 0 0 1 0 1 0 1 1   25
1 1 1 1 0 0 1 0 1 0 1 1   18
1 0 0 0 1 0 1 0 1 0 1 1   23
1 1 0 0 1 0 1 0 1 0 1 1   20
0 1 1 0 1 0 1 0 1 0 1 1   25
1 0 0 1 1 0 1 0 1 0 1 1   23
1 1 0 1 1 0 1 0 1 0 1 1   23
0 1 1 1 1 0 1 0 1 0 1 1   25
1 0 0 0 0 1 1 0 1 0 1 1   21
1 0 1 0 0 1 1 0 1 0 1 1   18
1 0 0 0 1 1 1 0 1 0 1 1   20
1 0 1 0 1 1 1 0 1 0 1 1   16
1 1 1 0 1 1 1 0 1 0 1 1   28
0 1 0 1 1 1 1 0 1 0 1 1   14
1 1 0 1 1 1 1 0 1 0 1 1   23
1 0 1 1 1 1 1 0 1 0 1 1   28
0 1 1 1 1 1 1 0 1 0 1 1   25
1 1 0 0 0 0 0 1 1 0 1 1   5
1 0 1 0 0 0 0 1 1 0 1 1   5
0 1 1 0 0 0 0 1 1 0 1 1   7
1 0 0 1 0 0 0 1 1 0 1 1   7
1 1 1 1 0 0 0 1 1 0 1 1   5
1 0 0 0 1 0 0 1 1 0 1 1   16
1 0 1 0 1 0 0 1 1 0 1 1   15
1 0 0 1 1 0 0 1 1 0 1 1   21
0 1 1 1 1 0 0 1 1 0 1 1   18
1 0 0 0 0 1 0 1 1 0 1 1   5
0 1 0 0 0 1 0 1 1 0 1 1   5
1 1 1 0 0 1 0 1 1 0 1 1   7
1 1 0 1 0 1 0 1 1 0 1 1   7
1 0 1 1 0 1 0 1 1 0 1 1   7
0 1 1 1 0 1 0 1 1 0 1 1   7
1 0 0 0 1 1 0 1 1 0 1 1   15
0 1 0 0 1 1 0 1 1 0 1 1   15
1 0 1 0 1 1 0 1 1 0 1 1   17
0 1 0 1 1 1 0 1 1 0 1 1   17
1 0 1 1 1 1 0 1 1 0 1 1   20
0 1 1 1 1 1 0 1 1 0 1 1   20
1 1 0 0 0 0 1 1 1 0 1 1   17
1 0 1 0 0 0 1 1 1 0 1 1   23
0 1 1 0 0 0 1 1 1 0 1 1   24
1 0 0 1 0 0 1 1 1 0 1 1   28
1 1 0 1 0 0 1 1 1 0 1 1   28
0 1 1 1 0 0 1 1 1 0 1 1   24
1 1 1 1 0 0 1 1 1 0 1 1   23
1 1 0 0 1 0 1 1 1 0 1 1   29
0 1 1 0 1 0 1 1 1 0 1 1   20
1 0 0 0 0 1 1 1 1 0 1 1   17
0 1 0 0 0 1 1 1 1 0 1 1   23
1 0 1 0 0 1 1 1 1 0 1 1   23
0 1 0 1 0 1 1 1 1 0 1 1   23
1 0 1 1 0 1 1 1 1 0 1 1   28
0 1 1 1 0 1 1 1 1 0 1 1   20
0 1 0 0 1 1 1 1 1 0 1 1   25
1 1 1 0 1 1 1 1 1 0 1 1   23
1 1 0 1 1 1 1 1 1 0 1 1   20
0 1 1 1 1 1 1 1 1 0 1 1   28
1 1 1 0 0 1 0 0 0 1 1 1   14
1 0 1 1 0 1 0 0 0 1 1 1   14
0 1 0 0 1 1 0 0 0 1 1 1   13
1 1 0 0 1 1 0 0 0 1 1 1   12
0 1 1 0 1 1 0 0 0 1 1 1   16
1 1 1 0 1 1 0 0 0 1 1 1   14
1 0 0 1 1 1 0 0 0 1 1 1   15
0 1 0 1 1 1 0 0 0 1 1 1   11
1 0 1 1 1 1 0 0 0 1 1 1   16
1 1 0 0 0 1 1 0 0 1 1 1   21
1 1 1 0 0 1 1 0 0 1 1 1   24
1 0 0 1 0 1 1 0 0 1 1 1   25
1 0 1 1 0 1 1 0 0 1 1 1   22
1 1 1 1 0 1 1 0 0 1 1 1   18
0 1 0 0 1 1 1 0 0 1 1 1   23
1 1 0 0 1 1 1 0 0 1 1 1   24
0 1 1 0 1 1 1 0 0 1 1 1   25
1 0 0 1 1 1 1 0 0 1 1 1   25
0 1 0 0 0 1 0 1 0 1 1 1   13
1 1 0 0 0 1 0 1 0 1 1 1   12
0 1 1 0 0 1 0 1 0 1 1 1   16
1 1 1 0 0 1 0 1 0 1 1 1   16
0 1 0 1 0 1 0 1 0 1 1 1   13
1 0 1 1 0 1 0 1 0 1 1 1   16
1 1 1 1 0 1 0 1 0 1 1 1   12
0 1 1 0 1 1 0 1 0 1 1 1   20
0 1 0 1 1 1 0 1 0 1 1 1   17
1 1 0 0 0 1 1 1 0 1 1 1   23
0 1 1 0 0 1 1 1 0 1 1 1   23
1 0 0 1 0 1 1 1 0 1 1 1   21
0 1 0 1 0 1 1 1 0 1 1 1   16
1 1 1 1 0 1 1 1 0 1 1 1   23
0 1 0 0 1 1 1 1 0 1 1 1   25
1 1 0 0 1 1 1 1 0 1 1 1   21
1 1 1 0 1 1 1 1 0 1 1 1   31
1 1 1 1 1 1 1 1 0 1 1 1   22
1 1 1 0 0 1 0 0 1 1 1 1   14
1 0 1 1 0 1 0 0 1 1 1 1   14
1 0 0 0 1 1 0 0 1 1 1 1   12
0 1 0 0 1 1 0 0 1 1 1 1   13
1 1 1 0 1 1 0 0 1 1 1 1   16
0 1 0 1 1 1 0 0 1 1 1 1   11
1 1 0 1 1 1 0 0 1 1 1 1   15
1 0 1 1 1 1 0 0 1 1 1 1   14
0 1 1 1 1 1 0 0 1 1 1 1   16
1 0 0 0 0 0 1 0 1 1 1 1   18
1 1 0 0 0 0 1 0 1 1 1 1   21
1 0 1 0 0 0 1 0 1 1 1 1   18
1 1 0 1 0 0 1 0 1 1 1 1   24
1 1 1 1 0 0 1 0 1 1 1 1   18
1 0 0 0 1 0 1 0 1 1 1 1   24
1 0 1 0 1 0 1 0 1 1 1 1   21
1 1 0 1 1 0 1 0 1 1 1 1   25
0 1 1 1 1 0 1 0 1 1 1 1   25
1 1 1 1 1 0 1 0 1 1 1 1   21
1 0 0 0 0 0 0 1 1 1 1 1   13
1 1 0 0 0 0 0 1 1 1 1 1   12
1 0 1 0 0 0 0 1 1 1 1 1   13
1 0 0 1 0 0 0 1 1 1 1 1   16
1 1 0 1 0 0 0 1 1 1 1 1   16
0 1 1 1 0 0 0 1 1 1 1 1   16
1 1 1 1 0 0 0 1 1 1 1 1   12
1 0 1 0 1 0 0 1 1 1 1 1   17
1 0 0 1 1 0 0 1 1 1 1 1   20
1 0 0 0 0 1 1 1 1 1 1 1   23
0 1 0 0 0 1 1 1 1 1 1 1   16
1 1 1 0 0 1 1 1 1 1 1 1   21
1 1 0 1 0 1 1 1 1 1 1 1   21
0 1 1 1 0 1 1 1 1 1 1 1   23
0 1 0 0 1 1 1 1 1 1 1 1   19
1 1 1 0 1 1 1 1 1 1 1 1   27
0 1 0 1 1 1 1 1 1 1 1 1   16
1 1 0 1 1 1 1 1 1 1 1 1   27
0 1 1 1 1 1 1 1 1 1 1 1   24
