5 13 14 19 70 9 5 2 4 2
6 7 13 16 55 9 5 2 5 2
6 11 15 17 66 8 5 2 4 2
7 8 15 19 64 8 5 2 3 2
7 9 16 24 72 8 5 2 3 2
7 11 15 16 71 8 4 2 6 2
7 12 15 17 75 9 4 2 6 2
7 12 17 20 80 8 4 2 5 2
7 13 17 27 98 9 5 3 5 3
7 15 17 23 92 8 4 2 5 2
8 9 17 21 72 7 5 2 2 2
8 12 19 21 84 8 4 2 5 2
9 13 16 17 81 7 4 2 4 2
10 11 17 19 87 8 4 2 6 2
10 12 13 15 75 9 4 2 7 2
11 12 13 30 90 7 4 2 3 2
11 13 15 25 90 6 4 2 3 2
35 41 43 57 385 7 4 2 6 2
12 23 35 66 276 11 5 5 10 5
29 31 33 154 495 9 4 5 6 5
31 37 71 92 589 9 4 5 8 5
7 11 16 25 91 10 5 3 6 3
7 16 20 25 100 8 4 2 5 2
16 19 21 56 168 8 5 2 3 2
17 20 27 45 180 6 4 2 4 2
13 16 27 36 144 7 4 2 4 2
13 18 21 43 147 7 4 2 4 2
7 9 13 29 65 7 5 1 2 1
9 10 16 35 80 7 5 1 2 1
9 17 19 22 85 5 4 1 2 1
10 19 21 35 105 5 4 1 2 1
13 15 16 20 80 5 4 1 2 1
15 19 27 40 135 5 4 1 2 1
