1 1 0 0 0 0 1 1 1   25
1 1 1 0 0 0 1 1 1   62
1 0 0 1 0 0 1 1 1   31
1 0 1 1 0 0 1 1 1   75
1 1 1 1 0 0 1 1 1   87
1 1 0 0 1 0 1 1 1   75
1 1 1 0 1 0 1 1 1   76
1 0 0 1 1 0 1 1 1   51
1 1 0 1 1 0 1 1 1   96
1 0 1 1 1 0 1 1 1   68
1 0 0 0 0 1 1 1 1   45
1 0 1 0 0 1 1 1 1   85
1 1 1 0 0 1 1 1 1   76
1 1 0 1 0 1 1 1 1   109
1 0 1 1 0 1 1 1 1   84
1 1 1 1 0 1 1 1 1   122
1 0 0 0 1 1 1 1 1   51
1 1 0 0 1 1 1 1 1   101
1 0 1 0 1 1 1 1 1   77
1 0 0 1 1 1 1 1 1   71
1 1 0 1 1 1 1 1 1   107
1 1 1 1 1 1 1 1 1   80
