/* Comments begin... 
No set up needed.

Please input coefficients below.
Coefficient of   x^16 * y^1               = Coefficient of   x^5 * y^1 * z^5 * w^1   = Coefficient of   x^4 * y^3 * z^4 * w^1   = Coefficient of   x^3 * y^5 * z^3 * w^1   = Coefficient of   x^2 * y^7 * z^2 * w^1   = Coefficient of   x^1 * y^9 * z^1 * w^1   = Coefficient of   y^11 * w^1               = Coefficient of   z^15                     = Coefficient of   z^1 * w^3               = 
Here is the polynomial we're using this time:

1 + 0*2^64 + 0*2^128 + 0*2^192*x^16*y^1 + 1 + 0*2^64 + 0*2^128 + 0*2^192*x^4*y^3*z^4*w^1 + 1 + 0*2^64 + 0*2^128 + 0*2^192*x^2*y^7*z^2*w^1 + 1 + 0*2^64 + 0*2^128 + 0*2^192*x^1*y^9*z^1*w^1 + 1 + 0*2^64 + 0*2^128 + 0*2^192*y^11*w^1 + 1 + 0*2^64 + 0*2^128 + 0*2^192*z^15 + 1 + 0*2^64 + 0*2^128 + 0*2^192*z^1*w^3


Allocate G_len 20 elements and old = 0.
Allocate M_len = 400 elements.
Allocate G_len 40 elements and old = 20.
Allocate M_len = 800 elements.
Allocate G_len 80 elements and old = 40.
Allocate M_len = 1600 elements.
Allocate M_len = 3200 elements.
Allocate G_len 160 elements and old = 80.
Allocate M_len = 6400 elements.
Allocate M_len = 12800 elements.
Allocate G_len 320 elements and old = 160.
Allocate M_len = 25600 elements.
Allocate M_len = 51200 elements.
Allocate G_len 640 elements and old = 320.
Allocate M_len = 102400 elements.
Allocate M_len = 204800 elements.
Allocate G_len 1280 elements and old = 640.
Allocate M_len = 409600 elements.
The final length of G is 628
[4, 3, 4, 0, 0]  	341	5 
[16, 0, 0, 0, 0]  	464	5  <--- 1
[0, 0, 15, 0, 0]  	495	2  <--- 3
[2, 11, 1, 1, 0]  	586	6 
[3, 9, 3, 1, 0]  	619	5 
[14, 7, 2, 0, 0]  	689	5 
[4, 3, 1, 3, 0]  	704	5 
[15, 9, 1, 0, 0]  	747	5 
[13, 9, 3, 0, 0]  	755	6 
[15, 11, 0, 0, 0]  	776	5 
[14, 0, 2, 2, 0]  	780	6 
[13, 11, 2, 0, 0]  	784	8 
[12, 0, 4, 2, 0]  	788	7 
[3, 18, 0, 1, 0]  	799	8 
[0, 11, 14, 0, 0]  	803	2 
[2, 20, 0, 1, 0]  	832	6 
[1, 20, 1, 1, 0]  	836	5 
[13, 9, 1, 1, 0]  	843	4 
[4, 9, 0, 3, 0]  	857	9 
[3, 9, 1, 3, 0]  	861	7 
[2, 11, 0, 3, 0]  	861	7 
[1, 22, 0, 1, 0]  	865	5 
[15, 9, 0, 1, 0]  	868	5 
[13, 11, 0, 1, 0]  	872	6 
[15, 0, 14, 0, 0]  	897	5 
[1, 11, 2, 3, 0]  	898	5 
[14, 0, 1, 3, 0]  	901	6 
[12, 13, 0, 1, 0]  	905	13 
[12, 0, 3, 3, 0]  	909	12 
[10, 15, 0, 1, 0]  	909	12 
[9, 16, 0, 1, 0]  	911	12 
[1, 9, 14, 1, 0]  	924	4 
[13, 2, 1, 3, 0]  	934	12 
[12, 2, 2, 3, 0]  	938	12 
[8, 8, 0, 3, 0]  	942	10 
[4, 2, 14, 2, 0]  	948	9 
[12, 5, 0, 3, 0]  	965	13 
[11, 6, 0, 3, 0]  	967	12 
[12, 20, 0, 0, 0]  	968	8 
[11, 20, 1, 0, 0]  	972	11 
[7, 0, 14, 2, 0]  	973	11 
[10, 20, 2, 0, 0]  	976	13 
[4, 3, 0, 5, 0]  	979	9 
[9, 20, 3, 0, 0]  	980	13 
[3, 9, 0, 4, 0]  	982	6 
[0, 2, 14, 3, 0]  	986	2 
[15, 3, 0, 3, 0]  	990	12 
[9, 0, 13, 2, 0]  	998	12 
[8, 1, 13, 2, 0]  	1000	10 
[12, 9, 2, 2, 0]  	1001	12 
[8, 0, 0, 5, 0]  	1002	10 
[3, 7, 12, 2, 0]  	1008	8 
[9, 22, 2, 0, 0]  	1009	11 
[3, 16, 13, 0, 0]  	1012	7 
[3, 5, 14, 2, 0]  	1012	8 
[2, 22, 9, 0, 0]  	1037	7 
[3, 18, 12, 0, 0]  	1041	7 
[9, 0, 5, 4, 0]  	1042	10 
[2, 18, 13, 0, 0]  	1045	8 
[8, 0, 6, 4, 0]  	1046	10 
[4, 0, 10, 4, 0]  	1062	10 
[11, 24, 0, 0, 0]  	1063	9 
[3, 23, 8, 0, 0]  	1064	8 
[3, 1, 10, 4, 0]  	1064	9 
[3, 0, 11, 4, 0]  	1066	7 
[2, 24, 8, 0, 0]  	1066	7 
[1, 15, 8, 2, 0]  	1066	5 
[1, 13, 10, 2, 0]  	1070	5 
[3, 7, 0, 5, 0]  	1074	6 
[2, 20, 12, 0, 0]  	1074	6 
[2, 9, 13, 2, 0]  	1074	5 
[1, 11, 12, 2, 0]  	1074	5 
[8, 2, 5, 4, 0]  	1075	10 
[1, 20, 13, 0, 0]  	1078	5 
[1, 9, 0, 5, 0]  	1078	5 
[3, 3, 9, 4, 0]  	1093	9 
[1, 17, 7, 2, 0]  	1095	5 
[9, 27, 0, 0, 0]  	1098	9 
[7, 27, 2, 0, 0]  	1106	10 
[1, 22, 12, 0, 0]  	1107	5 
[1, 0, 14, 4, 0]  	1107	5 
[1, 20, 0, 3, 0]  	1111	4 
[3, 27, 6, 0, 0]  	1122	9 
[1, 19, 6, 2, 0]  	1124	5 
[3, 7, 11, 3, 0]  	1129	5 
[2, 9, 10, 3, 0]  	1129	4 
[1, 10, 10, 3, 0]  	1131	4 
[1, 9, 11, 3, 0]  	1133	4 
[1, 24, 11, 0, 0]  	1136	4 
[0, 26, 10, 0, 0]  	1136	3 
[3, 29, 5, 0, 0]  	1151	8 
[3, 7, 7, 4, 0]  	1151	8 
[0, 29, 3, 1, 0]  	1152	3 
[3, 6, 8, 4, 0]  	1153	7 
[0, 28, 4, 1, 0]  	1154	3 
[0, 26, 6, 1, 0]  	1158	3 
[1, 28, 8, 0, 0]  	1161	4 
[8, 29, 1, 0, 0]  	1164	8 
[3, 0, 0, 7, 0]  	1165	2 
[2, 2, 13, 4, 0]  	1165	2 
[0, 28, 9, 0, 0]  	1165	2 
[0, 17, 10, 2, 0]  	1165	2 
[1, 2, 0, 7, 0]  	1169	2 
[0, 15, 12, 2, 0]  	1169	2 
[6, 29, 3, 0, 0]  	1172	11 
[0, 33, 0, 1, 0]  	1177	4 
[0, 31, 2, 1, 0]  	1181	3 
[2, 10, 6, 4, 0]  	1182	7 
[2, 31, 5, 0, 0]  	1184	7 
[2, 9, 7, 4, 0]  	1184	7 
[1, 5, 7, 5, 0]  	1185	2 
[0, 18, 5, 3, 0]  	1185	2 
[2, 30, 6, 0, 0]  	1186	7 
[2, 8, 8, 4, 0]  	1186	6 
[3, 0, 10, 5, 0]  	1187	2 
[0, 17, 6, 3, 0]  	1187	2 
[2, 29, 7, 0, 0]  	1188	6 
[2, 7, 9, 4, 0]  	1188	7 
[1, 3, 9, 5, 0]  	1189	2 
[0, 16, 7, 3, 0]  	1189	2 
[2, 6, 10, 4, 0]  	1190	5 
[1, 8, 9, 4, 0]  	1190	4 
[1, 2, 10, 5, 0]  	1191	2 
[0, 15, 8, 3, 0]  	1191	2 
[8, 31, 0, 0, 0]  	1193	6 
[0, 30, 8, 0, 0]  	1194	2 
[0, 19, 9, 2, 0]  	1194	2 
[6, 33, 0, 0, 0]  	1197	7 
[1, 4, 13, 4, 0]  	1198	1 
[0, 6, 12, 4, 0]  	1198	1 
[6, 31, 2, 0, 0]  	1201	11 
[0, 22, 2, 3, 0]  	1210	3 
[0, 20, 4, 3, 0]  	1214	2 
[1, 33, 5, 0, 0]  	1217	6 
[0, 7, 7, 5, 0]  	1218	1 
[1, 10, 8, 4, 0]  	1219	4 
[0, 23, 6, 2, 0]  	1219	3 
[0, 6, 8, 5, 0]  	1220	1 
[1, 31, 7, 0, 0]  	1221	3 
[0, 22, 7, 2, 0]  	1221	3 
[0, 21, 8, 2, 0]  	1223	2 
[0, 8, 11, 4, 0]  	1227	1 
[0, 0, 14, 5, 0]  	1232	2 
[0, 15, 0, 5, 0]  	1235	2 
[3, 1, 6, 6, 0]  	1240	8 
[2, 7, 6, 5, 0]  	1243	2 
[0, 11, 4, 5, 0]  	1243	2 
[2, 1, 7, 6, 0]  	1244	6 
[2, 0, 8, 6, 0]  	1246	5 
[0, 9, 6, 5, 0]  	1247	1 
[0, 25, 5, 2, 0]  	1248	3 
[0, 34, 6, 0, 0]  	1252	2 
[0, 12, 8, 4, 0]  	1252	2 
[0, 11, 9, 4, 0]  	1254	2 
[0, 10, 10, 4, 0]  	1256	1 
[6, 0, 5, 6, 0]  	1263	7 
[0, 6, 0, 7, 0]  	1264	1 
[5, 1, 5, 6, 0]  	1265	6 
[0, 26, 0, 3, 0]  	1268	2 
[4, 0, 7, 6, 0]  	1271	9 
[0, 13, 3, 5, 0]  	1272	2 
[2, 3, 6, 6, 0]  	1273	6 
[0, 0, 6, 7, 0]  	1276	1 
[1, 3, 7, 6, 0]  	1277	4 
[0, 27, 4, 2, 0]  	1277	3 
[0, 36, 5, 0, 0]  	1281	2 
[0, 14, 7, 4, 0]  	1281	2 
[1, 0, 10, 6, 0]  	1283	2 
[0, 1, 10, 6, 0]  	1285	1 
[0, 0, 11, 6, 0]  	1287	1 
[3, 5, 4, 6, 0]  	1298	6 
[0, 2, 5, 7, 0]  	1305	1 
[0, 16, 6, 4, 0]  	1310	2 
[0, 3, 9, 6, 0]  	1314	1 
[3, 40, 0, 0, 0]  	1327	4 
[0, 4, 4, 7, 0]  	1334	1 
[0, 5, 8, 6, 0]  	1343	1 
[2, 42, 0, 0, 0]  	1360	4 
[2, 40, 2, 0, 0]  	1364	4 
[2, 7, 5, 6, 0]  	1364	4 
[1, 42, 1, 0, 0]  	1364	4 
[0, 40, 4, 0, 0]  	1372	1 
[0, 0, 0, 9, 0]  	1386	1  <--- 4
[0, 44, 1, 0, 0]  	1397	2 
[0, 42, 3, 0, 0]  	1401	1 
[1, 0, 5, 8, 0]  	1426	3 
[0, 48, 0, 0, 0]  	1488	1  <--- 2
[2, 7, 2, 1, 1]  	495	4 
[2, 7, 1, 3, 1]  	770	6 
[14, 7, 1, 1, 1]  	810	5 
[11, 16, 2, 0, 1]  	881	7 
[13, 0, 2, 3, 1]  	905	13 
[3, 13, 13, 0, 1]  	919	8 
[13, 5, 3, 2, 1]  	939	10 
[10, 18, 3, 0, 1]  	947	13 
[2, 9, 0, 4, 1]  	953	6 
[10, 7, 0, 3, 1]  	969	12 
[6, 1, 14, 2, 1]  	975	9 
[3, 16, 12, 0, 1]  	979	8 
[11, 22, 0, 0, 1]  	1001	12 
[7, 1, 0, 5, 1]  	1004	10 
[10, 0, 3, 4, 1]  	1005	12 
[6, 2, 0, 5, 1]  	1006	10 
[6, 1, 1, 5, 1]  	1008	9 
[2, 23, 8, 0, 1]  	1035	8 
[9, 24, 1, 0, 1]  	1038	10 
[2, 7, 0, 5, 1]  	1045	6 
[1, 24, 9, 0, 1]  	1070	5 
[2, 4, 9, 4, 1]  	1095	6 
[2, 2, 11, 4, 1]  	1099	5 
[1, 4, 10, 4, 1]  	1099	4 
[2, 0, 13, 4, 1]  	1103	6 
[3, 5, 8, 4, 1]  	1122	9 
[2, 28, 6, 0, 1]  	1124	7 
[2, 6, 8, 4, 1]  	1124	6 
[2, 0, 0, 7, 1]  	1136	4 
[3, 1, 8, 5, 1]  	1152	5 
[2, 3, 7, 5, 1]  	1152	4 
[2, 2, 8, 5, 1]  	1154	4 
[2, 1, 9, 5, 1]  	1156	5 
[2, 0, 10, 5, 1]  	1158	4 
[1, 10, 7, 4, 1]  	1186	5 
[1, 4, 8, 5, 1]  	1187	2 
[3, 5, 6, 5, 1]  	1210	4 
[2, 1, 6, 6, 1]  	1211	7 
[4, 1, 5, 6, 1]  	1236	8 
[3, 0, 7, 6, 1]  	1242	8 
[1, 1, 8, 6, 1]  	1248	3 
[5, 0, 6, 6, 1]  	1267	10 
[1, 0, 5, 7, 1]  	1272	2 
[4, 38, 0, 0, 1]  	1294	5 
[2, 38, 2, 0, 1]  	1302	8 
[1, 40, 1, 0, 1]  	1302	6 
[1, 38, 3, 0, 1]  	1306	5 
[0, 40, 2, 0, 1]  	1306	3 
[4, 3, 3, 1, 2]  	462	5 
[3, 0, 4, 3, 2]  	681	5 
[3, 9, 14, 0, 2]  	828	8 
[12, 11, 0, 1, 2]  	843	8 
[12, 0, 2, 3, 2]  	876	14 
[3, 0, 1, 5, 2]  	890	8 
[13, 16, 1, 0, 2]  	906	9 
[12, 18, 1, 0, 2]  	939	10 
[6, 0, 14, 2, 2]  	944	11 
[6, 1, 0, 5, 2]  	975	9 
[8, 22, 3, 0, 2]  	1013	11 
[7, 24, 2, 0, 2]  	1013	9 
[3, 22, 8, 0, 2]  	1033	9 
[3, 21, 9, 0, 2]  	1035	9 
[3, 20, 10, 0, 2]  	1037	8 
[2, 0, 11, 4, 2]  	1037	7 
[1, 22, 10, 0, 2]  	1041	6 
[3, 24, 7, 0, 2]  	1062	9 
[2, 25, 7, 0, 2]  	1064	7 
[8, 26, 1, 0, 2]  	1071	8 
[3, 2, 0, 6, 2]  	1073	5 
[6, 26, 3, 0, 2]  	1079	8 
[3, 26, 6, 0, 2]  	1091	10 
[2, 27, 6, 0, 2]  	1093	8 
[6, 0, 0, 6, 2]  	1098	6 
[8, 28, 0, 0, 2]  	1100	8 
[1, 2, 12, 4, 2]  	1103	4 
[6, 30, 0, 0, 2]  	1104	8 
[6, 28, 2, 0, 2]  	1108	8 
[2, 1, 8, 5, 2]  	1123	5 
[1, 28, 7, 0, 2]  	1128	5 
[0, 28, 8, 0, 2]  	1132	3 
[0, 24, 12, 0, 2]  	1140	3 
[2, 30, 5, 0, 2]  	1153	8 
[0, 25, 7, 1, 2]  	1160	3 
[0, 24, 8, 1, 2]  	1162	3 
[4, 34, 0, 0, 2]  	1170	8 
[3, 34, 1, 0, 2]  	1174	8 
[2, 5, 6, 5, 2]  	1181	4 
[1, 9, 8, 4, 2]  	1188	5 
[3, 36, 0, 0, 2]  	1203	7 
[0, 24, 0, 3, 2]  	1206	3 
[3, 33, 3, 0, 2]  	1209	9 
[2, 35, 2, 0, 2]  	1209	8 
[2, 34, 3, 0, 2]  	1211	7 
[2, 33, 4, 0, 2]  	1213	8 
[1, 34, 4, 0, 2]  	1215	6 
[1, 32, 6, 0, 2]  	1219	4 
[0, 34, 5, 0, 2]  	1219	3 
[0, 33, 6, 0, 2]  	1221	3 
[0, 32, 7, 0, 2]  	1223	2 
[5, 33, 2, 0, 2]  	1234	9 
[2, 38, 0, 0, 2]  	1236	6 
[2, 3, 5, 6, 2]  	1240	7 
[1, 36, 3, 0, 2]  	1244	6 
[1, 0, 9, 6, 2]  	1250	4 
[1, 38, 2, 0, 2]  	1273	6 
[0, 38, 4, 0, 2]  	1310	2 
[1, 44, 0, 0, 2]  	1393	4 
[0, 46, 0, 0, 2]  	1426	2 
[13, 7, 1, 1, 3]  	781	7 
[12, 9, 1, 1, 3]  	814	6 
[14, 9, 0, 1, 3]  	839	7 
[11, 13, 0, 1, 3]  	876	12 
[12, 2, 1, 3, 3]  	905	11 
[11, 5, 0, 3, 3]  	936	12 
[11, 20, 0, 0, 3]  	939	9 
[10, 20, 1, 0, 3]  	943	10 
[5, 1, 14, 2, 3]  	946	10 
[8, 0, 13, 2, 3]  	969	11 
[10, 22, 0, 0, 3]  	972	10 
[5, 2, 0, 5, 3]  	977	9 
[3, 20, 9, 0, 3]  	1004	9 
[9, 24, 0, 0, 3]  	1005	10 
[3, 19, 10, 0, 3]  	1006	8 
[3, 18, 11, 0, 3]  	1008	7 
[2, 20, 10, 0, 3]  	1008	8 
[1, 24, 8, 0, 3]  	1037	6 
[2, 2, 10, 4, 3]  	1066	6 
[1, 26, 7, 0, 3]  	1066	5 
[2, 29, 5, 0, 3]  	1122	7 
[1, 3, 7, 5, 3]  	1123	4 
[1, 2, 8, 5, 3]  	1125	4 
[1, 1, 9, 5, 3]  	1127	4 
[1, 6, 9, 4, 3]  	1128	4 
[1, 0, 10, 5, 3]  	1129	4 
[1, 0, 1, 7, 3]  	1140	4 
[1, 10, 6, 4, 3]  	1153	5 
[1, 31, 5, 0, 3]  	1155	6 
[1, 9, 7, 4, 3]  	1155	5 
[1, 30, 6, 0, 3]  	1157	5 
[1, 8, 8, 4, 3]  	1157	4 
[2, 34, 2, 0, 3]  	1178	8 
[3, 31, 4, 0, 3]  	1180	9 
[2, 33, 3, 0, 3]  	1180	8 
[1, 34, 3, 0, 3]  	1182	6 
[0, 33, 5, 0, 3]  	1188	4 
[5, 31, 3, 0, 3]  	1205	9 
[4, 33, 2, 0, 3]  	1205	8 
[2, 0, 7, 6, 3]  	1213	7 
[1, 0, 0, 8, 3]  	1261	4 
[0, 42, 1, 0, 3]  	1335	3 
[1, 7, 6, 6, 3]  	1368	3 
[15, 1, 0, 0, 4]  	466	4 
[2, 0, 3, 3, 4]  	619	5 
[13, 7, 2, 0, 4]  	660	7 
[14, 9, 1, 0, 4]  	718	7 
[12, 9, 3, 0, 4]  	726	8 
[14, 11, 0, 0, 4]  	747	6 
[13, 0, 2, 2, 4]  	751	7 
[12, 11, 2, 0, 4]  	755	10 
[11, 0, 4, 2, 4]  	759	9 
[3, 5, 2, 3, 4]  	770	7 
[15, 0, 1, 2, 4]  	776	4 
[11, 0, 2, 3, 4]  	847	13 
[14, 0, 14, 0, 4]  	868	6 
[13, 0, 1, 3, 4]  	872	7 
[12, 16, 1, 0, 4]  	877	10 
[10, 2, 2, 3, 4]  	880	12 
[2, 0, 2, 5, 4]  	894	6 
[11, 18, 1, 0, 4]  	910	10 
[10, 6, 0, 3, 4]  	938	10 
[9, 20, 2, 0, 4]  	947	11 
[8, 20, 3, 0, 4]  	951	10 
[14, 3, 0, 3, 4]  	961	10 
[7, 1, 13, 2, 4]  	971	9 
[7, 0, 0, 5, 4]  	973	10 
[8, 24, 0, 0, 4]  	976	9 
[8, 22, 2, 0, 4]  	980	10 
[3, 5, 0, 5, 4]  	1012	7 
[2, 0, 1, 6, 4]  	1015	5 
[6, 24, 3, 0, 4]  	1017	8 
[7, 26, 1, 0, 4]  	1042	8 
[2, 2, 0, 6, 4]  	1044	5 
[6, 26, 2, 0, 4]  	1046	7 
[5, 26, 3, 0, 4]  	1050	8 
[7, 28, 0, 0, 4]  	1071	7 
[5, 28, 2, 0, 4]  	1079	8 
[5, 30, 1, 0, 4]  	1108	7 
[4, 30, 2, 0, 4]  	1112	8 
[5, 32, 0, 0, 4]  	1137	6 
[3, 30, 4, 0, 4]  	1149	8 
[0, 27, 5, 1, 4]  	1156	3 
[0, 30, 7, 0, 4]  	1161	3 
[1, 7, 6, 5, 4]  	1214	2 
[1, 1, 7, 6, 4]  	1215	5 
[1, 0, 8, 6, 4]  	1217	5 
[1, 38, 1, 0, 4]  	1240	6 
[0, 36, 4, 0, 4]  	1248	3 
[1, 40, 0, 0, 4]  	1269	5 
[0, 38, 3, 0, 4]  	1277	3 
[1, 7, 5, 6, 4]  	1335	4 
[0, 44, 0, 0, 4]  	1364	3 
[10, 16, 2, 0, 5]  	852	10 
[9, 18, 3, 0, 5]  	918	12 
[9, 7, 0, 3, 5]  	940	11 
[3, 28, 5, 0, 5]  	1120	9 
[4, 32, 1, 0, 5]  	1141	8 
[2, 31, 4, 0, 5]  	1151	8 
[1, 5, 6, 5, 5]  	1152	3 
[3, 32, 3, 0, 5]  	1178	9 
[1, 7, 5, 5, 5]  	1181	3 
[2, 36, 1, 0, 5]  	1207	6 
[1, 36, 2, 0, 5]  	1211	6 
[1, 3, 6, 6, 5]  	1244	5 
[0, 38, 2, 0, 5]  	1244	4 
[1, 5, 5, 6, 5]  	1273	5 
[0, 40, 1, 0, 5]  	1273	4 
[1, 7, 4, 6, 5]  	1302	5 
[8, 17, 0, 1, 6]  	913	11 
[7, 22, 3, 0, 6]  	984	9 
[6, 28, 1, 0, 6]  	1075	7 
[1, 0, 0, 7, 6]  	1107	4 
[3, 30, 3, 0, 6]  	1116	8 
[1, 5, 5, 5, 6]  	1119	4 
[1, 4, 6, 5, 6]  	1121	4 
[1, 30, 5, 0, 6]  	1124	5 
[3, 32, 2, 0, 6]  	1145	7 
[1, 7, 4, 5, 6]  	1148	4 
[1, 1, 6, 6, 6]  	1182	5 
[1, 0, 7, 6, 6]  	1184	5 
[0, 34, 4, 0, 6]  	1186	4 
[1, 3, 5, 6, 6]  	1211	5 
[0, 36, 3, 0, 6]  	1215	4 
[1, 5, 4, 6, 6]  	1240	5 
[4, 28, 3, 0, 7]  	1083	7 
[1, 28, 6, 0, 7]  	1095	5 
[1, 32, 4, 0, 7]  	1153	6 
[0, 42, 0, 0, 7]  	1302	4 
[13, 2, 14, 0, 8]  	901	6 
[13, 3, 0, 3, 8]  	932	10 
[10, 0, 12, 2, 8]  	994	8 
[5, 1, 0, 6, 8]  	1100	5 
[0, 32, 6, 0, 8]  	1190	3 
[1, 37, 1, 0, 9]  	1209	6 
[2, 32, 3, 0, 10]  	1149	7 
[1, 35, 2, 0, 10]  	1180	6 
[3, 28, 4, 0, 11]  	1087	7 
[2, 30, 4, 0, 11]  	1120	7 
[12, 4, 0, 3, 12]  	934	10 
[9, 0, 12, 2, 12]  	965	9 
[3, 26, 5, 0, 12]  	1058	8 
[8, 1, 12, 2, 16]  	967	9 
[3, 24, 6, 0, 16]  	1029	8 
[2, 28, 5, 0, 16]  	1091	7 
[1, 33, 3, 0, 17]  	1151	6 
[2, 26, 6, 0, 20]  	1062	7 
[1, 31, 4, 0, 20]  	1122	6 
[3, 22, 7, 0, 22]  	1000	8 
[2, 24, 7, 0, 22]  	1033	7 
[1, 29, 5, 0, 26]  	1093	6 
[1, 27, 6, 0, 28]  	1064	6 
[1, 16, 7, 2, 228]  	1064	4 
[1, 18, 6, 2, 230]  	1093	5 
[1, 15, 7, 2, 232]  	1033	4 
[1, 15, 6, 2, 236]  	1000	4 
[1, 9, 6, 4, 239]  	1122	4 
[1, 15, 5, 2, 240]  	967	4 
[1, 15, 4, 2, 244]  	934	4 
[1, 0, 6, 6, 245]  	1151	5 
[1, 9, 10, 3, 246]  	1100	4 
[1, 9, 5, 4, 247]  	1089	4 
[1, 15, 3, 2, 248]  	901	4 
[7, 8, 0, 3, 248]  	913	10 
[0, 28, 1, 1, 248]  	1055	1 
[0, 16, 6, 3, 248]  	1156	2 
[0, 21, 7, 2, 248]  	1190	2 
[0, 27, 2, 2, 248]  	1211	1 
[1, 10, 4, 4, 249]  	1087	5 
[0, 25, 2, 2, 249]  	1149	2 
[0, 18, 4, 3, 249]  	1152	2 
[0, 20, 3, 3, 249]  	1181	2 
[2, 19, 0, 1, 250]  	801	6 
[1, 19, 1, 1, 250]  	805	3 
[1, 21, 0, 1, 250]  	834	3 
[2, 18, 0, 2, 250]  	924	4 
[1, 19, 0, 2, 250]  	926	4 
[1, 16, 0, 3, 250]  	987	5 
[0, 21, 2, 2, 250]  	1025	2 
[1, 16, 11, 1, 250]  	1042	3 
[0, 29, 0, 1, 250]  	1053	3 
[1, 18, 10, 1, 250]  	1071	3 
[0, 18, 2, 3, 250]  	1086	2 
[1, 4, 5, 5, 250]  	1088	3 
[0, 13, 13, 2, 250]  	1140	2 
[0, 14, 8, 3, 250]  	1160	2 
[0, 13, 9, 3, 250]  	1162	2 
[0, 13, 0, 5, 250]  	1173	2 
[1, 2, 5, 6, 250]  	1180	3 
[0, 9, 5, 5, 250]  	1214	1 
[1, 17, 1, 1, 251]  	743	3 
[2, 18, 0, 1, 251]  	770	5 
[1, 20, 0, 1, 251]  	803	3 
[1, 18, 0, 2, 251]  	895	3 
[1, 14, 0, 3, 251]  	925	4 
[1, 11, 10, 2, 251]  	1008	3 
[2, 18, 12, 0, 251]  	1012	6 
[1, 14, 12, 1, 251]  	1013	2 
[1, 9, 4, 4, 251]  	1056	4 
[0, 24, 11, 0, 251]  	1107	3 
[1, 4, 4, 6, 251]  	1209	4 
[1, 11, 2, 1, 252]  	590	4 
[1, 13, 1, 1, 252]  	619	4 
[1, 15, 0, 1, 252]  	648	3 
[0, 15, 1, 1, 252]  	652	1 
[0, 20, 0, 1, 252]  	774	1 
[3, 9, 0, 3, 252]  	828	8 
[1, 11, 0, 3, 252]  	832	5 
[0, 12, 1, 3, 252]  	867	1 
[3, 3, 14, 2, 252]  	950	6 
[0, 12, 13, 1, 252]  	955	3 
[2, 16, 13, 0, 252]  	983	4 
[0, 12, 0, 4, 252]  	988	1 
[1, 18, 13, 0, 252]  	1016	5 
[1, 20, 12, 0, 252]  	1045	5 
[0, 20, 13, 0, 252]  	1049	2 
[0, 9, 14, 2, 252]  	1049	2 
[0, 22, 12, 0, 252]  	1078	3 
[0, 11, 13, 2, 252]  	1078	3 
[0, 9, 1, 5, 252]  	1082	1 
[1, 6, 8, 4, 252]  	1095	4 
[0, 10, 10, 3, 252]  	1102	1 
[0, 9, 11, 3, 252]  	1104	1 
[0, 11, 0, 5, 252]  	1111	1 
[1, 0, 5, 6, 252]  	1118	5 
[0, 9, 0, 6, 252]  	1203	1 
[2, 10, 0, 3, 253]  	830	6 
[1, 10, 1, 3, 253]  	834	3 
[1, 9, 2, 3, 253]  	836	3 
[3, 2, 14, 2, 253]  	919	7 
[2, 14, 13, 0, 253]  	921	5 
[1, 9, 0, 4, 253]  	924	4 
[2, 5, 14, 2, 253]  	983	4 
[1, 9, 12, 2, 253]  	1012	4 
[0, 20, 12, 0, 253]  	1016	2 
[0, 13, 12, 2, 253]  	1107	2 
[3, 34, 0, 0, 253]  	1141	5 
[0, 34, 3, 0, 253]  	1153	4 
[1, 38, 0, 0, 253]  	1207	4 
[0, 38, 1, 0, 253]  	1211	2 
[3, 3, 4, 1, 254]  	466	3 
[1, 11, 0, 1, 254]  	524	3 
[0, 11, 1, 1, 254]  	528	1 
[0, 19, 0, 1, 254]  	743	2 
[3, 6, 1, 3, 254]  	768	6 
[2, 6, 2, 3, 254]  	772	4 
[1, 8, 1, 3, 254]  	772	3 
[0, 9, 1, 3, 254]  	774	1 
[0, 8, 2, 3, 254]  	776	1 
[3, 8, 14, 0, 254]  	797	7 
[2, 9, 14, 0, 254]  	799	6 
[1, 10, 14, 0, 254]  	801	5 
[4, 8, 0, 3, 254]  	826	7 
[3, 3, 1, 4, 254]  	829	3 
[3, 11, 13, 0, 254]  	857	8 
[2, 1, 14, 2, 254]  	859	6 
[1, 13, 13, 0, 254]  	861	5 
[4, 0, 14, 2, 254]  	886	9 
[2, 6, 1, 4, 254]  	893	3 
[2, 5, 2, 4, 254]  	895	5 
[0, 9, 14, 1, 254]  	895	2 
[1, 7, 11, 2, 254]  	917	3 
[2, 8, 0, 4, 254]  	922	2 
[0, 16, 13, 0, 254]  	925	2 
[5, 1, 0, 5, 254]  	946	6 
[3, 15, 12, 0, 254]  	948	5 
[3, 3, 0, 5, 254]  	950	6 
[2, 16, 12, 0, 254]  	950	5 
[1, 0, 14, 3, 254]  	953	3 
[2, 3, 1, 5, 254]  	954	6 
[1, 5, 14, 2, 254]  	954	3 
[0, 11, 0, 4, 254]  	957	1 
[0, 16, 0, 3, 254]  	958	2 
[1, 6, 4, 4, 254]  	963	2 
[1, 10, 10, 2, 254]  	977	3 
[2, 0, 0, 6, 254]  	982	4 
[2, 5, 0, 5, 254]  	983	4 
[6, 24, 2, 0, 254]  	984	6 
[1, 5, 1, 5, 254]  	987	3 
[1, 3, 3, 5, 254]  	991	3 
[0, 5, 2, 5, 254]  	991	1 
[2, 24, 6, 0, 254]  	1000	7 
[0, 6, 12, 3, 254]  	1044	1 
[0, 5, 13, 3, 254]  	1046	1 
[0, 24, 10, 0, 254]  	1074	2 
[5, 30, 0, 0, 254]  	1075	5 
[0, 5, 0, 6, 254]  	1079	1 
[1, 34, 0, 0, 254]  	1083	4 
[1, 1, 8, 5, 254]  	1094	3 
[0, 34, 2, 0, 254]  	1120	4 
[0, 2, 0, 7, 254]  	1140	1 
[0, 3, 9, 5, 254]  	1160	1 
[0, 2, 10, 5, 254]  	1162	1 
[0, 4, 13, 4, 254]  	1169	1 
[0, 37, 1, 0, 254]  	1180	4 
[0, 0, 10, 6, 254]  	1254	1 
[2, 7, 1, 1, 255]  	462	4 
[1, 9, 0, 1, 255]  	462	3 
[1, 7, 2, 1, 255]  	466	2 
[0, 9, 1, 1, 255]  	466	1 
[1, 4, 2, 3, 255]  	681	3 
[0, 17, 0, 1, 255]  	681	2 
[1, 6, 1, 3, 255]  	710	3 
[0, 6, 2, 3, 255]  	714	1 
[1, 9, 14, 0, 255]  	770	4 
[8, 20, 0, 0, 255]  	852	8 
[1, 1, 1, 5, 255]  	863	4 
[0, 14, 13, 0, 255]  	863	2 
[11, 2, 1, 3, 255]  	876	8 
[1, 3, 14, 2, 255]  	892	3 
[0, 14, 0, 3, 255]  	896	2 
[10, 5, 0, 3, 255]  	907	11 
[4, 1, 0, 5, 255]  	917	4 
[3, 2, 0, 5, 255]  	919	6 
[2, 15, 12, 0, 255]  	919	5 
[2, 3, 0, 5, 255]  	921	4 
[0, 3, 2, 5, 255]  	929	1 
[7, 0, 13, 2, 255]  	940	8 
[1, 20, 9, 0, 255]  	946	2 
[2, 19, 10, 0, 255]  	977	5 
[2, 18, 11, 0, 255]  	979	5 
[1, 1, 0, 6, 255]  	984	3 
[0, 3, 13, 3, 255]  	984	1 
[1, 23, 8, 0, 255]  	1006	2 
[1, 0, 11, 4, 255]  	1008	3 
[0, 24, 8, 0, 255]  	1008	2 
[0, 3, 0, 6, 255]  	1017	1 
[0, 22, 11, 0, 255]  	1045	3 
[0, 0, 0, 7, 255]  	1078	1 
[3, 30, 2, 0, 255]  	1083	5 
[2, 30, 3, 0, 255]  	1087	6 
[0, 0, 10, 5, 255]  	1100	1 
[0, 2, 13, 4, 255]  	1107	1 
------
The gap is between 29 and 227.
Lengths: 5 5 6 9 5 11.
For 1238 = 3*d-d1-d2-d3-d4 you get 5 in char 0.
1 + 0*2^64 + 0*2^128 + 0*2^192*x^1*y^39
1 + 0*2^64 + 0*2^128 + 0*2^192*x^1*y^6*z^3*w^6
1 + 0*2^64 + 0*2^128 + 0*2^192*y^30*w^2
1 + 0*2^64 + 0*2^128 + 0*2^192*y^19*z^1*w^4
1 + 0*2^64 + 0*2^128 + 0*2^192*y^8*z^2*w^6

For 743 = 2*d-d1-d2-d3-d4 you get 6 in char 0.
1 + 0*2^64 + 0*2^128 + 0*2^192*x^15*w^2
1 + 0*2^64 + 0*2^128 + 0*2^192*x^9*y^1*z^9*w^1
1 + 0*2^64 + 0*2^128 + 0*2^192*x^1*y^17*z^1*w^1
1 + 0*2^64 + 0*2^128 + 0*2^192*x^1*y^6*z^2*w^3
1 + 0*2^64 + 0*2^128 + 0*2^192*y^19*w^1
1 + 0*2^64 + 0*2^128 + 0*2^192*y^8*z^1*w^3

For 248 = d-d1-d2-d3-d4 you get 5 in char 0.
1 + 0*2^64 + 0*2^128 + 0*2^192*x^4*z^4
1 + 0*2^64 + 0*2^128 + 0*2^192*x^3*y^2*z^3
1 + 0*2^64 + 0*2^128 + 0*2^192*x^2*y^4*z^2
1 + 0*2^64 + 0*2^128 + 0*2^192*x^1*y^6*z^1
1 + 0*2^64 + 0*2^128 + 0*2^192*y^8

Extra powers of p used 10.
The invariant extra is equal to 33.
Start computing 2^4 Delta^1 (x1x2x3x4)^1... Done.
Start computing 2^5 Delta^2 (x1x2x3x4)^1... Done.
Start computing 2^6 Delta^3 (x1x2x3x4)^1... Done.
Start computing 2^7 Delta^4 (x1x2x3x4)^1... Done.
Start computing 2^8 Delta^5 (x1x2x3x4)^1... Done.
Start computing 2^9 Delta^6 (x1x2x3x4)^1... Done.
Start computing 2^10 Delta^7 (x1x2x3x4)^1... Done.
Start computing 2^11 Delta^8 (x1x2x3x4)^1... Done.
Start computing 2^12 Delta^9 (x1x2x3x4)^1... Done.
Start computing 2^13 Delta^10 (x1x2x3x4)^1... Done.
Start computing 2^14 Delta^11 (x1x2x3x4)^1... Done.
Start computing 2^15 Delta^12 (x1x2x3x4)^1... Done.
Start computing 2^16 Delta^13 (x1x2x3x4)^1... Done.
Start computing 2^17 Delta^14 (x1x2x3x4)^1... Done.
Start computing 2^18 Delta^15 (x1x2x3x4)^1... Done.
Start computing 2^19 Delta^16 (x1x2x3x4)^1... Done.
Start computing 2^20 Delta^17 (x1x2x3x4)^1... Done.
Start computing 2^21 Delta^18 (x1x2x3x4)^1... Done.
Start computing 2^22 Delta^19 (x1x2x3x4)^1... Done.
Start computing 2^23 Delta^20 (x1x2x3x4)^1... Done.
Start computing 2^24 Delta^21 (x1x2x3x4)^1... Done.
Start computing 2^25 Delta^22 (x1x2x3x4)^1... Done.
Start computing 2^26 Delta^23 (x1x2x3x4)^1... Done.
Start computing 2^27 Delta^24 (x1x2x3x4)^1... Done.
Start computing 2^28 Delta^25 (x1x2x3x4)^1... Done.
Start computing 2^29 Delta^26 (x1x2x3x4)^1... Done.
Start computing 2^30 Delta^27 (x1x2x3x4)^1... Done.
Start computing 2^31 Delta^28 (x1x2x3x4)^1... Done.
Start computing 2^32 Delta^29 (x1x2x3x4)^1... Done.
Start computing 2^33 Delta^30 (x1x2x3x4)^1... Done.
Start computing 2^34 Delta^31 (x1x2x3x4)^1... Done.
Start computing 2^35 Delta^32 (x1x2x3x4)^1... Done.
Start computing 2^36 Delta^33 (x1x2x3x4)^1... Done.
Start computing 2^37 Delta^34 (x1x2x3x4)^1... Done.
Start computing 2^38 Delta^35 (x1x2x3x4)^1... Done.
Start computing aa.
1 2 3 4 5 6 7 8 9 10 11 12 13 14 15 16 
*/
A = \
[7844079448145895808 + 18106346244314848834*2^64 + 14607699743023755103*2^128 + 402577438242*2^192,14238061012676359168 + 12920935654689683599*2^64 + 6835194177770914914*2^128 + 292062096193*2^192,1473955724968413184 + 10408656236945888028*2^64 + 582058234823904459*2^128 + 12951268830*2^192,3571146308676481024 + 10703602162338196042*2^64 + 15488585212719311600*2^128 + 300868749708*2^192,13355835588340204544 + 13701216733165178074*2^64 + 13426923449505050648*2^128 + 617131541323*2^192,14472851822527104000 + 2929253389457216396*2^64 + 8569860755452108594*2^128 + 112270059063*2^192,6040302428511762432 + 554214146105684339*2^64 + 14492352671072053390*2^128 + 946744486641*2^192,16573607790693974016 + 4272344087956920735*2^64 + 3881794580720350798*2^128 + 981551923607*2^192,1722328370906827776 + 10583019701757913095*2^64 + 5755654642722349842*2^128 + 467730793591*2^192,3456855864462254080 + 3496992369301958697*2^64 + 6435916172523932803*2^128 + 749491445572*2^192,9818312497982447616 + 13510721782938796440*2^64 + 15829556849241878698*2^128 + 908323715764*2^192,11070877471638561792 + 6093522435460841562*2^64 + 4556625192819404235*2^128 + 1046047315846*2^192,14291410039947431936 + 1298750442452896392*2^64 + 10438577695202015964*2^128 + 219717256273*2^192,11538600128687403008 + 3057363959353145524*2^64 + 12464394143906507517*2^128 + 1083321912831*2^192,3567214004783001600 + 11531204958555626285*2^64 + 2368108477826307670*2^128 + 466263749039*2^192,2447908730824564736 + 12081445894961956167*2^64 + 16730796542239993940*2^128 + 420147421726*2^192;\
1261453190842251456 + 3424438587669784023*2^64 + 6891699845224534032*2^128 + 952392274938*2^192,10989445205406568960 + 1257404987537102796*2^64 + 1376850401898501952*2^128 + 238313290493*2^192,8433588754921243648 + 12781451242088236175*2^64 + 17181804120751325192*2^128 + 209683047432*2^192,12792021093796786176 + 15057092218628376*2^64 + 16740148174052214263*2^128 + 42063091356*2^192,13295718064884742656 + 17910684692167348927*2^64 + 4751471981873942460*2^128 + 943064263933*2^192,17365969643567445504 + 39383831085392369*2^64 + 9794156734478514944*2^128 + 720424792828*2^192,8092063188919047168 + 624516631144219952*2^64 + 14176437712252611763*2^128 + 167954328275*2^192,7891900941963362304 + 9867580843753776728*2^64 + 10861509378138351213*2^128 + 1080461648840*2^192,14721512762214354432 + 17014322786664120793*2^64 + 9031246790385038610*2^128 + 693516580477*2^192,3416783704111599616 + 17293543983897975683*2^64 + 12411836014183326488*2^128 + 41948944141*2^192,10348042949312237568 + 18117922977156054979*2^64 + 18135919626597237875*2^128 + 199671321168*2^192,9451576066154828288 + 12080876122226696918*2^64 + 3636272564486268395*2^128 + 175896897577*2^192,8050237681900019712 + 2446234643665656433*2^64 + 9407333202806511131*2^128 + 145363329464*2^192,265840913139124224 + 8353866924300028109*2^64 + 16129152481312218697*2^128 + 496595177764*2^192,2739385503684487168 + 13654898029236473770*2^64 + 8279441765425749022*2^128 + 60240189701*2^192,10992990331763757056 + 1891487073957180202*2^64 + 5172985837173983031*2^128 + 542566849306*2^192;\
17019969215988716752 + 8447130244173742641*2^64 + 14918404051097750146*2^128 + 727999648405*2^192,8771044326340317632 + 6575263376826720336*2^64 + 17512900753805931880*2^128 + 1093557473435*2^192,16934708208787629312 + 6376451495875038142*2^64 + 12224048973237492968*2^128 + 196915809033*2^192,4425797515186805504 + 5341278786943958399*2^64 + 851901535335678961*2^128 + 1006837360850*2^192,15653523177975004800 + 13631216425666071865*2^64 + 2449049666860664074*2^128 + 82179105879*2^192,6461169652890318464 + 9177963429139938006*2^64 + 12363551527954743417*2^128 + 275159052964*2^192,17057650928617849792 + 2723031269605812112*2^64 + 8883305490057670339*2^128 + 45282626944*2^192,11959705240444716544 + 17610395550693961811*2^64 + 4683723798430919367*2^128 + 513092849598*2^192,8568564723472072960 + 6748756781889995080*2^64 + 7841973826812612018*2^128 + 38104907156*2^192,3514769280923999232 + 10504101355509881841*2^64 + 2151517106622444053*2^128 + 499584704783*2^192,9783153862968924928 + 5676960229215174970*2^64 + 4647457370833507887*2^128 + 222085723475*2^192,6623447632552703232 + 1383145613508181649*2^64 + 15454512780990574152*2^128 + 966899993550*2^192,6680007288299301760 + 12876427881636936289*2^64 + 18112089663516673559*2^128 + 270052089467*2^192,18092204351991665920 + 14411879448842771862*2^64 + 1623290962545647978*2^128 + 283185493061*2^192,4129052479790319104 + 8984437923904727942*2^64 + 9926717433300604737*2^128 + 725945587991*2^192,1836063921877255680 + 143642402034810829*2^64 + 9580849794549517699*2^128 + 123359847600*2^192;\
17660752062684859976 + 15270759161639237108*2^64 + 12207650482314272132*2^128 + 220445745752*2^192,15292789957433961088 + 16532974377802313141*2^64 + 11041532486773164533*2^128 + 603216932749*2^192,14988241775980607360 + 13063018991618087826*2^64 + 17337372177974161254*2^128 + 469021492006*2^192,11678280289417282560 + 12897131044100416026*2^64 + 725501403593561722*2^128 + 334215578064*2^192,14954889609411656640 + 11158690237554841276*2^64 + 2966366478901720760*2^128 + 1010568688061*2^192,17488847719122953152 + 12059374291220081167*2^64 + 4746767757052192719*2^128 + 307748548196*2^192,14042008890205544640 + 4621131584563554426*2^64 + 13563210367934068439*2^128 + 682852714005*2^192,7267081500782412288 + 1968696672448424932*2^64 + 14601275274603180526*2^128 + 958620678924*2^192,3222351029032347584 + 11246505204851549397*2^64 + 11063591735913526743*2^128 + 646899035515*2^192,14019259977720532480 + 15564886755850292411*2^64 + 2755976957613200424*2^128 + 252286451360*2^192,16402635719398290176 + 4700151936492151838*2^64 + 13334379879792502005*2^128 + 903621292168*2^192,1303278243365371200 + 13211822428042103303*2^64 + 2471235355891294663*2^128 + 396234449906*2^192,107981447885938560 + 3971494877600476292*2^64 + 14726487172351954767*2^128 + 720265764931*2^192,3901491143697366528 + 14041594777654157692*2^64 + 11131821101920127082*2^128 + 1024149903879*2^192,6573121418606644480 + 16182023091607486734*2^64 + 547280727100480094*2^128 + 465451449913*2^192,8807966578701796352 + 10937215452393730087*2^64 + 16801586942904945078*2^128 + 544871038437*2^192;\
10873564475390038496 + 10836073342521418988*2^64 + 13041778784738664246*2^128 + 879368131357*2^192,8839096766834526976 + 6229049157582440577*2^64 + 10655372721964944031*2^128 + 340806361881*2^192,16654341361655564800 + 4031558772730743161*2^64 + 13580971552323673583*2^128 + 651912811039*2^192,1083772785800940544 + 5577254248750487970*2^64 + 8135084865077552070*2^128 + 1095570804130*2^192,7181759906028096768 + 7599345792377727348*2^64 + 16892449712974271406*2^128 + 619934975815*2^192,13573023048253196544 + 5517785297473308101*2^64 + 566426969533917877*2^128 + 591085264000*2^192,8463392052192908288 + 6018756938408628948*2^64 + 3113980359035458241*2^128 + 3866936248*2^192,3258699168799182848 + 11564076260772940198*2^64 + 13010245789312393270*2^128 + 484581122048*2^192,15347584572214506240 + 33958485764628786*2^64 + 1949461333528454382*2^128 + 934801706168*2^192,3769294797161039872 + 5996809850043506614*2^64 + 10097810453381118461*2^128 + 1004182087821*2^192,17397042490578432000 + 9488562880199495304*2^64 + 2405669615626118276*2^128 + 21706094296*2^192,17014694406262935808 + 5975304371665308679*2^64 + 5359964487016032115*2^128 + 159432719799*2^192,14415693369291921408 + 18016888727259673122*2^64 + 4554938949235632409*2^128 + 281545004595*2^192,5705403953560052736 + 10289626649910533949*2^64 + 14152040539534438796*2^128 + 137197715819*2^192,2001203406278491136 + 16486592015328765954*2^64 + 9672943105650297135*2^128 + 153782398172*2^192,12254981656055453696 + 1081617345548080950*2^64 + 5213985818333915665*2^128 + 660712747013*2^192;\
0 + 0*2^64 + 0*2^128 + 240518168576*2^192,0 + 0*2^64 + 0*2^128 + 206158430208*2^192,0 + 0*2^64 + 0*2^128 + 206158430208*2^192,0 + 0*2^64 + 0*2^128 + 240518168576*2^192,0 + 0*2^64 + 0*2^128 + 240518168576*2^192,4741833010783979520 + 12650282715460361358*2^64 + 2408923802839117384*2^128 + 432671088337*2^192,0 + 0*2^64 + 0*2^128 + 0*2^192,0 + 0*2^64 + 0*2^128 + 446676598784*2^192,0 + 0*2^64 + 0*2^128 + 240518168576*2^192,0 + 0*2^64 + 0*2^128 + 0*2^192,0 + 0*2^64 + 0*2^128 + 446676598784*2^192,0 + 0*2^64 + 0*2^128 + 0*2^192,0 + 0*2^64 + 0*2^128 + 206158430208*2^192,0 + 0*2^64 + 0*2^128 + 206158430208*2^192,0 + 0*2^64 + 0*2^128 + 206158430208*2^192,0 + 0*2^64 + 0*2^128 + 206158430208*2^192;\
10379758987916536448 + 6527288424893270113*2^64 + 7634941665108840019*2^128 + 40032100621*2^192,10725580395923058688 + 6086709610489037601*2^64 + 13211287004368898507*2^128 + 5414786993*2^192,37637586865362944 + 17814640187390561861*2^64 + 12757478521535983513*2^128 + 48251306135*2^192,7460362964529016832 + 5436020670534408489*2^64 + 15241584171232994*2^128 + 310386323665*2^192,17334222354631597056 + 4255126826532228545*2^64 + 17207352886267152707*2^128 + 351849619527*2^192,13416055019315323904 + 10749304265438785959*2^64 + 18278909963329093149*2^128 + 457186230233*2^192,9220725649986427904 + 5746125489369412698*2^64 + 11889027704909330201*2^128 + 336346054972*2^192,12208376786934652928 + 11667009324174531084*2^64 + 2717292818661354675*2^128 + 234812529255*2^192,2120034287134379008 + 17236750583269957507*2^64 + 1383384861170022927*2^128 + 463228389293*2^192,11500653272210923520 + 1621471224628148617*2^64 + 15263609815012269205*2^128 + 105172228092*2^192,9903518114464649216 + 4625799538340538684*2^64 + 9008052541749784695*2^128 + 18742536261*2^192,18352750500395021312 + 8820589127098769563*2^64 + 200250137329633254*2^128 + 430971883995*2^192,8217697311230076928 + 6919197249052027762*2^64 + 17304201666788530761*2^128 + 455697424708*2^192,784638097362567168 + 12277465945669212816*2^64 + 14362653316729220891*2^128 + 71770887540*2^192,17727293074509713408 + 6183536601820084241*2^64 + 11038001088848547549*2^128 + 156582952160*2^192,11741618592965033984 + 6377037574340835268*2^64 + 8781187705410733144*2^128 + 527746130745*2^192;\
4964254459902931175 + 8259883321017693078*2^64 + 16273301035898671630*2^128 + 1042002333089*2^192,17479555746248144272 + 7986981500387070088*2^64 + 6436583900425173058*2^128 + 731075838490*2^192,11817407892971985808 + 9047141993582847576*2^64 + 18209445222843514935*2^128 + 999524955410*2^192,2304448328246264352 + 8942037369677640112*2^64 + 13023259531482045524*2^128 + 742038213124*2^192,7234686472638119848 + 6922147265702441927*2^64 + 11655514995708208044*2^128 + 160079148407*2^192,14599772072860076216 + 6942379655276974519*2^64 + 13719425142550906335*2^128 + 237020221321*2^192,15919355250243552424 + 10259908190014931050*2^64 + 18257987240083447049*2^128 + 162503937267*2^192,9051575651353980096 + 2111963960348805438*2^64 + 11389000596301459515*2^128 + 68744933284*2^192,14723157117814046056 + 4356880669639797651*2^64 + 6006765933586175397*2^128 + 197573214846*2^192,13835843477110793792 + 8681126393980429964*2^64 + 5268038882068628678*2^128 + 454958004672*2^192,3845400997185841056 + 8349892510515476560*2^64 + 8583804173910275985*2^128 + 882949028823*2^192,165923793065067096 + 12430817043892027083*2^64 + 7397659790320403613*2^128 + 485035964680*2^192,8507060171507132272 + 8399205580871083501*2^64 + 13776727454770628175*2^128 + 656427563111*2^192,12031837743148809472 + 5924916909121899954*2^64 + 5820921576225089492*2^128 + 787339967216*2^192,2845835158081986080 + 7551188797299035064*2^64 + 15438664183402338126*2^128 + 589769284287*2^192,8138368344670283904 + 18047908672141552431*2^64 + 10797476362006343990*2^128 + 1073854461866*2^192;\
1296413645463729560 + 9762290778101609396*2^64 + 6628265619707120833*2^128 + 416668407737*2^192,11298482265986534528 + 5300785955580652166*2^64 + 4670056747089600991*2^128 + 694878890290*2^192,18362542663156791936 + 1856694472063374600*2^64 + 13949495164093264071*2^128 + 262848487839*2^192,2126600793687327232 + 8810990705023172999*2^64 + 224996993672276457*2^128 + 944386359247*2^192,10733557120732212032 + 12768467544845087272*2^64 + 15714161689943534547*2^128 + 427762411308*2^192,12180893597688079424 + 4717714148058240649*2^64 + 15765162095138750963*2^128 + 253709742838*2^192,9903135966214277952 + 8334212141728688096*2^64 + 6310605470440487019*2^128 + 607772779608*2^192,8415735390258810368 + 13920561605978586253*2^64 + 9704090379513371003*2^128 + 1011714144683*2^192,9718947470058670400 + 2054457423596110453*2^64 + 902103462461989884*2^128 + 896388109044*2^192,15964876735017138688 + 5424153470346941815*2^64 + 17685725556334811121*2^128 + 850707431984*2^192,13678325491898842368 + 3318402049778368800*2^64 + 6727990184578527862*2^128 + 417379666806*2^192,10025473382044289984 + 7727718275709487312*2^64 + 1353857632979290544*2^128 + 264539954286*2^192,15390586013084950144 + 9085046120236017137*2^64 + 8862806530222787883*2^128 + 484213318137*2^192,9845168370338273792 + 16130018308041531732*2^64 + 709594760690542644*2^128 + 230572580363*2^192,17614157912035955456 + 7970276657279475603*2^64 + 5625643627640273010*2^128 + 539267122273*2^192,1379239335063393280 + 4862826112240809280*2^64 + 5676688359309839819*2^128 + 719025185327*2^192;\
3922127885442921988 + 14313752085371089111*2^64 + 17937351994882574394*2^128 + 358303203610*2^192,12349860181820312992 + 5523028842449133937*2^64 + 10841913489764324110*2^128 + 793799744767*2^192,14716571440699883712 + 4925055405567511925*2^64 + 17582000709417018675*2^128 + 747323574541*2^192,17775282422563242496 + 10976791318224280274*2^64 + 2128096282389769890*2^128 + 553601530420*2^192,1330456136694792672 + 13517530840011693754*2^64 + 14092889183413477027*2^128 + 967110564486*2^192,12049920174448447776 + 17819449948493554134*2^64 + 8518871236090605047*2^128 + 971410923157*2^192,12871931719594857472 + 16422247540117457152*2^64 + 16585691433656334261*2^128 + 1010257441760*2^192,10664300818693165568 + 8412108056627676462*2^64 + 14427768547176399871*2^128 + 216655944457*2^192,6489085747378444576 + 10657417367719250267*2^64 + 4570602986740985992*2^128 + 371619466080*2^192,18436308852520341248 + 3816883120173052322*2^64 + 8176483705949766795*2^128 + 946208971216*2^192,12170062157972793856 + 4891663792071396601*2^64 + 12120760503686651252*2^128 + 661947742589*2^192,13747517673935396576 + 15724455194785369772*2^64 + 14254274987343522023*2^128 + 1075127266876*2^192,2324160434751694976 + 10460887289018456799*2^64 + 5951956236116969692*2^128 + 203962340081*2^192,157160291168430208 + 18325300235541508053*2^64 + 16749509026652571947*2^128 + 1091524017559*2^192,9694701479048316800 + 18045030961736768948*2^64 + 16309326018816401517*2^128 + 458716544841*2^192,13581033665443973376 + 2890761975959821035*2^64 + 6477680677904281028*2^128 + 61966794986*2^192;\
4915804780533368988 + 13987940553630770878*2^64 + 2798997990705089615*2^128 + 34147883744*2^192,5014295822982621760 + 10672336061087352507*2^64 + 13378057236884037561*2^128 + 414200261921*2^192,2494656836496343616 + 10713737691436954504*2^64 + 12204306188890932049*2^128 + 1086556504942*2^192,16774334927481586048 + 9454271581327159806*2^64 + 15378577707588155886*2^128 + 473063367468*2^192,9638318634507198368 + 8382468954641321434*2^64 + 9633835694163544389*2^128 + 989035535811*2^192,281001374295685728 + 5816247896326603251*2^64 + 12382413616233701407*2^128 + 656561267155*2^192,4348609386164855200 + 13329228848538775487*2^64 + 1562703853159796774*2^128 + 288475070178*2^192,15960129238781969152 + 4335402513412320753*2^64 + 10861411670464656760*2^128 + 1010523786835*2^192,18288588007639733920 + 7506274099181801742*2^64 + 6312048313761310297*2^128 + 741609718276*2^192,15123077204238620928 + 5745782540498183184*2^64 + 5463120137409803935*2^128 + 406097718167*2^192,14393612433256200832 + 11484925846028253263*2^64 + 13194517320754142542*2^128 + 971290129369*2^192,5550751276802128736 + 18116528803306128271*2^64 + 12481251221841436859*2^128 + 431725591498*2^192,18134366073676231360 + 16587332686947354916*2^64 + 2520916679416056677*2^128 + 377276792874*2^192,16049819886319556096 + 17193386099773976709*2^64 + 4401442196933790916*2^128 + 656762126847*2^192,5545291162811287168 + 7546771847840924045*2^64 + 5516769014561021612*2^128 + 907542772188*2^192,7017273943134159360 + 819151697775760919*2^64 + 4132771094525982030*2^128 + 874555698456*2^192;\
463974704800888416 + 8592419550773080836*2^64 + 5272271870104293434*2^128 + 523529621454*2^192,18320668160354987520 + 12607894788097843496*2^64 + 14035960372718829308*2^128 + 455726988066*2^192,1630135549426402816 + 210189993892352983*2^64 + 17034704772672974103*2^128 + 219397309633*2^192,6601302771531802368 + 9360557906277036079*2^64 + 1844349971873784078*2^128 + 360890272117*2^192,3129012476814134272 + 2955196342528053219*2^64 + 11971814133352454863*2^128 + 294666591732*2^192,4875757201027602304 + 18032709308390061893*2^64 + 9674627757499470709*2^128 + 323871589077*2^192,15902351719961240064 + 7335932133446080184*2^64 + 9645709982148132716*2^128 + 699600897307*2^192,1666342480388782080 + 2994311610400191705*2^64 + 18035670414177653431*2^128 + 374619871134*2^192,8584152327979350016 + 13550350479752931680*2^64 + 1505069648039572594*2^128 + 591804379322*2^192,589330954567698432 + 15503889687170409815*2^64 + 2702799804956713139*2^128 + 206028533036*2^192,11653067496220545024 + 4539929166545250160*2^64 + 5238311188355871372*2^128 + 617241695813*2^192,12770529828076796160 + 14006724101584717660*2^64 + 891927189526704983*2^128 + 272567669332*2^192,14870823715491319040 + 2417829161412780142*2^64 + 14631405374548030996*2^128 + 245736219973*2^192,11997596941022754304 + 69880936701080753*2^64 + 5343407979156004910*2^128 + 415307727846*2^192,1479599185270642176 + 5054970872502522457*2^64 + 2225597796907104521*2^128 + 155169628160*2^192,3986929517926899712 + 4651411560855319104*2^64 + 1222421665051154485*2^128 + 208796299467*2^192;\
8656749512248275584 + 10857898595530217860*2^64 + 3489663121746978010*2^128 + 421222833951*2^192,2817939105994429440 + 16543669979276547266*2^64 + 7799570269828942019*2^128 + 419488308147*2^192,8330185179692152832 + 14830444073972924779*2^64 + 442045925129313548*2^128 + 180202515944*2^192,15379060641227345920 + 12325119850264607128*2^64 + 3584030583571814*2^128 + 423760816986*2^192,6831320586689838080 + 4591991880538045466*2^64 + 5858341519037409477*2^128 + 55522886860*2^192,362447566841027584 + 1374962629619648751*2^64 + 2353779236651339121*2^128 + 189911821499*2^192,14694468438943477760 + 5280125835110390391*2^64 + 6265013644139433095*2^128 + 229957840813*2^192,11079190537281388544 + 17215891071180936055*2^64 + 529374726810375028*2^128 + 187784883645*2^192,5403953901644751872 + 10049545973535561234*2^64 + 6416736817700874398*2^128 + 74519686668*2^192,18271347799977385984 + 3445586174398351384*2^64 + 7326222487280284053*2^128 + 337710275783*2^192,7604816230274711552 + 18236779130881522254*2^64 + 12910461153199452932*2^128 + 70414264705*2^192,6400989611881106432 + 17093915739368571804*2^64 + 7239055632212037036*2^128 + 123091115673*2^192,14906729783888244736 + 16019750546630058044*2^64 + 14035148750040828374*2^128 + 203728766971*2^192,11087706941824430080 + 2531167661679559895*2^64 + 13982355230682187068*2^128 + 542807475251*2^192,13900841003837378560 + 9790325278504415568*2^64 + 5980901589913739974*2^128 + 75373185496*2^192,5226017200098058240 + 15937654021553525452*2^64 + 11569238872217151983*2^128 + 417505755148*2^192;\
13595465535552712732 + 5431464599828437527*2^64 + 17822265595505497043*2^128 + 927934310174*2^192,6039063650849103296 + 7392808458600378282*2^64 + 1531335374492148358*2^128 + 554395281873*2^192,14398330388062131776 + 18239445940826663321*2^64 + 13689153810974916872*2^128 + 832052221288*2^192,15958918043602101632 + 13390053207745693265*2^64 + 1022827004718889316*2^128 + 286127081245*2^192,8497792398838588320 + 13274784942423572796*2^64 + 6011934058081827547*2^128 + 1089420791007*2^192,2052253465744740192 + 14785581028167295245*2^64 + 18432997390648757677*2^128 + 367541834257*2^192,17167124980312531488 + 14941498085961846393*2^64 + 15096727236070251652*2^128 + 56543376886*2^192,996966912961578752 + 10287663230368241611*2^64 + 11351564110467729650*2^128 + 1034333750045*2^192,6398293006846631840 + 13485421202410755934*2^64 + 6802742107436316611*2^128 + 489642893960*2^192,57889198441208064 + 16923908054619886665*2^64 + 2674266643471482098*2^128 + 79554012917*2^192,13802697794165718144 + 13164478267144661590*2^64 + 9713564751144355991*2^128 + 549855573276*2^192,3908683241692382304 + 4046457378107177847*2^64 + 9501202219592631637*2^128 + 459334605509*2^192,2258245204077495744 + 14104724982826726475*2^64 + 9711190848866301868*2^128 + 713043274679*2^192,767318575266733056 + 6138488955260150041*2^64 + 9591449420809945873*2^128 + 132134806389*2^192,4784311454689831552 + 13511723710747222473*2^64 + 4368108762644251446*2^128 + 212996195988*2^192,3432982923382054400 + 135094821050817960*2^64 + 11289241027054431709*2^128 + 154680327194*2^192;\
9009280351491902156 + 11339952992787900348*2^64 + 1653518246292816344*2^128 + 722067647697*2^192,9387686642932988224 + 1590946975140059375*2^64 + 10910896937250159281*2^128 + 883433084600*2^192,3190059214845089600 + 8021250637627342830*2^64 + 6755884492475275170*2^128 + 1004755646437*2^192,1012440509598121344 + 10470067730308261070*2^64 + 12942371073492526173*2^128 + 80497113076*2^192,15485805921110894112 + 12394202893903843769*2^64 + 4497598025268510314*2^128 + 839710370299*2^192,12036437958021036256 + 782026586230023569*2^64 + 3467740412254867473*2^128 + 700518478947*2^192,6771273286408984096 + 17953731921752755876*2^64 + 6334076118724107984*2^128 + 306682525151*2^192,11218081581691076352 + 3686242498640531274*2^64 + 3741967320047690692*2^128 + 959232062879*2^192,3093600011787663648 + 14629126987200317633*2^64 + 7913628843987913924*2^128 + 522321211338*2^192,6060651348803054848 + 5397154168178208510*2^64 + 5745111100097615876*2^128 + 187392436447*2^192,14341479543762216064 + 17198428311845680133*2^64 + 3059580179721913972*2^128 + 29675833507*2^192,18282381116240587488 + 15955913657031743552*2^64 + 12682112313834317974*2^128 + 600776300528*2^192,4971415197927654336 + 8369397524453615982*2^64 + 17439162961727844174*2^128 + 251977361297*2^192,13381844057202598400 + 8584087106115898128*2^64 + 16904049786591795049*2^128 + 571742412461*2^192,9938488464285500544 + 14484203575169369898*2^64 + 12998974695933237649*2^128 + 336801593926*2^192,15685388655062567424 + 4930233011431432923*2^64 + 18306296396084243947*2^128 + 507585060635*2^192;\
14259176685107330545 + 629291867336035009*2^64 + 16923491034853211394*2^128 + 675323233704*2^192,11810019574963615792 + 28876933287690600*2^64 + 2138168783620793787*2^128 + 558068218299*2^192,831583825788262640 + 16304974844587894272*2^64 + 12805394524487921752*2^128 + 13488340432*2^192,13069430645915327712 + 4310507677023372964*2^64 + 6977549970853646614*2^128 + 302746822858*2^192,13983535466081413272 + 1821257685976087117*2^64 + 6578027454164216922*2^128 + 654688154636*2^192,11735579379476331656 + 3879836105062737349*2^64 + 1693525292098126274*2^128 + 255731956324*2^192,13227240128186624600 + 1479859843212482357*2^64 + 8736850070430785554*2^128 + 851976490988*2^192,14144587892262543168 + 6452636239213963562*2^64 + 15426129886711431208*2^128 + 813746616284*2^192,17387399868470018648 + 13974364609275596472*2^64 + 3091528901439303830*2^128 + 761416609604*2^192,18435826311561274304 + 1036479421275925281*2^64 + 12977601315368744068*2^128 + 1007626891173*2^192,7984053540114118752 + 10156870727963461563*2^64 + 13694141211909323887*2^128 + 361871807693*2^192,1082667359712587496 + 11835230926378750368*2^64 + 11628149072033896355*2^128 + 1071931770517*2^192,3807485392323813008 + 8555884818415893887*2^64 + 12940065258481048347*2^128 + 431486872582*2^192,2572714096876289024 + 15473319023867293394*2^64 + 14756663380958996822*2^128 + 39719123750*2^192,12737821351572990176 + 4676743422402054188*2^64 + 11485168898012083945*2^128 + 759349185652*2^192,2791494094080142720 + 17667053264938391985*2^64 + 16769924500054463287*2^128 + 470478880807*2^192]
/* 
This matrix times 2^(-10) should be the matrix of frobenius.
*/ 
B = 2^(-10) * A; 
/* Freed 4198 lists. */
The sign is: -1
The characteristic polynomial is: x^16 - x^15 - 4*x^14 - x^13 + 5*x^12 + 4*x^11 + 12*x^10 + 48*x^9 - 192*x^7 - 192*x^6 - 256*x^5 - 1280*x^4 + 1024*x^3 + 16384*x^2 + 16384*x - 65536
Its Newton polygon is: [2, 2, 2, 2, 1, 1, 1, 1, 1, 1, 1, 1, 0, 0, 0, 0]
Its factorization is: [x - 2, 1; x + 2, 1; x^14 - x^13 - 5*x^11 + 5*x^10 - 16*x^9 + 32*x^8 - 16*x^7 + 128*x^6 - 256*x^5 + 320*x^4 - 1280*x^3 - 4096*x + 16384, 1]
The valuation of f-g is: 21
The valuation of subst(g,x,A) is: 11

Please input coefficients below.
The polynomial is: 1*x^16*y^1 + 1*x^4*y^3*z^4*w^1 + 1*x^2*y^7*z^2*w^1 + 1*x^1*y^9*z^1*w^1 + 1*y^11*w^1 + 1*z^15 + 1*z^1*w^3
Total 4168: 
Look at the ideal generated by: 
1*y^1
1*z^1
