/* Comments begin... 
No set up needed.

Please input coefficients below.
Coefficient of   x^16 * y^1               = Coefficient of   x^5 * y^1 * z^5 * w^1   = Coefficient of   x^4 * y^3 * z^4 * w^1   = Coefficient of   x^3 * y^5 * z^3 * w^1   = Coefficient of   x^2 * y^7 * z^2 * w^1   = Coefficient of   x^1 * y^9 * z^1 * w^1   = Coefficient of   y^11 * w^1               = Coefficient of   z^15                     = Coefficient of   z^1 * w^3               = 
Here is the polynomial we're using this time:

1 + 0*2^64 + 0*2^128 + 0*2^192*x^16*y^1 + 1 + 0*2^64 + 0*2^128 + 0*2^192*x^4*y^3*z^4*w^1 + 1 + 0*2^64 + 0*2^128 + 0*2^192*x^3*y^5*z^3*w^1 + 1 + 0*2^64 + 0*2^128 + 0*2^192*x^2*y^7*z^2*w^1 + 1 + 0*2^64 + 0*2^128 + 0*2^192*y^11*w^1 + 1 + 0*2^64 + 0*2^128 + 0*2^192*z^15 + 1 + 0*2^64 + 0*2^128 + 0*2^192*z^1*w^3


Allocate G_len 20 elements and old = 0.
Allocate M_len = 400 elements.
Allocate G_len 40 elements and old = 20.
Allocate M_len = 800 elements.
Allocate G_len 80 elements and old = 40.
Allocate M_len = 1600 elements.
Allocate M_len = 3200 elements.
Allocate G_len 160 elements and old = 80.
Allocate M_len = 6400 elements.
Allocate M_len = 12800 elements.
Allocate G_len 320 elements and old = 160.
Allocate M_len = 25600 elements.
Allocate M_len = 51200 elements.
Allocate G_len 640 elements and old = 320.
Allocate M_len = 102400 elements.
Allocate M_len = 204800 elements.
Allocate G_len 1280 elements and old = 640.
Allocate M_len = 409600 elements.
The final length of G is 680
[4, 3, 4, 0, 0]  	341	5 
[16, 0, 0, 0, 0]  	464	5  <--- 1
[3, 5, 3, 1, 0]  	495	4 
[0, 0, 15, 0, 0]  	495	2  <--- 3
[3, 7, 2, 1, 0]  	524	6 
[2, 9, 2, 1, 0]  	557	5 
[15, 5, 3, 0, 0]  	689	5 
[4, 3, 1, 3, 0]  	704	5 
[15, 7, 2, 0, 0]  	718	5 
[13, 9, 2, 0, 0]  	722	6 
[14, 11, 0, 0, 0]  	747	5 
[3, 16, 1, 1, 0]  	770	7 
[3, 5, 2, 3, 0]  	770	5 
[2, 18, 0, 1, 0]  	770	7 
[3, 7, 1, 3, 0]  	799	7 
[0, 11, 14, 0, 0]  	803	2 
[15, 5, 2, 1, 0]  	810	5 
[14, 0, 3, 2, 0]  	813	8 
[13, 0, 4, 2, 0]  	817	9 
[12, 0, 5, 2, 0]  	821	9 
[2, 9, 1, 3, 0]  	832	5 
[2, 7, 3, 3, 0]  	836	5 
[1, 20, 1, 1, 0]  	836	5 
[3, 11, 13, 0, 0]  	857	9 
[2, 11, 0, 3, 0]  	861	7 
[1, 22, 0, 1, 0]  	865	5 
[14, 0, 14, 0, 0]  	868	6 
[12, 11, 1, 1, 0]  	876	13 
[4, 0, 14, 2, 0]  	886	10 
[3, 5, 1, 4, 0]  	891	4 
[12, 0, 3, 3, 0]  	909	12 
[11, 13, 1, 1, 0]  	909	11 
[9, 15, 1, 1, 0]  	913	11 
[8, 17, 0, 1, 0]  	913	11 
[0, 0, 14, 3, 0]  	924	2 
[14, 5, 2, 2, 0]  	935	9 
[11, 20, 0, 0, 0]  	939	9 
[10, 16, 0, 1, 0]  	940	12 
[11, 2, 3, 3, 0]  	942	11 
[6, 10, 0, 3, 0]  	946	10 
[9, 20, 2, 0, 0]  	947	12 
[14, 3, 0, 3, 0]  	961	13 
[13, 18, 1, 0, 0]  	968	7 
[8, 9, 0, 3, 0]  	973	11 
[5, 2, 0, 5, 0]  	977	9 
[5, 1, 1, 5, 0]  	979	8 
[4, 3, 0, 5, 0]  	979	8 
[10, 22, 1, 0, 0]  	1005	12 
[7, 0, 1, 5, 0]  	1006	9 
[8, 22, 3, 0, 0]  	1013	11 
[3, 20, 10, 0, 0]  	1037	9 
[2, 20, 11, 0, 0]  	1041	7 
[9, 0, 5, 4, 0]  	1042	12 
[2, 18, 13, 0, 0]  	1045	7 
[2, 7, 14, 2, 0]  	1045	6 
[8, 0, 6, 4, 0]  	1046	10 
[7, 2, 5, 4, 0]  	1046	9 
[13, 7, 0, 3, 0]  	1056	12 
[3, 22, 9, 0, 0]  	1066	10 
[10, 2, 3, 4, 0]  	1067	7 
[2, 22, 10, 0, 0]  	1070	6 
[9, 2, 4, 4, 0]  	1071	9 
[2, 7, 1, 5, 0]  	1078	5 
[1, 20, 13, 0, 0]  	1078	5 
[1, 9, 14, 2, 0]  	1078	5 
[4, 0, 11, 4, 0]  	1095	10 
[10, 26, 0, 0, 0]  	1096	7 
[3, 0, 12, 4, 0]  	1099	8 
[1, 15, 9, 2, 0]  	1099	4 
[9, 26, 1, 0, 0]  	1100	7 
[8, 26, 2, 0, 0]  	1104	9 
[2, 9, 0, 5, 0]  	1107	6 
[1, 22, 12, 0, 0]  	1107	5 
[6, 28, 2, 0, 0]  	1108	7 
[1, 20, 0, 3, 0]  	1111	5 
[12, 0, 0, 5, 0]  	1118	12 
[1, 16, 4, 3, 0]  	1119	5 
[4, 2, 10, 4, 0]  	1124	9 
[1, 19, 6, 2, 0]  	1124	5 
[3, 2, 11, 4, 0]  	1128	7 
[1, 17, 8, 2, 0]  	1128	4 
[9, 28, 0, 0, 0]  	1129	4 
[2, 2, 12, 4, 0]  	1132	6 
[1, 11, 0, 5, 0]  	1140	4 
[0, 24, 12, 0, 0]  	1140	3 
[4, 1, 7, 5, 0]  	1148	5 
[3, 3, 6, 5, 0]  	1148	5 
[2, 5, 5, 5, 0]  	1148	4 
[1, 18, 3, 3, 0]  	1148	5 
[2, 3, 7, 5, 0]  	1152	4 
[0, 29, 3, 1, 0]  	1152	3 
[1, 15, 6, 3, 0]  	1154	4 
[1, 9, 7, 4, 0]  	1155	5 
[2, 1, 9, 5, 0]  	1156	3 
[1, 14, 7, 3, 0]  	1156	4 
[0, 27, 5, 1, 0]  	1156	3 
[3, 4, 10, 4, 0]  	1157	7 
[2, 6, 9, 4, 0]  	1157	6 
[0, 26, 6, 1, 0]  	1158	3 
[1, 12, 9, 3, 0]  	1160	4 
[0, 25, 7, 1, 0]  	1160	3 
[2, 26, 9, 0, 0]  	1161	5 
[2, 4, 11, 4, 0]  	1161	5 
[8, 30, 0, 0, 0]  	1162	4 
[1, 11, 10, 3, 0]  	1162	4 
[0, 24, 8, 1, 0]  	1162	3 
[7, 31, 0, 0, 0]  	1164	6 
[3, 0, 0, 7, 0]  	1165	3 
[1, 26, 10, 0, 0]  	1165	3 
[1, 4, 12, 4, 0]  	1165	3 
[0, 17, 10, 2, 0]  	1165	2 
[7, 30, 1, 0, 0]  	1166	6 
[3, 5, 0, 6, 0]  	1166	4 
[2, 0, 1, 7, 0]  	1169	3 
[1, 13, 13, 2, 0]  	1169	3 
[0, 26, 11, 0, 0]  	1169	2 
[0, 33, 0, 1, 0]  	1177	4 
[0, 31, 2, 1, 0]  	1181	3 
[1, 5, 7, 5, 0]  	1185	2 
[0, 18, 5, 3, 0]  	1185	2 
[3, 28, 7, 0, 0]  	1186	7 
[1, 4, 8, 5, 0]  	1187	2 
[0, 17, 6, 3, 0]  	1187	2 
[2, 28, 8, 0, 0]  	1190	5 
[1, 8, 9, 4, 0]  	1190	4 
[2, 0, 11, 5, 0]  	1191	3 
[1, 6, 11, 4, 0]  	1194	4 
[2, 2, 0, 7, 0]  	1198	1 
[0, 28, 10, 0, 0]  	1198	1 
[0, 6, 12, 4, 0]  	1198	1 
[6, 32, 1, 0, 0]  	1199	6 
[2, 7, 0, 6, 0]  	1199	4 
[5, 0, 4, 6, 0]  	1201	9 
[4, 1, 4, 6, 0]  	1203	8 
[4, 0, 5, 6, 0]  	1205	9 
[0, 24, 0, 3, 0]  	1206	3 
[1, 9, 4, 5, 0]  	1210	3 
[0, 22, 2, 3, 0]  	1210	3 
[9, 2, 13, 3, 0]  	1214	2 
[1, 7, 6, 5, 0]  	1214	2 
[0, 20, 4, 3, 0]  	1214	2 
[1, 12, 6, 4, 0]  	1215	5 
[0, 7, 7, 5, 0]  	1218	1 
[2, 30, 7, 0, 0]  	1219	5 
[0, 23, 6, 2, 0]  	1219	3 
[0, 6, 8, 5, 0]  	1220	1 
[0, 22, 7, 2, 0]  	1221	3 
[1, 30, 8, 0, 0]  	1223	3 
[0, 21, 8, 2, 0]  	1223	2 
[0, 30, 9, 0, 0]  	1227	1 
[0, 8, 11, 4, 0]  	1227	1 
[6, 34, 0, 0, 0]  	1228	3 
[1, 4, 0, 7, 0]  	1231	1 
[3, 3, 4, 6, 0]  	1236	7 
[3, 1, 6, 6, 0]  	1240	8 
[2, 3, 5, 6, 0]  	1240	6 
[1, 16, 3, 4, 0]  	1240	6 
[3, 0, 7, 6, 0]  	1242	9 
[0, 11, 4, 5, 0]  	1243	2 
[5, 0, 10, 5, 0]  	1245	2 
[2, 0, 8, 6, 0]  	1246	7 
[0, 9, 6, 5, 0]  	1247	1 
[1, 1, 8, 6, 0]  	1248	4 
[0, 25, 5, 2, 0]  	1248	3 
[1, 0, 9, 6, 0]  	1250	4 
[1, 32, 7, 0, 0]  	1252	3 
[0, 12, 8, 4, 0]  	1252	2 
[0, 11, 9, 4, 0]  	1254	2 
[0, 32, 8, 0, 0]  	1256	1 
[0, 10, 10, 4, 0]  	1256	1 
[5, 36, 0, 0, 0]  	1261	3 
[0, 6, 0, 7, 0]  	1264	1 
[4, 36, 1, 0, 0]  	1265	6 
[3, 36, 2, 0, 0]  	1269	8 
[2, 5, 4, 6, 0]  	1269	7 
[1, 0, 5, 7, 0]  	1272	2 
[0, 13, 3, 5, 0]  	1272	2 
[1, 5, 5, 6, 0]  	1273	5 
[0, 0, 6, 7, 0]  	1276	1 
[1, 3, 7, 6, 0]  	1277	5 
[0, 14, 7, 4, 0]  	1281	2 
[0, 34, 7, 0, 0]  	1285	1 
[0, 1, 10, 6, 0]  	1285	1 
[0, 0, 11, 6, 0]  	1287	1 
[2, 0, 0, 8, 0]  	1290	3 
[4, 38, 0, 0, 0]  	1294	3 
[0, 17, 0, 5, 0]  	1297	1 
[2, 38, 2, 0, 0]  	1302	6 
[1, 7, 4, 6, 0]  	1302	5 
[0, 2, 5, 7, 0]  	1305	1 
[2, 36, 4, 0, 0]  	1306	5 
[0, 16, 6, 4, 0]  	1310	2 
[0, 36, 6, 0, 0]  	1314	1 
[0, 3, 9, 6, 0]  	1314	1 
[3, 40, 0, 0, 0]  	1327	4 
[2, 40, 1, 0, 0]  	1331	5 
[0, 4, 4, 7, 0]  	1334	1 
[1, 38, 4, 0, 0]  	1339	2 
[0, 38, 5, 0, 0]  	1343	1 
[0, 5, 8, 6, 0]  	1343	1 
[2, 42, 0, 0, 0]  	1360	3 
[0, 44, 0, 0, 0]  	1364	3  <--- 2
[1, 40, 3, 0, 0]  	1368	3 
[0, 40, 4, 0, 0]  	1372	1 
[0, 0, 0, 9, 0]  	1386	1  <--- 4
[0, 42, 3, 0, 0]  	1401	1 
[2, 11, 1, 1, 1]  	586	6 
[12, 11, 3, 0, 1]  	788	6 
[2, 7, 2, 3, 1]  	803	5 
[3, 9, 14, 0, 1]  	828	8 
[15, 7, 1, 1, 1]  	839	5 
[13, 9, 1, 1, 1]  	843	6 
[13, 11, 0, 1, 1]  	872	4 
[12, 0, 2, 3, 1]  	876	12 
[11, 2, 2, 3, 1]  	909	12 
[12, 16, 2, 0, 1]  	910	10 
[9, 16, 0, 1, 1]  	911	12 
[11, 16, 3, 0, 1]  	914	14 
[11, 18, 2, 0, 1]  	943	13 
[3, 16, 12, 0, 1]  	979	8 
[3, 5, 0, 5, 1]  	1012	7 
[2, 18, 12, 0, 1]  	1012	7 
[12, 7, 0, 3, 1]  	1027	14 
[11, 0, 3, 4, 1]  	1034	10 
[10, 24, 0, 0, 1]  	1034	10 
[10, 0, 4, 4, 1]  	1038	12 
[9, 24, 1, 0, 1]  	1038	11 
[2, 7, 0, 5, 1]  	1045	6 
[1, 15, 8, 2, 1]  	1066	5 
[1, 13, 10, 2, 1]  	1070	5 
[1, 11, 12, 2, 1]  	1074	5 
[11, 0, 0, 5, 1]  	1089	11 
[1, 17, 7, 2, 1]  	1095	5 
[9, 27, 0, 0, 1]  	1098	8 
[2, 0, 13, 4, 1]  	1103	6 
[1, 24, 10, 0, 1]  	1103	6 
[1, 0, 0, 7, 1]  	1107	4 
[2, 3, 6, 5, 1]  	1119	5 
[1, 14, 6, 3, 1]  	1123	4 
[1, 13, 7, 3, 1]  	1125	4 
[1, 12, 8, 3, 1]  	1127	4 
[1, 11, 9, 3, 1]  	1129	4 
[7, 30, 0, 0, 1]  	1133	4 
[1, 2, 13, 4, 1]  	1136	4 
[0, 26, 10, 0, 1]  	1136	3 
[1, 10, 6, 4, 1]  	1153	5 
[0, 28, 4, 1, 1]  	1154	3 
[1, 3, 8, 5, 1]  	1156	3 
[3, 26, 8, 0, 1]  	1157	6 
[1, 2, 9, 5, 1]  	1158	3 
[1, 1, 10, 5, 1]  	1160	3 
[1, 0, 11, 5, 1]  	1162	3 
[0, 15, 12, 2, 1]  	1169	2 
[7, 1, 10, 4, 1]  	1180	11 
[1, 7, 5, 5, 1]  	1181	3 
[8, 2, 13, 3, 1]  	1185	2 
[2, 29, 7, 0, 1]  	1188	6 
[0, 16, 7, 3, 1]  	1189	2 
[0, 15, 8, 3, 1]  	1191	2 
[1, 28, 9, 0, 1]  	1194	3 
[0, 19, 9, 2, 1]  	1194	2 
[3, 0, 6, 6, 1]  	1209	10 
[1, 14, 4, 4, 1]  	1211	6 
[1, 3, 5, 6, 1]  	1211	5 
[3, 30, 6, 0, 1]  	1215	7 
[4, 0, 10, 5, 1]  	1216	2 
[0, 15, 0, 5, 1]  	1235	2 
[2, 36, 3, 0, 1]  	1273	6 
[0, 27, 4, 2, 1]  	1277	3 
[3, 38, 1, 0, 1]  	1298	6 
[2, 40, 0, 0, 1]  	1298	5 
[1, 36, 5, 0, 1]  	1310	3 
[0, 38, 4, 0, 1]  	1310	2 
[1, 40, 2, 0, 1]  	1335	4 
[4, 3, 3, 1, 2]  	462	5 
[2, 0, 3, 3, 2]  	619	5 
[14, 5, 2, 1, 2]  	781	8 
[10, 2, 2, 3, 2]  	880	12 
[2, 0, 2, 5, 2]  	894	6 
[1, 11, 2, 3, 2]  	898	5 
[12, 13, 0, 1, 2]  	905	11 
[13, 16, 1, 0, 2]  	906	10 
[13, 5, 2, 2, 2]  	906	9 
[4, 0, 1, 5, 2]  	919	9 
[7, 9, 0, 3, 2]  	944	11 
[2, 0, 0, 6, 2]  	982	5 
[11, 7, 0, 3, 2]  	998	12 
[3, 18, 11, 0, 2]  	1008	8 
[8, 24, 2, 0, 2]  	1042	11 
[10, 0, 0, 5, 2]  	1060	11 
[6, 27, 2, 0, 2]  	1077	9 
[2, 24, 9, 0, 2]  	1099	7 
[1, 4, 10, 4, 2]  	1099	4 
[7, 29, 0, 0, 2]  	1102	9 
[1, 2, 12, 4, 2]  	1103	4 
[1, 4, 6, 5, 2]  	1121	4 
[1, 3, 7, 5, 2]  	1123	4 
[1, 2, 8, 5, 2]  	1125	4 
[1, 1, 9, 5, 2]  	1127	4 
[1, 6, 9, 4, 2]  	1128	4 
[1, 0, 10, 5, 2]  	1129	4 
[3, 27, 7, 0, 2]  	1155	7 
[1, 8, 8, 4, 2]  	1157	4 
[6, 31, 1, 0, 2]  	1168	8 
[1, 0, 7, 6, 2]  	1184	5 
[6, 33, 0, 0, 2]  	1197	6 
[5, 32, 2, 0, 2]  	1203	8 
[4, 32, 3, 0, 2]  	1207	9 
[1, 31, 7, 0, 2]  	1221	4 
[5, 34, 1, 0, 2]  	1232	5 
[4, 36, 0, 0, 2]  	1232	5 
[4, 34, 2, 0, 2]  	1236	7 
[3, 36, 1, 0, 2]  	1236	6 
[3, 34, 3, 0, 2]  	1240	7 
[3, 32, 5, 0, 2]  	1244	8 
[1, 36, 3, 0, 2]  	1244	6 
[0, 33, 7, 0, 2]  	1254	2 
[3, 38, 0, 0, 2]  	1265	5 
[2, 34, 5, 0, 2]  	1277	5 
[1, 34, 6, 0, 2]  	1281	3 
[0, 40, 3, 0, 2]  	1339	2 
[0, 42, 2, 0, 2]  	1368	2 
[12, 0, 4, 2, 3]  	788	11 
[13, 0, 14, 0, 3]  	839	6 
[3, 0, 1, 5, 3]  	890	8 
[10, 20, 0, 0, 3]  	910	10 
[13, 3, 0, 3, 3]  	932	11 
[11, 15, 0, 1, 3]  	938	11 
[12, 5, 0, 3, 3]  	965	12 
[10, 7, 0, 3, 3]  	969	11 
[9, 24, 0, 0, 3]  	1005	10 
[9, 0, 0, 5, 3]  	1031	11 
[1, 22, 11, 0, 3]  	1074	5 
[3, 24, 8, 0, 3]  	1095	9 
[1, 9, 1, 5, 3]  	1111	4 
[3, 27, 6, 0, 3]  	1122	8 
[1, 10, 10, 3, 3]  	1131	4 
[8, 28, 1, 0, 3]  	1133	6 
[1, 9, 11, 3, 3]  	1133	4 
[5, 30, 3, 0, 3]  	1174	7 
[4, 32, 2, 0, 3]  	1174	7 
[1, 1, 6, 6, 3]  	1182	5 
[3, 32, 4, 0, 3]  	1211	8 
[1, 9, 0, 6, 3]  	1232	4 
[1, 5, 4, 6, 3]  	1240	5 
[2, 32, 6, 0, 3]  	1248	5 
[1, 34, 5, 0, 3]  	1248	4 
[0, 36, 5, 0, 3]  	1281	2 
[15, 1, 0, 0, 4]  	466	4 
[14, 5, 3, 0, 4]  	660	8 
[14, 7, 2, 0, 4]  	689	7 
[12, 9, 2, 0, 4]  	693	9 
[13, 11, 0, 0, 4]  	718	6 
[15, 0, 1, 2, 4]  	776	5 
[13, 0, 3, 2, 4]  	784	9 
[11, 0, 5, 2, 4]  	792	12 
[11, 0, 2, 3, 4]  	847	12 
[12, 16, 1, 0, 4]  	877	10 
[11, 16, 2, 0, 4]  	881	12 
[14, 0, 1, 3, 4]  	901	5 
[8, 20, 2, 0, 4]  	918	10 
[12, 4, 0, 3, 4]  	934	10 
[9, 8, 0, 3, 4]  	971	10 
[9, 22, 1, 0, 4]  	976	10 
[7, 22, 3, 0, 4]  	984	8 
[10, 0, 12, 2, 4]  	994	10 
[8, 0, 0, 5, 4]  	1002	10 
[8, 24, 1, 0, 4]  	1009	9 
[7, 24, 2, 0, 4]  	1013	9 
[8, 26, 0, 0, 4]  	1038	10 
[6, 26, 2, 0, 4]  	1046	8 
[5, 26, 3, 0, 4]  	1050	8 
[7, 28, 0, 0, 4]  	1071	9 
[6, 28, 1, 0, 4]  	1075	8 
[5, 28, 2, 0, 4]  	1079	7 
[2, 26, 7, 0, 4]  	1095	7 
[6, 30, 0, 0, 4]  	1104	6 
[5, 30, 1, 0, 4]  	1108	8 
[2, 28, 6, 0, 4]  	1124	7 
[5, 32, 0, 0, 4]  	1137	8 
[4, 31, 2, 0, 4]  	1143	9 
[1, 7, 4, 5, 4]  	1148	4 
[3, 29, 5, 0, 4]  	1151	8 
[4, 34, 0, 0, 4]  	1170	8 
[3, 34, 1, 0, 4]  	1174	7 
[2, 34, 2, 0, 4]  	1178	9 
[3, 31, 4, 0, 4]  	1180	10 
[1, 34, 3, 0, 4]  	1182	7 
[2, 31, 5, 0, 4]  	1184	8 
[3, 36, 0, 0, 4]  	1203	7 
[2, 33, 4, 0, 4]  	1213	7 
[0, 34, 5, 0, 4]  	1219	3 
[0, 36, 4, 0, 4]  	1248	3 
[1, 40, 1, 0, 4]  	1302	5 
[1, 42, 0, 0, 4]  	1331	5 
[11, 11, 3, 0, 5]  	759	9 
[14, 7, 1, 1, 5]  	810	7 
[12, 9, 1, 1, 5]  	814	9 
[12, 11, 0, 1, 5]  	843	6 
[10, 16, 3, 0, 5]  	885	12 
[10, 18, 2, 0, 5]  	914	11 
[11, 6, 0, 3, 5]  	967	10 
[7, 1, 0, 5, 5]  	1004	9 
[3, 23, 8, 0, 5]  	1064	8 
[1, 5, 5, 5, 5]  	1119	4 
[1, 26, 9, 0, 5]  	1132	5 
[4, 33, 1, 0, 5]  	1172	8 
[1, 35, 2, 0, 5]  	1180	6 
[1, 31, 6, 0, 5]  	1188	5 
[2, 36, 1, 0, 5]  	1207	8 
[3, 33, 3, 0, 5]  	1209	9 
[1, 37, 1, 0, 5]  	1209	7 
[1, 33, 5, 0, 5]  	1217	6 
[0, 42, 1, 0, 5]  	1335	3 
[11, 13, 0, 1, 6]  	876	11 
[13, 2, 1, 3, 6]  	934	12 
[11, 5, 0, 3, 6]  	936	11 
[9, 0, 13, 2, 6]  	998	10 
[6, 24, 3, 0, 6]  	1017	8 
[3, 21, 9, 0, 6]  	1035	8 
[7, 26, 1, 0, 6]  	1042	8 
[2, 24, 8, 0, 6]  	1066	6 
[3, 26, 6, 0, 6]  	1091	9 
[4, 30, 2, 0, 6]  	1112	8 
[3, 30, 3, 0, 6]  	1116	9 
[2, 30, 4, 0, 6]  	1120	7 
[1, 28, 7, 0, 6]  	1128	5 
[3, 32, 2, 0, 6]  	1145	9 
[2, 32, 3, 0, 6]  	1149	8 
[0, 28, 9, 0, 6]  	1165	2 
[0, 36, 3, 0, 6]  	1215	4 
[0, 33, 6, 0, 6]  	1221	3 
[2, 38, 0, 0, 6]  	1236	6 
[0, 38, 2, 0, 6]  	1244	4 
[13, 0, 1, 3, 7]  	872	5 
[10, 15, 0, 1, 7]  	909	11 
[9, 7, 0, 3, 7]  	940	11 
[9, 0, 12, 2, 7]  	965	10 
[8, 1, 13, 2, 7]  	1000	8 
[2, 22, 9, 0, 7]  	1037	7 
[3, 26, 5, 0, 7]  	1058	9 
[2, 26, 6, 0, 7]  	1062	7 
[4, 28, 3, 0, 7]  	1083	9 
[3, 28, 4, 0, 7]  	1087	8 
[3, 25, 7, 0, 7]  	1093	9 
[2, 29, 5, 0, 7]  	1122	7 
[0, 28, 8, 0, 7]  	1132	3 
[4, 32, 1, 0, 7]  	1141	8 
[0, 30, 7, 0, 7]  	1161	3 
[1, 32, 5, 0, 7]  	1186	5 
[0, 34, 4, 0, 7]  	1186	4 
[1, 40, 0, 0, 7]  	1269	6 
[10, 6, 0, 3, 8]  	938	10 
[8, 8, 0, 3, 8]  	942	10 
[8, 1, 12, 2, 8]  	967	9 
[7, 0, 0, 5, 8]  	973	10 
[1, 24, 9, 0, 8]  	1070	5 
[2, 28, 5, 0, 8]  	1091	7 
[1, 32, 4, 0, 8]  	1153	6 
[1, 30, 6, 0, 8]  	1157	5 
[0, 42, 0, 0, 8]  	1302	4 
[12, 2, 1, 3, 9]  	905	10 
[8, 0, 13, 2, 9]  	969	10 
[6, 1, 0, 5, 9]  	975	9 
[1, 33, 3, 0, 9]  	1151	6 
[0, 40, 1, 0, 9]  	1273	4 
[7, 1, 13, 2, 10]  	971	9 
[3, 22, 7, 0, 10]  	1000	7 
[2, 20, 10, 0, 10]  	1008	7 
[3, 24, 6, 0, 10]  	1029	8 
[2, 24, 7, 0, 10]  	1033	7 
[1, 29, 5, 0, 10]  	1093	6 
[1, 28, 6, 0, 10]  	1095	6 
[1, 31, 4, 0, 10]  	1122	6 
[0, 32, 6, 0, 10]  	1190	3 
[1, 26, 8, 0, 11]  	1099	4 
[0, 33, 5, 0, 11]  	1188	4 
[1, 22, 10, 0, 12]  	1041	6 
[3, 20, 9, 0, 13]  	1004	7 
[3, 19, 10, 0, 13]  	1006	8 
[2, 23, 8, 0, 13]  	1035	7 
[1, 26, 7, 0, 13]  	1066	6 
[1, 24, 8, 0, 15]  	1037	6 
[1, 27, 6, 0, 15]  	1064	6 
[1, 13, 9, 2, 242]  	1037	4 
[1, 16, 7, 2, 242]  	1064	5 
[1, 13, 8, 2, 244]  	1004	4 
[1, 11, 11, 2, 244]  	1041	5 
[1, 4, 9, 4, 244]  	1066	3 
[0, 29, 2, 1, 245]  	1119	3 
[0, 22, 6, 2, 245]  	1188	3 
[1, 11, 10, 2, 246]  	1008	4 
[1, 15, 7, 2, 246]  	1033	3 
[1, 18, 0, 3, 246]  	1049	5 
[1, 18, 6, 2, 246]  	1093	3 
[1, 19, 10, 1, 246]  	1102	4 
[1, 18, 11, 1, 246]  	1104	4 
[0, 21, 5, 2, 246]  	1124	2 
[1, 13, 7, 2, 247]  	971	4 
[2, 16, 13, 0, 247]  	983	7 
[1, 15, 6, 2, 247]  	1000	4 
[1, 12, 9, 2, 247]  	1006	4 
[1, 5, 8, 4, 247]  	1064	3 
[1, 9, 6, 4, 247]  	1122	4 
[0, 17, 5, 3, 247]  	1154	2 
[0, 8, 10, 4, 247]  	1194	1 
[0, 16, 5, 4, 247]  	1277	2 
[1, 19, 1, 1, 248]  	805	4 
[1, 13, 6, 2, 248]  	938	4 
[1, 11, 9, 2, 248]  	975	4 
[1, 16, 0, 3, 248]  	987	5 
[2, 5, 1, 5, 248]  	1016	6 
[0, 19, 4, 2, 248]  	1029	2 
[1, 4, 8, 4, 248]  	1033	3 
[0, 28, 1, 1, 248]  	1055	3 
[0, 27, 2, 1, 248]  	1057	3 
[1, 17, 11, 1, 248]  	1073	4 
[1, 16, 12, 1, 248]  	1075	4 
[1, 2, 7, 5, 248]  	1092	4 
[1, 7, 7, 4, 248]  	1093	3 
[1, 7, 3, 5, 248]  	1115	4 
[0, 17, 4, 3, 248]  	1121	2 
[0, 17, 9, 2, 248]  	1132	1 
[0, 24, 3, 2, 248]  	1151	3 
[0, 16, 4, 4, 248]  	1244	2 
[2, 14, 13, 0, 249]  	921	7 
[1, 11, 8, 2, 249]  	942	4 
[0, 27, 0, 1, 249]  	991	3 
[1, 0, 9, 5, 249]  	1096	4 
[0, 17, 8, 2, 249]  	1099	1 
[0, 8, 9, 4, 249]  	1161	1 
[1, 4, 4, 6, 249]  	1209	3 
[1, 17, 1, 1, 250]  	743	4 
[2, 6, 2, 3, 250]  	772	5 
[1, 13, 4, 2, 250]  	872	4 
[1, 11, 7, 2, 250]  	909	4 
[1, 14, 0, 3, 250]  	925	5 
[0, 25, 0, 1, 250]  	929	3 
[3, 3, 14, 2, 250]  	950	8 
[2, 3, 1, 5, 250]  	954	6 
[1, 4, 6, 4, 250]  	967	3 
[0, 17, 4, 2, 250]  	967	2 
[1, 6, 5, 4, 250]  	996	3 
[1, 2, 5, 5, 250]  	1026	4 
[1, 15, 12, 1, 250]  	1044	4 
[1, 14, 13, 1, 250]  	1046	4 
[1, 5, 3, 5, 250]  	1053	4 
[1, 0, 8, 5, 250]  	1063	4 
[0, 6, 8, 4, 250]  	1066	1 
[1, 2, 11, 4, 250]  	1070	2 
[1, 10, 4, 4, 250]  	1087	4 
[0, 22, 13, 0, 250]  	1111	3 
[1, 0, 5, 6, 250]  	1118	5 
[0, 23, 8, 1, 250]  	1131	3 
[0, 22, 9, 1, 250]  	1133	3 
[0, 22, 0, 3, 250]  	1144	3 
[0, 14, 4, 4, 250]  	1182	2 
[3, 17, 0, 1, 251]  	768	6 
[1, 21, 0, 1, 251]  	834	4 
[1, 11, 6, 2, 251]  	876	4 
[2, 13, 13, 0, 251]  	890	7 
[1, 18, 0, 2, 251]  	895	4 
[0, 17, 3, 2, 251]  	934	2 
[1, 0, 7, 5, 251]  	1030	4 
[1, 2, 10, 4, 251]  	1037	2 
[0, 7, 7, 4, 251]  	1064	1 
[0, 15, 3, 4, 251]  	1180	2 
[0, 3, 8, 6, 251]  	1281	1 
[2, 7, 3, 1, 252]  	528	2 
[1, 15, 1, 1, 252]  	681	4 
[2, 4, 2, 3, 252]  	710	5 
[2, 8, 1, 3, 252]  	801	6 
[1, 11, 5, 2, 252]  	843	4 
[3, 10, 0, 3, 252]  	859	7 
[1, 12, 0, 3, 252]  	863	5 
[0, 23, 0, 1, 252]  	867	3 
[2, 1, 1, 5, 252]  	892	6 
[1, 4, 4, 4, 252]  	901	2 
[0, 17, 2, 2, 252]  	901	2 
[3, 2, 14, 2, 252]  	919	8 
[2, 7, 1, 4, 252]  	924	2 
[4, 2, 0, 5, 252]  	948	8 
[1, 10, 14, 1, 252]  	955	4 
[2, 5, 14, 2, 252]  	983	5 
[2, 10, 0, 4, 252]  	984	3 
[1, 3, 3, 5, 252]  	991	4 
[1, 0, 6, 5, 252]  	997	4 
[1, 13, 13, 1, 252]  	1015	4 
[1, 18, 13, 0, 252]  	1016	5 
[0, 6, 7, 4, 252]  	1033	1 
[1, 3, 9, 4, 252]  	1035	2 
[1, 20, 12, 0, 252]  	1045	5 
[0, 12, 3, 4, 252]  	1087	2 
[0, 9, 6, 4, 252]  	1093	1 
[0, 28, 7, 0, 252]  	1099	3 
[0, 15, 7, 3, 252]  	1158	2 
[0, 1, 7, 6, 252]  	1186	1 
[0, 11, 3, 5, 252]  	1210	2 
[1, 11, 2, 1, 253]  	590	4 
[1, 4, 3, 3, 253]  	714	3 
[3, 16, 0, 1, 253]  	737	6 
[1, 7, 2, 3, 253]  	774	3 
[1, 20, 0, 1, 253]  	803	4 
[2, 10, 14, 0, 253]  	830	7 
[2, 16, 0, 2, 253]  	862	4 
[1, 0, 3, 5, 253]  	898	3 
[11, 4, 0, 3, 253]  	905	9 
[2, 5, 13, 2, 253]  	950	4 
[0, 15, 6, 2, 253]  	971	2 
[1, 11, 0, 4, 253]  	986	3 
[1, 10, 1, 4, 253]  	988	3 
[0, 6, 6, 4, 253]  	1000	1 
[1, 2, 9, 4, 253]  	1004	2 
[2, 21, 9, 0, 253]  	1006	7 
[1, 2, 0, 6, 253]  	1015	3 
[1, 1, 1, 6, 253]  	1017	3 
[1, 7, 1, 5, 253]  	1049	4 
[1, 0, 13, 4, 253]  	1074	4 
[1, 9, 0, 5, 253]  	1078	4 
[0, 11, 5, 4, 253]  	1122	1 
[3, 34, 0, 0, 253]  	1141	5 
[0, 35, 2, 0, 253]  	1151	4 
[0, 34, 3, 0, 253]  	1153	4 
[0, 1, 6, 6, 253]  	1153	1 
[1, 38, 0, 0, 253]  	1207	5 
[3, 5, 2, 1, 254]  	462	4 
[3, 3, 4, 1, 254]  	466	3 
[2, 5, 3, 1, 254]  	466	2 
[1, 13, 1, 1, 254]  	619	4 
[2, 2, 2, 3, 254]  	648	5 
[1, 2, 3, 3, 254]  	652	3 
[2, 7, 1, 3, 254]  	770	5 
[3, 9, 0, 3, 254]  	828	7 
[3, 3, 1, 4, 254]  	829	3 
[1, 11, 0, 3, 254]  	832	5 
[0, 22, 0, 1, 254]  	836	2 
[2, 0, 1, 5, 254]  	861	6 
[2, 5, 1, 4, 254]  	862	2 
[0, 4, 5, 4, 254]  	905	1 
[1, 9, 14, 1, 254]  	924	4 
[0, 15, 5, 2, 254]  	938	2 
[2, 9, 0, 4, 254]  	953	4 
[1, 0, 1, 6, 254]  	986	3 
[5, 26, 2, 0, 254]  	1017	7 
[2, 26, 5, 0, 254]  	1029	6 
[6, 28, 0, 0, 254]  	1042	6 
[0, 11, 3, 4, 254]  	1056	2 
[1, 34, 0, 0, 254]  	1083	5 
[0, 34, 2, 0, 254]  	1120	4 
[0, 0, 6, 6, 254]  	1122	1 
[0, 2, 5, 6, 254]  	1151	1 
[0, 37, 1, 0, 254]  	1180	4 
[0, 4, 0, 7, 254]  	1202	1 
[0, 40, 0, 0, 254]  	1240	4 
[1, 13, 0, 1, 255]  	586	4 
[0, 13, 1, 1, 255]  	590	2 
[11, 0, 4, 2, 255]  	759	8 
[0, 20, 0, 1, 255]  	774	2 
[2, 9, 14, 0, 255]  	799	7 
[2, 9, 0, 3, 255]  	799	5 
[12, 0, 14, 0, 255]  	810	6 
[11, 11, 0, 1, 255]  	814	8 
[2, 11, 13, 0, 255]  	828	7 
[0, 11, 1, 3, 255]  	836	2 
[11, 2, 14, 0, 255]  	843	6 
[8, 20, 0, 0, 255]  	852	10 
[0, 4, 4, 4, 255]  	872	1 
[11, 3, 0, 3, 255]  	874	10 
[10, 4, 0, 3, 255]  	876	7 
[9, 6, 0, 3, 255]  	909	6 
[2, 16, 12, 0, 255]  	950	6 
[1, 9, 1, 4, 255]  	957	3 
[0, 11, 0, 4, 255]  	957	2 
[1, 20, 10, 0, 255]  	979	4 
[1, 22, 9, 0, 255]  	1008	5 
[0, 22, 10, 0, 255]  	1012	2 
[0, 20, 13, 0, 255]  	1049	2 
[3, 30, 2, 0, 255]  	1083	7 
[2, 30, 3, 0, 255]  	1087	6 
[0, 0, 5, 6, 255]  	1089	1 
------
The gap is between 16 and 241.
Lengths: 5 5 6 9 5 11.
For 1238 = 3*d-d1-d2-d3-d4 you get 5 in char 0.
1 + 0*2^64 + 0*2^128 + 0*2^192*x^1*y^39
1 + 0*2^64 + 0*2^128 + 0*2^192*x^1*y^6*z^3*w^6
1 + 0*2^64 + 0*2^128 + 0*2^192*y^30*w^2
1 + 0*2^64 + 0*2^128 + 0*2^192*y^19*z^1*w^4
1 + 0*2^64 + 0*2^128 + 0*2^192*y^8*z^2*w^6

For 743 = 2*d-d1-d2-d3-d4 you get 6 in char 0.
1 + 0*2^64 + 0*2^128 + 0*2^192*x^15*w^2
1 + 0*2^64 + 0*2^128 + 0*2^192*x^9*y^1*z^9*w^1
1 + 0*2^64 + 0*2^128 + 0*2^192*x^1*y^17*z^1*w^1
1 + 0*2^64 + 0*2^128 + 0*2^192*x^1*y^6*z^2*w^3
1 + 0*2^64 + 0*2^128 + 0*2^192*y^19*w^1
1 + 0*2^64 + 0*2^128 + 0*2^192*y^8*z^1*w^3

For 248 = d-d1-d2-d3-d4 you get 5 in char 0.
1 + 0*2^64 + 0*2^128 + 0*2^192*x^4*z^4
1 + 0*2^64 + 0*2^128 + 0*2^192*x^3*y^2*z^3
1 + 0*2^64 + 0*2^128 + 0*2^192*x^2*y^4*z^2
1 + 0*2^64 + 0*2^128 + 0*2^192*x^1*y^6*z^1
1 + 0*2^64 + 0*2^128 + 0*2^192*y^8

Extra powers of p used 11.
The invariant extra is equal to 33.
Start computing 2^4 Delta^1 (x1x2x3x4)^1... Done.
Start computing 2^5 Delta^2 (x1x2x3x4)^1... Done.
Start computing 2^6 Delta^3 (x1x2x3x4)^1... Done.
Start computing 2^7 Delta^4 (x1x2x3x4)^1... Done.
Start computing 2^8 Delta^5 (x1x2x3x4)^1... Done.
Start computing 2^9 Delta^6 (x1x2x3x4)^1... Done.
Start computing 2^10 Delta^7 (x1x2x3x4)^1... Done.
Start computing 2^11 Delta^8 (x1x2x3x4)^1... Done.
Start computing 2^12 Delta^9 (x1x2x3x4)^1... Done.
Start computing 2^13 Delta^10 (x1x2x3x4)^1... Done.
Start computing 2^14 Delta^11 (x1x2x3x4)^1... Done.
Start computing 2^15 Delta^12 (x1x2x3x4)^1... Done.
Start computing 2^16 Delta^13 (x1x2x3x4)^1... Done.
Start computing 2^17 Delta^14 (x1x2x3x4)^1... Done.
Start computing 2^18 Delta^15 (x1x2x3x4)^1... Done.
Start computing 2^19 Delta^16 (x1x2x3x4)^1... Done.
Start computing 2^20 Delta^17 (x1x2x3x4)^1... Done.
Start computing 2^21 Delta^18 (x1x2x3x4)^1... Done.
Start computing 2^22 Delta^19 (x1x2x3x4)^1... Done.
Start computing 2^23 Delta^20 (x1x2x3x4)^1... Done.
Start computing 2^24 Delta^21 (x1x2x3x4)^1... Done.
Start computing 2^25 Delta^22 (x1x2x3x4)^1... Done.
Start computing 2^26 Delta^23 (x1x2x3x4)^1... Done.
Start computing 2^27 Delta^24 (x1x2x3x4)^1... Done.
Start computing 2^28 Delta^25 (x1x2x3x4)^1... Done.
Start computing 2^29 Delta^26 (x1x2x3x4)^1... Done.
Start computing 2^30 Delta^27 (x1x2x3x4)^1... Done.
Start computing 2^31 Delta^28 (x1x2x3x4)^1... Done.
Start computing 2^32 Delta^29 (x1x2x3x4)^1... Done.
Start computing 2^33 Delta^30 (x1x2x3x4)^1... Done.
Start computing 2^34 Delta^31 (x1x2x3x4)^1... Done.
Start computing 2^35 Delta^32 (x1x2x3x4)^1... Done.
Start computing 2^36 Delta^33 (x1x2x3x4)^1... Done.
Start computing 2^37 Delta^34 (x1x2x3x4)^1... Done.
Start computing 2^38 Delta^35 (x1x2x3x4)^1... Done.
Start computing aa.
1 2 3 4 5 6 7 8 9 10 11 12 13 14 15 16 
*/
A = \
[4599267736838071552 + 13837334780584518772*2^64 + 18283933902122326048*2^128 + 2154526843755*2^192,4598607223099337728 + 7578897742445748321*2^64 + 16637130759571830766*2^128 + 861854404817*2^192,8976848060069873920 + 18301860837676532575*2^64 + 15929874340354028935*2^128 + 1809374905876*2^192,13241227726371883264 + 5200384324928154083*2^64 + 10329795439560562609*2^128 + 2157673892943*2^192,16097173070833513728 + 1961304654292287109*2^64 + 9288059214650367265*2^128 + 1791451234733*2^192,11290545184629713920 + 2371298914740877859*2^64 + 17197782363675279972*2^128 + 465214282825*2^192,7730280957510121472 + 3531141614408531508*2^64 + 17534842498775211279*2^128 + 670718297180*2^192,330234880845638656 + 401920762038943911*2^64 + 14033004919273930183*2^128 + 1771324677993*2^192,5268932258136380416 + 10471550895249080794*2^64 + 879962432368918271*2^128 + 1517394647298*2^192,12871861697546092544 + 14224247774574366649*2^64 + 8879964759944150518*2^128 + 22170149707*2^192,8881864334434400256 + 17623812315781655354*2^64 + 12327089785377414224*2^128 + 2189006026438*2^192,16855126359243659264 + 10718662189407707554*2^64 + 11611097634461899103*2^128 + 1942157968808*2^192,6446590670340028416 + 1479812306725551805*2^64 + 6907774541779301822*2^128 + 476147468493*2^192,11733946895037878272 + 6726311925108277650*2^64 + 14798897458729123252*2^128 + 454150059418*2^192,10885702729151494144 + 1131011743286360065*2^64 + 16735756284791838341*2^128 + 1754584214932*2^192,8222961680219799552 + 6079717975395287153*2^64 + 3072839995062072984*2^128 + 1515255158065*2^192;\
13201725637897028080 + 6785416405545699440*2^64 + 8057489100935727280*2^128 + 653441046180*2^192,12613896464751404800 + 8742408053593107648*2^64 + 8696559413170644206*2^128 + 1486458902808*2^192,920090259866324976 + 6839377781301433200*2^64 + 11976979758004813307*2^128 + 428380834999*2^192,13231517491348534128 + 9762231602679974983*2^64 + 13408572877954029594*2^128 + 61599846824*2^192,13104353148041242160 + 14090713609344675631*2^64 + 17643598359664552665*2^128 + 1217304671508*2^192,1033256406176353984 + 5247795546108004369*2^64 + 1390999647133282970*2^128 + 936114912303*2^192,7570615875106112384 + 7626188521527076017*2^64 + 8893574542713927350*2^128 + 2172801565876*2^192,3133224010220437056 + 7790755700460248455*2^64 + 2317237878529969796*2^128 + 1888646616467*2^192,1686705964797850560 + 10164882821626833776*2^64 + 10878962310889081368*2^128 + 1041527344000*2^192,14574786599295047680 + 12488035706200319585*2^64 + 7484518598961825180*2^128 + 1013176078907*2^192,4386210092151518336 + 10324162405146813455*2^64 + 127508882627087133*2^128 + 491489558821*2^192,15398658202445430144 + 13944088264148815909*2^64 + 13986324167869388610*2^128 + 1691541226267*2^192,5041802463221031040 + 8556492608944874352*2^64 + 15607022412112898941*2^128 + 1071766655176*2^192,10127166787419902208 + 14104678081338643504*2^64 + 16001787995041752011*2^128 + 1804727662052*2^192,9884279755577812864 + 645001261391065783*2^64 + 3776598113694377938*2^128 + 1717777303783*2^192,1708313390755507968 + 16353748873333109877*2^64 + 15945034724101002794*2^128 + 858387260648*2^192;\
4440219261856736939 + 16638462868329000754*2^64 + 10779327169871783790*2^128 + 1740204691842*2^192,16520286127295519304 + 408552008809122162*2^64 + 7851674678686708522*2^128 + 1199301545855*2^192,17946741723871249539 + 7496466693015043844*2^64 + 14872828508435088320*2^128 + 716538306188*2^192,9870957511728410507 + 14203768353647449160*2^64 + 9414171084821182384*2^128 + 696506274064*2^192,15196152587806240695 + 11056080097759669327*2^64 + 18433831940960565039*2^128 + 1573544136658*2^192,5187198134700802156 + 9598580488434491760*2^64 + 9658061614765752618*2^128 + 102841987366*2^192,17933233283767738296 + 5632786867246738767*2^64 + 10434998183397052844*2^128 + 1905302051268*2^192,3835109446262208692 + 1157549299896558665*2^64 + 16274098079948071837*2^128 + 318831265319*2^192,1643428615916651948 + 4817122822357460244*2^64 + 17021953928861242567*2^128 + 747215881012*2^192,15836596394195873408 + 15644477549107200200*2^64 + 15489896855844035391*2^128 + 1427001256400*2^192,10130113900444836904 + 12056819765637542548*2^64 + 10585562031167885530*2^128 + 1881868015510*2^192,1836195642213627480 + 15219914816946679755*2^64 + 2448136993838076357*2^128 + 427373688546*2^192,659748601716339304 + 17707543260235093347*2^64 + 17139770274051872973*2^128 + 594257065146*2^192,11667791086504720016 + 15266419083789586887*2^64 + 10109460268620752157*2^128 + 1858946753471*2^192,12536765628311331064 + 3833266200317378372*2^64 + 7164365378102581857*2^128 + 711288888683*2^192,12350536227771255440 + 6099654067988418336*2^64 + 6337343737012439979*2^128 + 983623604891*2^192;\
14094689389517500358 + 6752371152429558763*2^64 + 13677032212953624852*2^128 + 268057566923*2^192,11647952973009630160 + 14011719135620469062*2^64 + 4157344512327038370*2^128 + 473953508707*2^192,15996302747713541814 + 770950725293159100*2^64 + 9330185778659572722*2^128 + 921128375212*2^192,9574108145615383238 + 10234196882004342460*2^64 + 14638552434389581750*2^128 + 432850535083*2^192,976555543648243038 + 5613610471757602737*2^64 + 10215343170586064294*2^128 + 1302558487579*2^192,17403866410722028312 + 10895685326491381790*2^64 + 11920011765423320837*2^128 + 1919413441150*2^192,17512464299638972912 + 14671999275782959811*2^64 + 15240751955139951155*2^128 + 67967698113*2^192,4682117094336127400 + 12217897287995788871*2^64 + 18202236415548679283*2^128 + 405976636569*2^192,15986015503511633688 + 2242647088016557881*2^64 + 5344554521276289196*2^128 + 733789097683*2^192,1381906881370123520 + 8160674905988362826*2^64 + 2509603421071361017*2^128 + 1442803507197*2^192,10859617346485436112 + 17039500942723518744*2^64 + 10321952912025817857*2^128 + 493209117255*2^192,240883630681175344 + 15327074556779293040*2^64 + 11328679456518898463*2^128 + 798340758660*2^192,8061881842408858448 + 439656273461486999*2^64 + 14348328297324196517*2^128 + 1050861265768*2^192,9358830386076220448 + 11311020331630817488*2^64 + 8616582957354810527*2^128 + 1318821667397*2^192,770528856681453680 + 9992268262549938768*2^64 + 7766753584574276974*2^128 + 1364435164784*2^192,3832085083296336160 + 5904402664796440382*2^64 + 12164133493458426302*2^128 + 861824004150*2^192;\
4930951045029507759 + 10924143356884075064*2^64 + 1006990458952016269*2^128 + 1885121076656*2^192,4929368076485422056 + 4213633817379120595*2^64 + 2272336433378778642*2^128 + 721147493150*2^192,2587482371476951527 + 15158975928385630602*2^64 + 7599306639381394481*2^128 + 998895238967*2^192,16244269224487474127 + 18436808649683724626*2^64 + 722692319442403828*2^128 + 1517920405986*2^192,16983292208955658123 + 776463485829724012*2^64 + 3491509771536895262*2^128 + 1268121657587*2^192,11008524408379161340 + 4666328557883100664*2^64 + 3938627927700730758*2^128 + 343968664932*2^192,1788141643433475928 + 13997492749653221482*2^64 + 2388114714393037084*2^128 + 1585279012983*2^192,409236350462162212 + 9641095116081808555*2^64 + 9607825365302857872*2^128 + 692288575869*2^192,16459226188711978940 + 3160823747154639452*2^64 + 6360136229148072678*2^128 + 872615333069*2^192,10000593857217041536 + 13394564955020119307*2^64 + 312622539832443139*2^128 + 449740879773*2^192,13902282430160350216 + 4930672089737877395*2^64 + 9491354347306015882*2^128 + 1219964941685*2^192,4900028255152005496 + 14015688713544166230*2^64 + 7592616347284649104*2^128 + 1814941094284*2^192,15645170009501368648 + 11288205802449270766*2^64 + 16509586256398760366*2^128 + 33545968914*2^192,7271677041294498640 + 5187113910674783573*2^64 + 16946620577151568939*2^128 + 1569542090449*2^192,10657049038590730136 + 14518568291093737275*2^64 + 961016860059249362*2^128 + 560984046102*2^192,5704622745641524816 + 16098883194107668250*2^64 + 13299090371771891351*2^128 + 127783779872*2^192;\
0 + 0*2^64 + 0*2^128 + 0*2^192,0 + 0*2^64 + 0*2^128 + 0*2^192,0 + 0*2^64 + 0*2^128 + 481036337152*2^192,0 + 0*2^64 + 0*2^128 + 790273982464*2^192,0 + 0*2^64 + 0*2^128 + 103079215104*2^192,9483666021567959040 + 6853821357211171100*2^64 + 4817847605678234769*2^128 + 796622699938*2^192,0 + 0*2^64 + 0*2^128 + 893353197568*2^192,0 + 0*2^64 + 0*2^128 + 0*2^192,0 + 0*2^64 + 0*2^128 + 0*2^192,0 + 0*2^64 + 0*2^128 + 0*2^192,0 + 0*2^64 + 0*2^128 + 893353197568*2^192,0 + 0*2^64 + 0*2^128 + 0*2^192,0 + 0*2^64 + 0*2^128 + 0*2^192,0 + 0*2^64 + 0*2^128 + 0*2^192,0 + 0*2^64 + 0*2^128 + 481036337152*2^192,0 + 0*2^64 + 0*2^128 + 481036337152*2^192;\
15761578237640906496 + 7254323404131919761*2^64 + 6697944499060905449*2^128 + 776642462488*2^192,18224662157995493376 + 7638198436393550635*2^64 + 2640650298176187711*2^128 + 136500080618*2^192,14938591937502635776 + 11244669375112272052*2^64 + 252689537035615315*2^128 + 783883754558*2^192,11863123111320162048 + 18022272379962623966*2^64 + 325142078977196821*2^128 + 273893902807*2^192,14568449954394311424 + 970864106200548321*2^64 + 5515721895787098967*2^128 + 731816083906*2^192,966552677328714752 + 14007267723695340103*2^64 + 9847136398510011798*2^128 + 914355730717*2^192,860338837515646976 + 12228682590490855424*2^64 + 9250795836454726292*2^128 + 626061054080*2^192,6412858159482348544 + 14677073974783100174*2^64 + 6689877476530804351*2^128 + 583527473850*2^192,8342116602924121088 + 3890110753535817439*2^64 + 14541108751980525970*2^128 + 810791676011*2^192,240556813119684608 + 1947468041039160170*2^64 + 1701291291372558746*2^128 + 698178300376*2^192,9145416270704805888 + 7902415223165609414*2^64 + 17707110930021015352*2^128 + 1084148163470*2^192,5870167500748298240 + 10071001241736837249*2^64 + 10257041171466127540*2^128 + 816001551121*2^192,489655190956066816 + 12763833147191950265*2^64 + 13618967701829533420*2^128 + 254286151140*2^192,16669496439048851456 + 5889948319061012691*2^64 + 11412094177219117056*2^128 + 604523063944*2^192,13582207742528559104 + 6375723162094530503*2^64 + 8310277195595229942*2^128 + 757240976046*2^192,3424755065160650752 + 14000150997069174483*2^64 + 10690359610815706951*2^128 + 496445320976*2^192;\
2745897440390591104 + 2888502106788169580*2^64 + 14795249859239197504*2^128 + 1058486901492*2^192,13443838717556675848 + 2222779039933573308*2^64 + 11864155457924739035*2^128 + 482465217433*2^192,11771851593384879096 + 6361584646198397192*2^64 + 7384831619032382660*2^128 + 2025548623329*2^192,6251266464393549128 + 10521182964039068142*2^64 + 16557554983815246538*2^128 + 1861165140717*2^192,8009839207832326968 + 5316921041429878299*2^64 + 17767219164601967505*2^128 + 495288910797*2^192,10986351753154549744 + 5446274677190252004*2^64 + 8126338957262681962*2^128 + 2066328060333*2^192,3533692476959606496 + 1899663162200107612*2^64 + 15298018290735710509*2^128 + 989683992286*2^192,1611884576385964096 + 14882743524447654036*2^64 + 16011422376840555404*2^128 + 1486652014918*2^192,9344647262253843712 + 686862296634844425*2^64 + 10637997842266067564*2^128 + 1921895870151*2^192,17735122059409755904 + 9005784213814875041*2^64 + 10251680677011543613*2^128 + 405047282378*2^192,7425248729224487488 + 11078294829764932592*2^64 + 16822059357687610978*2^128 + 791867066639*2^192,4899472441842930912 + 5548079613454516224*2^64 + 2430290964346073054*2^128 + 938488817723*2^192,5074546158676577088 + 6240199918382407733*2^64 + 6889372227640130827*2^128 + 1243789453062*2^192,7479887671776825280 + 15382005279763385445*2^64 + 2578547179510029724*2^128 + 726586992291*2^192,8392387507991285472 + 4869248100179233697*2^64 + 5783910681257188849*2^128 + 699539154239*2^192,6300796880610399904 + 982819347131304051*2^64 + 6133662458960064534*2^128 + 1905799590441*2^192;\
4363373414323836531 + 9931492183590938596*2^64 + 8052095124927176429*2^128 + 1053692070482*2^192,4721618933662234208 + 9985793127074213802*2^64 + 5953123426200872429*2^128 + 953183718734*2^192,11716517273384739123 + 17474162847532406801*2^64 + 35489952809178839*2^128 + 1121246978288*2^192,18064710653844700523 + 10826817931587274674*2^64 + 7889105381782347873*2^128 + 808415052782*2^192,5742815018429072903 + 10386190213087166028*2^64 + 11288463023548804492*2^128 + 1207296308205*2^192,1072111912515948764 + 11883268420272090090*2^64 + 10715478762484129254*2^128 + 407976184719*2^192,15343836279373245080 + 16494096136905900458*2^64 + 16421497903897975474*2^128 + 1092334857979*2^192,9088171785205741908 + 3088046710056502600*2^64 + 7215592470902672997*2^128 + 1478175495937*2^192,18155126967316672460 + 17300901830895460922*2^64 + 6889656939845435485*2^128 + 1977859097325*2^192,1811713735969181568 + 3887118367076326683*2^64 + 16781612655445251786*2^128 + 2146526989909*2^192,2775793045902404264 + 2013084774463524628*2^64 + 536935377789681342*2^128 + 1022779352557*2^192,17578836385538721336 + 9443249507409360281*2^64 + 8228045784379803662*2^128 + 1683030119761*2^192,17008991309604548072 + 5479017015686002385*2^64 + 12429245892960044957*2^128 + 891600799097*2^192,11541181111115965776 + 3375438148167262571*2^64 + 5218677521040797022*2^128 + 227487232057*2^192,4949245899455562200 + 2577473904831835900*2^64 + 5025280469047973165*2^128 + 664875483789*2^192,1070946706710488304 + 8880890001693749664*2^64 + 14713943211995138404*2^128 + 118349921265*2^192;\
18065350400712632979 + 1595113332907224926*2^64 + 17067994819140599964*2^128 + 1521032962895*2^192,14582924937025169912 + 16340898442894254026*2^64 + 9960448390728085123*2^128 + 1575770385327*2^192,10698493301268025915 + 11347471392739463819*2^64 + 12005001177534470144*2^128 + 42481738097*2^192,7022589680443058275 + 14901734949977487347*2^64 + 9730005098368378727*2^128 + 2061665831189*2^192,14923238452187790927 + 12009698528328715924*2^64 + 5658763292498506607*2^128 + 1202040291250*2^192,6536202384090068012 + 10632014886997965655*2^64 + 5159100460931665468*2^128 + 587046822620*2^192,17274160348662299192 + 541543681666882501*2^64 + 8144302145610565451*2^128 + 2193181890468*2^192,13421965607194917780 + 9043653222683900285*2^64 + 58461370161326621*2^128 + 1525874447341*2^192,871856340532487500 + 9286989216579445274*2^64 + 17590621977204915278*2^128 + 1317829289952*2^192,13566265820254141568 + 17578666100203409754*2^64 + 7477712265523313188*2^128 + 842055828284*2^192,14590741269868302440 + 15005254306181724869*2^64 + 13863719334215996918*2^128 + 381701260120*2^192,17412688961057768408 + 15227350137824404537*2^64 + 18342995095260117559*2^128 + 1597967045091*2^192,7787865985388854952 + 573562468860995100*2^64 + 11012643961772561723*2^128 + 794424672589*2^192,11489017781373200016 + 2653494140481883614*2^64 + 10344872511806929228*2^128 + 2000314740026*2^192,14044969189637443960 + 4793999431064298007*2^64 + 2417741960737118472*2^128 + 1129086535402*2^192,2092393558502610128 + 15451015896589522067*2^64 + 14738101738917412174*2^128 + 1146424256951*2^192;\
12995143630425624101 + 13983638818603594677*2^64 + 1824156103043318661*2^128 + 2151708093444*2^192,13436953537793446312 + 8218317490561197246*2^64 + 9661924107482270011*2^128 + 522381298858*2^192,5239516976490201245 + 12171802637336101252*2^64 + 3058587898505778081*2^128 + 961644586023*2^192,1098660930770862453 + 65699941776584896*2^64 + 4832520519864639928*2^128 + 704583800067*2^192,437150450171763881 + 373292005223462950*2^64 + 18207833645769656014*2^128 + 2112081447690*2^192,3703698774784503028 + 8186575766620340036*2^64 + 4329624185911611855*2^128 + 334477902495*2^192,5212060732656107272 + 5900592349040277373*2^64 + 5403597775732882738*2^128 + 2085387887266*2^192,930478263723394188 + 5966466786927465993*2^64 + 15973426199366966283*2^128 + 120814573963*2^192,8937694820361266324 + 16918996698641429622*2^64 + 10402025564947703711*2^128 + 1647834798433*2^192,7032469277379390336 + 3460653724118142527*2^64 + 17398025876427140798*2^128 + 1268504797659*2^192,4154878747460078296 + 9029043186086082504*2^64 + 8833358388790714643*2^128 + 159660242334*2^192,2589958036467399784 + 2182320150984255366*2^64 + 14138420630070350390*2^128 + 2197543420195*2^192,5981568595040115864 + 8186446168940798385*2^64 + 17726406237887580789*2^128 + 1813354105650*2^192,12742352908761940208 + 4131278009109736076*2^64 + 5773339398621278708*2^128 + 2193651668273*2^192,11790911293096817096 + 8311498762597041818*2^64 + 4119350032260202475*2^128 + 430718379546*2^192,7168637938182026544 + 11671894996293337699*2^64 + 11788595505764947718*2^128 + 1647425181975*2^192;\
8217264919423278936 + 14493862143294030113*2^64 + 7592278461920027307*2^128 + 622648525788*2^192,350402933234492096 + 4784376639644813248*2^64 + 12128116296345200407*2^128 + 782794889193*2^192,9713112743239131032 + 11748692548685431147*2^64 + 11455346265624238302*2^128 + 965591868805*2^192,16923049308419869912 + 14472181539288370331*2^64 + 13962583864901978008*2^128 + 920793945578*2^192,2175316813809294648 + 4585779851052136066*2^64 + 15470761499609839027*2^128 + 225071318292*2^192,9661008826671993440 + 10219576059891807994*2^64 + 815612097056699967*2^128 + 609387424885*2^192,11290817876700699584 + 7084494141844745513*2^64 + 14192821367145317444*2^128 + 692936378299*2^192,8093495444685863328 + 16998717696378403368*2^64 + 1180187331782298041*2^128 + 1168641158462*2^192,12928533082800057696 + 7869156606600374682*2^64 + 16199342019396394301*2^128 + 528995740757*2^192,16685623193767683072 + 6082578281809746987*2^64 + 3281987559076082838*2^128 + 1492436028449*2^192,6937906386030830912 + 11931814146982436874*2^64 + 4646528391695419435*2^128 + 776098452738*2^192,15945721554305716416 + 13207162511213729444*2^64 + 15093484652600252491*2^128 + 1139374302303*2^192,2050707292847585088 + 11768742539975021928*2^64 + 7014323464993084661*2^128 + 915679644300*2^192,1067513298843332736 + 15767921611749998197*2^64 + 5858805410537411468*2^128 + 1252814897360*2^192,16156670987510658496 + 14448782698794995410*2^64 + 9836363198395978363*2^128 + 728230820631*2^192,17408305744780541568 + 8510099965983353435*2^64 + 9750766826115168671*2^128 + 270525854002*2^192;\
529997868699818328 + 14920873482549762764*2^64 + 17358026884221019525*2^128 + 39577293261*2^192,13006930088502253248 + 15035436134863233169*2^64 + 10083345694099483562*2^128 + 457716576031*2^192,582085109262640536 + 4807200258477795365*2^64 + 6251815629090817165*2^128 + 968609092370*2^192,13105250925804071640 + 16232292235560695385*2^64 + 1067483096940960119*2^128 + 2051379338520*2^192,9764946036507859768 + 9179751295289077455*2^64 + 12876096144943762570*2^128 + 829083043954*2^192,12237289824077845088 + 3283119461049637459*2^64 + 12089762308149910817*2^128 + 1864417213423*2^192,14090610850198141888 + 6369909178138951863*2^64 + 15053781460370436531*2^128 + 440675271484*2^192,4862950795514065312 + 5911223721565461401*2^64 + 13862214900865229933*2^128 + 116263521143*2^192,61709429712508256 + 15733547506326001121*2^64 + 14229496140944122019*2^128 + 337362465033*2^192,5715413105135920128 + 17376309614274376584*2^64 + 534857754287710943*2^128 + 2197530447477*2^192,18416077171298039104 + 14194899611765202477*2^64 + 14715869179911422654*2^128 + 2152292357090*2^192,18232332222445113536 + 4894588444784328622*2^64 + 11893789279335770454*2^128 + 58223370987*2^192,16611165787662378816 + 13549225039434202522*2^64 + 11770685645498912113*2^128 + 255432118114*2^192,12055192689632129152 + 13931463953431256166*2^64 + 2173435550283913493*2^128 + 1903643843129*2^192,3548413166470215104 + 8305632436241584290*2^64 + 2774104024922637311*2^128 + 755844121932*2^192,7061286075764469376 + 4589814604521571257*2^64 + 10549187228806423708*2^128 + 242854062256*2^192;\
6517188824134183226 + 12679510182694935077*2^64 + 1734072131517352594*2^128 + 1576555956128*2^192,11282284831679809752 + 13425156714840816273*2^64 + 5589456248431875198*2^128 + 489684018542*2^192,13032729220823291298 + 10268865536147190946*2^64 + 14070729753543581495*2^128 + 871058965565*2^192,6034782258023885602 + 16256019165220578384*2^64 + 12054052868000174003*2^128 + 1104498232576*2^192,2172993488702836538 + 10544869764466622856*2^64 + 5119872541638402399*2^128 + 2194361513132*2^192,4442368785069267352 + 4276376877469329032*2^64 + 11913565716207036751*2^128 + 1479363042795*2^192,18393981830256683632 + 15478914257833235594*2^64 + 12910962525202038576*2^128 + 1242332463134*2^192,1662778071974661016 + 4214915666185441990*2^64 + 6302461034093261745*2^128 + 1885267213650*2^192,3099512735813704168 + 5809958135168517478*2^64 + 15494095547318001095*2^128 + 1869496449925*2^192,5524403874682834432 + 7729154745952170453*2^64 + 7750290280712229425*2^128 + 986189479093*2^192,14548708287880996976 + 3059473462780534052*2^64 + 17585464541935626108*2^128 + 665448498328*2^192,7774968748561611056 + 9923734959354252763*2^64 + 16639609979134141789*2^128 + 1337905195557*2^192,16332468591961335024 + 8396777697675870726*2^64 + 14913625964538416338*2^128 + 867047643049*2^192,5024862091039323808 + 9040084239890024386*2^64 + 9049305848230341993*2^128 + 2083373259468*2^192,2986214263337073648 + 1940995467964640703*2^64 + 14627619842554887676*2^128 + 87792306910*2^192,16732434895462129152 + 9235867533678550122*2^64 + 13400872477900943746*2^128 + 754650931970*2^192;\
17032481410004492661 + 2020798962793488212*2^64 + 5367456801824041826*2^128 + 320227941275*2^192,397740905842464672 + 3465768684481925127*2^64 + 4552458877659067884*2^128 + 2032613584861*2^192,5370997822202620469 + 7455238195570589457*2^64 + 7114074979766506470*2^128 + 45953233738*2^192,8833832643692713533 + 6336582293690943461*2^64 + 5379066824442037113*2^128 + 1411903176847*2^192,818561083024434881 + 17380252226633964708*2^64 + 5348234548532040588*2^128 + 509067605423*2^192,1177186156424878660 + 2117124057591771946*2^64 + 14111137953883891006*2^128 + 706686283126*2^192,15420011126825137320 + 12901865263322061918*2^64 + 636545297752771520*2^128 + 1246761578336*2^192,11145541411074941964 + 5028674142798628483*2^64 + 15256381659172303730*2^128 + 433628172358*2^192,5118396574710204884 + 14084465447072039732*2^64 + 9483469500013776534*2^128 + 203264126814*2^192,711556095462052992 + 18075395133305146401*2^64 + 4395647093498149217*2^128 + 1240754155764*2^192,17754584543168796696 + 11962589102315771527*2^64 + 10079316742197171428*2^128 + 942934796896*2^192,13275632795498078216 + 7378879150923526091*2^64 + 10111175539330906450*2^128 + 446596132132*2^192,13278806226687608536 + 15023897669096652105*2^64 + 1638714049406886248*2^128 + 2070665323952*2^192,10949949518064724016 + 13765744739496069793*2^64 + 12635322447299484380*2^128 + 131014749928*2^192,16348864300651959144 + 15794510256444375951*2^64 + 15031852030179703438*2^128 + 930768722636*2^192,4626322045694367632 + 3870361454979775884*2^64 + 12707910843278624910*2^128 + 52929336718*2^192;\
13782601829266950702 + 8877314524875743206*2^64 + 15671505251317488011*2^128 + 1418651296159*2^192,9749312568262758712 + 1549118542594638298*2^64 + 10042399918905481402*2^128 + 801258201521*2^192,14847888032039946678 + 1816248420775994461*2^64 + 2496735816466783353*2^128 + 371012842613*2^192,18020822415211762454 + 13364848051550142160*2^64 + 5072199636810620613*2^128 + 1297900894782*2^192,17341942759315419134 + 10040511964478848660*2^64 + 3288075186098706605*2^128 + 1145748094492*2^192,794938139531528552 + 14815499042449325197*2^64 + 15563181558852187152*2^128 + 1143542817080*2^192,7975202840591180432 + 5742560400098322275*2^64 + 15111237629554737804*2^128 + 19545772460*2^192,12684853600121619016 + 13911044586813848322*2^64 + 8971377923009811898*2^128 + 1389111107851*2^192,9324702212323598776 + 12246602256882933344*2^64 + 4000559518625439841*2^128 + 1849107430584*2^192,10331387098431386624 + 8550009409179859635*2^64 + 18010527221365896975*2^128 + 1349530821732*2^192,8886269787902951120 + 9889626772874123618*2^64 + 6016474937870309626*2^128 + 774486893205*2^192,9292563630893294288 + 14985933663049410867*2^64 + 7251160916912420237*2^128 + 309234967822*2^192,2230523494500616784 + 925915466224757148*2^64 + 5603924793935569153*2^128 + 2058971928008*2^192,9017196819325437536 + 9406485380735305730*2^64 + 15843345764299657028*2^128 + 1270276486328*2^192,634002808482907920 + 3180774014950863203*2^64 + 15129998858747454294*2^128 + 112048984496*2^192,15415283407989171136 + 14846444663844876371*2^64 + 7728871861050780064*2^128 + 1777253438522*2^192]
/* 
This matrix times 2^(-11) should be the matrix of frobenius.
*/ 
B = 2^(-11) * A; 
/* Freed 4212 lists. */
The sign is: 1
The characteristic polynomial is: x^16 - x^15 - 4*x^14 + 5*x^13 - 7*x^12 + 8*x^11 + 2*x^10 - 52*x^9 + 224*x^8 - 208*x^7 + 32*x^6 + 512*x^5 - 1792*x^4 + 5120*x^3 - 16384*x^2 - 16384*x + 65536
Its Newton polygon is: [2, 2, 2, 2, 3/2, 3/2, 1, 1, 1, 1, 1/2, 1/2, 0, 0, 0, 0]
Its factorization is: [x - 2, 2; x^4 - 6*x^2 + 16, 1; x^10 + 3*x^9 + 10*x^8 + 27*x^7 + 57*x^6 + 138*x^5 + 228*x^4 + 432*x^3 + 640*x^2 + 768*x + 1024, 1]
The valuation of f-g is: 18
The valuation of subst(g,x,A) is: 9

Please input coefficients below.
The polynomial is: 1*x^16*y^1 + 1*x^4*y^3*z^4*w^1 + 1*x^3*y^5*z^3*w^1 + 1*x^2*y^7*z^2*w^1 + 1*y^11*w^1 + 1*z^15 + 1*z^1*w^3
Total 4168: 
Look at the ideal generated by: 
1*y^1
1*z^1
