/* Comments begin... 
No set up needed.

Please input coefficients below.
Coefficient of   x^16 * y^1               = Coefficient of   x^5 * y^1 * z^5 * w^1   = Coefficient of   x^4 * y^3 * z^4 * w^1   = Coefficient of   x^3 * y^5 * z^3 * w^1   = Coefficient of   x^2 * y^7 * z^2 * w^1   = Coefficient of   x^1 * y^9 * z^1 * w^1   = Coefficient of   y^11 * w^1               = Coefficient of   z^15                     = Coefficient of   z^1 * w^3               = 
Here is the polynomial we're using this time:

1 + 0*2^64 + 0*2^128 + 0*2^192*x^16*y^1 + 1 + 0*2^64 + 0*2^128 + 0*2^192*x^4*y^3*z^4*w^1 + 1 + 0*2^64 + 0*2^128 + 0*2^192*x^3*y^5*z^3*w^1 + 1 + 0*2^64 + 0*2^128 + 0*2^192*y^11*w^1 + 1 + 0*2^64 + 0*2^128 + 0*2^192*z^15 + 1 + 0*2^64 + 0*2^128 + 0*2^192*z^1*w^3


Allocate G_len 20 elements and old = 0.
Allocate M_len = 400 elements.
Allocate G_len 40 elements and old = 20.
Allocate M_len = 800 elements.
Allocate G_len 80 elements and old = 40.
Allocate M_len = 1600 elements.
Allocate M_len = 3200 elements.
Allocate G_len 160 elements and old = 80.
Allocate M_len = 6400 elements.
Allocate M_len = 12800 elements.
Allocate G_len 320 elements and old = 160.
Allocate M_len = 25600 elements.
Allocate M_len = 51200 elements.
Allocate G_len 640 elements and old = 320.
Allocate M_len = 102400 elements.
Allocate M_len = 204800 elements.
Allocate G_len 1280 elements and old = 640.
Allocate M_len = 409600 elements.
The final length of G is 593
[4, 3, 4, 0, 0]  	341	4 
[16, 0, 0, 0, 0]  	464	4  <--- 1
[3, 5, 3, 1, 0]  	495	3 
[0, 0, 15, 0, 0]  	495	2  <--- 3
[3, 7, 2, 1, 0]  	524	5 
[15, 5, 3, 0, 0]  	689	4 
[4, 3, 1, 3, 0]  	704	4 
[13, 11, 0, 0, 0]  	718	4 
[14, 7, 3, 0, 0]  	722	6 
[13, 9, 3, 0, 0]  	755	8 
[3, 16, 1, 1, 0]  	770	7 
[3, 5, 2, 3, 0]  	770	4 
[2, 18, 0, 1, 0]  	770	6 
[12, 0, 4, 2, 0]  	788	8 
[3, 7, 1, 3, 0]  	799	6 
[0, 11, 14, 0, 0]  	803	2 
[15, 5, 2, 1, 0]  	810	4 
[3, 9, 14, 0, 0]  	828	8 
[13, 0, 14, 0, 0]  	839	4 
[12, 11, 0, 1, 0]  	843	3 
[3, 11, 13, 0, 0]  	857	9 
[11, 16, 2, 0, 0]  	881	9 
[4, 0, 14, 2, 0]  	886	10 
[3, 11, 0, 3, 0]  	890	8 
[3, 5, 1, 4, 0]  	891	3 
[12, 0, 3, 3, 0]  	909	13 
[11, 13, 1, 1, 0]  	909	13 
[9, 16, 0, 1, 0]  	911	12 
[9, 15, 1, 1, 0]  	913	11 
[8, 17, 0, 1, 0]  	913	11 
[0, 0, 14, 3, 0]  	924	2 
[13, 3, 0, 3, 0]  	932	13 
[12, 18, 1, 0, 0]  	939	10 
[11, 2, 3, 3, 0]  	942	12 
[6, 10, 0, 3, 0]  	946	10 
[12, 20, 0, 0, 0]  	968	7 
[10, 22, 0, 0, 0]  	972	8 
[8, 9, 0, 3, 0]  	973	12 
[10, 20, 2, 0, 0]  	976	14 
[5, 2, 0, 5, 0]  	977	9 
[5, 1, 1, 5, 0]  	979	8 
[4, 3, 0, 5, 0]  	979	8 
[3, 16, 12, 0, 0]  	979	8 
[9, 20, 3, 0, 0]  	980	11 
[7, 0, 1, 5, 0]  	1006	10 
[9, 22, 2, 0, 0]  	1009	14 
[3, 5, 0, 5, 0]  	1012	7 
[2, 18, 12, 0, 0]  	1012	7 
[8, 22, 3, 0, 0]  	1013	10 
[3, 20, 10, 0, 0]  	1037	9 
[2, 11, 10, 2, 0]  	1037	6 
[10, 0, 4, 4, 0]  	1038	12 
[2, 20, 11, 0, 0]  	1041	7 
[2, 9, 12, 2, 0]  	1041	6 
[9, 0, 5, 4, 0]  	1042	11 
[2, 7, 14, 2, 0]  	1045	7 
[8, 0, 6, 4, 0]  	1046	9 
[3, 4, 7, 4, 0]  	1058	9 
[2, 14, 8, 2, 0]  	1064	6 
[3, 22, 9, 0, 0]  	1066	9 
[2, 13, 9, 2, 0]  	1066	6 
[10, 2, 3, 4, 0]  	1067	9 
[2, 22, 10, 0, 0]  	1070	8 
[9, 2, 4, 4, 0]  	1071	11 
[1, 22, 11, 0, 0]  	1074	6 
[8, 2, 5, 4, 0]  	1075	9 
[1, 20, 13, 0, 0]  	1078	5 
[1, 9, 14, 2, 0]  	1078	5 
[7, 2, 6, 4, 0]  	1079	8 
[2, 12, 6, 3, 0]  	1090	4 
[1, 25, 4, 1, 0]  	1090	5 
[2, 16, 7, 2, 0]  	1093	7 
[4, 0, 11, 4, 0]  	1095	10 
[3, 0, 12, 4, 0]  	1099	9 
[2, 0, 13, 4, 0]  	1103	7 
[8, 26, 2, 0, 0]  	1104	9 
[2, 9, 0, 5, 0]  	1107	6 
[1, 20, 0, 3, 0]  	1111	5 
[12, 0, 0, 5, 0]  	1118	14 
[3, 1, 7, 5, 0]  	1119	5 
[2, 14, 5, 3, 0]  	1119	5 
[1, 27, 3, 1, 0]  	1119	5 
[2, 7, 7, 4, 0]  	1122	7 
[4, 2, 10, 4, 0]  	1124	10 
[1, 24, 6, 1, 0]  	1125	6 
[2, 10, 9, 3, 0]  	1127	4 
[1, 23, 7, 1, 0]  	1127	5 
[3, 2, 11, 4, 0]  	1128	7 
[1, 17, 8, 2, 0]  	1128	4 
[9, 28, 0, 0, 0]  	1129	5 
[2, 9, 10, 3, 0]  	1129	4 
[1, 22, 8, 1, 0]  	1129	5 
[1, 21, 9, 1, 0]  	1131	5 
[2, 2, 12, 4, 0]  	1132	6 
[1, 15, 10, 2, 0]  	1132	4 
[8, 28, 1, 0, 0]  	1133	6 
[1, 20, 10, 1, 0]  	1133	5 
[2, 0, 0, 7, 0]  	1136	4 
[1, 13, 12, 2, 0]  	1136	5 
[1, 11, 0, 5, 0]  	1140	4 
[0, 24, 12, 0, 0]  	1140	3 
[1, 31, 0, 1, 0]  	1144	5 
[3, 3, 6, 5, 0]  	1148	5 
[2, 16, 4, 3, 0]  	1148	5 
[1, 29, 2, 1, 0]  	1148	5 
[2, 9, 6, 4, 0]  	1151	8 
[2, 3, 7, 5, 0]  	1152	3 
[1, 16, 5, 3, 0]  	1152	4 
[0, 29, 3, 1, 0]  	1152	3 
[1, 21, 5, 2, 0]  	1153	6 
[1, 15, 6, 3, 0]  	1154	3 
[0, 28, 4, 1, 0]  	1154	3 
[1, 20, 6, 2, 0]  	1155	6 
[0, 27, 5, 1, 0]  	1156	3 
[0, 26, 6, 1, 0]  	1158	3 
[1, 12, 9, 3, 0]  	1160	4 
[0, 25, 7, 1, 0]  	1160	3 
[2, 26, 9, 0, 0]  	1161	6 
[2, 4, 11, 4, 0]  	1161	6 
[8, 30, 0, 0, 0]  	1162	4 
[1, 11, 10, 3, 0]  	1162	4 
[0, 24, 8, 1, 0]  	1162	3 
[1, 4, 12, 4, 0]  	1165	3 
[0, 17, 10, 2, 0]  	1165	2 
[7, 30, 1, 0, 0]  	1166	6 
[6, 31, 1, 0, 0]  	1168	10 
[0, 26, 11, 0, 0]  	1169	2 
[0, 15, 12, 2, 0]  	1169	2 
[6, 30, 2, 0, 0]  	1170	10 
[5, 31, 2, 0, 0]  	1172	9 
[5, 30, 3, 0, 0]  	1174	11 
[3, 1, 4, 6, 0]  	1174	9 
[0, 33, 0, 1, 0]  	1177	4 
[2, 11, 5, 4, 0]  	1180	7 
[1, 24, 3, 2, 0]  	1180	6 
[1, 18, 4, 3, 0]  	1181	4 
[0, 31, 2, 1, 0]  	1181	3 
[1, 23, 4, 2, 0]  	1182	6 
[1, 5, 7, 5, 0]  	1185	2 
[0, 18, 5, 3, 0]  	1185	2 
[0, 17, 6, 3, 0]  	1187	2 
[1, 9, 8, 4, 0]  	1188	5 
[2, 1, 10, 5, 0]  	1189	2 
[1, 14, 8, 3, 0]  	1189	3 
[0, 16, 7, 3, 0]  	1189	2 
[2, 6, 10, 4, 0]  	1190	5 
[1, 8, 9, 4, 0]  	1190	4 
[2, 0, 11, 5, 0]  	1191	2 
[0, 15, 8, 3, 0]  	1191	2 
[1, 28, 9, 0, 0]  	1194	3 
[1, 6, 11, 4, 0]  	1194	3 
[0, 19, 9, 2, 0]  	1194	2 
[7, 32, 0, 0, 0]  	1195	4 
[0, 28, 10, 0, 0]  	1198	1 
[0, 6, 12, 4, 0]  	1198	1 
[4, 0, 5, 6, 0]  	1205	7 
[0, 24, 0, 3, 0]  	1206	3 
[3, 0, 6, 6, 0]  	1209	10 
[2, 13, 4, 4, 0]  	1209	8 
[1, 9, 4, 5, 0]  	1210	3 
[0, 22, 2, 3, 0]  	1210	3 
[2, 1, 6, 6, 0]  	1211	7 
[0, 20, 4, 3, 0]  	1214	2 
[3, 30, 6, 0, 0]  	1215	7 
[1, 12, 6, 4, 0]  	1215	5 
[2, 31, 6, 0, 0]  	1217	7 
[0, 7, 7, 5, 0]  	1218	1 
[2, 30, 7, 0, 0]  	1219	5 
[0, 23, 6, 2, 0]  	1219	3 
[1, 4, 9, 5, 0]  	1220	1 
[0, 6, 8, 5, 0]  	1220	1 
[1, 31, 7, 0, 0]  	1221	4 
[0, 22, 7, 2, 0]  	1221	3 
[1, 30, 8, 0, 0]  	1223	3 
[0, 21, 8, 2, 0]  	1223	2 
[0, 30, 9, 0, 0]  	1227	1 
[0, 8, 11, 4, 0]  	1227	1 
[6, 34, 0, 0, 0]  	1228	4 
[6, 0, 4, 6, 0]  	1230	5 
[1, 4, 0, 7, 0]  	1231	1 
[5, 34, 1, 0, 0]  	1232	6 
[0, 15, 0, 5, 0]  	1235	2 
[2, 3, 5, 6, 0]  	1240	8 
[1, 27, 2, 2, 0]  	1240	7 
[0, 11, 4, 5, 0]  	1243	2 
[1, 14, 5, 4, 0]  	1244	6 
[2, 0, 8, 6, 0]  	1246	6 
[0, 9, 6, 5, 0]  	1247	1 
[0, 25, 5, 2, 0]  	1248	3 
[0, 12, 8, 4, 0]  	1252	2 
[0, 11, 9, 4, 0]  	1254	2 
[0, 32, 8, 0, 0]  	1256	1 
[0, 10, 10, 4, 0]  	1256	1 
[5, 36, 0, 0, 0]  	1261	3 
[0, 6, 0, 7, 0]  	1264	1 
[2, 16, 3, 4, 0]  	1269	7 
[1, 0, 5, 7, 0]  	1272	2 
[0, 13, 3, 5, 0]  	1272	2 
[1, 16, 4, 4, 0]  	1273	6 
[0, 0, 6, 7, 0]  	1276	1 
[1, 3, 7, 6, 0]  	1277	4 
[0, 27, 4, 2, 0]  	1277	3 
[1, 34, 6, 0, 0]  	1281	3 
[1, 1, 9, 6, 0]  	1281	3 
[0, 14, 7, 4, 0]  	1281	2 
[1, 0, 10, 6, 0]  	1283	3 
[0, 34, 7, 0, 0]  	1285	1 
[0, 1, 10, 6, 0]  	1285	1 
[0, 0, 11, 6, 0]  	1287	1 
[4, 38, 0, 0, 0]  	1294	4 
[3, 38, 1, 0, 0]  	1298	7 
[1, 18, 3, 4, 0]  	1302	6 
[0, 2, 5, 7, 0]  	1305	1 
[1, 5, 6, 6, 0]  	1306	4 
[0, 16, 6, 4, 0]  	1310	2 
[0, 36, 6, 0, 0]  	1314	1 
[0, 3, 9, 6, 0]  	1314	1 
[3, 40, 0, 0, 0]  	1327	4 
[2, 40, 1, 0, 0]  	1331	6 
[2, 7, 4, 6, 0]  	1331	6 
[0, 4, 4, 7, 0]  	1334	1 
[1, 38, 4, 0, 0]  	1339	3 
[0, 38, 5, 0, 0]  	1343	1 
[0, 5, 8, 6, 0]  	1343	1 
[2, 42, 0, 0, 0]  	1360	4 
[1, 42, 1, 0, 0]  	1364	4 
[1, 40, 3, 0, 0]  	1368	3 
[0, 40, 4, 0, 0]  	1372	1 
[0, 0, 0, 9, 0]  	1386	1  <--- 4
[1, 44, 0, 0, 0]  	1393	4 
[0, 42, 3, 0, 0]  	1401	1 
[0, 46, 0, 0, 0]  	1426	2  <--- 2
[0, 44, 2, 0, 0]  	1430	1 
[10, 18, 3, 0, 1]  	947	12 
[3, 18, 11, 0, 1]  	1008	9 
[9, 2, 3, 4, 1]  	1038	11 
[7, 2, 5, 4, 1]  	1046	10 
[9, 26, 1, 0, 1]  	1100	8 
[7, 26, 3, 0, 1]  	1108	10 
[8, 29, 0, 0, 1]  	1131	6 
[6, 30, 1, 0, 1]  	1137	8 
[3, 26, 8, 0, 1]  	1157	7 
[1, 19, 7, 2, 1]  	1157	5 
[1, 8, 8, 4, 1]  	1157	4 
[1, 26, 10, 0, 1]  	1165	3 
[1, 10, 7, 4, 1]  	1186	5 
[5, 33, 1, 0, 1]  	1201	10 
[4, 32, 3, 0, 1]  	1207	11 
[2, 0, 7, 6, 1]  	1213	7 
[3, 32, 5, 0, 1]  	1244	8 
[1, 33, 6, 0, 1]  	1250	5 
[2, 38, 2, 0, 1]  	1302	7 
[1, 40, 1, 0, 1]  	1302	6 
[4, 3, 3, 1, 2]  	462	4 
[1, 11, 1, 1, 2]  	557	4 
[3, 0, 3, 3, 2]  	648	7 
[14, 5, 2, 1, 2]  	781	6 
[1, 11, 0, 3, 2]  	832	5 
[3, 0, 1, 5, 2]  	890	8 
[7, 9, 0, 3, 2]  	944	11 
[3, 0, 0, 6, 2]  	1011	5 
[2, 0, 11, 4, 2]  	1037	7 
[8, 24, 2, 0, 2]  	1042	10 
[2, 7, 0, 5, 2]  	1045	6 
[2, 3, 9, 4, 2]  	1064	7 
[2, 2, 10, 4, 2]  	1066	6 
[2, 1, 7, 5, 2]  	1090	6 
[2, 5, 8, 4, 2]  	1093	7 
[9, 27, 0, 0, 2]  	1098	10 
[2, 24, 9, 0, 2]  	1099	6 
[1, 4, 10, 4, 2]  	1099	4 
[8, 27, 1, 0, 2]  	1102	10 
[1, 2, 12, 4, 2]  	1103	4 
[6, 29, 1, 0, 2]  	1106	10 
[5, 29, 2, 0, 2]  	1110	10 
[1, 6, 9, 4, 2]  	1128	4 
[2, 8, 11, 3, 2]  	1131	4 
[2, 7, 12, 3, 2]  	1133	4 
[6, 28, 3, 0, 2]  	1141	10 
[1, 4, 7, 5, 2]  	1154	3 
[1, 3, 8, 5, 2]  	1156	3 
[2, 0, 10, 5, 2]  	1158	5 
[1, 2, 9, 5, 2]  	1158	3 
[7, 31, 0, 0, 2]  	1164	6 
[1, 2, 0, 7, 2]  	1169	2 
[2, 0, 6, 6, 2]  	1180	7 
[3, 29, 6, 0, 2]  	1184	9 
[3, 28, 7, 0, 2]  	1186	8 
[2, 30, 6, 0, 2]  	1186	6 
[2, 29, 7, 0, 2]  	1188	6 
[6, 33, 0, 0, 2]  	1197	7 
[1, 1, 7, 6, 2]  	1215	5 
[1, 0, 8, 6, 2]  	1217	5 
[4, 34, 2, 0, 2]  	1236	9 
[0, 33, 7, 0, 2]  	1254	2 
[4, 36, 1, 0, 2]  	1265	7 
[3, 38, 0, 0, 2]  	1265	6 
[3, 36, 2, 0, 2]  	1269	9 
[1, 38, 2, 0, 2]  	1273	6 
[2, 34, 5, 0, 2]  	1277	4 
[2, 40, 0, 0, 2]  	1298	6 
[2, 36, 4, 0, 2]  	1306	5 
[1, 36, 5, 0, 2]  	1310	3 
[0, 40, 3, 0, 2]  	1339	2 
[9, 20, 2, 0, 3]  	947	12 
[9, 24, 1, 0, 3]  	1038	10 
[7, 24, 3, 0, 3]  	1046	9 
[8, 27, 0, 0, 3]  	1069	9 
[3, 24, 8, 0, 3]  	1095	9 
[1, 24, 10, 0, 3]  	1103	6 
[5, 30, 1, 0, 3]  	1108	6 
[7, 28, 2, 0, 3]  	1137	8 
[1, 10, 6, 4, 3]  	1153	5 
[1, 9, 7, 4, 3]  	1155	5 
[4, 31, 3, 0, 3]  	1176	11 
[1, 0, 7, 6, 3]  	1184	5 
[2, 28, 8, 0, 3]  	1190	5 
[2, 2, 5, 6, 3]  	1209	7 
[3, 31, 5, 0, 3]  	1213	8 
[1, 7, 6, 5, 3]  	1214	2 
[1, 32, 6, 0, 3]  	1219	4 
[3, 34, 3, 0, 3]  	1240	8 
[2, 36, 2, 0, 3]  	1240	7 
[1, 3, 6, 6, 3]  	1244	5 
[2, 38, 1, 0, 3]  	1269	9 
[1, 7, 5, 6, 3]  	1335	4 
[15, 1, 0, 0, 4]  	466	3 
[14, 5, 3, 0, 4]  	660	6 
[12, 11, 0, 0, 4]  	689	4 
[13, 7, 3, 0, 4]  	693	8 
[12, 9, 3, 0, 4]  	726	10 
[11, 0, 4, 2, 4]  	759	10 
[15, 0, 1, 2, 4]  	776	6 
[2, 7, 2, 3, 4]  	803	5 
[12, 0, 14, 0, 4]  	810	5 
[11, 11, 0, 1, 4]  	814	5 
[10, 16, 2, 0, 4]  	852	11 
[13, 0, 1, 3, 4]  	872	3 
[12, 0, 2, 3, 4]  	876	4 
[10, 2, 2, 3, 4]  	880	12 
[12, 3, 0, 3, 4]  	903	12 
[11, 18, 1, 0, 4]  	910	11 
[2, 0, 3, 5, 4]  	927	6 
[10, 6, 0, 3, 4]  	938	10 
[11, 20, 0, 0, 4]  	939	10 
[9, 22, 0, 0, 4]  	943	8 
[8, 20, 3, 0, 4]  	951	11 
[9, 0, 12, 2, 4]  	965	10 
[8, 22, 2, 0, 4]  	980	12 
[7, 22, 3, 0, 4]  	984	10 
[7, 24, 2, 0, 4]  	1013	9 
[9, 0, 0, 5, 4]  	1031	11 
[8, 26, 0, 0, 4]  	1038	10 
[7, 26, 1, 0, 4]  	1042	10 
[4, 28, 2, 0, 4]  	1050	9 
[7, 28, 0, 0, 4]  	1071	8 
[6, 28, 1, 0, 4]  	1075	9 
[3, 28, 4, 0, 4]  	1087	8 
[2, 29, 4, 0, 4]  	1089	8 
[1, 3, 6, 5, 4]  	1090	4 
[6, 30, 0, 0, 4]  	1104	9 
[1, 9, 1, 5, 4]  	1111	4 
[1, 1, 9, 5, 4]  	1127	4 
[1, 0, 10, 5, 4]  	1129	4 
[1, 10, 10, 3, 4]  	1131	4 
[1, 26, 9, 0, 4]  	1132	5 
[1, 9, 11, 3, 4]  	1133	4 
[0, 26, 10, 0, 4]  	1136	3 
[5, 32, 0, 0, 4]  	1137	9 
[1, 0, 1, 7, 4]  	1140	3 
[4, 32, 1, 0, 4]  	1141	9 
[4, 34, 0, 0, 4]  	1170	9 
[2, 33, 3, 0, 4]  	1180	7 
[1, 2, 5, 6, 4]  	1180	5 
[1, 7, 5, 5, 4]  	1181	3 
[1, 1, 6, 6, 4]  	1182	5 
[1, 9, 0, 6, 4]  	1232	4 
[3, 36, 1, 0, 4]  	1236	9 
[1, 5, 4, 6, 4]  	1240	5 
[0, 34, 6, 0, 4]  	1252	2 
[1, 0, 0, 8, 4]  	1261	3 
[1, 36, 4, 0, 4]  	1277	4 
[9, 18, 3, 0, 5]  	918	11 
[8, 24, 1, 0, 5]  	1009	11 
[6, 24, 3, 0, 5]  	1017	9 
[6, 27, 2, 0, 5]  	1077	10 
[3, 30, 3, 0, 5]  	1116	9 
[0, 28, 9, 0, 5]  	1165	2 
[3, 33, 2, 0, 5]  	1176	11 
[1, 30, 7, 0, 5]  	1190	4 
[1, 36, 3, 0, 5]  	1244	6 
[1, 42, 0, 0, 5]  	1331	4 
[11, 0, 2, 3, 6]  	847	6 
[6, 26, 2, 0, 6]  	1046	9 
[2, 28, 4, 0, 6]  	1058	8 
[1, 0, 0, 7, 6]  	1107	4 
[1, 5, 5, 5, 6]  	1119	4 
[2, 26, 8, 0, 6]  	1128	6 
[1, 28, 7, 0, 6]  	1128	5 
[3, 32, 2, 0, 6]  	1145	10 
[1, 7, 4, 5, 6]  	1148	4 
[2, 32, 3, 0, 6]  	1149	9 
[3, 27, 7, 0, 6]  	1155	8 
[2, 36, 0, 0, 6]  	1174	7 
[2, 35, 2, 0, 6]  	1209	9 
[1, 36, 2, 0, 6]  	1211	7 
[1, 38, 1, 0, 6]  	1240	7 
[0, 38, 3, 0, 6]  	1277	3 
[0, 36, 5, 0, 6]  	1281	2 
[0, 44, 0, 0, 6]  	1364	3 
[0, 42, 2, 0, 6]  	1368	2 
[1, 28, 6, 0, 7]  	1095	6 
[2, 34, 2, 0, 7]  	1178	11 
[1, 37, 1, 0, 7]  	1209	7 
[0, 38, 2, 0, 7]  	1244	4 
[12, 0, 1, 3, 8]  	843	4 
[8, 0, 12, 2, 8]  	936	11 
[9, 7, 0, 3, 8]  	940	11 
[3, 22, 7, 0, 8]  	1000	9 
[8, 0, 0, 5, 8]  	1002	11 
[2, 24, 7, 0, 8]  	1033	8 
[3, 21, 9, 0, 8]  	1035	8 
[2, 27, 6, 0, 8]  	1093	7 
[1, 34, 3, 0, 8]  	1182	7 
[0, 30, 8, 0, 8]  	1194	2 
[0, 33, 6, 0, 8]  	1221	3 
[0, 36, 4, 0, 8]  	1248	3 
[1, 40, 0, 0, 8]  	1269	5 
[3, 24, 6, 0, 9]  	1029	9 
[0, 42, 1, 0, 9]  	1335	3 
[7, 1, 13, 2, 10]  	971	9 
[7, 1, 0, 5, 10]  	1004	9 
[2, 26, 6, 0, 10]  	1062	9 
[0, 32, 6, 0, 10]  	1190	3 
[0, 36, 3, 0, 10]  	1215	4 
[1, 30, 5, 0, 11]  	1124	6 
[1, 32, 4, 0, 11]  	1153	6 
[0, 34, 5, 0, 11]  	1219	3 
[10, 15, 0, 1, 12]  	909	11 
[2, 23, 8, 0, 12]  	1035	8 
[2, 22, 9, 0, 12]  	1037	6 
[1, 26, 7, 0, 12]  	1066	6 
[1, 24, 9, 0, 12]  	1070	5 
[1, 31, 4, 0, 12]  	1122	7 
[1, 33, 3, 0, 12]  	1151	8 
[0, 34, 4, 0, 12]  	1186	4 
[0, 33, 5, 0, 12]  	1188	4 
[0, 40, 1, 0, 12]  	1273	4 
[0, 42, 0, 0, 12]  	1302	4 
[3, 20, 9, 0, 13]  	1004	9 
[3, 19, 10, 0, 13]  	1006	8 
[1, 2, 8, 5, 13]  	1125	4 
[6, 1, 0, 5, 14]  	975	9 
[0, 28, 8, 0, 14]  	1132	3 
[2, 20, 10, 0, 15]  	1008	7 
[8, 8, 0, 3, 16]  	942	10 
[7, 0, 0, 5, 16]  	973	10 
[0, 30, 7, 0, 17]  	1161	3 
[0, 26, 5, 1, 233]  	1125	3 
[1, 0, 9, 5, 238]  	1096	4 
[0, 19, 8, 2, 239]  	1161	2 
[2, 9, 11, 2, 240]  	1008	3 
[0, 17, 8, 2, 242]  	1099	2 
[0, 25, 4, 2, 242]  	1215	3 
[0, 23, 5, 2, 243]  	1186	3 
[2, 9, 9, 2, 244]  	942	3 
[2, 0, 10, 4, 244]  	1004	4 
[1, 4, 9, 4, 244]  	1066	3 
[0, 31, 0, 1, 244]  	1115	3 
[0, 29, 2, 1, 244]  	1119	3 
[0, 22, 4, 2, 244]  	1122	3 
[0, 14, 6, 4, 244]  	1248	2 
[1, 8, 7, 4, 245]  	1124	4 
[0, 12, 6, 4, 245]  	1186	2 
[1, 0, 6, 5, 246]  	997	4 
[1, 2, 10, 4, 246]  	1037	2 
[0, 29, 0, 1, 246]  	1053	3 
[2, 4, 8, 4, 246]  	1062	6 
[1, 9, 6, 4, 246]  	1122	4 
[0, 21, 5, 2, 246]  	1124	2 
[0, 10, 9, 4, 246]  	1223	1 
[2, 4, 7, 4, 247]  	1029	6 
[0, 20, 3, 3, 247]  	1181	2 
[2, 9, 6, 2, 248]  	843	3 
[2, 0, 7, 4, 248]  	905	4 
[9, 6, 0, 3, 248]  	909	10 
[1, 19, 0, 2, 248]  	926	4 
[0, 19, 2, 2, 248]  	963	2 
[2, 16, 13, 0, 248]  	983	7 
[0, 27, 0, 1, 248]  	991	3 
[1, 4, 7, 4, 248]  	1000	3 
[1, 18, 13, 0, 248]  	1016	5 
[0, 17, 6, 2, 248]  	1033	1 
[0, 17, 2, 3, 248]  	1055	2 
[0, 9, 6, 4, 248]  	1093	1 
[0, 8, 7, 4, 248]  	1095	1 
[1, 1, 5, 6, 248]  	1149	5 
[0, 16, 6, 3, 248]  	1156	2 
[0, 6, 7, 5, 248]  	1187	1 
[1, 4, 4, 6, 248]  	1209	5 
[0, 16, 3, 4, 248]  	1211	2 
[0, 5, 7, 6, 248]  	1310	1 
[1, 1, 4, 6, 249]  	1116	5 
[0, 9, 4, 5, 249]  	1181	1 
[3, 17, 0, 1, 250]  	768	4 
[1, 8, 2, 3, 250]  	805	3 
[2, 17, 0, 2, 250]  	893	2 
[1, 18, 0, 2, 250]  	895	2 
[1, 0, 3, 5, 250]  	898	4 
[0, 17, 2, 2, 250]  	901	2 
[2, 14, 13, 0, 250]  	921	7 
[0, 25, 0, 1, 250]  	929	3 
[3, 3, 14, 2, 250]  	950	8 
[1, 2, 8, 4, 250]  	971	2 
[2, 5, 1, 5, 250]  	1016	6 
[0, 15, 3, 3, 250]  	1026	2 
[0, 6, 7, 4, 250]  	1033	1 
[1, 7, 1, 5, 250]  	1049	4 
[1, 6, 12, 3, 250]  	1073	3 
[1, 5, 13, 3, 250]  	1075	3 
[0, 22, 12, 0, 250]  	1078	3 
[0, 24, 11, 0, 250]  	1107	3 
[1, 5, 0, 6, 250]  	1108	3 
[0, 23, 8, 1, 250]  	1131	3 
[0, 22, 9, 1, 250]  	1133	3 
[0, 22, 0, 3, 250]  	1144	3 
[0, 14, 3, 4, 250]  	1149	2 
[0, 11, 3, 5, 250]  	1210	2 
[0, 0, 5, 7, 250]  	1243	1 
[0, 3, 7, 6, 250]  	1248	1 
[2, 7, 3, 1, 252]  	528	1 
[0, 15, 0, 1, 252]  	619	2 
[2, 0, 4, 3, 252]  	652	4 
[2, 6, 2, 3, 252]  	772	5 
[2, 5, 3, 3, 252]  	774	1 
[1, 7, 2, 3, 252]  	774	3 
[1, 6, 3, 3, 252]  	776	3 
[1, 10, 14, 0, 252]  	801	5 
[0, 13, 13, 0, 252]  	832	3 
[0, 12, 0, 3, 252]  	834	2 
[10, 13, 0, 1, 252]  	847	5 
[3, 10, 0, 3, 252]  	859	8 
[2, 5, 2, 4, 252]  	895	3 
[1, 4, 4, 4, 252]  	901	1 
[3, 2, 14, 2, 252]  	919	7 
[2, 7, 1, 4, 252]  	924	1 
[0, 6, 4, 4, 252]  	934	1 
[4, 2, 0, 5, 252]  	948	9 
[2, 3, 1, 5, 252]  	954	6 
[2, 0, 0, 6, 252]  	982	4 
[2, 5, 14, 2, 252]  	983	6 
[2, 10, 0, 4, 252]  	984	4 
[1, 4, 13, 3, 252]  	1044	3 
[0, 22, 11, 0, 252]  	1045	3 
[1, 3, 0, 6, 252]  	1046	3 
[0, 11, 0, 5, 252]  	1111	2 
[0, 1, 5, 6, 252]  	1120	1 
[0, 11, 10, 3, 252]  	1133	2 
[0, 4, 4, 6, 252]  	1180	1 
[0, 36, 2, 0, 252]  	1182	4 
[2, 22, 8, 0, 253]  	1004	7 
[1, 36, 1, 0, 253]  	1178	5 
[3, 5, 2, 1, 254]  	462	3 
[3, 3, 4, 1, 254]  	466	2 
[2, 5, 3, 1, 254]  	466	1 
[0, 13, 0, 1, 254]  	557	2 
[1, 4, 2, 3, 254]  	681	3 
[1, 9, 14, 0, 254]  	770	5 
[0, 11, 0, 3, 254]  	803	2 
[3, 9, 0, 3, 254]  	828	7 
[3, 3, 1, 4, 254]  	829	2 
[2, 5, 1, 4, 254]  	862	1 
[1, 1, 1, 5, 254]  	863	4 
[1, 2, 5, 4, 254]  	872	2 
[0, 4, 4, 4, 254]  	872	1 
[6, 1, 13, 2, 254]  	942	8 
[2, 16, 12, 0, 254]  	950	6 
[2, 9, 0, 4, 254]  	953	3 
[3, 20, 8, 0, 254]  	971	6 
[1, 2, 0, 6, 254]  	1015	3 
[1, 20, 12, 0, 254]  	1045	5 
[5, 28, 1, 0, 254]  	1046	6 
[0, 0, 5, 6, 254]  	1089	1 
[1, 36, 0, 0, 254]  	1145	5 
[0, 34, 3, 0, 254]  	1153	3 
[0, 33, 4, 0, 254]  	1155	4 
[0, 4, 0, 7, 254]  	1202	1 
[8, 20, 2, 0, 255]  	918	7 
[3, 18, 9, 0, 255]  	942	6 
[2, 20, 8, 0, 255]  	942	5 
[7, 26, 0, 0, 255]  	1009	6 
[4, 28, 1, 0, 255]  	1017	6 
[0, 26, 9, 0, 255]  	1103	3 
------
The gap is between 18 and 232.
Lengths: 5 5 6 10 5 12.
For 1238 = 3*d-d1-d2-d3-d4 you get 5 in char 0.
1 + 0*2^64 + 0*2^128 + 0*2^192*x^1*y^39
1 + 0*2^64 + 0*2^128 + 0*2^192*x^1*y^6*z^3*w^6
1 + 0*2^64 + 0*2^128 + 0*2^192*y^30*w^2
1 + 0*2^64 + 0*2^128 + 0*2^192*y^19*z^1*w^4
1 + 0*2^64 + 0*2^128 + 0*2^192*y^8*z^2*w^6

For 743 = 2*d-d1-d2-d3-d4 you get 6 in char 0.
1 + 0*2^64 + 0*2^128 + 0*2^192*x^15*w^2
1 + 0*2^64 + 0*2^128 + 0*2^192*x^9*y^1*z^9*w^1
1 + 0*2^64 + 0*2^128 + 0*2^192*x^2*y^4*z^3*w^3
1 + 0*2^64 + 0*2^128 + 0*2^192*x^1*y^6*z^2*w^3
1 + 0*2^64 + 0*2^128 + 0*2^192*y^19*w^1
1 + 0*2^64 + 0*2^128 + 0*2^192*y^8*z^1*w^3

For 248 = d-d1-d2-d3-d4 you get 5 in char 0.
1 + 0*2^64 + 0*2^128 + 0*2^192*x^4*z^4
1 + 0*2^64 + 0*2^128 + 0*2^192*x^3*y^2*z^3
1 + 0*2^64 + 0*2^128 + 0*2^192*x^2*y^4*z^2
1 + 0*2^64 + 0*2^128 + 0*2^192*x^1*y^6*z^1
1 + 0*2^64 + 0*2^128 + 0*2^192*y^8

Extra powers of p used 14.
The invariant extra is equal to 33.
Start computing 2^4 Delta^1 (x1x2x3x4)^1... Done.
Start computing 2^5 Delta^2 (x1x2x3x4)^1... Done.
Start computing 2^6 Delta^3 (x1x2x3x4)^1... Done.
Start computing 2^7 Delta^4 (x1x2x3x4)^1... Done.
Start computing 2^8 Delta^5 (x1x2x3x4)^1... Done.
Start computing 2^9 Delta^6 (x1x2x3x4)^1... Done.
Start computing 2^10 Delta^7 (x1x2x3x4)^1... Done.
Start computing 2^11 Delta^8 (x1x2x3x4)^1... Done.
Start computing 2^12 Delta^9 (x1x2x3x4)^1... Done.
Start computing 2^13 Delta^10 (x1x2x3x4)^1... Done.
Start computing 2^14 Delta^11 (x1x2x3x4)^1... Done.
Start computing 2^15 Delta^12 (x1x2x3x4)^1... Done.
Start computing 2^16 Delta^13 (x1x2x3x4)^1... Done.
Start computing 2^17 Delta^14 (x1x2x3x4)^1... Done.
Start computing 2^18 Delta^15 (x1x2x3x4)^1... Done.
Start computing 2^19 Delta^16 (x1x2x3x4)^1... Done.
Start computing 2^20 Delta^17 (x1x2x3x4)^1... Done.
Start computing 2^21 Delta^18 (x1x2x3x4)^1... Done.
Start computing 2^22 Delta^19 (x1x2x3x4)^1... Done.
Start computing 2^23 Delta^20 (x1x2x3x4)^1... Done.
Start computing 2^24 Delta^21 (x1x2x3x4)^1... Done.
Start computing 2^25 Delta^22 (x1x2x3x4)^1... Done.
Start computing 2^26 Delta^23 (x1x2x3x4)^1... Done.
Start computing 2^27 Delta^24 (x1x2x3x4)^1... Done.
Start computing 2^28 Delta^25 (x1x2x3x4)^1... Done.
Start computing 2^29 Delta^26 (x1x2x3x4)^1... Done.
Start computing 2^30 Delta^27 (x1x2x3x4)^1... Done.
Start computing 2^31 Delta^28 (x1x2x3x4)^1... Done.
Start computing 2^32 Delta^29 (x1x2x3x4)^1... Done.
Start computing 2^33 Delta^30 (x1x2x3x4)^1... Done.
Start computing 2^34 Delta^31 (x1x2x3x4)^1... Done.
Start computing 2^35 Delta^32 (x1x2x3x4)^1... Done.
Start computing 2^36 Delta^33 (x1x2x3x4)^1... Done.
Start computing 2^37 Delta^34 (x1x2x3x4)^1... Done.
Start computing 2^38 Delta^35 (x1x2x3x4)^1... Done.
Start computing aa.
1 2 3 4 5 6 7 8 9 10 11 12 13 14 15 16 
*/
A = \
[7434656033829335040 + 3002377310825637534*2^64 + 13594293609469384902*2^128 + 12613398968890*2^192,18277086702575362048 + 11645399876783181572*2^64 + 17061943331881906115*2^128 + 7755649667386*2^192,13168460804049489920 + 5022396547818408539*2^64 + 212275663536140014*2^128 + 12139556931215*2^192,10698953207241773056 + 13023217912156413494*2^64 + 6883647916144039086*2^128 + 3399952188055*2^192,2153756977624797184 + 14090911541182454109*2^64 + 7061486150990591131*2^128 + 8170536986043*2^192,14142827543348396032 + 6051357586470055849*2^64 + 11682740475612878293*2^128 + 7249569041713*2^192,10400181994766630912 + 17279710733950051592*2^64 + 2701005180013023624*2^128 + 16749844308073*2^192,8727457449621323776 + 13090988714550173231*2^64 + 18147892975050771261*2^128 + 17137731115564*2^192,16406474505852026880 + 187130191806820490*2^64 + 3016805115447054273*2^128 + 8456672493312*2^192,9507099799805558784 + 202783195409044279*2^64 + 2752593050157769035*2^128 + 12489463736533*2^192,5448790241534017536 + 13057069137727979272*2^64 + 7317592501711901049*2^128 + 10434959306822*2^192,15859984877762478080 + 15789587046228155929*2^64 + 8416874884608362799*2^128 + 9328257732270*2^192,2614669818824359936 + 1883791669586747626*2^64 + 2199292817005273067*2^128 + 13913229828275*2^192,11530613623813046272 + 9403980802022328513*2^64 + 1615637690842197042*2^128 + 11797085820940*2^192,14592310650373013504 + 3816387728250191854*2^64 + 17922741570297280186*2^128 + 11272910823675*2^192,8489512081246093312 + 15451087348435620119*2^64 + 10502478921221032113*2^128 + 8163585860435*2^192;\
8311609350773779072 + 12610145941544320089*2^64 + 17993960656332859812*2^128 + 4138241214839*2^192,3695756558974743296 + 3060049364825113751*2^64 + 16825094933926552180*2^128 + 15015903554762*2^192,7036115719276638080 + 1864121440594772127*2^64 + 16576637527198808741*2^128 + 6448130365686*2^192,12357169178144594304 + 13748731385351983812*2^64 + 14773171038171353260*2^128 + 4736453816895*2^192,8978870099170779008 + 1857830031203603592*2^64 + 17006094897438808490*2^128 + 1302687067703*2^192,13826968785319667200 + 16048892641594688104*2^64 + 12342928117769833817*2^128 + 8774657767467*2^192,414087623290264576 + 3986603681144039121*2^64 + 5263339013187007601*2^128 + 7390803414141*2^192,6683985236525899776 + 16739452882451838878*2^64 + 3127862322307750530*2^128 + 12697293526387*2^192,11982746248861646848 + 3318008864487402824*2^64 + 18382551393059297909*2^128 + 677439703292*2^192,1086013138193864704 + 1708713236785840753*2^64 + 12913477069534736432*2^128 + 4185625767486*2^192,1578475845989629952 + 11745888439107316544*2^64 + 2088476795592973389*2^128 + 15076882037026*2^192,14570994153606824960 + 6885908620617342135*2^64 + 13532277294096410478*2^128 + 16405578796775*2^192,17129959849636777984 + 17476544258984830222*2^64 + 7140327568861371546*2^128 + 16962055019515*2^192,3169279512667668480 + 10924105838842946629*2^64 + 2409830927753521498*2^128 + 8045986679711*2^192,16585079377320849408 + 5965972729076515047*2^64 + 5677321050276822674*2^128 + 545139276323*2^192,15635938934702781440 + 6308868693493647560*2^64 + 16871900851863529838*2^128 + 5997427096400*2^192;\
4124837590903223896 + 3536031689700598097*2^64 + 8032021449916251029*2^128 + 13639837859244*2^192,8685514623942020912 + 3062660064862033393*2^64 + 17673111305173000229*2^128 + 8820067494257*2^192,4922090177253508072 + 7967923855485849220*2^64 + 49058868088486475*2^128 + 2186926686534*2^192,16990551501181525576 + 13607904285624102508*2^64 + 16969157559427435820*2^128 + 11359804164383*2^192,17370010988679866600 + 10190136652004877021*2^64 + 14241231779307960993*2^128 + 9637749654982*2^192,13660321968984572064 + 452618570808123440*2^64 + 9400432692767979820*2^128 + 1326299046353*2^192,3967088137256434880 + 10425398286514001349*2^64 + 7421945828846305157*2^128 + 10040646746634*2^192,13862852710949626880 + 3881072910953119826*2^64 + 14015794292255969767*2^128 + 4231450268963*2^192,8191722422905873152 + 17760180859240881000*2^64 + 8383078720710532404*2^128 + 14133624551383*2^192,14800093429375997824 + 16004196310558671217*2^64 + 5861663306244364825*2^128 + 16153919989695*2^192,2562315558486246144 + 5344710438066550438*2^64 + 13188802789153066447*2^128 + 12831726278413*2^192,16450795282783942976 + 4757667581780878441*2^64 + 13892261895809924455*2^128 + 5946894702001*2^192,18255426478673930752 + 4654159636087807564*2^64 + 8033204832472754424*2^128 + 15161564732796*2^192,6325545230097313792 + 178941532742031583*2^64 + 15498009013995668705*2^128 + 11977180517613*2^192,7303876806217747200 + 10393695270676703169*2^64 + 10818449940950578993*2^128 + 7309889460795*2^192,17136721824641368000 + 11752403505381512282*2^64 + 9782933073611942489*2^128 + 15303720155121*2^192;\
2744429465056396280 + 14995109017387306929*2^64 + 8380838613491452052*2^128 + 8164273886323*2^192,4764805609334244304 + 1410954834332377267*2^64 + 888698046699584146*2^128 + 4741286224506*2^192,15777066736813118504 + 7290025324087608839*2^64 + 4523500087203366379*2^128 + 9328319865605*2^192,14360847959443794440 + 8524395617497423966*2^64 + 3444056335198548864*2^128 + 6777743432125*2^192,7813667030148863272 + 4968658885400766253*2^64 + 16803305799788905533*2^128 + 15078399360765*2^192,15262847526354598176 + 17964774439812837831*2^64 + 7574624551638306174*2^128 + 116116387729*2^192,8863516013769104448 + 5866934548517812955*2^64 + 2011898482663616615*2^128 + 7838887433229*2^192,8334321657496917504 + 46709188206573509*2^64 + 11190593876616277385*2^128 + 8734926533250*2^192,3837589354580460032 + 12701130252562772133*2^64 + 1190959861520419799*2^128 + 7564980398960*2^192,8612761879677560448 + 12484818662511807681*2^64 + 7921107420799945169*2^128 + 12594037000901*2^192,15978988712614121984 + 16917823643073838197*2^64 + 8187420802520216945*2^128 + 5454251209846*2^192,385761351869894080 + 16296226813815336645*2^64 + 15253110626658370818*2^128 + 10956309705708*2^192,754342223713640704 + 2966047418309187336*2^64 + 12050376251619878439*2^128 + 6322853488308*2^192,4707525275709352960 + 10927807732586806860*2^64 + 60910527549555718*2^128 + 15007982601825*2^192,52191990440228096 + 12436686326691367828*2^64 + 13545418896494910297*2^128 + 12756579568339*2^192,11420818614410597312 + 17797336574429234076*2^64 + 16503838152010842557*2^128 + 15100448751858*2^192;\
6481809223878089552 + 15997903181649925497*2^64 + 10667805339777032410*2^128 + 9762740641117*2^192,9315789304498461120 + 16631143412416317572*2^64 + 2115784745773219587*2^128 + 15528275424928*2^192,18408261104562115280 + 3962205569974030436*2^64 + 9272101052115179796*2^128 + 8433031421613*2^192,11977711513397168400 + 11703213019838424718*2^64 + 8121392608936040915*2^128 + 8639157768169*2^192,3598192098273720528 + 16949848647461102624*2^64 + 6973812561645681798*2^128 + 5453622273180*2^192,15029505651064247232 + 4985858693824405318*2^64 + 12950250667012145054*2^128 + 1676843816392*2^192,1557604543459450368 + 1581772021268146171*2^64 + 1960327151576028897*2^128 + 11379304221314*2^192,6077363525499624960 + 1570742607777651311*2^64 + 5540312165651381445*2^128 + 15552467036488*2^192,18275792228524231424 + 2764030141052982518*2^64 + 6505355632167304553*2^128 + 13183440392351*2^192,14988861067922003968 + 14245337231156116073*2^64 + 15980349032539911219*2^128 + 1400901740150*2^192,15254508326514678528 + 17255485043186375851*2^64 + 9895518575902219836*2^128 + 11345253637796*2^192,3169263194003937792 + 4699108390714215828*2^64 + 11530327929673835955*2^128 + 9717671869275*2^192,16869494646656694528 + 1712755728994774173*2^64 + 7238467541668154463*2^128 + 10000741739956*2^192,5432357916681098240 + 13880246142326693221*2^64 + 10945221075166480846*2^128 + 15807790440042*2^192,3681932889021688832 + 8426322444027837220*2^64 + 5951330892247051043*2^128 + 1204609069882*2^192,10837683425714790784 + 13170014937548649395*2^64 + 8040030438471509829*2^128 + 3512297183622*2^192;\
0 + 0*2^64 + 0*2^128 + 3298534883328*2^192,0 + 0*2^64 + 0*2^128 + 3298534883328*2^192,0 + 0*2^64 + 0*2^128 + 3298534883328*2^192,0 + 0*2^64 + 0*2^128 + 0*2^192,0 + 0*2^64 + 0*2^128 + 3848290697216*2^192,2082351877705465856 + 17937082710270265572*2^64 + 1649292698006774922*2^128 + 875423460626*2^192,0 + 0*2^64 + 0*2^128 + 3298534883328*2^192,0 + 0*2^64 + 0*2^128 + 0*2^192,0 + 0*2^64 + 0*2^128 + 0*2^192,0 + 0*2^64 + 0*2^128 + 0*2^192,0 + 0*2^64 + 0*2^128 + 0*2^192,0 + 0*2^64 + 0*2^128 + 0*2^192,0 + 0*2^64 + 0*2^128 + 0*2^192,0 + 0*2^64 + 0*2^128 + 3298534883328*2^192,0 + 0*2^64 + 0*2^128 + 0*2^192,0 + 0*2^64 + 0*2^128 + 3298534883328*2^192;\
10852946436445462528 + 10508373548413615881*2^64 + 5700813910007499276*2^128 + 6931975504015*2^192,10432500245719162880 + 9722596548616313440*2^64 + 18364691601126254162*2^128 + 819541271984*2^192,6565351410618187776 + 13858980557618839562*2^64 + 17453299492295822944*2^128 + 226824653379*2^192,5361618029110312960 + 10016441723938103159*2^64 + 3006827143188010264*2^128 + 7298833476622*2^192,6921264335624192000 + 13971373469515836793*2^64 + 9639282703108903632*2^128 + 6948781704498*2^192,10324676350095294464 + 16806845292521704851*2^64 + 5398484399195948474*2^128 + 1294685413221*2^192,17981290796374589440 + 13417557552905807682*2^64 + 12988179595186114982*2^128 + 4172323609923*2^192,7966102190700232704 + 7101797691470356352*2^64 + 7960078362620053135*2^128 + 8730305191194*2^192,12397362169852919808 + 17473132541675768846*2^64 + 2059333479342424779*2^128 + 5001173787187*2^192,18156226772460830720 + 3984628757644153499*2^64 + 18372198082696238330*2^128 + 3946041700487*2^192,5106473514406182912 + 12667229698402368159*2^64 + 8039388856372216017*2^128 + 8024121314793*2^192,9975045422022885376 + 3897442053724769939*2^64 + 342694250516886883*2^128 + 7057063391371*2^192,1345853236397408256 + 9380887610017632551*2^64 + 6563361886227270889*2^128 + 8085497041532*2^192,17853295721149366272 + 1945402219268742312*2^64 + 702671244284931387*2^128 + 7407366361937*2^192,5387821930031218688 + 14595368146601424990*2^64 + 8920759030876256932*2^128 + 6236361276471*2^192,16180809302083108864 + 17208796017218571743*2^64 + 16620930828396042975*2^128 + 3047355117908*2^192;\
5640960588084778448 + 8580291957504369525*2^64 + 7915522713731107833*2^128 + 10141606923284*2^192,10162848341964950112 + 8603957817692890075*2^64 + 15342209456102702540*2^128 + 2585172297027*2^192,15276251956595015792 + 10680232097021367103*2^64 + 13221225092024281725*2^128 + 422613727092*2^192,7895676504185843632 + 3725727616007879725*2^64 + 1055834302677885927*2^128 + 2866120201880*2^192,9827506318132594288 + 10055076445551691530*2^64 + 10978399828464877491*2^128 + 11761229033980*2^192,2504960903543384768 + 12594551164887755501*2^64 + 2440737120412972910*2^128 + 9484442675555*2^192,10719771593637010304 + 2062522321396306681*2^64 + 11608059612365324309*2^128 + 11769233993620*2^192,16060197819228056576 + 2113798551134225203*2^64 + 6324426713753163573*2^128 + 9727308656674*2^192,1228573668955277312 + 11380960245439204424*2^64 + 4653098709567649123*2^128 + 6710452335224*2^192,15340625255988390656 + 2908703334181191950*2^64 + 11189528141795729858*2^128 + 8529083494122*2^192,8650160603106011136 + 13527232579579444152*2^64 + 6432824003351401766*2^128 + 11575227758239*2^192,17724934877993209984 + 372130887969176485*2^64 + 3251566961699248355*2^128 + 7010162396028*2^192,11723247194803474944 + 2806414620369843144*2^64 + 11057870067653957601*2^128 + 17511304775973*2^192,334353841273845760 + 11809735319336560000*2^64 + 6274842395619997773*2^128 + 11524251974716*2^192,4160976048575084032 + 16842091058847190363*2^64 + 6178535049271285246*2^128 + 15622658296384*2^192,16957233026641437312 + 17265005001159968328*2^64 + 5403768879969895709*2^128 + 10629965084820*2^192;\
18055351655535967944 + 2592457801332157946*2^64 + 14243768794669615109*2^128 + 14490207007735*2^192,16353573101753789808 + 16444367660637294274*2^64 + 893922312077035749*2^128 + 17432028133571*2^192,8775067243980322776 + 11749503828553029540*2^64 + 7672643169248171889*2^128 + 5151903595733*2^192,16282187555154188024 + 7906078192970646887*2^64 + 15839349095292698439*2^128 + 5552333553165*2^192,979203933604937432 + 1714482709896580001*2^64 + 9189279699301688417*2^128 + 10480597223135*2^192,15658584515199855072 + 16403646045292887447*2^64 + 10173135230034685588*2^128 + 5805332544961*2^192,6731239796737534656 + 11474472746666905380*2^64 + 11007529322422551967*2^128 + 14440854315194*2^192,11198213062572441088 + 17885959259486518751*2^64 + 11490795043454296645*2^128 + 11833525307274*2^192,1550584960613749760 + 7831277499610205106*2^64 + 7168985308772785545*2^128 + 17145602020686*2^192,18144798440177428352 + 9333000478382863278*2^64 + 7894713836877495122*2^128 + 8420710717237*2^192,18267408033068876800 + 1717467054367416561*2^64 + 12538545893799177396*2^128 + 12645463106598*2^192,2126974223189549888 + 6611075169444761338*2^64 + 3976096525480648832*2^128 + 6678317840030*2^192,4976108714648954112 + 10417193071250612100*2^64 + 1585529264672763911*2^128 + 15696623454867*2^192,2169125209959771136 + 11518620354338379788*2^64 + 13246784671658715533*2^128 + 13667346575869*2^192,993539021216014080 + 17449646984636986643*2^64 + 16103286276007853408*2^128 + 5549272632470*2^192,3208341313208899648 + 18046902996484586103*2^64 + 8585767330952521118*2^128 + 1533094284035*2^192;\
5470921047194878683 + 12717122357157293880*2^64 + 11018235441943533297*2^128 + 12520312156099*2^192,14041120566117252706 + 17428200683794032228*2^64 + 6015594546967868085*2^128 + 10045541933223*2^192,1339865186011144217 + 17344154987162754385*2^64 + 7942357188816055823*2^128 + 902347407072*2^192,3201419551397459141 + 338263522300869834*2^64 + 14880484762215710980*2^128 + 11318959613569*2^192,14256588014371040441 + 7377047215609262475*2^64 + 7550485763129017334*2^128 + 8151174521121*2^192,3427242732716722356 + 10809145918903707477*2^64 + 3679148477867207453*2^128 + 8847649058429*2^192,238012917355255464 + 6719344340126002350*2^64 + 14525458587285768490*2^128 + 9174465481604*2^192,16089999790080258496 + 18255449855346590194*2^64 + 9288536181222923784*2^128 + 6097984820639*2^192,3186485588292940096 + 17560596714217418535*2^64 + 3566571695263656652*2^128 + 7023126552396*2^192,14945253815262917136 + 4512048750471433300*2^64 + 4545859122094196475*2^128 + 9684165421526*2^192,7336637075300066624 + 16490297613644957127*2^64 + 5677613973262768721*2^128 + 2351244187445*2^192,11589390994952554648 + 9293264163461499118*2^64 + 1174388106389311357*2^128 + 4229849521678*2^192,1745967167798114208 + 10367695815675480320*2^64 + 4746336851045872402*2^128 + 5285168671669*2^192,15470032224233785216 + 15170535923483157346*2^64 + 11178660656211844141*2^128 + 5652401691143*2^192,6308105883707918624 + 4644165375723472979*2^64 + 2886732618183015546*2^128 + 12200057047383*2^192,5794034755368648792 + 18356092387310886457*2^64 + 4704395447266451923*2^128 + 17156693088283*2^192;\
6537906491908959397 + 2015439288855721367*2^64 + 2438530069562231815*2^128 + 9665649732398*2^192,1858776765549506974 + 10727807037806043006*2^64 + 4162470537163795137*2^128 + 5710814774086*2^192,299800271367550439 + 745444953853033097*2^64 + 414492935271151649*2^128 + 4413389912973*2^192,5017430241724271931 + 3051582110228998686*2^64 + 4101031872037114464*2^128 + 13321608565531*2^192,3664809353282894151 + 13455060287466630018*2^64 + 14990173983290766903*2^128 + 1483369903480*2^192,2922260361285770060 + 17544294037593562559*2^64 + 10725450513832230094*2^128 + 6387640574144*2^192,811675420020198744 + 3359842566809459085*2^64 + 12932441954640241991*2^128 + 2262761192810*2^192,4426753886384455232 + 8706188029170664196*2^64 + 15304562930132696182*2^128 + 17544597448439*2^192,6067362681289191104 + 14069686702370206579*2^64 + 16966661417168273202*2^128 + 4480314104145*2^192,15673125458278544880 + 7273338028320001276*2^64 + 3392152174641594420*2^128 + 4360022002826*2^192,5757797969464148672 + 4000182306182412815*2^64 + 13419639674546938676*2^128 + 9163370146406*2^192,9450742056810231656 + 6725476932437591734*2^64 + 751954388793646410*2^128 + 3800313104575*2^192,5238381672723891296 + 14149376437593769898*2^64 + 8331017306845595914*2^128 + 8661616749540*2^192,543743948729510016 + 16981637538713968346*2^64 + 17737814479326060784*2^128 + 9853640187900*2^192,4388097127552595680 + 1894153301464090486*2^64 + 13082143966519271031*2^128 + 8623889227560*2^192,14864592942486859688 + 15476862769691923561*2^64 + 3330089929837128926*2^128 + 6007908131375*2^192;\
3453437755756348288 + 3849179687143396582*2^64 + 9440252451394915862*2^128 + 11840163475754*2^192,14167670224906352640 + 10443722509605807389*2^64 + 12186556721667335994*2^128 + 7375615506306*2^192,1357746180452812160 + 16284316169280048648*2^64 + 10958675980519536212*2^128 + 3100985254660*2^192,3766317977773972352 + 12790619412319790933*2^64 + 9332299847910229812*2^128 + 7761582640515*2^192,1743276938391491968 + 10341055824058929863*2^64 + 6735891169428763166*2^128 + 2255989918043*2^192,4919054444115974656 + 12095429869615929384*2^64 + 11410989830728057731*2^128 + 7547793413386*2^192,5891346122780121088 + 6882995993555269850*2^64 + 14437350829413769806*2^128 + 6508174129109*2^192,17756295486989135872 + 3335132229016085300*2^64 + 709770492924617325*2^128 + 11734659571645*2^192,5015941716668790784 + 2917357901350743544*2^64 + 11678028164940673102*2^128 + 6163794699249*2^192,9132956665541251072 + 226502298701661516*2^64 + 7573139072443293788*2^128 + 10578033925277*2^192,8216614244409751552 + 12554877875284743569*2^64 + 1879673334642611265*2^128 + 9234898465386*2^192,5293466755808962560 + 7325371918247754229*2^64 + 12429429194334121226*2^128 + 12224062486079*2^192,16885408994484258816 + 7053237501260781468*2^64 + 15200460455978892557*2^128 + 6404859990996*2^192,8346308548344979456 + 6468165758477542215*2^64 + 2299693773003246662*2^128 + 10336964664965*2^192,14373536053047918592 + 9554659560372820013*2^64 + 9851486562155117884*2^128 + 11464442893770*2^192,10957514293449307136 + 10854438195865234963*2^64 + 9588606119191765599*2^128 + 9626404139159*2^192;\
13752507304109818752 + 5167113785154314329*2^64 + 14088560644655642104*2^128 + 14958301974233*2^192,7927528555894200320 + 2717152859269909536*2^64 + 4937844702969794388*2^128 + 12405187733427*2^192,18180041670011315584 + 5575325221305608382*2^64 + 7766696458650309506*2^128 + 9492997136495*2^192,15585875326984256384 + 6181288079668010362*2^64 + 14282849488750119213*2^128 + 15870286289249*2^192,16869080599439537536 + 10410431157011974266*2^64 + 6424035976125590493*2^128 + 2060836035060*2^192,18131781315194051072 + 5412748627116843862*2^64 + 6708040153834272492*2^128 + 1763254144275*2^192,5899585477601040384 + 7659049850540292963*2^64 + 3306385917298807848*2^128 + 569640141507*2^192,1578748008788520960 + 3957673419944545957*2^64 + 12395844833877929327*2^128 + 13316144158521*2^192,17784857788979755008 + 4224498053628519224*2^64 + 10323600873522634933*2^128 + 877710462500*2^192,11239076400461008896 + 939498709937968095*2^64 + 6214378902359254695*2^128 + 2871211319852*2^192,10465956448579893248 + 14447742562437816188*2^64 + 18351808843700685662*2^128 + 495267930937*2^192,1785387765123033088 + 14129966439875982069*2^64 + 17473487068990798108*2^128 + 15101196478259*2^192,352007817862023168 + 5384446100295800937*2^64 + 3063890314117729874*2^128 + 676557499548*2^192,1600123153613627392 + 13944736321084811397*2^64 + 6928594682659564291*2^128 + 12222737059747*2^192,16567982381994016768 + 2557373120240747603*2^64 + 16671968442558970095*2^128 + 15687816881935*2^192,13464906252088161280 + 14672515928710301314*2^64 + 10992163089808049779*2^128 + 1100577776759*2^192;\
16012794101097001940 + 5626497407859134398*2^64 + 7652408754312068773*2^128 + 16084591252867*2^192,6428670888523152472 + 18079709221602892347*2^64 + 11461848744469175419*2^128 + 5106973695128*2^192,17703937405215131196 + 8146743503907078326*2^64 + 3401751543286808095*2^128 + 4988778122294*2^192,5396810399906250124 + 11513712157250487202*2^64 + 15906797917885908497*2^128 + 1087928356234*2^192,10224192291755867068 + 13547625069084984911*2^64 + 10850873894692892769*2^128 + 16348121057243*2^192,9207830475035441968 + 17142482287453907589*2^64 + 1295195357243624470*2^128 + 5166795519690*2^192,10198973771600077280 + 11841461858670975677*2^64 + 5246592630922966431*2^128 + 9363069915849*2^192,14170528746684537600 + 8850801129696804079*2^64 + 7943926022336868873*2^128 + 8326651010575*2^192,1576840267153882624 + 14541014243961401951*2^64 + 15900971570103739358*2^128 + 3192556199139*2^192,1299619784923547840 + 13848140113596892522*2^64 + 17333596205813154915*2^128 + 12441696328569*2^192,4537183191471599104 + 17497554165978285916*2^64 + 4545368065592296910*2^128 + 10596893047289*2^192,9943496788603585824 + 14758661839521785363*2^64 + 2517160528314084046*2^128 + 1182869452872*2^192,11899194694551705728 + 7402374351554133992*2^64 + 1823577605118048172*2^128 + 8524741851321*2^192,4839976099555114496 + 6749864073549849654*2^64 + 8084479603293982001*2^128 + 1407478820863*2^192,7964609920901396864 + 9955174318882351606*2^64 + 4524426390253893623*2^128 + 2039026795346*2^192,5181290906507887520 + 6732962342311051624*2^64 + 8653368112836196685*2^128 + 14433545042265*2^192;\
11641498414210858314 + 6383397958362826526*2^64 + 4130988663562783092*2^128 + 11883143071855*2^192,3707509840078022908 + 12701064328131015856*2^64 + 3510006192241387699*2^128 + 3133290282148*2^192,6585573073548646798 + 17781474675199953649*2^64 + 1697540368870045383*2^128 + 11995963517746*2^192,17426360479845711414 + 14201544781106460811*2^64 + 13518272592605500325*2^128 + 12814226761548*2^192,1517689555934363726 + 10551841523924076143*2^64 + 13319030179876183910*2^128 + 13195698217475*2^192,6204049916050358424 + 16854402625419783964*2^64 + 10562507792026491388*2^128 + 1543848454926*2^192,11227535710108642224 + 14353210853546631223*2^64 + 14598985347806578651*2^128 + 10919843683991*2^192,3054623196462305408 + 4171734109107463253*2^64 + 14089629999675369552*2^128 + 9797163268770*2^192,13361109479224277888 + 15520886120117978359*2^64 + 12440100364283662620*2^128 + 9889683763472*2^192,11186480113660780000 + 14031201788209490475*2^64 + 13344080357960242941*2^128 + 6817440567283*2^192,10124977399090647936 + 11452484112474848639*2^64 + 13085650557430215750*2^128 + 9672643825298*2^192,1924850225831583184 + 8177796566571163627*2^64 + 8540180655386363702*2^128 + 10790110971774*2^192,18016626393854822080 + 6947560421193826419*2^64 + 4200057773507560886*2^128 + 2629234188486*2^192,8843115589202528512 + 8522744913201460263*2^64 + 2482655919898965486*2^128 + 10571552511182*2^192,7491262435046214080 + 5843511849622864306*2^64 + 16151395660850482799*2^128 + 4324528139758*2^192,3820407107684115792 + 103722439485817454*2^64 + 9092473682020006662*2^128 + 15173332166033*2^192;\
6381805344306702966 + 12127566870491006830*2^64 + 8151483587044126292*2^128 + 5613605645767*2^192,7825356934221448868 + 14861006987350021059*2^64 + 4122813322364340687*2^128 + 7990715434581*2^192,8303146872745472594 + 12418539847028461518*2^64 + 1281607383491860463*2^128 + 9642779923923*2^192,18014891631995962282 + 10872174157405699319*2^64 + 5948316764684871753*2^128 + 1725279815984*2^192,9927132882829427602 + 9331624671246104635*2^64 + 14937800755334411433*2^128 + 6890711860280*2^192,9014217464560468328 + 4921434761048970425*2^64 + 16786871677118191870*2^128 + 9498026575755*2^192,10213038855555117520 + 7970658217352438183*2^64 + 3798967212161525074*2^128 + 11637972305057*2^192,552799339984254336 + 1553599519365920866*2^64 + 15150036243990679061*2^128 + 8499775800339*2^192,9262829955190594944 + 16756469162982540875*2^64 + 4378531023821974310*2^128 + 16692296261962*2^192,3061053262750967072 + 4306192021538353539*2^64 + 17169337830105891114*2^128 + 13379429250037*2^192,6336273358772290944 + 15811883591406760382*2^64 + 9241319249792222024*2^128 + 10881047643575*2^192,14530823980070105264 + 10080978967864658922*2^64 + 12510658347199398922*2^128 + 7896195388031*2^192,6869360878795894336 + 15495468335659399396*2^64 + 11364672561764354107*2^128 + 14266356126849*2^192,10222303372063394560 + 2350644621753044284*2^64 + 11700427074791283690*2^128 + 13774476477556*2^192,16673113859956453440 + 10281055900891626632*2^64 + 3215714431386375687*2^128 + 15032639802303*2^192,16395137840099264944 + 7405501333228461795*2^64 + 11298222790115908411*2^128 + 3877738051693*2^192]
/* 
This matrix times 2^(-14) should be the matrix of frobenius.
*/ 
B = 2^(-14) * A; 
/* Freed 4148 lists. */
The sign is: -1
The characteristic polynomial is: x^16 - 2*x^15 + 6*x^13 - 15*x^12 - 12*x^11 + 30*x^10 - 72*x^9 + 288*x^7 - 480*x^6 + 768*x^5 + 3840*x^4 - 6144*x^3 + 32768*x - 65536
Its Newton polygon is: [2, 2, 2, 2, 3/2, 3/2, 1, 1, 1, 1, 1/2, 1/2, 0, 0, 0, 0]
Its factorization is: [x - 2, 1; x + 2, 1; x^14 - 2*x^13 + 4*x^12 - 2*x^11 + x^10 - 20*x^9 + 34*x^8 - 152*x^7 + 136*x^6 - 320*x^5 + 64*x^4 - 512*x^3 + 4096*x^2 - 8192*x + 16384, 1]
The valuation of f-g is: 17
The valuation of subst(g,x,A) is: 4

Please input coefficients below.
The polynomial is: 1*x^16*y^1 + 1*x^4*y^3*z^4*w^1 + 1*x^3*y^5*z^3*w^1 + 1*y^11*w^1 + 1*z^15 + 1*z^1*w^3
Total 4168: 
Look at the ideal generated by: 
1*y^1
1*z^1
