/* Comments begin... 
No set up needed.

Please input coefficients below.
Coefficient of   x^16 * y^1               = Coefficient of   x^5 * y^1 * z^5 * w^1   = Coefficient of   x^4 * y^3 * z^4 * w^1   = Coefficient of   x^3 * y^5 * z^3 * w^1   = Coefficient of   x^2 * y^7 * z^2 * w^1   = Coefficient of   x^1 * y^9 * z^1 * w^1   = Coefficient of   y^11 * w^1               = Coefficient of   z^15                     = Coefficient of   z^1 * w^3               = 
Here is the polynomial we're using this time:

1 + 0*2^64 + 0*2^128 + 0*2^192*x^16*y^1 + 1 + 0*2^64 + 0*2^128 + 0*2^192*x^4*y^3*z^4*w^1 + 1 + 0*2^64 + 0*2^128 + 0*2^192*x^3*y^5*z^3*w^1 + 1 + 0*2^64 + 0*2^128 + 0*2^192*x^1*y^9*z^1*w^1 + 1 + 0*2^64 + 0*2^128 + 0*2^192*y^11*w^1 + 1 + 0*2^64 + 0*2^128 + 0*2^192*z^15 + 1 + 0*2^64 + 0*2^128 + 0*2^192*z^1*w^3


Allocate G_len 20 elements and old = 0.
Allocate M_len = 400 elements.
Allocate G_len 40 elements and old = 20.
Allocate M_len = 800 elements.
Allocate G_len 80 elements and old = 40.
Allocate M_len = 1600 elements.
Allocate M_len = 3200 elements.
Allocate G_len 160 elements and old = 80.
Allocate M_len = 6400 elements.
Allocate M_len = 12800 elements.
Allocate G_len 320 elements and old = 160.
Allocate M_len = 25600 elements.
Allocate M_len = 51200 elements.
Allocate G_len 640 elements and old = 320.
Allocate M_len = 102400 elements.
Allocate M_len = 204800 elements.
Allocate G_len 1280 elements and old = 640.
Allocate M_len = 409600 elements.
The final length of G is 637
[4, 3, 4, 0, 0]  	341	5 
[16, 0, 0, 0, 0]  	464	5  <--- 1
[3, 5, 3, 1, 0]  	495	4 
[0, 0, 15, 0, 0]  	495	2  <--- 3
[3, 7, 2, 1, 0]  	524	6 
[2, 9, 2, 1, 0]  	557	5 
[15, 5, 3, 0, 0]  	689	5 
[4, 3, 1, 3, 0]  	704	5 
[14, 9, 1, 0, 0]  	718	5 
[14, 7, 3, 0, 0]  	722	6 
[3, 5, 2, 3, 0]  	770	6 
[2, 7, 1, 3, 0]  	770	4 
[15, 11, 0, 0, 0]  	776	5 
[2, 9, 14, 0, 0]  	799	7 
[0, 11, 14, 0, 0]  	803	2 
[15, 0, 2, 2, 0]  	809	6 
[15, 5, 2, 1, 0]  	810	5 
[14, 0, 3, 2, 0]  	813	7 
[13, 0, 4, 2, 0]  	817	6 
[12, 0, 5, 2, 0]  	821	9 
[1, 11, 0, 3, 0]  	832	5 
[14, 9, 0, 1, 0]  	839	5 
[4, 9, 0, 3, 0]  	857	9 
[13, 11, 0, 1, 0]  	872	4 
[12, 11, 1, 1, 0]  	876	13 
[4, 0, 14, 2, 0]  	886	8 
[2, 13, 13, 0, 0]  	890	7 
[3, 5, 1, 4, 0]  	891	4 
[15, 0, 14, 0, 0]  	897	4 
[14, 0, 1, 3, 0]  	901	6 
[12, 13, 0, 1, 0]  	905	12 
[12, 0, 3, 3, 0]  	909	11 
[11, 2, 2, 3, 0]  	909	11 
[11, 18, 1, 0, 0]  	910	7 
[3, 2, 14, 2, 0]  	919	8 
[1, 9, 14, 1, 0]  	924	4 
[13, 2, 1, 3, 0]  	934	10 
[14, 5, 2, 2, 0]  	935	9 
[8, 8, 0, 3, 0]  	942	10 
[10, 18, 3, 0, 0]  	947	6 
[2, 9, 0, 4, 0]  	953	5 
[1, 11, 13, 1, 0]  	953	5 
[14, 18, 0, 0, 0]  	964	8 
[12, 5, 0, 3, 0]  	965	12 
[11, 6, 0, 3, 0]  	967	11 
[12, 20, 0, 0, 0]  	968	9 
[10, 7, 0, 3, 0]  	969	12 
[10, 17, 0, 1, 0]  	971	11 
[6, 1, 0, 5, 0]  	975	9 
[10, 20, 2, 0, 0]  	976	12 
[4, 3, 0, 5, 0]  	979	8 
[9, 20, 3, 0, 0]  	980	12 
[2, 0, 14, 3, 0]  	982	6 
[0, 2, 14, 3, 0]  	986	2 
[15, 3, 0, 3, 0]  	990	12 
[9, 0, 13, 2, 0]  	998	11 
[8, 1, 13, 2, 0]  	1000	9 
[11, 22, 0, 0, 0]  	1001	11 
[8, 0, 0, 5, 0]  	1002	10 
[10, 22, 1, 0, 0]  	1005	12 
[3, 19, 10, 0, 0]  	1006	8 
[3, 18, 11, 0, 0]  	1008	7 
[2, 20, 10, 0, 0]  	1008	7 
[9, 0, 4, 4, 0]  	1009	10 
[3, 5, 0, 5, 0]  	1012	8 
[8, 22, 3, 0, 0]  	1013	10 
[3, 22, 8, 0, 0]  	1033	10 
[8, 21, 0, 1, 0]  	1037	8 
[1, 22, 10, 0, 0]  	1041	6 
[1, 15, 12, 1, 0]  	1044	4 
[5, 1, 3, 5, 0]  	1045	8 
[2, 7, 14, 2, 0]  	1045	7 
[8, 0, 6, 4, 0]  	1046	9 
[7, 2, 5, 4, 0]  	1046	8 
[4, 0, 10, 4, 0]  	1062	10 
[3, 1, 10, 4, 0]  	1064	8 
[3, 0, 11, 4, 0]  	1066	7 
[2, 2, 10, 4, 0]  	1066	7 
[10, 2, 3, 4, 0]  	1067	9 
[2, 0, 12, 4, 0]  	1070	7 
[7, 0, 3, 5, 0]  	1072	7 
[1, 17, 11, 1, 0]  	1073	4 
[1, 11, 12, 2, 0]  	1074	5 
[1, 20, 13, 0, 0]  	1078	5 
[1, 9, 0, 5, 0]  	1078	5 
[4, 2, 9, 4, 0]  	1091	9 
[3, 25, 7, 0, 0]  	1093	8 
[3, 3, 9, 4, 0]  	1093	9 
[2, 26, 7, 0, 0]  	1095	6 
[2, 4, 9, 4, 0]  	1095	6 
[10, 26, 0, 0, 0]  	1096	8 
[2, 24, 9, 0, 0]  	1099	5 
[1, 26, 8, 0, 0]  	1099	5 
[1, 4, 10, 4, 0]  	1099	4 
[9, 26, 1, 0, 0]  	1100	9 
[8, 27, 1, 0, 0]  	1102	8 
[1, 19, 10, 1, 0]  	1102	4 
[6, 25, 0, 1, 0]  	1103	4 
[1, 2, 12, 4, 0]  	1103	4 
[8, 26, 2, 0, 0]  	1104	10 
[1, 0, 0, 7, 0]  	1107	4 
[2, 1, 8, 5, 0]  	1123	4 
[1, 3, 7, 5, 0]  	1123	4 
[2, 6, 8, 4, 0]  	1124	6 
[1, 2, 8, 5, 0]  	1125	4 
[6, 2, 13, 3, 0]  	1127	4 
[1, 1, 9, 5, 0]  	1127	4 
[1, 28, 7, 0, 0]  	1128	5 
[1, 6, 9, 4, 0]  	1128	4 
[9, 28, 0, 0, 0]  	1129	6 
[1, 0, 10, 5, 0]  	1129	4 
[1, 21, 9, 1, 0]  	1131	4 
[1, 10, 10, 3, 0]  	1131	4 
[1, 15, 10, 2, 0]  	1132	4 
[1, 9, 11, 3, 0]  	1133	4 
[2, 5, 5, 5, 0]  	1148	4 
[1, 7, 4, 5, 0]  	1148	4 
[8, 2, 12, 3, 0]  	1152	4 
[1, 5, 6, 5, 0]  	1152	4 
[1, 10, 6, 4, 0]  	1153	5 
[3, 0, 9, 5, 0]  	1154	4 
[1, 9, 7, 4, 0]  	1155	5 
[1, 8, 8, 4, 0]  	1157	4 
[1, 23, 8, 1, 0]  	1160	4 
[0, 30, 7, 0, 0]  	1161	3 
[8, 30, 0, 0, 0]  	1162	5 
[0, 17, 10, 2, 0]  	1165	2 
[4, 29, 0, 1, 0]  	1169	3 
[2, 1, 5, 6, 0]  	1178	7 
[2, 33, 3, 0, 0]  	1180	8 
[2, 32, 4, 0, 0]  	1182	7 
[1, 33, 4, 0, 0]  	1184	6 
[0, 29, 4, 1, 0]  	1185	3 
[1, 32, 5, 0, 0]  	1186	5 
[1, 26, 6, 1, 0]  	1187	2 
[0, 33, 5, 0, 0]  	1188	4 
[1, 25, 7, 1, 0]  	1189	4 
[0, 32, 6, 0, 0]  	1190	3 
[7, 32, 0, 0, 0]  	1195	5 
[6, 33, 0, 0, 0]  	1197	7 
[0, 28, 10, 0, 0]  	1198	1 
[0, 6, 12, 4, 0]  	1198	1 
[6, 32, 1, 0, 0]  	1199	6 
[2, 7, 0, 6, 0]  	1199	4 
[5, 33, 1, 0, 0]  	1201	9 
[5, 32, 2, 0, 0]  	1203	10 
[4, 33, 2, 0, 0]  	1205	8 
[4, 32, 3, 0, 0]  	1207	8 
[3, 0, 6, 6, 0]  	1209	8 
[2, 0, 7, 6, 0]  	1213	7 
[1, 1, 7, 6, 0]  	1215	5 
[1, 0, 8, 6, 0]  	1217	5 
[0, 18, 6, 3, 0]  	1218	1 
[0, 7, 7, 5, 0]  	1218	1 
[0, 28, 6, 1, 0]  	1220	1 
[0, 17, 7, 3, 0]  	1220	1 
[0, 6, 8, 5, 0]  	1220	1 
[0, 21, 8, 2, 0]  	1223	2 
[0, 8, 11, 4, 0]  	1227	1 
[6, 0, 4, 6, 0]  	1230	6 
[0, 0, 14, 5, 0]  	1232	2 
[5, 0, 5, 6, 0]  	1234	8 
[2, 33, 0, 1, 0]  	1235	3 
[3, 3, 4, 6, 0]  	1236	6 
[1, 5, 4, 6, 0]  	1240	5 
[0, 33, 2, 1, 0]  	1243	3 
[1, 36, 3, 0, 0]  	1244	5 
[1, 3, 6, 6, 0]  	1244	5 
[0, 20, 5, 3, 0]  	1247	1 
[0, 9, 6, 5, 0]  	1247	1 
[0, 36, 4, 0, 0]  	1248	4 
[0, 10, 10, 4, 0]  	1256	1 
[5, 36, 0, 0, 0]  	1261	5 
[0, 6, 0, 7, 0]  	1264	1 
[4, 36, 1, 0, 0]  	1265	6 
[1, 38, 2, 0, 0]  	1273	5 
[0, 22, 4, 3, 0]  	1276	1 
[0, 11, 5, 5, 0]  	1276	1 
[0, 0, 6, 7, 0]  	1276	1 
[0, 38, 3, 0, 0]  	1277	4 
[0, 25, 6, 2, 0]  	1281	2 
[0, 12, 9, 4, 0]  	1285	1 
[0, 1, 10, 6, 0]  	1285	1 
[0, 0, 11, 6, 0]  	1287	1 
[4, 38, 0, 0, 0]  	1294	5 
[0, 17, 0, 5, 0]  	1297	1 
[3, 38, 1, 0, 0]  	1298	7 
[0, 37, 0, 1, 0]  	1301	3 
[1, 40, 1, 0, 0]  	1302	5 
[0, 24, 3, 3, 0]  	1305	1 
[0, 13, 4, 5, 0]  	1305	1 
[0, 2, 5, 7, 0]  	1305	1 
[0, 40, 2, 0, 0]  	1306	4 
[0, 14, 8, 4, 0]  	1314	1 
[0, 3, 9, 6, 0]  	1314	1 
[3, 40, 0, 0, 0]  	1327	6 
[0, 28, 0, 3, 0]  	1330	1 
[0, 26, 2, 3, 0]  	1334	1 
[0, 15, 3, 5, 0]  	1334	1 
[0, 4, 4, 7, 0]  	1334	1 
[1, 29, 3, 2, 0]  	1335	5 
[0, 16, 7, 4, 0]  	1343	1 
[0, 5, 8, 6, 0]  	1343	1 
[2, 42, 0, 0, 0]  	1360	5 
[1, 31, 2, 2, 0]  	1364	6 
[0, 0, 0, 9, 0]  	1386	1  <--- 4
[1, 44, 0, 0, 0]  	1393	5 
[0, 46, 0, 0, 0]  	1426	2  <--- 2
[2, 11, 1, 1, 1]  	586	6 
[13, 9, 3, 0, 1]  	755	6 
[13, 11, 2, 0, 1]  	784	7 
[12, 11, 3, 0, 1]  	788	8 
[3, 9, 0, 3, 1]  	828	8 
[1, 20, 1, 1, 1]  	836	5 
[13, 9, 1, 1, 1]  	843	4 
[3, 11, 13, 0, 1]  	857	8 
[12, 0, 2, 3, 1]  	876	12 
[13, 5, 2, 2, 1]  	906	10 
[11, 16, 3, 0, 1]  	914	7 
[11, 15, 0, 1, 1]  	938	11 
[9, 19, 0, 1, 1]  	1004	9 
[11, 0, 3, 4, 1]  	1034	8 
[10, 24, 0, 0, 1]  	1034	10 
[3, 21, 9, 0, 1]  	1035	9 
[2, 22, 9, 0, 1]  	1037	8 
[2, 7, 0, 5, 1]  	1045	6 
[1, 15, 8, 2, 1]  	1066	5 
[7, 23, 0, 1, 1]  	1070	6 
[1, 13, 10, 2, 1]  	1070	5 
[1, 17, 7, 2, 1]  	1095	5 
[1, 0, 14, 4, 1]  	1107	4 
[7, 2, 12, 3, 1]  	1123	4 
[1, 19, 6, 2, 1]  	1124	5 
[2, 0, 9, 5, 1]  	1125	4 
[0, 28, 8, 0, 1]  	1132	3 
[5, 27, 0, 1, 1]  	1136	4 
[6, 32, 0, 0, 1]  	1166	5 
[0, 15, 12, 2, 1]  	1169	2 
[4, 32, 2, 0, 1]  	1174	8 
[0, 28, 5, 1, 1]  	1187	3 
[0, 16, 7, 3, 1]  	1189	2 
[0, 15, 8, 3, 1]  	1191	2 
[0, 19, 9, 2, 1]  	1194	2 
[3, 31, 0, 1, 1]  	1202	3 
[0, 31, 3, 1, 1]  	1214	3 
[0, 15, 0, 5, 1]  	1235	2 
[0, 23, 7, 2, 1]  	1252	3 
[0, 11, 9, 4, 1]  	1254	2 
[1, 35, 0, 1, 1]  	1268	4 
[0, 35, 1, 1, 1]  	1272	4 
[0, 27, 5, 2, 1]  	1310	3 
[0, 42, 1, 0, 1]  	1335	4 
[0, 44, 0, 0, 1]  	1364	5 
[4, 3, 3, 1, 2]  	462	5 
[2, 0, 3, 3, 2]  	619	5 
[14, 5, 2, 1, 2]  	781	8 
[10, 2, 2, 3, 2]  	880	11 
[2, 0, 2, 5, 2]  	894	5 
[4, 0, 1, 5, 2]  	919	7 
[10, 16, 0, 1, 2]  	940	12 
[9, 7, 0, 3, 2]  	940	11 
[4, 2, 0, 5, 2]  	948	8 
[9, 18, 0, 1, 2]  	973	11 
[7, 0, 0, 5, 2]  	973	10 
[3, 16, 12, 0, 2]  	979	8 
[2, 0, 0, 6, 2]  	982	5 
[8, 20, 0, 1, 2]  	1006	9 
[8, 24, 1, 0, 2]  	1009	11 
[1, 24, 8, 0, 2]  	1037	6 
[7, 22, 0, 1, 2]  	1039	8 
[2, 25, 7, 0, 2]  	1064	8 
[1, 26, 7, 0, 2]  	1066	5 
[9, 27, 0, 0, 2]  	1098	6 
[7, 26, 3, 0, 2]  	1108	9 
[1, 5, 5, 5, 2]  	1119	4 
[1, 4, 6, 5, 2]  	1121	4 
[3, 27, 6, 0, 2]  	1122	8 
[2, 28, 6, 0, 2]  	1124	6 
[8, 29, 0, 0, 2]  	1131	7 
[6, 31, 0, 0, 2]  	1135	6 
[7, 28, 2, 0, 2]  	1137	10 
[5, 32, 0, 0, 2]  	1137	8 
[5, 31, 1, 0, 2]  	1139	9 
[0, 24, 12, 0, 2]  	1140	3 
[6, 28, 3, 0, 2]  	1141	10 
[3, 29, 5, 0, 2]  	1151	7 
[2, 31, 4, 0, 2]  	1151	7 
[2, 30, 5, 0, 2]  	1153	6 
[1, 32, 4, 0, 2]  	1153	5 
[1, 31, 5, 0, 2]  	1155	5 
[0, 25, 7, 1, 2]  	1160	3 
[0, 24, 8, 1, 2]  	1162	3 
[0, 26, 11, 0, 2]  	1169	3 
[6, 30, 2, 0, 2]  	1170	9 
[4, 34, 0, 0, 2]  	1170	7 
[4, 31, 3, 0, 2]  	1176	7 
[1, 34, 3, 0, 2]  	1182	6 
[1, 1, 6, 6, 2]  	1182	5 
[1, 0, 7, 6, 2]  	1184	5 
[0, 18, 5, 3, 2]  	1185	2 
[0, 34, 4, 0, 2]  	1186	4 
[0, 17, 6, 3, 2]  	1187	2 
[0, 27, 6, 1, 2]  	1189	3 
[0, 24, 0, 3, 2]  	1206	3 
[0, 22, 2, 3, 2]  	1210	3 
[1, 3, 5, 6, 2]  	1211	5 
[0, 20, 4, 3, 2]  	1214	2 
[0, 22, 7, 2, 2]  	1221	3 
[2, 36, 2, 0, 2]  	1240	6 
[0, 11, 4, 5, 2]  	1243	2 
[0, 12, 8, 4, 2]  	1252	2 
[2, 38, 1, 0, 2]  	1269	6 
[0, 13, 3, 5, 2]  	1272	2 
[0, 14, 7, 4, 2]  	1281	2 
[0, 16, 6, 4, 2]  	1310	2 
[13, 0, 3, 2, 3]  	784	9 
[12, 11, 0, 1, 3]  	843	6 
[2, 0, 1, 5, 3]  	861	5 
[12, 2, 1, 3, 3]  	905	10 
[13, 16, 1, 0, 3]  	906	11 
[11, 5, 0, 3, 3]  	936	10 
[10, 6, 0, 3, 3]  	938	10 
[11, 20, 0, 0, 3]  	939	10 
[8, 0, 13, 2, 3]  	969	9 
[7, 1, 13, 2, 3]  	971	9 
[10, 22, 0, 0, 3]  	972	10 
[3, 20, 9, 0, 3]  	1004	7 
[0, 27, 5, 1, 3]  	1156	3 
[1, 30, 6, 0, 3]  	1157	4 
[0, 26, 6, 1, 3]  	1158	3 
[7, 30, 1, 0, 3]  	1166	7 
[5, 30, 3, 0, 3]  	1174	9 
[15, 1, 0, 0, 4]  	466	4 
[14, 5, 3, 0, 4]  	660	8 
[13, 9, 1, 0, 4]  	689	7 
[13, 7, 3, 0, 4]  	693	9 
[14, 11, 0, 0, 4]  	747	6 
[12, 11, 2, 0, 4]  	755	9 
[15, 0, 1, 2, 4]  	776	3 
[14, 0, 2, 2, 4]  	780	6 
[12, 0, 4, 2, 4]  	788	8 
[11, 0, 5, 2, 4]  	792	14 
[13, 9, 0, 1, 4]  	810	7 
[11, 0, 2, 3, 4]  	847	11 
[14, 0, 14, 0, 4]  	868	6 
[13, 0, 1, 3, 4]  	872	7 
[11, 13, 0, 1, 4]  	876	11 
[12, 16, 1, 0, 4]  	877	11 
[10, 18, 1, 0, 4]  	881	9 
[10, 15, 0, 1, 4]  	909	10 
[9, 16, 0, 1, 4]  	911	12 
[8, 17, 0, 1, 4]  	913	11 
[9, 18, 3, 0, 4]  	918	9 
[13, 18, 0, 0, 4]  	935	8 
[7, 19, 0, 1, 4]  	946	10 
[9, 20, 2, 0, 4]  	947	9 
[8, 20, 3, 0, 4]  	951	9 
[14, 3, 0, 3, 4]  	961	11 
[9, 22, 1, 0, 4]  	976	9 
[6, 21, 0, 1, 4]  	979	10 
[7, 24, 1, 0, 4]  	980	9 
[7, 22, 3, 0, 4]  	984	8 
[9, 24, 0, 0, 4]  	1005	9 
[5, 23, 0, 1, 4]  	1012	9 
[2, 18, 12, 0, 4]  	1012	7 
[8, 26, 0, 0, 4]  	1038	9 
[3, 24, 7, 0, 4]  	1062	9 
[7, 28, 0, 0, 4]  	1071	8 
[6, 27, 2, 0, 4]  	1077	7 
[4, 30, 1, 0, 4]  	1079	7 
[6, 30, 0, 0, 4]  	1104	7 
[6, 29, 1, 0, 4]  	1106	7 
[4, 27, 0, 1, 4]  	1107	4 
[3, 30, 3, 0, 4]  	1116	6 
[0, 26, 10, 0, 4]  	1136	3 
[3, 29, 0, 1, 4]  	1140	3 
[5, 29, 3, 0, 4]  	1143	9 
[3, 32, 2, 0, 4]  	1145	6 
[2, 31, 0, 1, 4]  	1173	3 
[3, 34, 1, 0, 4]  	1174	7 
[3, 36, 0, 0, 4]  	1203	7 
[1, 33, 0, 1, 4]  	1206	3 
[0, 36, 3, 0, 4]  	1215	4 
[0, 23, 6, 2, 4]  	1219	3 
[0, 35, 0, 1, 4]  	1239	3 
[2, 40, 0, 0, 4]  	1298	5 
[1, 42, 0, 0, 4]  	1331	4 
[12, 9, 3, 0, 5]  	726	9 
[11, 11, 3, 0, 5]  	759	11 
[12, 9, 1, 1, 5]  	814	7 
[10, 16, 3, 0, 5]  	885	10 
[6, 24, 3, 0, 6]  	1017	6 
[2, 23, 8, 0, 6]  	1035	7 
[4, 25, 0, 1, 6]  	1045	6 
[6, 26, 2, 0, 6]  	1046	7 
[5, 26, 3, 0, 6]  	1050	7 
[6, 28, 1, 0, 6]  	1075	7 
[3, 27, 0, 1, 6]  	1078	5 
[4, 28, 3, 0, 6]  	1083	7 
[3, 26, 6, 0, 6]  	1091	9 
[2, 27, 6, 0, 6]  	1093	8 
[2, 29, 0, 1, 6]  	1111	4 
[3, 28, 5, 0, 6]  	1120	8 
[2, 29, 5, 0, 6]  	1122	7 
[1, 31, 0, 1, 6]  	1144	4 
[0, 33, 0, 1, 6]  	1177	4 
[1, 36, 1, 0, 6]  	1178	6 
[0, 25, 5, 2, 6]  	1248	3 
[13, 2, 14, 0, 8]  	901	6 
[13, 3, 0, 3, 8]  	932	10 
[10, 0, 12, 2, 8]  	994	9 
[1, 28, 6, 0, 8]  	1095	5 
[1, 30, 5, 0, 8]  	1124	5 
[2, 32, 3, 0, 8]  	1149	6 
[0, 28, 4, 1, 8]  	1154	3 
[2, 35, 2, 0, 8]  	1209	6 
[2, 38, 0, 0, 8]  	1236	6 
[0, 38, 2, 0, 8]  	1244	4 
[0, 27, 4, 2, 8]  	1277	3 
[0, 42, 0, 0, 8]  	1302	4 
[3, 28, 4, 0, 10]  	1087	7 
[0, 29, 3, 1, 10]  	1152	3 
[1, 40, 0, 0, 10]  	1269	5 
[0, 40, 1, 0, 10]  	1273	4 
[12, 4, 0, 3, 12]  	934	8 
[9, 0, 12, 2, 12]  	965	9 
[2, 30, 4, 0, 12]  	1120	6 
[1, 35, 2, 0, 12]  	1180	6 
[3, 26, 5, 0, 14]  	1058	7 
[0, 31, 2, 1, 15]  	1181	3 
[8, 1, 12, 2, 16]  	967	7 
[1, 30, 4, 0, 16]  	1091	6 
[1, 33, 3, 0, 16]  	1151	6 
[3, 24, 6, 0, 18]  	1029	6 
[3, 22, 7, 0, 20]  	1000	7 
[2, 26, 6, 0, 20]  	1062	6 
[2, 24, 7, 0, 24]  	1033	6 
[1, 29, 5, 0, 24]  	1093	6 
[1, 27, 6, 0, 28]  	1064	6 
[1, 16, 7, 2, 229]  	1064	4 
[1, 15, 7, 2, 233]  	1033	4 
[1, 18, 6, 2, 233]  	1093	4 
[1, 9, 6, 4, 236]  	1122	3 
[1, 15, 6, 2, 237]  	1000	4 
[1, 17, 5, 2, 239]  	1029	5 
[1, 0, 6, 6, 240]  	1151	5 
[1, 15, 5, 2, 241]  	967	4 
[0, 20, 3, 3, 243]  	1181	2 
[1, 9, 5, 4, 244]  	1089	3 
[1, 15, 4, 2, 245]  	934	4 
[1, 18, 13, 0, 245]  	1016	5 
[1, 7, 1, 5, 246]  	1049	4 
[1, 4, 5, 5, 246]  	1088	3 
[1, 8, 11, 3, 246]  	1102	3 
[1, 7, 12, 3, 246]  	1104	3 
[1, 7, 0, 6, 246]  	1170	3 
[1, 2, 5, 6, 246]  	1180	3 
[1, 16, 13, 0, 247]  	954	5 
[2, 5, 14, 2, 247]  	983	6 
[2, 7, 13, 2, 247]  	1012	6 
[1, 19, 9, 1, 247]  	1069	4 
[1, 18, 10, 1, 247]  	1071	4 
[1, 5, 1, 5, 248]  	987	4 
[1, 8, 4, 4, 248]  	1025	2 
[1, 19, 8, 1, 248]  	1036	4 
[1, 6, 7, 4, 248]  	1062	4 
[1, 6, 12, 3, 248]  	1073	3 
[1, 5, 13, 3, 248]  	1075	3 
[1, 5, 0, 6, 248]  	1108	3 
[0, 18, 3, 3, 248]  	1119	2 
[1, 19, 1, 1, 249]  	805	4 
[1, 14, 13, 0, 249]  	892	5 
[1, 15, 3, 2, 249]  	901	4 
[2, 3, 14, 2, 249]  	921	6 
[1, 17, 10, 1, 249]  	1040	4 
[1, 16, 11, 1, 249]  	1042	4 
[2, 6, 2, 3, 250]  	772	4 
[1, 3, 1, 5, 250]  	925	4 
[3, 3, 0, 5, 250]  	950	6 
[1, 6, 4, 4, 250]  	963	2 
[2, 18, 11, 0, 250]  	979	5 
[1, 17, 9, 1, 250]  	1007	4 
[1, 4, 13, 3, 250]  	1044	3 
[1, 3, 0, 6, 250]  	1046	3 
[0, 17, 2, 3, 250]  	1055	2 
[1, 10, 9, 3, 250]  	1098	3 
[1, 9, 10, 3, 250]  	1100	4 
[1, 0, 5, 6, 250]  	1118	3 
[0, 16, 3, 4, 250]  	1211	2 
[1, 17, 1, 1, 251]  	743	4 
[1, 13, 13, 0, 251]  	861	5 
[2, 2, 14, 2, 251]  	890	6 
[1, 15, 11, 1, 251]  	1011	4 
[1, 20, 11, 0, 251]  	1012	5 
[1, 14, 12, 1, 251]  	1013	4 
[1, 9, 13, 2, 251]  	1045	4 
[1, 10, 8, 3, 251]  	1065	4 
[1, 1, 8, 5, 251]  	1094	3 
[0, 0, 4, 7, 251]  	1210	1 
[2, 7, 3, 1, 252]  	528	3 
[2, 4, 2, 3, 252]  	710	4 
[1, 4, 3, 3, 252]  	714	2 
[1, 7, 2, 3, 252]  	774	2 
[3, 8, 14, 0, 252]  	797	7 
[1, 10, 14, 0, 252]  	801	5 
[4, 8, 0, 3, 252]  	826	7 
[2, 10, 0, 3, 252]  	830	5 
[1, 10, 1, 3, 252]  	834	3 
[2, 12, 13, 0, 252]  	859	7 
[2, 5, 1, 4, 252]  	862	4 
[1, 1, 1, 5, 252]  	863	4 
[3, 1, 14, 2, 252]  	888	8 
[1, 7, 1, 4, 252]  	895	3 
[4, 1, 0, 5, 252]  	917	9 
[3, 2, 0, 5, 252]  	919	7 
[2, 8, 0, 4, 252]  	922	4 
[1, 9, 0, 4, 252]  	924	4 
[3, 15, 12, 0, 252]  	948	8 
[2, 6, 12, 2, 252]  	948	4 
[2, 5, 13, 2, 252]  	950	4 
[3, 17, 11, 0, 252]  	977	8 
[1, 15, 10, 1, 252]  	978	4 
[1, 2, 13, 3, 252]  	982	2 
[2, 5, 0, 5, 252]  	983	5 
[1, 1, 0, 6, 252]  	984	2 
[1, 7, 14, 2, 252]  	1016	4 
[1, 25, 7, 0, 252]  	1035	5 
[0, 22, 12, 0, 252]  	1078	4 
[0, 0, 1, 7, 252]  	1111	1 
[0, 23, 8, 1, 252]  	1131	3 
[0, 1, 10, 5, 252]  	1131	1 
[0, 22, 9, 1, 252]  	1133	3 
[0, 0, 11, 5, 252]  	1133	1 
[0, 15, 11, 2, 252]  	1136	2 
[0, 2, 0, 7, 252]  	1140	1 
[0, 22, 0, 3, 252]  	1144	3 
[0, 14, 3, 4, 252]  	1149	2 
[0, 3, 9, 5, 252]  	1160	1 
[0, 4, 13, 4, 252]  	1169	1 
[0, 5, 8, 5, 252]  	1189	1 
[0, 11, 3, 5, 252]  	1210	2 
[0, 0, 0, 8, 252]  	1232	1 
[1, 11, 2, 1, 253]  	590	4 
[1, 15, 1, 1, 253]  	681	4 
[3, 6, 1, 3, 253]  	768	6 
[10, 5, 2, 2, 253]  	819	10 
[2, 5, 14, 1, 253]  	829	3 
[0, 1, 2, 5, 253]  	867	1 
[2, 5, 12, 2, 253]  	917	4 
[1, 2, 12, 3, 253]  	949	3 
[1, 0, 14, 3, 253]  	953	4 
[0, 2, 0, 6, 253]  	986	1 
[0, 1, 1, 6, 253]  	988	1 
[0, 4, 13, 3, 253]  	1015	1 
[0, 6, 12, 3, 253]  	1044	1 
[0, 9, 14, 2, 253]  	1049	1 
[1, 2, 11, 4, 253]  	1070	3 
[0, 8, 11, 3, 253]  	1073	1 
[1, 0, 13, 4, 253]  	1074	3 
[0, 11, 13, 2, 253]  	1078	2 
[0, 0, 14, 4, 253]  	1078	2 
[0, 9, 1, 5, 253]  	1082	1 
[1, 0, 9, 5, 253]  	1096	2 
[0, 11, 9, 3, 253]  	1100	2 
[0, 10, 10, 3, 253]  	1102	1 
[0, 13, 12, 2, 253]  	1107	2 
[0, 11, 0, 5, 253]  	1111	1 
[0, 32, 5, 0, 253]  	1157	2 
[0, 14, 8, 3, 253]  	1160	1 
[3, 5, 2, 1, 254]  	462	4 
[3, 3, 4, 1, 254]  	466	3 
[2, 5, 3, 1, 254]  	466	2 
[2, 2, 2, 3, 254]  	648	4 
[1, 2, 3, 3, 254]  	652	2 
[2, 7, 14, 0, 254]  	737	5 
[1, 9, 14, 0, 254]  	770	3 
[4, 7, 0, 3, 254]  	795	6 
[2, 9, 0, 3, 254]  	799	4 
[1, 9, 1, 3, 254]  	803	3 
[2, 11, 13, 0, 254]  	828	7 
[3, 3, 1, 4, 254]  	829	3 
[1, 0, 1, 5, 254]  	832	3 
[0, 0, 2, 5, 254]  	836	1 
[3, 0, 14, 2, 254]  	857	4 
[0, 12, 1, 3, 254]  	867	2 
[4, 0, 0, 5, 254]  	886	7 
[2, 7, 0, 4, 254]  	891	3 
[1, 0, 0, 6, 254]  	953	2 
[0, 12, 13, 1, 254]  	955	3 
[0, 1, 14, 3, 254]  	955	2 
[0, 0, 1, 6, 254]  	957	1 
[2, 19, 10, 0, 254]  	977	5 
[1, 20, 10, 0, 254]  	979	4 
[0, 12, 0, 4, 254]  	988	2 
[0, 15, 12, 1, 254]  	1015	2 
[3, 30, 0, 0, 254]  	1017	5 
[0, 17, 11, 1, 254]  	1044	2 
[0, 20, 13, 0, 254]  	1049	3 
[1, 30, 3, 0, 254]  	1058	5 
[0, 19, 10, 1, 254]  	1073	2 
[0, 20, 0, 3, 254]  	1082	2 
[0, 21, 9, 1, 254]  	1102	2 
[0, 24, 11, 0, 254]  	1107	3 
[0, 33, 3, 0, 254]  	1122	2 
[0, 32, 4, 0, 254]  	1124	2 
[1, 2, 1, 3, 255]  	586	3 
[0, 2, 2, 3, 255]  	590	1 
[1, 13, 1, 1, 255]  	619	4 
[3, 5, 0, 3, 255]  	704	4 
[11, 0, 3, 2, 255]  	726	8 
[1, 9, 0, 3, 255]  	770	3 
[0, 9, 1, 3, 255]  	774	1 
[2, 0, 13, 2, 255]  	795	4 
[1, 0, 0, 5, 255]  	799	3 
[0, 11, 0, 3, 255]  	803	2 
[11, 11, 0, 1, 255]  	814	6 
[0, 13, 13, 0, 255]  	832	2 
[9, 18, 1, 0, 255]  	852	9 
[1, 7, 14, 1, 255]  	862	3 
[9, 20, 0, 0, 255]  	881	8 
[0, 11, 12, 1, 255]  	891	2 
[0, 9, 14, 1, 255]  	895	1 
[1, 0, 13, 3, 255]  	920	3 
[0, 0, 14, 3, 255]  	924	2 
[0, 0, 0, 6, 255]  	924	1 
[2, 18, 10, 0, 255]  	946	3 
[1, 8, 11, 2, 255]  	948	2 
[1, 7, 12, 2, 255]  	950	2 
[1, 21, 9, 0, 255]  	977	2 
[0, 15, 11, 1, 255]  	982	2 
[0, 17, 10, 1, 255]  	1011	1 
[0, 19, 9, 1, 255]  	1040	2 
[0, 24, 9, 0, 255]  	1041	3 
[0, 22, 11, 0, 255]  	1045	3 
[0, 22, 7, 1, 255]  	1067	3 
[0, 21, 8, 1, 255]  	1069	1 
[0, 25, 6, 1, 255]  	1127	1 
------
The gap is between 29 and 228.
Lengths: 5 5 6 9 5 9.
For 1238 = 3*d-d1-d2-d3-d4 you get 5 in char 0.
1 + 0*2^64 + 0*2^128 + 0*2^192*x^1*y^39
1 + 0*2^64 + 0*2^128 + 0*2^192*x^1*y^6*z^3*w^6
1 + 0*2^64 + 0*2^128 + 0*2^192*y^30*w^2
1 + 0*2^64 + 0*2^128 + 0*2^192*y^19*z^1*w^4
1 + 0*2^64 + 0*2^128 + 0*2^192*y^8*z^2*w^6

For 743 = 2*d-d1-d2-d3-d4 you get 6 in char 0.
1 + 0*2^64 + 0*2^128 + 0*2^192*x^15*w^2
1 + 0*2^64 + 0*2^128 + 0*2^192*x^9*y^1*z^9*w^1
1 + 0*2^64 + 0*2^128 + 0*2^192*x^1*y^17*z^1*w^1
1 + 0*2^64 + 0*2^128 + 0*2^192*x^1*y^6*z^2*w^3
1 + 0*2^64 + 0*2^128 + 0*2^192*y^19*w^1
1 + 0*2^64 + 0*2^128 + 0*2^192*y^8*z^1*w^3

For 248 = d-d1-d2-d3-d4 you get 5 in char 0.
1 + 0*2^64 + 0*2^128 + 0*2^192*x^4*z^4
1 + 0*2^64 + 0*2^128 + 0*2^192*x^3*y^2*z^3
1 + 0*2^64 + 0*2^128 + 0*2^192*x^2*y^4*z^2
1 + 0*2^64 + 0*2^128 + 0*2^192*x^1*y^6*z^1
1 + 0*2^64 + 0*2^128 + 0*2^192*y^8

Extra powers of p used 9.
The invariant extra is equal to 33.
Start computing 2^4 Delta^1 (x1x2x3x4)^1... Done.
Start computing 2^5 Delta^2 (x1x2x3x4)^1... Done.
Start computing 2^6 Delta^3 (x1x2x3x4)^1... Done.
Start computing 2^7 Delta^4 (x1x2x3x4)^1... Done.
Start computing 2^8 Delta^5 (x1x2x3x4)^1... Done.
Start computing 2^9 Delta^6 (x1x2x3x4)^1... Done.
Start computing 2^10 Delta^7 (x1x2x3x4)^1... Done.
Start computing 2^11 Delta^8 (x1x2x3x4)^1... Done.
Start computing 2^12 Delta^9 (x1x2x3x4)^1... Done.
Start computing 2^13 Delta^10 (x1x2x3x4)^1... Done.
Start computing 2^14 Delta^11 (x1x2x3x4)^1... Done.
Start computing 2^15 Delta^12 (x1x2x3x4)^1... Done.
Start computing 2^16 Delta^13 (x1x2x3x4)^1... Done.
Start computing 2^17 Delta^14 (x1x2x3x4)^1... Done.
Start computing 2^18 Delta^15 (x1x2x3x4)^1... Done.
Start computing 2^19 Delta^16 (x1x2x3x4)^1... Done.
Start computing 2^20 Delta^17 (x1x2x3x4)^1... Done.
Start computing 2^21 Delta^18 (x1x2x3x4)^1... Done.
Start computing 2^22 Delta^19 (x1x2x3x4)^1... Done.
Start computing 2^23 Delta^20 (x1x2x3x4)^1... Done.
Start computing 2^24 Delta^21 (x1x2x3x4)^1... Done.
Start computing 2^25 Delta^22 (x1x2x3x4)^1... Done.
Start computing 2^26 Delta^23 (x1x2x3x4)^1... Done.
Start computing 2^27 Delta^24 (x1x2x3x4)^1... Done.
Start computing 2^28 Delta^25 (x1x2x3x4)^1... Done.
Start computing 2^29 Delta^26 (x1x2x3x4)^1... Done.
Start computing 2^30 Delta^27 (x1x2x3x4)^1... Done.
Start computing 2^31 Delta^28 (x1x2x3x4)^1... Done.
Start computing 2^32 Delta^29 (x1x2x3x4)^1... Done.
Start computing 2^33 Delta^30 (x1x2x3x4)^1... Done.
Start computing 2^34 Delta^31 (x1x2x3x4)^1... Done.
Start computing 2^35 Delta^32 (x1x2x3x4)^1... Done.
Start computing 2^36 Delta^33 (x1x2x3x4)^1... Done.
Start computing 2^37 Delta^34 (x1x2x3x4)^1... Done.
Start computing 2^38 Delta^35 (x1x2x3x4)^1... Done.
Start computing aa.
1 2 3 4 5 6 7 8 9 10 11 12 13 14 15 16 
*/
A = \
[13175345411859221504 + 1558444060868219554*2^64 + 17607410311702237871*2^128 + 404912060871*2^192,3634497851360712704 + 14122522058931169279*2^64 + 17754438602863815827*2^128 + 3798731642*2^192,15420906928692114432 + 3354076451036561158*2^64 + 1540876042055625619*2^128 + 11510596544*2^192,16740646775471133696 + 10461130460960436567*2^64 + 18125626955001069866*2^128 + 455616190597*2^192,17238307592254982144 + 17914469218956912218*2^64 + 7829412358416205791*2^128 + 206517957956*2^192,16867765711236945920 + 3756994197794817171*2^64 + 4993293752629575690*2^128 + 301209967880*2^192,4287945949346775040 + 9564847815660068789*2^64 + 17546000946144215800*2^128 + 125745798176*2^192,17489345752482822144 + 9606552514937739067*2^64 + 2415694331737012920*2^128 + 103688831488*2^192,8017414087853785088 + 7940820843915978087*2^64 + 17607674203893728399*2^128 + 392392740813*2^192,16035750172405438464 + 13515139307828628464*2^64 + 3186537624939081329*2^128 + 6285838686*2^192,3215266129254047744 + 18246723518324913218*2^64 + 8780633908891820519*2^128 + 244126452104*2^192,3847469899651231744 + 17333051023650040791*2^64 + 9331805512014235287*2^128 + 130882475685*2^192,3984022631145611264 + 9784213915178676851*2^64 + 15669372964078188802*2^128 + 486775588039*2^192,3397314127192825856 + 11264223319647883929*2^64 + 3470383031594486426*2^128 + 392561457753*2^192,5195268129932664832 + 16584206511128922060*2^64 + 10779984163802213343*2^128 + 428146970290*2^192,9514061639404920832 + 4920763928376719510*2^64 + 16939512491411538812*2^128 + 376578986785*2^192;\
15654681128194499746 + 13148259025633674029*2^64 + 767703406231503853*2^128 + 299638830386*2^192,5321235955145940648 + 2720073197862059571*2^64 + 731187119016636969*2^128 + 536341272566*2^192,18153437285755713132 + 18060732287916170665*2^64 + 4220579208165893655*2^128 + 126147609613*2^192,17849765049194701036 + 964870444789096664*2^64 + 10470043787368079413*2^128 + 35777430196*2^192,14840122724111954648 + 10173743080724301349*2^64 + 11732556635992800038*2^128 + 525818238304*2^192,17651528080883801960 + 2677803440236703835*2^64 + 7465873260945013360*2^128 + 76586213000*2^192,16399789279799249344 + 8323378489066908014*2^64 + 17984725874510925837*2^128 + 536598255095*2^192,9226555752796405736 + 16967383241702928033*2^64 + 5185952794209776048*2^128 + 403247990506*2^192,4295360454722502848 + 17650719010118058173*2^64 + 9314517883003451076*2^128 + 289633295405*2^192,11015283072598217800 + 12033710914721203767*2^64 + 9208013095072902838*2^128 + 108850152486*2^192,12173888319325216160 + 7333942981946993155*2^64 + 14576531766542672332*2^128 + 490757973682*2^192,17568173953611568608 + 6512566010878093596*2^64 + 5293752046354341156*2^128 + 127978383049*2^192,2822755832874319296 + 13303669578283468740*2^64 + 471460845759068314*2^128 + 446624305009*2^192,18102164739189873632 + 14219722018741276080*2^64 + 16213202873901483595*2^128 + 67560198186*2^192,9557224581066328736 + 17973950285285941321*2^64 + 607877842752703675*2^128 + 2021876128*2^192,1396193371891626592 + 4941260035784233143*2^64 + 17487167333643216549*2^128 + 406955975258*2^192;\
158647863514335744 + 11953235909426564155*2^64 + 14081894304148572862*2^128 + 449483485025*2^192,10601580945718956032 + 2001691593151685188*2^64 + 12752812681135751000*2^128 + 245113120458*2^192,5932404304170528256 + 1492237020412185743*2^64 + 16816333928198975122*2^128 + 422895618051*2^192,8284729036389031936 + 5848530379201075423*2^64 + 5781327543512999471*2^128 + 327780932366*2^192,16827186533493745664 + 5043594676442602815*2^64 + 13401121636373382212*2^128 + 442330950940*2^192,4016850180966316032 + 8110243185008679191*2^64 + 11109433879638861383*2^128 + 364639659421*2^192,10323465075761950720 + 12418823460614711481*2^64 + 1293514073887294519*2^128 + 251656090169*2^192,4320152935409977344 + 8679356491579713543*2^64 + 13930151678772379767*2^128 + 47194999798*2^192,5362164886093123584 + 11159498113959106025*2^64 + 6318892366085241407*2^128 + 378877945535*2^192,4641734406117756928 + 14655886100799295591*2^64 + 544266836713316760*2^128 + 50294304276*2^192,14472180010238005248 + 16639117971086531858*2^64 + 2880077047987997934*2^128 + 440150440684*2^192,6751952616368791552 + 8050291180572013716*2^64 + 17088825920543078189*2^128 + 488180511655*2^192,16940822416544006144 + 16835415616179710189*2^64 + 6540090777468613954*2^128 + 141530416309*2^192,6292350932771856384 + 16469307311370338612*2^64 + 4055418384340718467*2^128 + 144665775070*2^192,12150702111839125504 + 2307685199764448104*2^64 + 5562171354820579267*2^128 + 248065080185*2^192,17001073216042852352 + 6601100775388269867*2^64 + 16591272989089101176*2^128 + 111415551681*2^192;\
8013481618163605944 + 6814840915083276649*2^64 + 2168331819410660825*2^128 + 250749546957*2^192,10936066305497561696 + 17581759319832492558*2^64 + 7409153696970943503*2^128 + 122207079541*2^192,6862764182688977616 + 15492098965573626699*2^64 + 2818322411803253058*2^128 + 179708582867*2^192,6015937920259392976 + 1093960930179036995*2^64 + 6986088504837016134*2^128 + 518030777162*2^192,10045758222728955808 + 11150820093307424784*2^64 + 5461034511842118785*2^128 + 524548799378*2^192,5172883572484738912 + 2476626428686864710*2^64 + 9272187627846457362*2^128 + 171029348575*2^192,17019531298886068480 + 356781522619152528*2^64 + 590785461305569416*2^128 + 305329989880*2^192,1059234702281227616 + 12108630478678737649*2^64 + 7548118676417405594*2^128 + 43251749855*2^192,15141310283721991424 + 10849876747718472865*2^64 + 1578831389812726740*2^128 + 243240053475*2^192,7720335689054138336 + 9253764220902133523*2^64 + 12242304509623023718*2^128 + 392992112319*2^192,16621886892205428096 + 9531036796990710111*2^64 + 10821849367448913400*2^128 + 458729243191*2^192,15425897731891685504 + 8200231921706769587*2^64 + 8073917064260249525*2^128 + 446417748467*2^192,8625005072247044352 + 3497611015437121667*2^64 + 2978715954755557164*2^128 + 521968617632*2^192,10225512490459221120 + 10862242181164029176*2^64 + 1625547952069480785*2^128 + 517631525334*2^192,3832464509353871744 + 90312038845187877*2^64 + 9906858897103000181*2^128 + 284898161457*2^192,2481857694393950848 + 7373114841423303589*2^64 + 5482257893687726420*2^128 + 483333498288*2^192;\
5815383330175004392 + 8286994113186908672*2^64 + 11511977484950439340*2^128 + 244841772218*2^192,6362201828019259168 + 14630479683932085569*2^64 + 6653152575043414024*2^128 + 269107844986*2^192,17649115107978196080 + 11640615269232749172*2^64 + 8258822441168331063*2^128 + 198889794571*2^192,18056577023466083696 + 15300055225504152890*2^64 + 385983434475684206*2^128 + 251585206160*2^192,6752342896990149344 + 7873319979516344221*2^64 + 4072087070615286221*2^128 + 91826604383*2^192,8430481511100657184 + 13309398580367991670*2^64 + 18002676608374953246*2^128 + 302211572647*2^192,12607759943691244288 + 2585602463926833251*2^64 + 12116516138490292231*2^128 + 463098123044*2^192,16013184359977270816 + 2317112540760710174*2^64 + 8838906128228249687*2^128 + 414627532390*2^192,2283250253805672192 + 3093206754368868903*2^64 + 15868598659927211343*2^128 + 155122875377*2^192,12615231774551388576 + 16191103931375209732*2^64 + 2814446203757545115*2^128 + 155457638057*2^192,7808115872618711168 + 18017103715725115485*2^64 + 15280161627526345898*2^128 + 515004338099*2^192,10369395595105745536 + 13835701192789071914*2^64 + 17112318621952058642*2^128 + 158740158112*2^192,18323810895919036672 + 8499132898358552338*2^64 + 9677419777803670765*2^128 + 363744886298*2^192,14887762871873019264 + 11703219140898731382*2^64 + 10211064501506163485*2^128 + 270330795812*2^192,2718332892818050176 + 1145455237647245570*2^64 + 1598728671429202816*2^128 + 157463747397*2^192,9492681239303161728 + 10528951432705481107*2^64 + 11523192453721410595*2^128 + 200883862319*2^192;\
0 + 0*2^64 + 0*2^128 + 103079215104*2^192,0 + 0*2^64 + 0*2^128 + 103079215104*2^192,0 + 0*2^64 + 0*2^128 + 223338299392*2^192,0 + 0*2^64 + 0*2^128 + 223338299392*2^192,0 + 0*2^64 + 0*2^128 + 120259084288*2^192,2370916505391989760 + 6325141357730180679*2^64 + 10427833938274334500*2^128 + 27356983144*2^192,0 + 0*2^64 + 0*2^128 + 120259084288*2^192,0 + 0*2^64 + 0*2^128 + 120259084288*2^192,0 + 0*2^64 + 0*2^128 + 0*2^192,0 + 0*2^64 + 0*2^128 + 0*2^192,0 + 0*2^64 + 0*2^128 + 120259084288*2^192,0 + 0*2^64 + 0*2^128 + 0*2^192,0 + 0*2^64 + 0*2^128 + 120259084288*2^192,0 + 0*2^64 + 0*2^128 + 223338299392*2^192,0 + 0*2^64 + 0*2^128 + 223338299392*2^192,0 + 0*2^64 + 0*2^128 + 103079215104*2^192;\
1759754808217364608 + 7278348678074409550*2^64 + 9703688774527992467*2^128 + 43212626570*2^192,14839222228039393792 + 9654929983535642407*2^64 + 16295921042118965602*2^128 + 193520707525*2^192,12537468223022499584 + 16117869904855503786*2^64 + 6450413753124034285*2^128 + 167982541466*2^192,981482269114177280 + 2413507581024700470*2^64 + 11318758067544488477*2^128 + 145429185834*2^192,12077447669914709504 + 2347068843713917879*2^64 + 4467249913828113643*2^128 + 114618412581*2^192,4645400688538644992 + 3632145836745829031*2^64 + 15435474096394856803*2^128 + 133396402211*2^192,54611856819873792 + 12451601725129487086*2^64 + 10543613226193961015*2^128 + 3426379131*2^192,6662324066843566592 + 13650242660680012334*2^64 + 11406101289413929963*2^128 + 6416830242*2^192,15762183678049120256 + 17228893884816678716*2^64 + 11673702993855957874*2^128 + 212569717110*2^192,14747066490944477696 + 13033027122579251065*2^64 + 16677626216532586414*2^128 + 185472676225*2^192,4301549191369525248 + 4863257354612602418*2^64 + 5277856624370911052*2^128 + 217552804196*2^192,15009061517892087808 + 4584622410754279384*2^64 + 16736727836727009291*2^128 + 120370840286*2^192,1699711999009091584 + 12309535161936104046*2^64 + 1596135908843482944*2^128 + 243069831647*2^192,14426023206368073728 + 2587696752461935038*2^64 + 6757272988961279763*2^128 + 136015375585*2^192,2932239234590197760 + 15776134250011782208*2^64 + 1823856438343277466*2^128 + 15376180606*2^192,17478258725166020608 + 11261673804226449914*2^64 + 4065475367194181755*2^128 + 18494574727*2^192;\
13500978503217357086 + 12001785977461673560*2^64 + 16902509994078742998*2^128 + 447818008581*2^192,10997472847811207736 + 15871069985946546114*2^64 + 13075735537304681788*2^128 + 35116130135*2^192,10041843474804810020 + 495515942586997431*2^64 + 2146936436296991115*2^128 + 293112836271*2^192,5354447380897725668 + 16223516362062689413*2^64 + 5098187830774537812*2^128 + 20727479050*2^192,18340575415946960584 + 7593355852665088289*2^64 + 17026406083645784220*2^128 + 211266403656*2^192,5936637609191350968 + 16484096578110097435*2^64 + 10819532327322448246*2^128 + 297358172388*2^192,15807645146083295104 + 12475645398295041147*2^64 + 9955589254644010743*2^128 + 251840816052*2^192,11404237515763415672 + 9027457715529812209*2^64 + 2132342396734697924*2^128 + 15240907265*2^192,9354324938580693824 + 61646672864053404*2^64 + 4217980535433245249*2^128 + 221079561595*2^192,7699836371341415576 + 16994753657598549291*2^64 + 3939224384371440861*2^128 + 506907282464*2^192,2538585348034203616 + 8752192766485041198*2^64 + 2855248713065309176*2^128 + 541807670045*2^192,10147941589951082400 + 3165732327394268073*2^64 + 17006752055002969766*2^128 + 229159098582*2^192,7299439358199533056 + 15290266250312251827*2^64 + 15162694516791743002*2^128 + 402558781425*2^192,15187589932405781408 + 14131169718858035769*2^64 + 1974576149338560278*2^128 + 227312802553*2^192,17430905513384008416 + 12068090649706029175*2^64 + 5482895689576258489*2^128 + 545227242167*2^192,14350780405457350688 + 13150144479503453456*2^64 + 405617799347029896*2^128 + 279260526512*2^192;\
7339455839391508196 + 18396060418875945208*2^64 + 5304210717063601921*2^128 + 213693861013*2^192,4662693321884128032 + 6067413207716694463*2^64 + 9677644674961383807*2^128 + 342160988299*2^192,17166300136806536688 + 17981872369940965949*2^64 + 16815621287695818857*2^128 + 222037417322*2^192,16107302707698655312 + 18324218149772132508*2^64 + 3330134622887211748*2^128 + 86537551182*2^192,1857735314254653856 + 9566569052560334269*2^64 + 9902504220696877926*2^128 + 16026533197*2^192,14126051135294231424 + 6356510616462369712*2^64 + 14437280907721900578*2^128 + 374579816796*2^192,6722279301357546592 + 6652023274384952595*2^64 + 14695942801898582525*2^128 + 404514677097*2^192,15735308973738968032 + 780964922488907982*2^64 + 1491940799086253249*2^128 + 449913685795*2^192,14078617316508640128 + 3258506594478634120*2^64 + 10936467622742051373*2^128 + 514776747387*2^192,14213030068435146848 + 1973452569786181712*2^64 + 18204241734687151596*2^128 + 58136778246*2^192,7681072363183920512 + 13869631454232337561*2^64 + 1851924450000830659*2^128 + 237678978650*2^192,5442719845722079232 + 14261439630927777498*2^64 + 259408000085906025*2^128 + 523878734579*2^192,5549430729781413408 + 2908915641013661653*2^64 + 17311947310949347085*2^128 + 300919958785*2^192,13523012599111539968 + 3891530164610014327*2^64 + 10857068967065216412*2^128 + 203099858983*2^192,4058886208459725696 + 207179504024947509*2^64 + 14760443180328809352*2^128 + 42702804818*2^192,3608403469462104704 + 14287455249805460245*2^64 + 2855427255828538135*2^128 + 403231526116*2^192;\
4244257545791445424 + 11914242804795856339*2^64 + 5776322662247431425*2^128 + 279664320410*2^192,520688710673193632 + 15337501308751626760*2^64 + 17760428050751217184*2^128 + 434249455382*2^192,17655935456720455984 + 12842575231266224330*2^64 + 2345547459417961964*2^128 + 154184278253*2^192,13059830906624732912 + 7016211704953375149*2^64 + 15501558149973772032*2^128 + 499780780709*2^192,2782647119482866656 + 1683172577756775184*2^64 + 3498614898104609985*2^128 + 151713349815*2^192,14260586141198015968 + 10198487662678682740*2^64 + 9718676241057939132*2^128 + 449808752297*2^192,12109209270998937408 + 945141113811522045*2^64 + 12573510295403029327*2^128 + 514895610801*2^192,12169232742151078944 + 3929790592031667701*2^64 + 4059892799536733811*2^128 + 20990355965*2^192,14713329021225041408 + 976016283545807349*2^64 + 8249950970244367219*2^128 + 282719198411*2^192,3501813257727308704 + 15680888552884914965*2^64 + 6887309278539502823*2^128 + 143968813517*2^192,10986370307962332288 + 11253493736032079463*2^64 + 3437145328541429228*2^128 + 227604927442*2^192,18251757101349483392 + 9544777422400737317*2^64 + 12064545574609247127*2^128 + 272107765914*2^192,10845555876994345920 + 1842466249471628824*2^64 + 9993346535124279801*2^128 + 428225142955*2^192,5922677448386192512 + 15934115938787018535*2^64 + 5719336617251825332*2^128 + 338613753994*2^192,4497165007802365056 + 16650339658601726704*2^64 + 7409463072581888816*2^128 + 297770069948*2^192,12038595217450490752 + 12360547843695471850*2^64 + 13462651978667064148*2^128 + 512937833023*2^192;\
3582586653119311943 + 10286221834147008188*2^64 + 7197178853134477923*2^128 + 141636423564*2^192,4320098366800795564 + 17711372852534900346*2^64 + 16004884659386697565*2^128 + 310894050664*2^192,7342677798351885642 + 3351142152448204092*2^64 + 11249390496312331625*2^128 + 157342590816*2^192,14451821086313461450 + 14495610328393183362*2^64 + 16537068628929381201*2^128 + 509090504820*2^192,10635817947571149588 + 10936347888419697834*2^64 + 4888010332827552109*2^128 + 368604870574*2^192,13965572543431908364 + 11348898972207192496*2^64 + 90675557207722522*2^128 + 181239771288*2^192,3939173102523421152 + 6894520761920064326*2^64 + 8136414978309495040*2^128 + 52293882292*2^192,4382376715057720204 + 13586569836217570727*2^64 + 1766989553467461498*2^128 + 457844744607*2^192,7914844082821291168 + 16636867429075361726*2^64 + 9832887306224334382*2^128 + 440426363401*2^192,7208795361126913372 + 8502562623814246425*2^64 + 7787266017211927551*2^128 + 491394902933*2^192,8047412060229018416 + 14799274551249835750*2^64 + 17961800749263741612*2^128 + 271087715262*2^192,15564777943704192656 + 11368208205136335325*2^64 + 15069544503335974093*2^128 + 6896377337*2^192,7385694490485565024 + 12502054966365844490*2^64 + 5245100364526766856*2^128 + 380808404232*2^192,3644481938265082128 + 8531169535292120659*2^64 + 1452271936159017971*2^128 + 461661822687*2^192,2285342680251802800 + 2853479609069740501*2^64 + 8703936302629250630*2^128 + 23495675024*2^192,2786177722759551184 + 765571876057224777*2^64 + 4454551638677569273*2^128 + 53073464762*2^192;\
9585195629035124084 + 3214977786565767747*2^64 + 17100223676318458500*2^128 + 297559185266*2^192,11681423344438883856 + 11479433080592144982*2^64 + 3252394007715294606*2^128 + 57380974646*2^192,17140039799353612920 + 11055431758890846596*2^64 + 6018013922792550923*2^128 + 31703625853*2^192,5139982719610108280 + 9643971728163435238*2^64 + 9534886481864019066*2^128 + 246706210216*2^192,2348055050634665200 + 6302667899487995530*2^64 + 2196610913525497031*2^128 + 490457237469*2^192,15883837987466572688 + 8844696452913906353*2^64 + 2262150097733494363*2^128 + 345575241050*2^192,6817873976450762624 + 18256485849724896014*2^64 + 12061959227935178222*2^128 + 211619338065*2^192,12950573631217171088 + 5770147439931679481*2^64 + 8419295710920625011*2^128 + 311774154129*2^192,4410595232360379264 + 17109493919415343325*2^64 + 1391172375430927588*2^128 + 100107051918*2^192,1194666151427307600 + 15178990144114045946*2^64 + 18421904558530719599*2^128 + 256024048556*2^192,9070400300914431552 + 5536978381875812306*2^64 + 3904439052640546963*2^128 + 343433127658*2^192,528133902420042944 + 2880173975199118689*2^64 + 10161963847025843964*2^128 + 231715096475*2^192,2310558823080540032 + 2826465049204858658*2^64 + 9448293688761781697*2^128 + 253553247394*2^192,8913522749559363776 + 10768573673963120438*2^64 + 15657457107115786519*2^128 + 270772576712*2^192,12532150260933388352 + 15780188793377887814*2^64 + 14962113113166021748*2^128 + 143589518852*2^192,3277269035351165376 + 13923534463799912035*2^64 + 3942441005979111012*2^128 + 176736550854*2^192;\
4473783953298625012 + 3800646158978016503*2^64 + 479660018109272023*2^128 + 132849082332*2^192,12331297776789698576 + 10057447553667271725*2^64 + 5981877032748771291*2^128 + 327890307561*2^192,15124192955972014456 + 15076314995144004964*2^64 + 14199927120992637912*2^128 + 405584418317*2^192,1808561456850763896 + 17162382181729792465*2^64 + 11020878232553322704*2^128 + 527545309449*2^192,2928566817536453360 + 16965770732459490540*2^64 + 2503030232661438406*2^128 + 268602885056*2^192,7364751647473880464 + 15968882772547774675*2^64 + 1841807824782294052*2^128 + 82837010478*2^192,17600646675993743232 + 17262367662205719520*2^64 + 8958874809138248793*2^128 + 451367580332*2^192,13042509280992894096 + 4917995702052347478*2^64 + 2355473385642300394*2^128 + 442911828806*2^192,17095621119909012352 + 1725219467750158001*2^64 + 3345257245505585933*2^128 + 91756957960*2^192,1098063474395419216 + 596831109781287906*2^64 + 1157279164950810933*2^128 + 99940351325*2^192,9305981207711440448 + 5513788390677057554*2^64 + 17117174337006136070*2^128 + 456601361339*2^192,15348320165635079360 + 15147760749575866595*2^64 + 1316088295730469842*2^128 + 144727343700*2^192,15693434500053192576 + 11145785079752650606*2^64 + 39615200709091529*2^128 + 482757956970*2^192,17107629772040286400 + 5870907369193661476*2^64 + 13003721987401134211*2^128 + 26159501403*2^192,291808873849466944 + 17399550893894479486*2^64 + 3367830179166003182*2^128 + 159298237937*2^192,12646019565483409856 + 11482201518863837962*2^64 + 7225672049463465151*2^128 + 263048968566*2^192;\
3365359329823759802 + 2664567889353165099*2^64 + 8578642039063599018*2^128 + 60392556982*2^192,3051085704279594040 + 5303775101141702833*2^64 + 15172913741147732050*2^128 + 161284588619*2^192,8892541274597499812 + 17850289885332053125*2^64 + 4494218016470826739*2^128 + 266596240504*2^192,7430665724870668228 + 10545490241163837138*2^64 + 5910827861040494224*2^128 + 205924902417*2^192,10395307437072236936 + 13144256733385040837*2^64 + 6662290436053314988*2^128 + 146113205251*2^192,6673681304100912920 + 13629739644286613335*2^64 + 474268520299227807*2^128 + 15501395208*2^192,16193636077423605216 + 12464234505556955713*2^64 + 4363906977737389699*2^128 + 355614223587*2^192,18167212024091920440 + 3932913144067129871*2^64 + 15369938174488496393*2^128 + 239201801910*2^192,942592324427336640 + 13909872877951429416*2^64 + 828209095069240697*2^128 + 375281506396*2^192,8705348541244967768 + 5409560185322148707*2^64 + 2773913775000922175*2^128 + 503737314738*2^192,467753486700807392 + 14379692491880858359*2^64 + 7073483315887486633*2^128 + 208060878498*2^192,11870335342927239968 + 1156459514760649077*2^64 + 4353931842797284865*2^128 + 251037141387*2^192,17891985801570220576 + 5517334144612735334*2^64 + 3660156219750319516*2^128 + 114487240651*2^192,14586331228353072928 + 15518980664231242796*2^64 + 8597205728322446641*2^128 + 188179289634*2^192,10149842002704450016 + 5059325705375044934*2^64 + 18356218897395100805*2^128 + 438977121051*2^192,18159605189341391648 + 17974403974764745726*2^64 + 10839096980154592469*2^128 + 457717023423*2^192;\
4784829556445542544 + 3011748202043184983*2^64 + 2736024027996418672*2^128 + 528344772479*2^192,11179919910883450800 + 16788270015282514645*2^64 + 9438614628837014059*2^128 + 497227434200*2^192,3153117473660546088 + 12052539752891410294*2^64 + 10199326289456020474*2^128 + 156060959210*2^192,13219182104222645576 + 4217034333156510404*2^64 + 4710907609501112917*2^128 + 419858685259*2^192,5949370487722575760 + 4170935454564603623*2^64 + 16622337536397470339*2^128 + 296617082966*2^192,13800284700970925904 + 5046796672111744540*2^64 + 14337629491742929666*2^128 + 286503290598*2^192,9614875002786810272 + 13807101869126579940*2^64 + 2007806945751928074*2^128 + 77590641310*2^192,1366458956243015792 + 16795915340713979837*2^64 + 15446826217192274406*2^128 + 442380662892*2^192,5301561144363956224 + 10208467182135936506*2^64 + 7700455915281434001*2^128 + 492680349553*2^192,12351528315709755056 + 3113607650064007712*2^64 + 10268799561078390477*2^128 + 440679278985*2^192,17288718911699185600 + 13880337867146133447*2^64 + 18288719194482366051*2^128 + 222738333437*2^192,9144713468657205440 + 14419853288313499421*2^64 + 11801507318626708385*2^128 + 69295523302*2^192,3721328695604000480 + 4202284911177866177*2^64 + 6583851466138922161*2^128 + 36314190950*2^192,5136157258353964736 + 2165329032036981560*2^64 + 1206408678446964424*2^128 + 24855533882*2^192,3910779915106911168 + 18347562590258630048*2^64 + 1675308581285421149*2^128 + 176607910689*2^192,6722441758262818880 + 2357013707164787246*2^64 + 17012054215350069634*2^128 + 1762968982*2^192;\
12528314327498149088 + 12321614957790733924*2^64 + 13651543488778802482*2^128 + 537356444097*2^192,17950504268780174352 + 6299359657176390980*2^64 + 5488439999095894181*2^128 + 162358065388*2^192,12163154128713954296 + 15298446438818033434*2^64 + 13322128977725786389*2^128 + 77683443853*2^192,4565129879733245144 + 16877875796060197667*2^64 + 6043578560408410901*2^128 + 71919409729*2^192,4182872084756040880 + 4774993709479737761*2^64 + 15032290768569210450*2^128 + 443798349591*2^192,9350700488273807472 + 6354514150534558811*2^64 + 13622909407183655681*2^128 + 36121081049*2^192,13935241328187085408 + 13827125980386633174*2^64 + 12992909236044529369*2^128 + 237732828594*2^192,11090694672781696336 + 17806791249558269922*2^64 + 10073374514851214788*2^128 + 492712283297*2^192,15781285943468007936 + 15765805416449042083*2^64 + 12563626704154651757*2^128 + 354616677553*2^192,3690143649477967888 + 734360264024631761*2^64 + 13655489059813560006*2^128 + 397255814632*2^192,2249315642590046016 + 9825519027674165043*2^64 + 11842013202265388664*2^128 + 179619159195*2^192,8721604720222961728 + 13669857907877085420*2^64 + 5681522617353177101*2^128 + 77370024644*2^192,18209923788578525472 + 16327248563700163552*2^64 + 6338718344475391311*2^128 + 54634448889*2^192,3699303754936866368 + 12402584941441693137*2^64 + 9206024489915808381*2^128 + 309011827556*2^192,15485065738889057088 + 18164910077237933814*2^64 + 1790893318914698414*2^128 + 29540922679*2^192,325983090792521920 + 8023958880698449363*2^64 + 11642506311526786438*2^128 + 501383754848*2^192]
/* 
This matrix times 2^(-9) should be the matrix of frobenius.
*/ 
B = 2^(-9) * A; 
/* Freed 4228 lists. */
The sign is: -1
The characteristic polynomial is: x^16 - x^15 - x^14 - x^13 + 4*x^12 - 6*x^11 - 36*x^10 + 72*x^9 - 288*x^7 + 576*x^6 + 384*x^5 - 1024*x^4 + 1024*x^3 + 4096*x^2 + 16384*x - 65536
Its Newton polygon is: [2, 2, 2, 3/2, 3/2, 1, 1, 1, 1, 1, 1, 1/2, 1/2, 0, 0, 0]
Its factorization is: [x - 2, 1; x + 2, 1; x^2 - 3*x + 4, 1; x^2 + 2*x + 4, 1; x^10 + x^8 - 2*x^6 - 24*x^5 - 8*x^4 + 64*x^2 + 1024, 1]
The valuation of f-g is: 24
The valuation of subst(g,x,A) is: 18

Please input coefficients below.
The polynomial is: 1*x^16*y^1 + 1*x^4*y^3*z^4*w^1 + 1*x^3*y^5*z^3*w^1 + 1*x^1*y^9*z^1*w^1 + 1*y^11*w^1 + 1*z^15 + 1*z^1*w^3
Total 4168: 
Look at the ideal generated by: 
1*y^1
1*z^1
