/* Comments begin... 
No set up needed.

Please input coefficients below.
Coefficient of   x^16 * y^1               = Coefficient of   x^5 * y^1 * z^5 * w^1   = Coefficient of   x^4 * y^3 * z^4 * w^1   = Coefficient of   x^3 * y^5 * z^3 * w^1   = Coefficient of   x^2 * y^7 * z^2 * w^1   = Coefficient of   x^1 * y^9 * z^1 * w^1   = Coefficient of   y^11 * w^1               = Coefficient of   z^15                     = Coefficient of   z^1 * w^3               = 
Here is the polynomial we're using this time:

1 + 0*2^64 + 0*2^128 + 0*2^192*x^16*y^1 + 1 + 0*2^64 + 0*2^128 + 0*2^192*x^5*y^1*z^5*w^1 + 1 + 0*2^64 + 0*2^128 + 0*2^192*x^3*y^5*z^3*w^1 + 1 + 0*2^64 + 0*2^128 + 0*2^192*x^1*y^9*z^1*w^1 + 1 + 0*2^64 + 0*2^128 + 0*2^192*y^11*w^1 + 1 + 0*2^64 + 0*2^128 + 0*2^192*z^15 + 1 + 0*2^64 + 0*2^128 + 0*2^192*z^1*w^3


Allocate G_len 20 elements and old = 0.
Allocate M_len = 400 elements.
Allocate G_len 40 elements and old = 20.
Allocate M_len = 800 elements.
Allocate G_len 80 elements and old = 40.
Allocate M_len = 1600 elements.
Allocate M_len = 3200 elements.
Allocate G_len 160 elements and old = 80.
Allocate M_len = 6400 elements.
Allocate M_len = 12800 elements.
Allocate G_len 320 elements and old = 160.
Allocate M_len = 25600 elements.
Allocate M_len = 51200 elements.
Allocate G_len 640 elements and old = 320.
Allocate M_len = 102400 elements.
Allocate M_len = 204800 elements.
Allocate G_len 1280 elements and old = 640.
Allocate M_len = 409600 elements.
The final length of G is 602
[5, 1, 5, 0, 0]  	341	5 
[5, 1, 4, 1, 0]  	462	5 
[16, 0, 0, 0, 0]  	464	5  <--- 1
[0, 0, 15, 0, 0]  	495	2  <--- 3
[2, 11, 2, 1, 0]  	619	5 
[14, 5, 3, 0, 0]  	660	5 
[5, 1, 1, 3, 0]  	671	5 
[14, 9, 1, 0, 0]  	718	5 
[11, 11, 2, 0, 0]  	726	6 
[4, 14, 1, 1, 0]  	737	9 
[5, 0, 5, 3, 0]  	772	8 
[15, 11, 0, 0, 0]  	776	5 
[14, 5, 2, 1, 0]  	781	5 
[3, 18, 0, 1, 0]  	799	9 
[2, 18, 1, 1, 0]  	803	6 
[0, 11, 14, 0, 0]  	803	2 
[15, 0, 2, 2, 0]  	809	8 
[14, 0, 3, 2, 0]  	813	8 
[11, 0, 6, 2, 0]  	825	11 
[3, 9, 14, 0, 0]  	828	7 
[2, 20, 0, 1, 0]  	832	7 
[14, 9, 0, 1, 0]  	839	5 
[10, 14, 4, 0, 0]  	856	11 
[13, 11, 0, 1, 0]  	872	4 
[13, 3, 3, 2, 0]  	877	11 
[10, 13, 1, 1, 0]  	880	13 
[10, 16, 3, 0, 0]  	885	13 
[5, 9, 0, 3, 0]  	886	9 
[2, 11, 1, 3, 0]  	894	6 
[15, 0, 14, 0, 0]  	897	5 
[1, 22, 1, 1, 0]  	898	6 
[14, 0, 1, 3, 0]  	901	14 
[12, 13, 0, 1, 0]  	905	12 
[13, 16, 1, 0, 0]  	906	11 
[10, 5, 0, 3, 0]  	907	13 
[10, 15, 0, 1, 0]  	909	13 
[12, 5, 3, 2, 0]  	910	14 
[8, 17, 0, 1, 0]  	913	12 
[9, 18, 3, 0, 0]  	918	14 
[4, 11, 0, 3, 0]  	919	8 
[8, 18, 4, 0, 0]  	922	13 
[1, 9, 14, 1, 0]  	924	4 
[15, 1, 0, 3, 0]  	928	13 
[13, 3, 0, 3, 0]  	932	12 
[12, 4, 0, 3, 0]  	934	13 
[12, 7, 2, 2, 0]  	939	12 
[5, 0, 1, 5, 0]  	948	10 
[4, 13, 13, 0, 0]  	948	8 
[4, 2, 14, 2, 0]  	948	10 
[4, 1, 1, 5, 0]  	950	9 
[3, 14, 13, 0, 0]  	950	9 
[8, 20, 3, 0, 0]  	951	14 
[7, 20, 4, 0, 0]  	955	13 
[14, 18, 0, 0, 0]  	964	11 
[9, 0, 12, 2, 0]  	965	13 
[4, 20, 7, 0, 0]  	967	10 
[4, 9, 8, 2, 0]  	967	10 
[9, 8, 0, 3, 0]  	971	12 
[3, 20, 8, 0, 0]  	971	9 
[11, 9, 2, 2, 0]  	972	13 
[4, 16, 11, 0, 0]  	975	10 
[4, 5, 12, 2, 0]  	975	10 
[10, 9, 3, 2, 0]  	976	12 
[5, 2, 0, 5, 0]  	977	9 
[4, 15, 12, 0, 0]  	977	9 
[4, 4, 13, 2, 0]  	977	9 
[4, 3, 0, 5, 0]  	979	8 
[3, 16, 12, 0, 0]  	979	9 
[8, 22, 2, 0, 0]  	980	12 
[3, 14, 0, 3, 0]  	983	8 
[0, 2, 14, 3, 0]  	986	2 
[6, 22, 4, 0, 0]  	988	11 
[4, 22, 6, 0, 0]  	996	10 
[4, 0, 8, 4, 0]  	996	10 
[13, 20, 0, 0, 0]  	997	10 
[8, 0, 0, 5, 0]  	1002	10 
[4, 7, 11, 2, 0]  	1004	10 
[10, 0, 3, 4, 0]  	1005	10 
[3, 19, 10, 0, 0]  	1006	9 
[3, 18, 11, 0, 0]  	1008	8 
[2, 20, 10, 0, 0]  	1008	7 
[9, 0, 4, 4, 0]  	1009	11 
[3, 5, 14, 2, 0]  	1012	9 
[7, 24, 2, 0, 0]  	1013	10 
[2, 11, 0, 4, 0]  	1015	5 
[6, 24, 3, 0, 0]  	1017	11 
[4, 2, 7, 4, 0]  	1025	9 
[3, 24, 6, 0, 0]  	1029	9 
[3, 0, 10, 4, 0]  	1033	8 
[3, 10, 10, 2, 0]  	1035	9 
[9, 25, 0, 0, 0]  	1036	10 
[3, 9, 11, 2, 0]  	1037	7 
[2, 22, 9, 0, 0]  	1037	8 
[8, 26, 0, 0, 0]  	1038	10 
[8, 25, 1, 0, 0]  	1040	9 
[3, 7, 13, 2, 0]  	1041	8 
[2, 18, 13, 0, 0]  	1045	7 
[2, 7, 14, 2, 0]  	1045	6 
[6, 26, 2, 0, 0]  	1046	10 
[4, 4, 6, 4, 0]  	1054	11 
[3, 2, 9, 4, 0]  	1062	8 
[2, 3, 9, 4, 0]  	1064	7 
[2, 24, 8, 0, 0]  	1066	6 
[2, 2, 10, 4, 0]  	1066	5 
[1, 15, 8, 2, 0]  	1066	5 
[2, 0, 12, 4, 0]  	1070	6 
[1, 13, 10, 2, 0]  	1070	5 
[7, 28, 0, 0, 0]  	1071	8 
[4, 1, 14, 3, 0]  	1071	7 
[3, 7, 0, 5, 0]  	1074	6 
[2, 9, 13, 2, 0]  	1074	7 
[6, 28, 1, 0, 0]  	1075	7 
[2, 18, 0, 3, 0]  	1078	6 
[2, 7, 1, 5, 0]  	1078	6 
[1, 20, 13, 0, 0]  	1078	6 
[1, 29, 0, 1, 0]  	1082	5 
[4, 6, 5, 4, 0]  	1083	10 
[4, 10, 6, 3, 0]  	1086	7 
[4, 9, 7, 3, 0]  	1088	7 
[4, 8, 8, 3, 0]  	1090	6 
[4, 7, 9, 3, 0]  	1092	7 
[2, 27, 6, 0, 0]  	1093	8 
[4, 6, 10, 3, 0]  	1094	8 
[2, 26, 7, 0, 0]  	1095	6 
[1, 17, 7, 2, 0]  	1095	5 
[4, 5, 11, 3, 0]  	1096	7 
[4, 4, 12, 3, 0]  	1098	6 
[4, 3, 13, 3, 0]  	1100	6 
[4, 2, 0, 6, 0]  	1102	6 
[1, 24, 10, 0, 0]  	1103	5 
[6, 30, 0, 0, 0]  	1104	6 
[2, 9, 0, 5, 0]  	1107	5 
[1, 22, 12, 0, 0]  	1107	5 
[1, 11, 13, 2, 0]  	1107	5 
[1, 0, 14, 4, 0]  	1107	5 
[1, 20, 0, 3, 0]  	1111	5 
[4, 8, 4, 4, 0]  	1112	9 
[4, 0, 7, 5, 0]  	1117	6 
[1, 16, 4, 3, 0]  	1119	5 
[3, 0, 8, 5, 0]  	1121	6 
[3, 5, 8, 4, 0]  	1122	8 
[2, 1, 8, 5, 0]  	1123	5 
[1, 14, 6, 3, 0]  	1123	5 
[3, 9, 9, 3, 0]  	1125	5 
[3, 8, 10, 3, 0]  	1127	5 
[1, 6, 9, 4, 0]  	1128	4 
[2, 9, 10, 3, 0]  	1129	5 
[1, 11, 9, 3, 0]  	1129	5 
[2, 8, 11, 3, 0]  	1131	5 
[1, 21, 9, 1, 0]  	1131	5 
[1, 26, 9, 0, 0]  	1132	4 
[2, 7, 12, 3, 0]  	1133	5 
[1, 20, 10, 1, 0]  	1133	5 
[2, 0, 0, 7, 0]  	1136	4 
[0, 26, 10, 0, 0]  	1136	3 
[5, 32, 0, 0, 0]  	1137	6 
[1, 11, 0, 5, 0]  	1140	4 
[0, 24, 12, 0, 0]  	1140	3 
[4, 10, 3, 4, 0]  	1141	7 
[3, 32, 2, 0, 0]  	1145	9 
[1, 18, 3, 3, 0]  	1148	4 
[3, 8, 6, 4, 0]  	1149	9 
[3, 29, 5, 0, 0]  	1151	7 
[0, 29, 3, 1, 0]  	1152	3 
[2, 8, 7, 4, 0]  	1153	6 
[0, 28, 4, 1, 0]  	1154	3 
[0, 27, 5, 1, 0]  	1156	3 
[1, 8, 8, 4, 0]  	1157	4 
[0, 26, 6, 1, 0]  	1158	3 
[0, 25, 7, 1, 0]  	1160	3 
[0, 24, 8, 1, 0]  	1162	3 
[1, 4, 12, 4, 0]  	1165	4 
[0, 15, 12, 2, 0]  	1169	2 
[4, 34, 0, 0, 0]  	1170	7 
[4, 0, 4, 6, 0]  	1172	7 
[3, 34, 1, 0, 0]  	1174	9 
[0, 33, 0, 1, 0]  	1177	4 
[3, 10, 5, 4, 0]  	1178	10 
[2, 0, 6, 6, 0]  	1180	8 
[1, 7, 5, 5, 0]  	1181	3 
[0, 31, 2, 1, 0]  	1181	3 
[2, 10, 6, 4, 0]  	1182	7 
[1, 12, 5, 4, 0]  	1182	6 
[1, 11, 6, 4, 0]  	1184	6 
[0, 18, 5, 3, 0]  	1185	2 
[1, 10, 7, 4, 0]  	1186	5 
[1, 4, 8, 5, 0]  	1187	2 
[0, 17, 6, 3, 0]  	1187	2 
[0, 16, 7, 3, 0]  	1189	2 
[0, 32, 6, 0, 0]  	1190	3 
[2, 0, 11, 5, 0]  	1191	2 
[0, 15, 8, 3, 0]  	1191	2 
[0, 19, 9, 2, 0]  	1194	2 
[0, 17, 11, 2, 0]  	1198	1 
[0, 6, 12, 4, 0]  	1198	1 
[2, 7, 0, 6, 0]  	1199	5 
[3, 36, 0, 0, 0]  	1203	7 
[0, 24, 0, 3, 0]  	1206	3 
[3, 1, 5, 6, 0]  	1207	8 
[2, 2, 5, 6, 0]  	1209	8 
[1, 9, 4, 5, 0]  	1210	3 
[0, 22, 2, 3, 0]  	1210	3 
[1, 14, 4, 4, 0]  	1211	6 
[0, 20, 4, 3, 0]  	1214	2 
[1, 34, 4, 0, 0]  	1215	5 
[1, 1, 7, 6, 0]  	1215	5 
[0, 7, 7, 5, 0]  	1218	1 
[0, 23, 6, 2, 0]  	1219	3 
[0, 6, 8, 5, 0]  	1220	1 
[0, 22, 7, 2, 0]  	1221	3 
[0, 21, 8, 2, 0]  	1223	2 
[0, 30, 9, 0, 0]  	1227	1 
[0, 8, 11, 4, 0]  	1227	1 
[1, 4, 0, 7, 0]  	1231	1 
[0, 0, 14, 5, 0]  	1232	2 
[0, 15, 0, 5, 0]  	1235	2 
[3, 3, 4, 6, 0]  	1236	7 
[1, 16, 3, 4, 0]  	1240	6 
[0, 11, 4, 5, 0]  	1243	2 
[0, 9, 6, 5, 0]  	1247	1 
[1, 0, 9, 6, 0]  	1250	4 
[0, 12, 8, 4, 0]  	1252	2 
[0, 10, 10, 4, 0]  	1256	1 
[0, 6, 0, 7, 0]  	1264	1 
[2, 5, 4, 6, 0]  	1269	6 
[1, 0, 5, 7, 0]  	1272	2 
[0, 13, 3, 5, 0]  	1272	2 
[1, 5, 5, 6, 0]  	1273	5 
[0, 0, 6, 7, 0]  	1276	1 
[0, 27, 4, 2, 0]  	1277	3 
[0, 14, 7, 4, 0]  	1281	2 
[0, 1, 10, 6, 0]  	1285	1 
[0, 0, 11, 6, 0]  	1287	1 
[0, 2, 5, 7, 0]  	1305	1 
[0, 38, 4, 0, 0]  	1310	2 
[0, 16, 6, 4, 0]  	1310	2 
[0, 3, 9, 6, 0]  	1314	1 
[1, 42, 0, 0, 0]  	1331	5 
[0, 4, 4, 7, 0]  	1334	1 
[0, 42, 1, 0, 0]  	1335	3 
[0, 5, 8, 6, 0]  	1343	1 
[0, 44, 0, 0, 0]  	1364	3  <--- 2
[0, 0, 0, 9, 0]  	1386	1  <--- 4
[3, 5, 3, 1, 1]  	495	4 
[3, 9, 2, 1, 1]  	586	6 
[3, 0, 3, 3, 1]  	648	7 
[3, 5, 2, 3, 1]  	770	5 
[12, 9, 1, 1, 1]  	814	4 
[11, 11, 1, 1, 1]  	847	10 
[3, 9, 1, 3, 1]  	861	6 
[12, 0, 2, 3, 1]  	876	13 
[9, 16, 4, 0, 1]  	889	14 
[3, 11, 0, 3, 1]  	890	6 
[3, 5, 1, 4, 1]  	891	4 
[11, 18, 1, 0, 1]  	910	12 
[9, 16, 0, 1, 1]  	911	13 
[4, 0, 1, 5, 1]  	919	9 
[3, 0, 2, 5, 1]  	923	8 
[7, 0, 13, 2, 1]  	940	12 
[8, 8, 0, 3, 1]  	942	11 
[9, 22, 0, 0, 1]  	943	11 
[6, 0, 14, 2, 1]  	944	12 
[5, 1, 0, 5, 1]  	946	11 
[7, 0, 0, 5, 1]  	973	11 
[3, 9, 0, 4, 1]  	982	6 
[3, 3, 1, 5, 1]  	983	8 
[7, 22, 3, 0, 1]  	984	12 
[3, 22, 7, 0, 1]  	1000	10 
[2, 22, 8, 0, 1]  	1004	8 
[2, 9, 11, 2, 1]  	1008	7 
[8, 24, 1, 0, 1]  	1009	10 
[3, 5, 0, 5, 1]  	1012	8 
[5, 24, 4, 0, 1]  	1021	10 
[4, 24, 5, 0, 1]  	1025	10 
[2, 24, 7, 0, 1]  	1033	7 
[2, 2, 9, 4, 1]  	1033	7 
[2, 1, 10, 4, 1]  	1035	7 
[2, 0, 11, 4, 1]  	1037	6 
[1, 24, 8, 0, 1]  	1037	6 
[1, 22, 10, 0, 1]  	1041	6 
[7, 26, 1, 0, 1]  	1042	9 
[3, 0, 1, 6, 1]  	1044	6 
[2, 5, 2, 5, 1]  	1049	6 
[5, 26, 3, 0, 1]  	1050	10 
[4, 26, 4, 0, 1]  	1054	11 
[3, 26, 5, 0, 1]  	1058	9 
[2, 26, 6, 0, 1]  	1062	7 
[2, 4, 8, 4, 1]  	1062	7 
[1, 26, 7, 0, 1]  	1066	5 
[3, 2, 0, 6, 1]  	1073	6 
[1, 11, 12, 2, 1]  	1074	5 
[4, 28, 3, 0, 1]  	1083	10 
[2, 3, 5, 5, 1]  	1086	6 
[3, 28, 4, 0, 1]  	1087	10 
[2, 2, 6, 5, 1]  	1088	6 
[2, 1, 7, 5, 1]  	1090	6 
[2, 6, 7, 4, 1]  	1091	7 
[2, 0, 8, 5, 1]  	1092	6 
[1, 29, 5, 0, 1]  	1093	6 
[2, 10, 8, 3, 1]  	1094	6 
[1, 28, 6, 0, 1]  	1095	5 
[2, 9, 9, 3, 1]  	1096	6 
[2, 8, 10, 3, 1]  	1098	6 
[2, 7, 11, 3, 1]  	1100	6 
[2, 6, 12, 3, 1]  	1102	5 
[2, 5, 13, 3, 1]  	1104	5 
[5, 30, 1, 0, 1]  	1108	9 
[4, 30, 2, 0, 1]  	1112	10 
[3, 30, 3, 0, 1]  	1116	11 
[2, 30, 4, 0, 1]  	1120	9 
[2, 8, 6, 4, 1]  	1120	8 
[1, 4, 6, 5, 1]  	1121	4 
[1, 31, 4, 0, 1]  	1122	7 
[1, 4, 11, 4, 1]  	1132	3 
[0, 28, 8, 0, 1]  	1132	3 
[2, 5, 0, 6, 1]  	1137	5 
[4, 32, 1, 0, 1]  	1141	8 
[2, 32, 3, 0, 1]  	1149	8 
[2, 10, 5, 4, 1]  	1149	8 
[1, 33, 3, 0, 1]  	1151	6 
[1, 21, 5, 2, 1]  	1153	6 
[1, 9, 7, 4, 1]  	1155	5 
[1, 2, 9, 5, 1]  	1158	3 
[0, 30, 7, 0, 1]  	1161	3 
[1, 2, 0, 7, 1]  	1169	2 
[2, 34, 2, 0, 1]  	1178	7 
[2, 1, 5, 6, 1]  	1178	8 
[1, 35, 2, 0, 1]  	1180	7 
[2, 36, 1, 0, 1]  	1207	7 
[2, 3, 4, 6, 1]  	1207	7 
[1, 37, 1, 0, 1]  	1209	7 
[1, 0, 8, 6, 1]  	1217	5 
[2, 38, 0, 0, 1]  	1236	5 
[1, 3, 6, 6, 1]  	1244	4 
[0, 25, 5, 2, 1]  	1248	3 
[1, 40, 0, 0, 1]  	1269	6 
[0, 38, 3, 0, 1]  	1277	3 
[0, 36, 5, 0, 1]  	1281	2 
[0, 42, 0, 0, 1]  	1302	4 
[0, 40, 2, 0, 1]  	1306	3 
[2, 7, 3, 3, 2]  	836	6 
[11, 13, 0, 1, 2]  	876	13 
[10, 18, 2, 0, 2]  	914	14 
[2, 0, 4, 5, 2]  	960	6 
[8, 24, 0, 0, 2]  	976	10 
[2, 16, 0, 3, 2]  	1016	7 
[2, 7, 0, 5, 2]  	1045	6 
[1, 27, 6, 0, 2]  	1064	6 
[4, 30, 1, 0, 2]  	1079	8 
[6, 0, 0, 6, 2]  	1098	7 
[1, 4, 10, 4, 2]  	1099	4 
[1, 19, 6, 2, 2]  	1124	5 
[1, 13, 7, 3, 2]  	1125	5 
[1, 12, 8, 3, 2]  	1127	5 
[1, 10, 6, 4, 2]  	1153	5 
[0, 11, 9, 4, 2]  	1254	2 
[1, 7, 4, 6, 2]  	1302	5 
[3, 16, 1, 1, 3]  	770	8 
[12, 11, 0, 1, 3]  	843	7 
[8, 18, 3, 0, 3]  	889	12 
[11, 4, 0, 3, 3]  	905	12 
[9, 6, 0, 3, 3]  	909	12 
[4, 18, 8, 0, 3]  	938	11 
[4, 16, 10, 0, 3]  	942	11 
[10, 20, 1, 0, 3]  	943	13 
[9, 20, 2, 0, 3]  	947	13 
[8, 22, 1, 0, 3]  	947	11 
[6, 24, 2, 0, 3]  	984	10 
[6, 28, 0, 0, 3]  	1042	9 
[5, 28, 2, 0, 3]  	1079	10 
[1, 16, 3, 3, 3]  	1086	5 
[1, 15, 4, 3, 3]  	1088	5 
[1, 14, 5, 3, 3]  	1090	5 
[2, 28, 5, 0, 3]  	1091	7 
[1, 13, 6, 3, 3]  	1092	5 
[1, 11, 8, 3, 3]  	1096	5 
[1, 21, 8, 1, 3]  	1098	5 
[1, 20, 9, 1, 3]  	1100	5 
[1, 2, 12, 4, 3]  	1103	4 
[4, 32, 0, 0, 3]  	1108	7 
[1, 18, 2, 3, 3]  	1115	5 
[1, 20, 5, 2, 3]  	1122	6 
[3, 34, 0, 0, 3]  	1141	6 
[1, 7, 4, 5, 3]  	1148	4 
[1, 11, 5, 4, 3]  	1151	6 
[0, 17, 10, 2, 3]  	1165	2 
[1, 13, 4, 4, 3]  	1180	6 
[1, 1, 6, 6, 3]  	1182	5 
[1, 0, 7, 6, 3]  	1184	5 
[1, 15, 3, 4, 3]  	1209	6 
[1, 3, 5, 6, 3]  	1211	5 
[0, 34, 5, 0, 3]  	1219	3 
[1, 5, 4, 6, 3]  	1240	5 
[0, 38, 2, 0, 3]  	1244	4 
[15, 1, 0, 0, 4]  	466	4 
[13, 5, 3, 0, 4]  	631	7 
[13, 9, 1, 0, 4]  	689	8 
[10, 11, 2, 0, 4]  	697	8 
[14, 11, 0, 0, 4]  	747	8 
[13, 5, 2, 1, 4]  	752	7 
[15, 0, 1, 2, 4]  	776	7 
[14, 0, 2, 2, 4]  	780	9 
[13, 0, 3, 2, 4]  	784	11 
[11, 9, 1, 1, 4]  	785	6 
[10, 0, 6, 2, 4]  	796	13 
[13, 9, 0, 1, 4]  	810	8 
[9, 14, 4, 0, 4]  	827	12 
[11, 0, 2, 3, 4]  	847	13 
[12, 3, 3, 2, 4]  	848	14 
[9, 13, 1, 1, 4]  	851	13 
[9, 16, 3, 0, 4]  	856	13 
[14, 0, 14, 0, 4]  	868	8 
[13, 0, 1, 3, 4]  	872	12 
[12, 16, 1, 0, 4]  	877	13 
[9, 15, 0, 1, 4]  	880	12 
[10, 18, 1, 0, 4]  	881	13 
[7, 17, 0, 1, 4]  	884	12 
[7, 18, 4, 0, 4]  	893	12 
[14, 1, 0, 3, 4]  	899	13 
[12, 3, 0, 3, 4]  	903	13 
[11, 7, 2, 2, 4]  	910	12 
[4, 12, 13, 0, 4]  	917	11 
[7, 20, 3, 0, 4]  	922	11 
[6, 20, 4, 0, 4]  	926	12 
[13, 18, 0, 0, 4]  	935	12 
[8, 0, 12, 2, 4]  	936	12 
[4, 14, 12, 0, 4]  	946	10 
[7, 22, 2, 0, 4]  	951	11 
[5, 22, 4, 0, 4]  	959	11 
[12, 20, 0, 0, 4]  	968	11 
[7, 24, 1, 0, 4]  	980	10 
[5, 24, 3, 0, 4]  	988	10 
[7, 26, 0, 0, 4]  	1009	9 
[2, 18, 12, 0, 4]  	1012	7 
[5, 26, 2, 0, 4]  	1017	9 
[4, 26, 3, 0, 4]  	1021	10 
[5, 28, 1, 0, 4]  	1046	8 
[5, 30, 0, 0, 4]  	1075	7 
[1, 5, 5, 5, 4]  	1119	4 
[2, 34, 1, 0, 4]  	1145	8 
[1, 3, 8, 5, 4]  	1156	3 
[2, 36, 0, 0, 4]  	1174	7 
[0, 40, 1, 0, 4]  	1273	4 
[10, 11, 1, 1, 5]  	818	12 
[8, 16, 4, 0, 5]  	860	11 
[2, 9, 2, 3, 5]  	865	6 
[10, 14, 0, 1, 5]  	878	13 
[8, 16, 0, 1, 5]  	882	13 
[7, 8, 0, 3, 5]  	913	11 
[9, 20, 1, 0, 5]  	914	12 
[5, 0, 14, 2, 5]  	915	12 
[2, 0, 3, 5, 5]  	927	6 
[6, 0, 0, 5, 5]  	944	11 
[6, 22, 3, 0, 5]  	955	12 
[4, 24, 4, 0, 5]  	992	10 
[6, 26, 1, 0, 5]  	1013	9 
[1, 9, 0, 5, 5]  	1078	5 
[3, 30, 2, 0, 5]  	1083	9 
[1, 0, 0, 7, 5]  	1107	4 
[3, 32, 1, 0, 5]  	1112	8 
[2, 32, 2, 0, 5]  	1116	9 
[1, 2, 8, 5, 5]  	1125	4 
[1, 1, 9, 5, 5]  	1127	4 
[1, 0, 10, 5, 5]  	1129	4 
[1, 10, 10, 3, 5]  	1131	4 
[1, 9, 11, 3, 5]  	1133	4 
[0, 34, 4, 0, 5]  	1186	4 
[1, 38, 0, 0, 5]  	1207	6 
[0, 36, 3, 0, 5]  	1215	4 
[9, 18, 2, 0, 6]  	885	13 
[8, 7, 0, 3, 6]  	911	12 
[4, 28, 2, 0, 6]  	1050	10 
[3, 28, 3, 0, 6]  	1054	10 
[5, 0, 0, 6, 6]  	1069	7 
[4, 1, 0, 6, 6]  	1071	6 
[1, 36, 1, 0, 6]  	1178	7 
[8, 20, 2, 0, 7]  	918	12 
[1, 3, 7, 5, 7]  	1123	4 
[0, 33, 5, 0, 7]  	1188	4 
[13, 2, 0, 3, 8]  	901	12 
[9, 0, 11, 2, 8]  	932	12 
[4, 22, 5, 0, 8]  	963	11 
[3, 18, 10, 0, 8]  	975	9 
[2, 21, 9, 0, 8]  	1006	8 
[1, 12, 7, 3, 8]  	1094	5 
[3, 26, 4, 0, 9]  	1025	8 
[2, 30, 3, 0, 9]  	1087	9 
[1, 34, 2, 0, 9]  	1149	7 
[4, 20, 6, 0, 12]  	934	11 
[3, 24, 5, 0, 13]  	996	9 
[1, 32, 3, 0, 14]  	1120	7 
[2, 28, 4, 0, 15]  	1058	8 
[2, 26, 5, 0, 17]  	1029	8 
[3, 22, 6, 0, 18]  	967	9 
[2, 24, 6, 0, 20]  	1000	8 
[2, 2, 8, 4, 236]  	1000	5 
[2, 2, 7, 4, 240]  	967	5 
[2, 6, 6, 4, 242]  	1058	7 
[2, 2, 6, 4, 244]  	934	5 
[1, 21, 4, 2, 244]  	1120	6 
[1, 20, 4, 2, 245]  	1089	6 
[1, 22, 0, 2, 247]  	1019	5 
[2, 2, 5, 4, 248]  	901	5 
[2, 18, 0, 2, 248]  	924	6 
[2, 9, 10, 2, 249]  	975	7 
[1, 15, 3, 3, 249]  	1055	5 
[1, 20, 3, 2, 249]  	1056	5 
[1, 11, 4, 4, 249]  	1118	5 
[0, 27, 4, 1, 249]  	1123	3 
[0, 22, 6, 2, 249]  	1188	3 
[1, 21, 7, 1, 250]  	1065	5 
[2, 6, 11, 3, 250]  	1069	5 
[1, 1, 8, 5, 250]  	1094	4 
[0, 14, 6, 4, 250]  	1248	2 
[3, 14, 1, 2, 251]  	862	7 
[1, 22, 0, 1, 251]  	865	5 
[4, 3, 12, 2, 251]  	913	8 
[2, 6, 4, 4, 251]  	992	6 
[2, 5, 10, 3, 251]  	1005	5 
[0, 22, 6, 1, 251]  	1034	3 
[0, 22, 12, 0, 251]  	1078	4 
[0, 26, 4, 1, 251]  	1092	3 
[0, 25, 5, 1, 251]  	1094	2 
[0, 13, 12, 2, 251]  	1107	2 
[0, 22, 0, 3, 251]  	1144	3 
[0, 14, 8, 3, 251]  	1160	2 
[0, 13, 9, 3, 251]  	1162	2 
[0, 13, 0, 5, 251]  	1173	2 
[0, 23, 5, 2, 251]  	1186	3 
[0, 25, 4, 2, 251]  	1215	3 
[4, 1, 5, 1, 252]  	466	3 
[2, 9, 3, 1, 252]  	590	4 
[2, 0, 4, 3, 252]  	652	5 
[2, 18, 0, 1, 252]  	770	7 
[2, 5, 3, 3, 252]  	774	5 
[4, 1, 1, 4, 252]  	796	3 
[0, 22, 0, 1, 252]  	836	3 
[9, 5, 0, 3, 252]  	878	12 
[2, 9, 0, 4, 252]  	953	5 
[2, 7, 2, 4, 252]  	957	5 
[2, 7, 13, 2, 252]  	1012	6 
[2, 0, 1, 6, 252]  	1015	5 
[1, 20, 2, 2, 252]  	1023	6 
[2, 2, 0, 6, 252]  	1044	5 
[1, 20, 8, 1, 252]  	1067	5 
[1, 11, 3, 4, 252]  	1085	6 
[0, 15, 6, 3, 252]  	1125	2 
[0, 14, 7, 3, 252]  	1127	2 
[0, 6, 11, 4, 252]  	1165	1 
[1, 20, 1, 1, 253]  	836	5 
[2, 5, 2, 4, 253]  	895	5 
[1, 11, 2, 3, 253]  	898	5 
[6, 0, 13, 2, 253]  	911	11 
[8, 22, 0, 0, 253]  	914	9 
[7, 22, 1, 0, 253]  	918	10 
[0, 14, 6, 3, 253]  	1094	2 
[1, 8, 7, 4, 253]  	1124	4 
[0, 15, 11, 2, 253]  	1136	2 
[0, 12, 7, 4, 253]  	1219	2 
[0, 0, 10, 6, 253]  	1254	1 
[9, 13, 0, 1, 254]  	818	10 
[7, 22, 0, 0, 254]  	885	8 
[2, 16, 1, 2, 254]  	895	6 
[2, 5, 1, 5, 254]  	1016	5 
[1, 20, 12, 0, 254]  	1045	4 
[3, 30, 1, 0, 254]  	1050	7 
[0, 13, 6, 3, 254]  	1063	2 
[1, 16, 7, 2, 254]  	1064	3 
[0, 13, 11, 2, 254]  	1074	2 
[1, 31, 3, 0, 254]  	1089	7 
[1, 30, 4, 0, 254]  	1091	5 
[0, 26, 9, 0, 254]  	1103	3 
[2, 34, 0, 0, 254]  	1112	6 
[1, 0, 6, 6, 254]  	1151	5 
[0, 12, 6, 4, 254]  	1186	2 
[0, 11, 0, 1, 255]  	495	2 
[1, 9, 14, 0, 255]  	770	4 
[8, 4, 0, 3, 255]  	818	8 
[0, 13, 13, 0, 255]  	832	2 
[4, 12, 11, 0, 255]  	851	6 
[7, 18, 3, 0, 255]  	860	10 
[4, 14, 10, 0, 255]  	880	4 
[7, 7, 0, 3, 255]  	882	10 
[3, 0, 1, 5, 255]  	890	6 
[3, 18, 8, 0, 255]  	909	5 
[5, 24, 2, 0, 255]  	955	8 
[2, 24, 5, 0, 255]  	967	7 
[2, 20, 9, 0, 255]  	975	8 
[5, 28, 0, 0, 255]  	1013	7 
[1, 32, 0, 0, 255]  	1021	5 
[1, 8, 4, 4, 255]  	1025	3 
[1, 10, 9, 3, 255]  	1098	4 
[0, 28, 7, 0, 255]  	1099	2 
[0, 6, 9, 4, 255]  	1099	1 
[1, 0, 5, 6, 255]  	1118	3 
[0, 7, 4, 5, 255]  	1119	1 
[0, 4, 8, 5, 255]  	1158	1 
[0, 4, 13, 4, 255]  	1169	1 
[0, 4, 0, 7, 255]  	1202	1 
[1, 4, 4, 6, 255]  	1209	3 
[0, 0, 5, 7, 255]  	1243	1 
[0, 3, 8, 6, 255]  	1281	1 
------
The gap is between 21 and 235.
Lengths: 5 5 6 8 5 9.
For 1238 = 3*d-d1-d2-d3-d4 you get 5 in char 0.
1 + 0*2^64 + 0*2^128 + 0*2^192*x^1*y^17*z^2*w^4
1 + 0*2^64 + 0*2^128 + 0*2^192*x^1*y^6*z^3*w^6
1 + 0*2^64 + 0*2^128 + 0*2^192*y^30*w^2
1 + 0*2^64 + 0*2^128 + 0*2^192*y^19*z^1*w^4
1 + 0*2^64 + 0*2^128 + 0*2^192*y^8*z^2*w^6

For 743 = 2*d-d1-d2-d3-d4 you get 6 in char 0.
1 + 0*2^64 + 0*2^128 + 0*2^192*x^15*w^2
1 + 0*2^64 + 0*2^128 + 0*2^192*x^2*y^4*z^3*w^3
1 + 0*2^64 + 0*2^128 + 0*2^192*x^1*y^17*z^1*w^1
1 + 0*2^64 + 0*2^128 + 0*2^192*x^1*y^6*z^2*w^3
1 + 0*2^64 + 0*2^128 + 0*2^192*y^19*w^1
1 + 0*2^64 + 0*2^128 + 0*2^192*y^8*z^1*w^3

For 248 = d-d1-d2-d3-d4 you get 5 in char 0.
1 + 0*2^64 + 0*2^128 + 0*2^192*x^4*z^4
1 + 0*2^64 + 0*2^128 + 0*2^192*x^3*y^2*z^3
1 + 0*2^64 + 0*2^128 + 0*2^192*x^2*y^4*z^2
1 + 0*2^64 + 0*2^128 + 0*2^192*x^1*y^6*z^1
1 + 0*2^64 + 0*2^128 + 0*2^192*y^8

Extra powers of p used 7.
The invariant extra is equal to 33.
Start computing 2^4 Delta^1 (x1x2x3x4)^1... Done.
Start computing 2^5 Delta^2 (x1x2x3x4)^1... Done.
Start computing 2^6 Delta^3 (x1x2x3x4)^1... Done.
Start computing 2^7 Delta^4 (x1x2x3x4)^1... Done.
Start computing 2^8 Delta^5 (x1x2x3x4)^1... Done.
Start computing 2^9 Delta^6 (x1x2x3x4)^1... Done.
Start computing 2^10 Delta^7 (x1x2x3x4)^1... Done.
Start computing 2^11 Delta^8 (x1x2x3x4)^1... Done.
Start computing 2^12 Delta^9 (x1x2x3x4)^1... Done.
Start computing 2^13 Delta^10 (x1x2x3x4)^1... Done.
Start computing 2^14 Delta^11 (x1x2x3x4)^1... Done.
Start computing 2^15 Delta^12 (x1x2x3x4)^1... Done.
Start computing 2^16 Delta^13 (x1x2x3x4)^1... Done.
Start computing 2^17 Delta^14 (x1x2x3x4)^1... Done.
Start computing 2^18 Delta^15 (x1x2x3x4)^1... Done.
Start computing 2^19 Delta^16 (x1x2x3x4)^1... Done.
Start computing 2^20 Delta^17 (x1x2x3x4)^1... Done.
Start computing 2^21 Delta^18 (x1x2x3x4)^1... Done.
Start computing 2^22 Delta^19 (x1x2x3x4)^1... Done.
Start computing 2^23 Delta^20 (x1x2x3x4)^1... Done.
Start computing 2^24 Delta^21 (x1x2x3x4)^1... Done.
Start computing 2^25 Delta^22 (x1x2x3x4)^1... Done.
Start computing 2^26 Delta^23 (x1x2x3x4)^1... Done.
Start computing 2^27 Delta^24 (x1x2x3x4)^1... Done.
Start computing 2^28 Delta^25 (x1x2x3x4)^1... Done.
Start computing 2^29 Delta^26 (x1x2x3x4)^1... Done.
Start computing 2^30 Delta^27 (x1x2x3x4)^1... Done.
Start computing 2^31 Delta^28 (x1x2x3x4)^1... Done.
Start computing 2^32 Delta^29 (x1x2x3x4)^1... Done.
Start computing 2^33 Delta^30 (x1x2x3x4)^1... Done.
Start computing 2^34 Delta^31 (x1x2x3x4)^1... Done.
Start computing 2^35 Delta^32 (x1x2x3x4)^1... Done.
Start computing 2^36 Delta^33 (x1x2x3x4)^1... Done.
Start computing 2^37 Delta^34 (x1x2x3x4)^1... Done.
Start computing 2^38 Delta^35 (x1x2x3x4)^1... Done.
Start computing aa.
1 2 3 4 5 6 7 8 9 10 11 12 13 14 15 16 
*/
A = \
[9256903966359454680 + 470012329024716971*2^64 + 15312837456882142369*2^128 + 1051733080*2^192,715021525025784484 + 6977347713625650393*2^64 + 17855215862750367620*2^128 + 1994935129*2^192,4235479291158475306 + 7634974140882766481*2^64 + 9073357476480154213*2^128 + 3755009810*2^192,485011732999277918 + 1883484115026620365*2^64 + 2290353769519159592*2^128 + 673335628*2^192,13465338457826524338 + 3538028931304442733*2^64 + 17606925081550595773*2^128 + 3944211683*2^192,1834543963962507152 + 14561526853273238439*2^64 + 12806428804156382548*2^128 + 2773809782*2^192,9299952235234574728 + 16384618668013783654*2^64 + 17476156359654957334*2^128 + 1069090523*2^192,10352087338253543840 + 8785358491376715934*2^64 + 10059398106209623220*2^128 + 1508059516*2^192,13923664150731637552 + 16155833800196294595*2^64 + 4726910492670016216*2^128 + 200592372*2^192,17088474293616613800 + 10624152957216767930*2^64 + 12852870652618072321*2^128 + 1820152076*2^192,14266128940927350056 + 3650967873978779704*2^64 + 5869924761227374722*2^128 + 2375684550*2^192,2857999445072528928 + 11775401075604574799*2^64 + 6271378986822286931*2^128 + 1751535188*2^192,4187626694854927824 + 15644429702331729277*2^64 + 18002005634013235596*2^128 + 3889368872*2^192,1449433927454758496 + 16907949836056297766*2^64 + 16395218126411707744*2^128 + 3809929370*2^192,14856226705801623216 + 6525611593867343565*2^64 + 9651127855134373667*2^128 + 59468778*2^192,15231754360365024832 + 17637794191029599647*2^64 + 17767514790472900693*2^128 + 1036891120*2^192;\
5693179513347025268 + 14103994944234828126*2^64 + 15673539187762049299*2^128 + 3416954098*2^192,14614968800591791664 + 680019552396720667*2^64 + 18138660398498431554*2^128 + 3258645541*2^192,3926204362339213570 + 16239893925526212784*2^64 + 15517034497940796795*2^128 + 3415610957*2^192,1961250810901779790 + 9151481122111188934*2^64 + 18337015429480793486*2^128 + 3965047358*2^192,15996113920280300426 + 7103669950390864167*2^64 + 18290813026010651611*2^128 + 3102947912*2^192,8289990506097931216 + 9991082089287665520*2^64 + 3493332522200957404*2^128 + 3902763588*2^192,2894588952248080408 + 8817342265352602571*2^64 + 2875123100334576294*2^128 + 673713690*2^192,9447277091010749936 + 9876921068315043640*2^64 + 5636629961952046836*2^128 + 2865449264*2^192,6926179917601694240 + 2580369546806910029*2^64 + 1503455054459182910*2^128 + 469830192*2^192,8501288959110186216 + 6821580860184369989*2^64 + 17641410447262506575*2^128 + 1481791928*2^192,14864924982051903624 + 10126889249530219699*2^64 + 10933984106884859303*2^128 + 339703080*2^192,2632210422249899040 + 1751382549236989594*2^64 + 757202069992300716*2^128 + 3712658707*2^192,7212096956928094320 + 10265222353412213546*2^64 + 1737631639359478368*2^128 + 1521435653*2^192,5904611088915656768 + 9898304727563418641*2^64 + 7847928836186385394*2^128 + 694237269*2^192,12254405731268410288 + 10265297395512460914*2^64 + 10429921790430964009*2^128 + 4105877832*2^192,4009689782283034784 + 18072040752015130421*2^64 + 729971748088568010*2^128 + 3246326325*2^192;\
18086560117907978130 + 18440301283748810679*2^64 + 16552673625584440860*2^128 + 2533680324*2^192,5784264469980841214 + 13052623771186533780*2^64 + 570018178304168974*2^128 + 2295170418*2^192,10535153143944449192 + 219736860293707352*2^64 + 2337083350234138896*2^128 + 1152157530*2^192,17378829119971845284 + 3472495676790010072*2^64 + 11336908549339463185*2^128 + 3310601823*2^192,8718367042354251620 + 6500865873414699558*2^64 + 4766032412274135750*2^128 + 3528615407*2^192,11865072735068950088 + 6957911567342306302*2^64 + 1442022557630859266*2^128 + 2656309724*2^192,2310622131316569388 + 7050316144187956208*2^64 + 14043535950629261049*2^128 + 1507010873*2^192,593433669391858160 + 10860754401185908523*2^64 + 12103348045283058563*2^128 + 3066662863*2^192,17837144119913895864 + 9856760863539200844*2^64 + 5762020880256714507*2^128 + 4082153599*2^192,15973066001553671808 + 16604788896515803610*2^64 + 16079243837672762372*2^128 + 520215399*2^192,5214491885023416672 + 10944696173100358419*2^64 + 12799821624896940683*2^128 + 4107930750*2^192,3383727909894307456 + 604730445346875844*2^64 + 4877249653071883261*2^128 + 1330136098*2^192,4044900190631188584 + 17127317717709463593*2^64 + 6823416158033788709*2^128 + 1683819521*2^192,14442395871512170320 + 7452660863592918116*2^64 + 6573914524713380953*2^128 + 1709220545*2^192,10535595709415971424 + 4336205612145367620*2^64 + 1840313627183666297*2^128 + 3708860346*2^192,5222256215771709456 + 7563323335656702113*2^64 + 9939063485660912158*2^128 + 3104652272*2^192;\
13961950318053996336 + 2341272737340793247*2^64 + 6494616722428514090*2^128 + 933488935*2^192,12806217419609037544 + 16822369308610692818*2^64 + 16614412820134071257*2^128 + 1988055151*2^192,16178839630031400426 + 2611034801223374052*2^64 + 13282474980035050680*2^128 + 3468857064*2^192,4493726377687447346 + 8596031961997273407*2^64 + 11378381038838099476*2^128 + 413212162*2^192,683769195965110746 + 13296317067792628938*2^64 + 17832549317962499255*2^128 + 2443752106*2^192,9305461023407535320 + 8288196201187269975*2^64 + 2377393926346546891*2^128 + 2330142545*2^192,1807593883288597104 + 14581133226318808179*2^64 + 3793522385821810673*2^128 + 3511633196*2^192,2588007344485225088 + 11260466995365976091*2^64 + 10052964019809681875*2^128 + 4087068076*2^192,9834197347497516768 + 16475223136911882317*2^64 + 9225880054230310879*2^128 + 3433787327*2^192,9425504233126478424 + 9121568798792548926*2^64 + 15829861088876455373*2^128 + 944481811*2^192,17404050395650139176 + 14883196375197328343*2^64 + 15370353943580934021*2^128 + 1713581303*2^192,9747357353873180368 + 14779334184951805627*2^64 + 15186155744879589373*2^128 + 1896641307*2^192,11901374493933815200 + 646180191237549212*2^64 + 7873108942183334561*2^128 + 2655979696*2^192,3079446182801224624 + 11201919895574603025*2^64 + 4736778646973066394*2^128 + 2627770152*2^192,13420393596390829072 + 13132840456411101549*2^64 + 17039831272088663810*2^128 + 3227249651*2^192,17795454460910744032 + 12400346765926697919*2^64 + 9019151161966018266*2^128 + 4273428970*2^192;\
13745103622527747602 + 2798942162863116003*2^64 + 17356349233076217279*2^128 + 658894937*2^192,4350979248399222422 + 11309102487287113138*2^64 + 4663596231560584812*2^128 + 3090033776*2^192,4713768829129266450 + 8630971039207040519*2^64 + 4112452052964704077*2^128 + 2093578048*2^192,18405550947715230086 + 4189466355425085404*2^64 + 10670480424990810614*2^128 + 1730855693*2^192,12275777773725937302 + 12712048437710559203*2^64 + 2254227147560733136*2^128 + 1250919738*2^192,11558517129498370880 + 8221199454221776236*2^64 + 15777677899624537496*2^128 + 4173774559*2^192,7402234395688937524 + 11471195664425347728*2^64 + 18268958216960936388*2^128 + 269505060*2^192,2774724640049342480 + 13162991183597032609*2^64 + 13766496892934893495*2^128 + 3968457464*2^192,13827566534524015656 + 13235636369333506572*2^64 + 15007142706260224010*2^128 + 2594696658*2^192,9489216066562547672 + 981938532109974973*2^64 + 11078509839055610750*2^128 + 3626570025*2^192,14118740038689672712 + 2563142747370414783*2^64 + 15695052929930729406*2^128 + 1621232658*2^192,1893728920927429648 + 7227703526158088294*2^64 + 13036577824973805760*2^128 + 734749861*2^192,845136249037732568 + 5100799360171010737*2^64 + 999560989722864031*2^128 + 1431938275*2^192,12419683000571492736 + 16553531510595504252*2^64 + 12553788838080373641*2^128 + 1071511602*2^192,6451100682340023056 + 4008870065991798015*2^64 + 16961700608360445043*2^128 + 2891053481*2^192,12987478834186388912 + 4152149456435284800*2^64 + 15170024682923776011*2^128 + 2987234406*2^192;\
0 + 0*2^64 + 0*2^128 + 939524096*2^192,0 + 0*2^64 + 0*2^128 + 1744830464*2^192,0 + 0*2^64 + 0*2^128 + 805306368*2^192,0 + 0*2^64 + 0*2^128 + 0*2^192,0 + 0*2^64 + 0*2^128 + 939524096*2^192,10250701138584141832 + 5237561937588078428*2^64 + 15069447012531778926*2^128 + 1690121438*2^192,0 + 0*2^64 + 0*2^128 + 1744830464*2^192,0 + 0*2^64 + 0*2^128 + 939524096*2^192,0 + 0*2^64 + 0*2^128 + 939524096*2^192,0 + 0*2^64 + 0*2^128 + 805306368*2^192,0 + 0*2^64 + 0*2^128 + 0*2^192,0 + 0*2^64 + 0*2^128 + 0*2^192,0 + 0*2^64 + 0*2^128 + 939524096*2^192,0 + 0*2^64 + 0*2^128 + 1744830464*2^192,0 + 0*2^64 + 0*2^128 + 939524096*2^192,0 + 0*2^64 + 0*2^128 + 0*2^192;\
3376314168421518542 + 2028966258309532554*2^64 + 18044839947839148561*2^128 + 1382647894*2^192,1289453925151958546 + 2071323317835722747*2^64 + 3091588953505265976*2^128 + 4271434070*2^192,7460320226345262274 + 4042086774382824746*2^64 + 537663440685827860*2^128 + 4252575826*2^192,3618002495751495070 + 16461636716100187050*2^64 + 7707582046896001118*2^128 + 3557319816*2^192,17364176488928294402 + 7076695733016746724*2^64 + 12690916929690346161*2^128 + 901275435*2^192,7923607148676023840 + 7872398979328545947*2^64 + 17099952976218609689*2^128 + 2444995628*2^192,3645362045819801952 + 1028780969656421645*2^64 + 4505116546244875908*2^128 + 3463651231*2^192,3062932572481887800 + 2604653851606177409*2^64 + 8628051522181070597*2^128 + 3534409318*2^192,4001513740972900248 + 5443366737589251898*2^64 + 15649799581036012679*2^128 + 3255217811*2^192,16375802265153577824 + 8905892795424768315*2^64 + 3271760749946935383*2^128 + 3348099807*2^192,10301773109896391056 + 9682498614048264437*2^64 + 5274798880332651817*2^128 + 542872296*2^192,3135806491742246736 + 693476207374427878*2^64 + 17171925179466605199*2^128 + 3927723072*2^192,132244821355961232 + 13284494594209058279*2^64 + 52631774678501402*2^128 + 2757341361*2^192,8076993238825819200 + 1048589201211485217*2^64 + 10371105193595643808*2^128 + 2027809498*2^192,4550709629786581232 + 4773298352277998027*2^64 + 1161516521648716460*2^128 + 3990811048*2^192,2728712093572625072 + 4462666881999958987*2^64 + 11683697662968667190*2^128 + 1264216944*2^192;\
4762858151513298058 + 10582399035858887774*2^64 + 13964821321470508577*2^128 + 695573774*2^192,12302169434534717766 + 12995988818140655275*2^64 + 9195187283197195077*2^128 + 2585541433*2^192,13523413446484991854 + 10168155492897502497*2^64 + 2548611728811827265*2^128 + 2585110166*2^192,1392106909043384762 + 3338370920811575114*2^64 + 7835756886512883606*2^128 + 2272186573*2^192,17211769062726958146 + 12224565389777014629*2^64 + 10910278561576997271*2^128 + 1408073356*2^192,16596939104559894744 + 9185161119580905726*2^64 + 6542842186319786254*2^128 + 1225041117*2^192,15794564611671685844 + 16585577982509827853*2^64 + 6784683717589051657*2^128 + 2985155603*2^192,343547925335566504 + 8441283427148261927*2^64 + 5644493295539517256*2^128 + 661609289*2^192,4200929068379556664 + 6055615704168072747*2^64 + 309104389525194628*2^128 + 872792431*2^192,846322834329532376 + 476306644714605774*2^64 + 5073806661840218899*2^128 + 3404158347*2^192,8880759989250764536 + 13561083322975002928*2^64 + 14167953392347844937*2^128 + 2195942815*2^192,16352871208551269736 + 78501945423576731*2^64 + 5077186865640789228*2^128 + 546652707*2^192,12138952437605508456 + 5162223075103848476*2^64 + 18206113961223692127*2^128 + 4261236545*2^192,622752845251564144 + 6139155684920274620*2^64 + 3595695595257295294*2^128 + 770214844*2^192,12842310755948306640 + 5502305226988342068*2^64 + 2588391170381993053*2^128 + 1742176131*2^192,1624430659895962920 + 9982149627994833261*2^64 + 1179491461087026802*2^128 + 943388358*2^192;\
16944021187985299352 + 11431029616166522033*2^64 + 17640598514621454570*2^128 + 1194702305*2^192,15105406060704844492 + 1380066268274802051*2^64 + 16148791312388237935*2^128 + 3697423747*2^192,5871245102774135896 + 11720850836841495609*2^64 + 15833756829262270542*2^128 + 2143525178*2^192,16189816455014556028 + 10741314754851361787*2^64 + 17704889326513299974*2^128 + 1205084746*2^192,7158202134831613236 + 17693004019454814021*2^64 + 9075988747824383659*2^128 + 4153934356*2^192,8646100943557071096 + 13789465616859118260*2^64 + 3392154822527652*2^128 + 3171835625*2^192,7613688955445323964 + 17704462593340939619*2^64 + 17982264198974886858*2^128 + 179326140*2^192,15224402275607704088 + 3915365558738647393*2^64 + 7018123768520149887*2^128 + 1428972247*2^192,6211889681052606008 + 11720283087546194055*2^64 + 3186706738256312200*2^128 + 3843538366*2^192,16388525807864968152 + 8244387091839849513*2^64 + 16494393460798377920*2^128 + 1657140223*2^192,6343591370048842824 + 6448727800975849452*2^64 + 12012156466758256726*2^128 + 1709582595*2^192,632687783567354280 + 16401161500454115645*2^64 + 7083154583439027406*2^128 + 307978577*2^192,1612058401668903464 + 5849328444095527986*2^64 + 13142916716061020260*2^128 + 2484362119*2^192,5340277983553475072 + 17218089060152627468*2^64 + 15227896613116322032*2^128 + 2132465125*2^192,3949419244448908864 + 14170169845261318931*2^64 + 10140259794310924126*2^128 + 4221772796*2^192,13656906403054299192 + 13012662393724387*2^64 + 6260402133407169274*2^128 + 355826110*2^192;\
10514342584339676546 + 17658926542578868461*2^64 + 1782464842903916234*2^128 + 1260534051*2^192,4501972977277678046 + 18037500959573207664*2^64 + 9287001933965534331*2^128 + 3103482979*2^192,3309759066889352445 + 465395055537826461*2^64 + 14168559326345504856*2^128 + 973097296*2^192,3928934309305263889 + 12965432974238810087*2^64 + 4901662136500634776*2^128 + 2739949075*2^192,11280497898833090027 + 14732002955037536740*2^64 + 12038119880183201909*2^128 + 4251965314*2^192,10599273205215723812 + 4089827493472349109*2^64 + 9092657903508926074*2^128 + 3869585268*2^192,4044428443620628314 + 8448680025830537670*2^64 + 3206926962526360281*2^128 + 2440689208*2^192,4927081857845453900 + 3988576792145893619*2^64 + 12308199344799003765*2^128 + 2225804529*2^192,14662479655887845816 + 16873906750767688951*2^64 + 5552954713501327556*2^128 + 566322207*2^192,3078419888469531800 + 15618100234253329035*2^64 + 5492782425884177136*2^128 + 2409145993*2^192,5939711883695403080 + 1310874354159371397*2^64 + 16224983252653074315*2^128 + 659601431*2^192,9723800300735394120 + 13872939491206498927*2^64 + 6952587773003280795*2^128 + 3910809159*2^192,6747525935237288836 + 5518596593022918177*2^64 + 12249498368197041485*2^128 + 1232809583*2^192,15047907315492730424 + 10539505873721954387*2^64 + 1803316200739727902*2^128 + 3758258303*2^192,2072326510686866608 + 8356448812614775424*2^64 + 949716320124393550*2^128 + 1287291139*2^192,6465128780991306288 + 7766724420286378026*2^64 + 110307495220605483*2^128 + 2616377172*2^192;\
8472578357508317304 + 3986914549310872348*2^64 + 6797403205265317409*2^128 + 1394082968*2^192,2894906968611353372 + 3060970455845827239*2^64 + 8324105718872046705*2^128 + 128571374*2^192,14979639927042974244 + 5140244101124128853*2^64 + 16911793702958200197*2^128 + 3088322134*2^192,8358040947150915888 + 12994371923899488274*2^64 + 17516451851535656118*2^128 + 3266401307*2^192,8655382938843907830 + 15115780473362392397*2^64 + 17797151724442686832*2^128 + 2944707534*2^192,5036524267729593384 + 16057986754687060553*2^64 + 15477901527843518838*2^128 + 1446335830*2^192,8523259032903544750 + 8282477179398915331*2^64 + 12904730921793555893*2^128 + 3857190119*2^192,13923381092573268924 + 9938831322641845409*2^64 + 3798115827109451774*2^128 + 4160958528*2^192,16138201882340603232 + 6984172440281857776*2^64 + 397513669963113165*2^128 + 1045430275*2^192,7722590387856541476 + 10794660737380207677*2^64 + 6069730847032017167*2^128 + 2581044510*2^192,12194726466456636972 + 6178715574023922593*2^64 + 17604004461604641715*2^128 + 2002596323*2^192,15454015454714864896 + 1779204695628301997*2^64 + 2619042269867586486*2^128 + 487736058*2^192,5877998273979515756 + 10824664887485450940*2^64 + 3364178680483368578*2^128 + 3978405412*2^192,9293225069599748432 + 8712639782475337448*2^64 + 11159497060739942604*2^128 + 182020463*2^192,7307306121337324936 + 14219637403559526470*2^64 + 15862828390455789678*2^128 + 2261196302*2^192,3938848117735042128 + 13980169426877386923*2^64 + 798456189952825875*2^128 + 4141411974*2^192;\
17403237551755014396 + 13837966924635338918*2^64 + 14988903133033983050*2^128 + 218942188*2^192,1634928232412124900 + 3350775556138434370*2^64 + 10461777212378447625*2^128 + 521856954*2^192,8114558568897462540 + 11514420203764499555*2^64 + 12004815594519112072*2^128 + 268893587*2^192,15376301212324009140 + 7134625823278191484*2^64 + 4669813520189603521*2^128 + 577190315*2^192,13962786729442906956 + 15941702909926147440*2^64 + 11699242310355370848*2^128 + 853221084*2^192,5536329324350902400 + 12607618367387681312*2^64 + 4255125565280731428*2^128 + 371444576*2^192,12655400095583884848 + 5949900245397808336*2^64 + 7385229733224484697*2^128 + 508916274*2^192,7689762108749477712 + 14967650855073985955*2^64 + 3148794188547353871*2^128 + 1002858434*2^192,16796064481761220816 + 2500941175791457974*2^64 + 3010688309028824542*2^128 + 431707238*2^192,16602545504512990432 + 861264037536447199*2^64 + 3059255185770967414*2^128 + 1434014292*2^192,17929129766947795808 + 7076520330521792131*2^64 + 9883127391561683830*2^128 + 70279363*2^192,17419913614432312848 + 18134167518429862726*2^64 + 17279473645302568596*2^128 + 1021761596*2^192,9010131224353242624 + 3728827505362434450*2^64 + 3196816264646041109*2^128 + 1230031712*2^192,10665549478179016288 + 1633003882250131232*2^64 + 12632562255988324095*2^128 + 1918562350*2^192,9752925409633742496 + 15128727070368647770*2^64 + 15592702030858030293*2^128 + 397351685*2^192,6791160307911235296 + 17629889294754013988*2^64 + 6138156634532961762*2^128 + 393017135*2^192;\
10243912356283897770 + 6179468530621065712*2^64 + 13581615820471960209*2^128 + 3661616986*2^192,2865606004641883974 + 10958085313486593897*2^64 + 6237574801602943906*2^128 + 3082208473*2^192,352617655009221922 + 14111525343980185836*2^64 + 2091149380623762622*2^128 + 588314829*2^192,897457343641443518 + 11796693961748677032*2^64 + 13421268198626169379*2^128 + 2243421839*2^192,13167532544875066818 + 18048612202030041800*2^64 + 8580683479356452725*2^128 + 2329789181*2^192,12124938944891466368 + 13119628462333569975*2^64 + 10405093706541314290*2^128 + 4114562691*2^192,9954153485312236616 + 268742423685769788*2^64 + 17512654145246017338*2^128 + 3150678487*2^192,10281663933773794296 + 17009856534346262563*2^64 + 1670683295860293253*2^128 + 483232708*2^192,141197465285890360 + 3029518107836890832*2^64 + 10192120064012450477*2^128 + 3067423667*2^192,3869121277420786896 + 239615858673772199*2^64 + 13830873907841482490*2^128 + 3488448105*2^192,12991689716163942672 + 5556286907156025220*2^64 + 17723344265337971747*2^128 + 1233483941*2^192,7709894140826755200 + 18409120183913017855*2^64 + 17311739825179843270*2^128 + 1497193835*2^192,4861359883565667584 + 7438061636171579365*2^64 + 9905067324861838190*2^128 + 3681029549*2^192,264209450566238480 + 3896535350916195385*2^64 + 9019277975257306421*2^128 + 2613196714*2^192,11211896279726243056 + 3458024945811925754*2^64 + 12317266881182480383*2^128 + 2337599432*2^192,10872155042016165456 + 8874764155465704538*2^64 + 8141924280399491958*2^128 + 1220955630*2^192;\
15754552229568657648 + 12960410635789407736*2^64 + 5394457443872655193*2^128 + 1987877723*2^192,7434574649576075728 + 1617436840586236437*2^64 + 1946301665909418021*2^128 + 3684590394*2^192,11509845071103383960 + 5261477218173950489*2^64 + 1785863773883361829*2^128 + 4241400383*2^192,7448288005860070280 + 13660544796348937188*2^64 + 3561837884993789380*2^128 + 4278984686*2^192,1538059583085128024 + 13219276109628881985*2^64 + 14899849002408656043*2^128 + 1178687548*2^192,303768119658516256 + 17943447559521858630*2^64 + 11918621703816819296*2^128 + 2771443529*2^192,15836220563655446416 + 3419724754594724971*2^64 + 3389457564644699552*2^128 + 4223290263*2^192,12129748072420754016 + 1659883985801566509*2^64 + 16625464828788135769*2^128 + 2966878824*2^192,162695384338796192 + 6760001719730535929*2^64 + 18411974958521217429*2^128 + 2676050451*2^192,5935975593492968736 + 17624670596502000633*2^64 + 1931870746977540742*2^128 + 2513513806*2^192,18329148744274916096 + 5595525012044506919*2^64 + 703607765179501149*2^128 + 2376661185*2^192,13951574143461317648 + 13144860115912206997*2^64 + 8025750842733615084*2^128 + 3831357632*2^192,16612846446074069424 + 9038087718539264561*2^64 + 2481185965504580599*2^128 + 567467423*2^192,16787333050334031392 + 8597361351546875470*2^64 + 7667606810652808375*2^128 + 505082961*2^192,10446415769905257152 + 15370736719150822782*2^64 + 13208328865769028183*2^128 + 3080359397*2^192,5681158903215623040 + 1876648527289462591*2^64 + 8834886626807316270*2^128 + 1565407777*2^192;\
15243646625720405190 + 13544603898266160438*2^64 + 14826189472163022793*2^128 + 4156832744*2^192,11069678766801233322 + 10776485236206141270*2^64 + 15292666818483800760*2^128 + 2238691528*2^192,15154909342867794562 + 3157412100729197053*2^64 + 2151633731427475519*2^128 + 3284382378*2^192,15674930901217413542 + 3017454259009282973*2^64 + 13234786446604920265*2^128 + 3247750396*2^192,13016418568371100374 + 11030540296586658515*2^64 + 12153265679177851587*2^128 + 351084978*2^192,2702141566959644888 + 12796499492264369283*2^64 + 15166635428048776419*2^128 + 1109607242*2^192,4160962641867460596 + 5895575877306406401*2^64 + 11152753119431547174*2^128 + 3647865186*2^192,12636735941878218712 + 1818656775046027802*2^64 + 10256072327479665595*2^128 + 3602512659*2^192,7289343340165053096 + 2002454494860538456*2^64 + 10255513627180187999*2^128 + 770706515*2^192,15338271652233892376 + 17820968186886340617*2^64 + 10726092359317191987*2^128 + 3528506320*2^192,1206394507652749912 + 10447713531765867890*2^64 + 3715371009035974510*2^128 + 2554797962*2^192,3502363347947088168 + 4070240158864647973*2^64 + 6348366196108757049*2^128 + 480869747*2^192,16290121949605006936 + 1036240216698364588*2^64 + 14739958304671646794*2^128 + 2076847472*2^192,14122500545319070592 + 14169902977353116366*2^64 + 10445330560463658732*2^128 + 2780966523*2^192,9515393666053323696 + 6336913318818710237*2^64 + 1268521383731081306*2^128 + 175959487*2^192,3027954400415226168 + 14628261219006784417*2^64 + 7159245128289067495*2^128 + 3021957521*2^192;\
16344679443224949924 + 15770752944666136936*2^64 + 8989524701685136167*2^128 + 1579976918*2^192,9175794358307771964 + 5115691691422368577*2^64 + 9519463375655129674*2^128 + 2561020837*2^192,1800980709776962796 + 16687370882005229981*2^64 + 6119093004503787240*2^128 + 4188376396*2^192,17156538246872721396 + 18375884072115134913*2^64 + 13830421149855612549*2^128 + 3608597104*2^192,8749974268005830236 + 8343736648932780553*2^64 + 4010549264564484590*2^128 + 1144084861*2^192,494123707504495664 + 16563482084344066876*2^64 + 5596206267286141577*2^128 + 3964248991*2^192,6846565759205145616 + 4488426848176885183*2^64 + 17056282850917297648*2^128 + 1851353800*2^192,7690274572398658096 + 10626092344445242605*2^64 + 3498403326559649535*2^128 + 1964992161*2^192,294358306114569456 + 4980996527164432801*2^64 + 13376600584742297282*2^128 + 391175630*2^192,2890723825507453792 + 12467795362529437940*2^64 + 3330384307199326039*2^128 + 1406440852*2^192,12080210828772203520 + 10600751286923657039*2^64 + 1540392363130788736*2^128 + 840010282*2^192,6573000986571331808 + 18152011344866204403*2^64 + 12211168748414063209*2^128 + 3652437627*2^192,9159937260870782800 + 10764814503337503135*2^64 + 13281267549135456300*2^128 + 2843659000*2^192,6997823528525368496 + 8765166416665646165*2^64 + 12861784525791447760*2^128 + 2309692071*2^192,10479815451599220992 + 4516337374717288935*2^64 + 2987977880688871824*2^128 + 1261778474*2^192,14281980882633958304 + 819646030210433241*2^64 + 5308450748938305691*2^128 + 309008122*2^192]
/* 
This matrix times 2^(-2) should be the matrix of frobenius.
*/ 
B = 2^(-2) * A; 
/* Freed 4312 lists. */
The sign is: 1
The characteristic polynomial is: x^16 - x^15 - 4*x^14 - 2*x^13 + 5*x^12 + 31*x^11 + 34*x^10 - 64*x^9 - 288*x^8 - 256*x^7 + 544*x^6 + 1984*x^5 + 1280*x^4 - 2048*x^3 - 16384*x^2 - 16384*x + 65536
Its Newton polygon is: [2, 2, 2, 2, 2, 1, 1, 1, 1, 1, 1, 0, 0, 0, 0, 0]
Its factorization is: [x - 2, 2; x^14 + 3*x^13 + 4*x^12 + 2*x^11 - 3*x^10 + 11*x^9 + 90*x^8 + 252*x^7 + 360*x^6 + 176*x^5 - 192*x^4 + 512*x^3 + 4096*x^2 + 12288*x + 16384, 1]
The valuation of f-g is: 27
The valuation of subst(g,x,A) is: 26

Please input coefficients below.
The polynomial is: 1*x^16*y^1 + 1*x^5*y^1*z^5*w^1 + 1*x^3*y^5*z^3*w^1 + 1*x^1*y^9*z^1*w^1 + 1*y^11*w^1 + 1*z^15 + 1*z^1*w^3
Total 4168: 
Look at the ideal generated by: 
1*y^1
1*z^1
