/* Comments begin... 
No set up needed.

Please input coefficients below.
Coefficient of   x^19                     = Coefficient of   x^6 * y^4 * z^1 * w^2   = Coefficient of   x^5 * y^1 * z^3 * w^2   = Coefficient of   x^3 * y^9 * z^1 * w^1   = Coefficient of   x^2 * y^6 * z^3 * w^1   = Coefficient of   x^1 * y^3 * z^5 * w^1   = Coefficient of   y^14 * z^1               = Coefficient of   y^1 * w^6               = Coefficient of   z^7 * w^1               = 
Here is the polynomial we're using this time:

1 + 0*2^64 + 0*2^128 + 0*2^192*x^19 + 1 + 0*2^64 + 0*2^128 + 0*2^192*x^5*y^1*z^3*w^2 + 1 + 0*2^64 + 0*2^128 + 0*2^192*x^3*y^9*z^1*w^1 + 1 + 0*2^64 + 0*2^128 + 0*2^192*y^14*z^1 + 1 + 0*2^64 + 0*2^128 + 0*2^192*y^1*w^6 + 1 + 0*2^64 + 0*2^128 + 0*2^192*z^7*w^1


Allocate G_len 20 elements and old = 0.
Allocate M_len = 400 elements.
Allocate G_len 40 elements and old = 20.
Allocate M_len = 800 elements.
Allocate G_len 80 elements and old = 40.
Allocate M_len = 1600 elements.
Allocate M_len = 3200 elements.
Allocate G_len 160 elements and old = 80.
Allocate M_len = 6400 elements.
Allocate M_len = 12800 elements.
Allocate G_len 320 elements and old = 160.
Allocate M_len = 25600 elements.
Allocate M_len = 51200 elements.
Allocate G_len 640 elements and old = 320.
Allocate M_len = 102400 elements.
Allocate M_len = 204800 elements.
Allocate G_len 1280 elements and old = 640.
Allocate M_len = 409600 elements.
The final length of G is 622
[5, 1, 2, 2, 0]  	518	4 
[5, 0, 3, 2, 0]  	552	4 
[18, 0, 0, 0, 0]  	558	3  <--- 1
[3, 9, 1, 1, 0]  	589	3 
[0, 14, 1, 0, 0]  	589	3 
[3, 1, 0, 7, 0]  	774	4 
[3, 4, 0, 6, 0]  	793	6 
[3, 17, 0, 1, 0]  	814	5 
[16, 9, 1, 0, 0]  	900	5 
[3, 0, 9, 2, 0]  	916	5 
[16, 9, 0, 1, 0]  	921	5 
[16, 8, 1, 1, 0]  	955	5 
[3, 8, 7, 1, 0]  	978	3 
[15, 14, 0, 0, 0]  	983	6 
[13, 1, 0, 6, 0]  	992	4 
[5, 3, 9, 1, 0]  	997	8 
[3, 5, 9, 1, 0]  	1009	7 
[3, 3, 4, 6, 0]  	1040	6 
[16, 0, 0, 6, 0]  	1048	8 
[15, 0, 7, 1, 0]  	1054	5 
[10, 5, 7, 1, 0]  	1084	14 
[8, 13, 5, 0, 0]  	1084	14 
[13, 9, 5, 0, 0]  	1091	9 
[5, 2, 11, 1, 0]  	1102	11 
[15, 0, 9, 0, 0]  	1104	10 
[14, 8, 4, 1, 0]  	1106	12 
[15, 0, 0, 7, 0]  	1109	11 
[14, 16, 0, 1, 0]  	1118	14 
[1, 17, 0, 5, 0]  	1120	6 
[8, 0, 11, 1, 0]  	1121	12 
[2, 13, 7, 1, 0]  	1132	4 
[4, 10, 9, 0, 0]  	1133	10 
[13, 0, 9, 1, 0]  	1134	10 
[4, 12, 8, 0, 0]  	1136	8 
[3, 13, 8, 0, 0]  	1142	3 
[13, 20, 0, 0, 0]  	1143	11 
[13, 8, 5, 1, 0]  	1146	14 
[11, 2, 9, 1, 0]  	1146	15 
[14, 0, 1, 7, 0]  	1149	14 
[3, 0, 6, 7, 0]  	1163	5 
[4, 2, 6, 6, 0]  	1176	10 
[3, 12, 9, 0, 0]  	1176	10 
[10, 10, 7, 0, 0]  	1177	14 
[3, 1, 7, 6, 0]  	1179	4 
[2, 13, 9, 0, 0]  	1182	6 
[12, 22, 0, 0, 0]  	1186	13 
[13, 0, 2, 7, 0]  	1189	13 
[1, 4, 0, 11, 0]  	1191	6 
[7, 11, 8, 0, 0]  	1192	10 
[7, 13, 7, 0, 0]  	1195	12 
[13, 9, 0, 5, 0]  	1196	9 
[13, 8, 7, 0, 0]  	1196	10 
[10, 24, 0, 0, 0]  	1198	12 
[12, 9, 7, 0, 0]  	1202	8 
[3, 9, 11, 0, 0]  	1207	10 
[10, 7, 9, 0, 0]  	1208	12 
[4, 2, 13, 1, 0]  	1213	10 
[8, 5, 11, 0, 0]  	1214	9 
[9, 10, 8, 0, 0]  	1217	12 
[8, 9, 9, 0, 0]  	1220	8 
[8, 14, 0, 5, 0]  	1226	10 
[5, 4, 13, 0, 0]  	1226	10 
[13, 5, 9, 0, 0]  	1227	10 
[6, 9, 10, 0, 0]  	1229	10 
[7, 0, 13, 1, 0]  	1232	12 
[12, 8, 8, 0, 0]  	1236	9 
[6, 16, 0, 5, 0]  	1238	12 
[6, 1, 13, 1, 0]  	1238	12 
[5, 0, 14, 1, 0]  	1241	5 
[11, 9, 8, 0, 0]  	1242	8 
[4, 1, 14, 1, 0]  	1247	10 
[3, 4, 13, 1, 0]  	1256	9 
[7, 7, 11, 0, 0]  	1257	8 
[5, 1, 15, 0, 0]  	1257	9 
[8, 0, 0, 11, 0]  	1260	10 
[14, 8, 1, 5, 0]  	1261	10 
[14, 7, 8, 0, 0]  	1261	10 
[4, 5, 7, 5, 0]  	1266	9 
[2, 4, 11, 3, 0]  	1267	7 
[4, 7, 6, 5, 0]  	1269	10 
[9, 0, 14, 0, 0]  	1273	8 
[3, 8, 6, 5, 0]  	1275	10 
[2, 6, 1, 10, 0]  	1275	9 
[9, 27, 0, 0, 0]  	1278	10 
[2, 8, 0, 10, 0]  	1278	9 
[8, 1, 14, 0, 0]  	1279	7 
[1, 9, 0, 10, 0]  	1284	6 
[2, 12, 11, 0, 0]  	1287	8 
[3, 7, 8, 4, 0]  	1288	8 
[7, 29, 0, 0, 0]  	1290	11 
[7, 6, 12, 0, 0]  	1291	10 
[2, 3, 8, 6, 0]  	1293	8 
[4, 1, 16, 0, 0]  	1297	8 
[7, 0, 1, 11, 0]  	1300	9 
[4, 4, 8, 5, 0]  	1300	9 
[2, 10, 11, 1, 0]  	1305	6 
[3, 5, 8, 5, 0]  	1306	8 
[2, 3, 3, 10, 0]  	1306	7 
[2, 2, 10, 5, 0]  	1306	7 
[10, 2, 13, 0, 0]  	1307	10 
[5, 0, 2, 11, 0]  	1309	10 
[3, 7, 7, 5, 0]  	1309	9 
[3, 8, 13, 0, 0]  	1312	9 
[1, 3, 1, 12, 0]  	1317	6 
[3, 0, 3, 11, 0]  	1318	9 
[2, 24, 0, 4, 0]  	1318	9 
[2, 29, 0, 2, 0]  	1319	8 
[3, 0, 16, 1, 0]  	1321	5 
[7, 3, 14, 0, 0]  	1322	9 
[2, 0, 10, 6, 0]  	1324	7 
[2, 5, 10, 4, 0]  	1325	6 
[4, 0, 4, 10, 0]  	1328	8 
[2, 12, 9, 2, 0]  	1329	7 
[5, 0, 1, 12, 0]  	1330	7 
[4, 0, 17, 0, 0]  	1331	7 
[2, 3, 6, 8, 0]  	1335	6 
[2, 2, 13, 3, 0]  	1335	6 
[3, 1, 17, 0, 0]  	1337	6 
[2, 27, 0, 3, 0]  	1337	7 
[2, 2, 17, 0, 0]  	1343	6 
[3, 7, 14, 0, 0]  	1346	7 
[2, 5, 9, 5, 0]  	1346	6 
[1, 3, 4, 10, 0]  	1346	6 
[2, 2, 8, 7, 0]  	1348	7 
[2, 1, 15, 2, 0]  	1348	7 
[2, 7, 8, 5, 0]  	1349	8 
[1, 5, 3, 10, 0]  	1349	6 
[2, 13, 1, 8, 0]  	1350	7 
[2, 12, 8, 3, 0]  	1350	7 
[7, 0, 16, 0, 0]  	1353	7 
[2, 2, 12, 4, 0]  	1356	6 
[2, 13, 5, 5, 0]  	1358	7 
[2, 2, 3, 11, 0]  	1361	6 
[2, 0, 17, 1, 0]  	1361	6 
[1, 26, 0, 4, 0]  	1361	6 
[2, 2, 16, 1, 0]  	1364	7 
[2, 8, 9, 4, 0]  	1365	6 
[2, 0, 8, 8, 0]  	1366	6 
[2, 4, 15, 1, 0]  	1367	6 
[1, 3, 3, 11, 0]  	1367	6 
[1, 2, 10, 6, 0]  	1367	6 
[3, 0, 5, 10, 0]  	1368	7 
[2, 11, 1, 9, 0]  	1368	7 
[6, 32, 0, 0, 0]  	1370	9 
[3, 0, 18, 0, 0]  	1371	6 
[2, 13, 0, 9, 0]  	1371	6 
[3, 4, 16, 0, 0]  	1377	5 
[2, 1, 18, 0, 0]  	1377	5 
[1, 14, 0, 9, 0]  	1377	5 
[2, 13, 4, 6, 0]  	1379	7 
[3, 6, 15, 0, 0]  	1380	5 
[1, 29, 0, 3, 0]  	1380	5 
[1, 2, 5, 10, 0]  	1380	5 
[1, 1, 12, 5, 0]  	1380	5 
[3, 0, 0, 14, 0]  	1381	8 
[2, 9, 10, 3, 0]  	1381	7 
[6, 0, 0, 13, 0]  	1382	10 
[1, 5, 10, 5, 0]  	1386	6 
[2, 0, 7, 9, 0]  	1387	6 
[2, 16, 0, 8, 0]  	1390	5 
[2, 2, 6, 9, 0]  	1390	5 
[2, 1, 13, 4, 0]  	1390	5 
[1, 13, 2, 8, 0]  	1390	5 
[14, 1, 13, 0, 0]  	1394	10 
[1, 3, 6, 9, 0]  	1396	5 
[1, 32, 0, 2, 0]  	1399	6 
[1, 2, 4, 11, 0]  	1401	6 
[2, 0, 15, 3, 0]  	1403	6 
[2, 11, 8, 4, 0]  	1405	6 
[1, 2, 8, 8, 0]  	1409	5 
[2, 9, 13, 1, 0]  	1410	5 
[2, 0, 19, 0, 0]  	1411	4 
[1, 13, 1, 9, 0]  	1411	4 
[2, 34, 0, 1, 0]  	1412	7 
[1, 1, 19, 0, 0]  	1417	4 
[2, 11, 3, 8, 0]  	1418	6 
[1, 35, 0, 1, 0]  	1418	6 
[4, 35, 0, 0, 0]  	1419	7 
[2, 6, 16, 0, 0]  	1420	5 
[1, 4, 11, 5, 0]  	1420	6 
[1, 2, 3, 12, 0]  	1422	6 
[2, 0, 14, 4, 0]  	1424	6 
[2, 10, 14, 0, 0]  	1426	5 
[1, 13, 9, 3, 0]  	1427	4 
[1, 3, 0, 14, 0]  	1430	5 
[1, 2, 7, 9, 0]  	1430	5 
[1, 13, 13, 0, 0]  	1435	4 
[1, 0, 12, 6, 0]  	1435	4 
[1, 7, 11, 4, 0]  	1439	4 
[2, 0, 0, 15, 0]  	1442	5 
[1, 9, 10, 4, 0]  	1442	4 
[1, 2, 2, 13, 0]  	1443	6 
[2, 0, 13, 5, 0]  	1445	4 
[1, 1, 0, 15, 0]  	1448	4 
[1, 0, 20, 0, 0]  	1451	4 
[1, 7, 6, 8, 0]  	1452	5 
[4, 0, 2, 13, 0]  	1462	9 
[0, 9, 3, 10, 0]  	1466	3 
[0, 13, 10, 3, 0]  	1467	3 
[1, 13, 7, 5, 0]  	1469	5 
[1, 12, 14, 0, 0]  	1469	4 
[1, 0, 19, 1, 0]  	1472	3 
[0, 13, 1, 10, 0]  	1472	3 
[0, 12, 8, 5, 0]  	1472	3 
[1, 11, 3, 9, 0]  	1479	4 
[1, 12, 9, 4, 0]  	1482	4 
[0, 13, 9, 4, 0]  	1488	3 
[1, 7, 13, 3, 0]  	1489	4 
[1, 13, 6, 6, 0]  	1490	5 
[1, 12, 13, 1, 0]  	1490	4 
[0, 3, 0, 15, 0]  	1491	3 
[0, 2, 7, 10, 0]  	1491	3 
[2, 0, 2, 14, 0]  	1492	6 
[1, 7, 17, 0, 0]  	1497	4 
[0, 6, 5, 10, 0]  	1497	3 
[1, 1, 2, 14, 0]  	1498	4 
[3, 38, 0, 0, 0]  	1499	8 
[0, 8, 4, 10, 0]  	1500	3 
[1, 1, 15, 4, 0]  	1501	2 
[0, 13, 4, 8, 0]  	1501	3 
[1, 11, 15, 0, 0]  	1503	2 
[0, 9, 10, 5, 0]  	1503	2 
[2, 39, 0, 0, 0]  	1505	6 
[0, 12, 15, 0, 0]  	1509	3 
[0, 6, 0, 14, 0]  	1510	3 
[1, 40, 0, 0, 0]  	1511	7 
[0, 11, 4, 9, 0]  	1519	2 
[0, 8, 3, 11, 0]  	1521	3 
[0, 13, 3, 9, 0]  	1522	2 
[0, 12, 10, 4, 0]  	1522	2 
[0, 2, 1, 15, 0]  	1525	3 
[1, 11, 5, 8, 0]  	1529	4 
[1, 6, 18, 0, 0]  	1531	4 
[0, 5, 6, 10, 0]  	1531	3 
[0, 24, 0, 7, 0]  	1532	2 
[0, 10, 6, 8, 0]  	1532	2 
[0, 6, 12, 5, 0]  	1534	2 
[0, 1, 3, 14, 0]  	1538	2 
[0, 2, 9, 9, 0]  	1541	2 
[1, 11, 13, 2, 0]  	1545	4 
[0, 2, 0, 16, 0]  	1546	3 
[0, 8, 6, 9, 0]  	1550	2 
[1, 6, 17, 1, 0]  	1552	4 
[0, 5, 5, 11, 0]  	1552	3 
[1, 0, 2, 15, 0]  	1553	3 
[0, 37, 0, 2, 0]  	1553	3 
[1, 0, 15, 5, 0]  	1556	2 
[0, 1, 2, 15, 0]  	1559	1 
[0, 0, 9, 10, 0]  	1559	1 
[0, 7, 8, 8, 0]  	1563	2 
[0, 40, 0, 1, 0]  	1572	3 
[0, 5, 8, 9, 0]  	1581	2 
[0, 11, 1, 12, 0]  	1582	3 
[0, 7, 7, 9, 0]  	1584	2 
[0, 13, 13, 2, 0]  	1588	3 
[0, 10, 12, 4, 0]  	1590	1 
[0, 0, 3, 15, 0]  	1593	1 
[1, 6, 15, 3, 0]  	1594	2 
[0, 5, 3, 13, 0]  	1594	2 
[0, 4, 10, 8, 0]  	1594	2 
[0, 0, 16, 5, 0]  	1596	1 
[0, 11, 0, 13, 0]  	1603	2 
[0, 1, 17, 4, 0]  	1612	1 
[0, 11, 17, 0, 0]  	1614	1 
[0, 0, 2, 16, 0]  	1614	1 
[0, 7, 14, 4, 0]  	1621	1 
[0, 9, 13, 4, 0]  	1624	1 
[0, 2, 5, 13, 0]  	1625	2 
[0, 1, 12, 8, 0]  	1625	2 
[0, 0, 23, 0, 0]  	1633	1  <--- 3
[0, 12, 13, 3, 0]  	1643	1 
[0, 0, 5, 14, 0]  	1643	1 
[0, 8, 19, 0, 0]  	1645	1 
[0, 4, 16, 4, 0]  	1652	1 
[0, 6, 15, 4, 0]  	1655	1 
[0, 11, 15, 2, 0]  	1656	2 
[0, 45, 0, 0, 0]  	1665	2  <--- 2
[0, 9, 15, 3, 0]  	1674	1 
[0, 5, 21, 0, 0]  	1676	1 
[0, 0, 12, 9, 0]  	1680	1 
[0, 1, 0, 18, 0]  	1693	2 
[0, 6, 17, 3, 0]  	1705	1 
[0, 0, 19, 4, 0]  	1717	1 
[0, 32, 0, 6, 0]  	1736	1 
[0, 3, 19, 3, 0]  	1736	1 
[0, 0, 0, 19, 0]  	1748	1  <--- 4
[0, 0, 21, 3, 0]  	1767	1 
[0, 19, 0, 12, 0]  	1807	1 
[5, 1, 3, 1, 1]  	497	4 
[15, 1, 0, 5, 1]  	962	6 
[15, 13, 1, 0, 1]  	1017	6 
[4, 13, 0, 5, 1]  	1065	9 
[4, 2, 11, 1, 1]  	1071	10 
[3, 14, 0, 5, 1]  	1071	5 
[13, 6, 0, 5, 1]  	1085	7 
[4, 13, 7, 0, 1]  	1102	8 
[12, 0, 9, 1, 1]  	1103	12 
[13, 19, 0, 0, 1]  	1106	14 
[7, 12, 0, 5, 1]  	1121	12 
[12, 11, 5, 0, 1]  	1134	12 
[4, 1, 6, 6, 1]  	1139	11 
[11, 12, 5, 0, 1]  	1140	12 
[9, 11, 0, 5, 1]  	1146	14 
[5, 0, 13, 1, 1]  	1170	10 
[11, 10, 0, 5, 1]  	1171	10 
[4, 1, 13, 1, 1]  	1176	10 
[10, 15, 0, 4, 1]  	1233	9 
[6, 0, 1, 11, 1]  	1269	10 
[8, 3, 13, 0, 1]  	1282	10 
[3, 1, 15, 1, 1]  	1287	9 
[2, 13, 4, 5, 1]  	1287	8 
[12, 4, 11, 0, 1]  	1301	12 
[2, 11, 4, 6, 1]  	1305	6 
[2, 6, 3, 9, 1]  	1325	6 
[4, 4, 15, 0, 1]  	1337	7 
[4, 6, 14, 0, 1]  	1340	8 
[1, 4, 10, 5, 1]  	1349	6 
[2, 5, 4, 9, 1]  	1359	7 
[1, 16, 0, 8, 1]  	1359	6 
[2, 0, 12, 5, 1]  	1374	5 
[2, 0, 3, 12, 1]  	1379	6 
[2, 10, 3, 8, 1]  	1381	7 
[2, 10, 7, 5, 1]  	1389	8 
[1, 8, 2, 10, 1]  	1389	6 
[2, 1, 4, 11, 1]  	1395	6 
[1, 13, 6, 5, 1]  	1398	6 
[2, 0, 6, 10, 1]  	1408	5 
[1, 11, 2, 9, 1]  	1408	4 
[2, 10, 6, 6, 1]  	1410	5 
[1, 12, 8, 4, 1]  	1411	4 
[1, 6, 5, 9, 1]  	1436	5 
[1, 8, 4, 9, 1]  	1439	4 
[1, 13, 4, 7, 1]  	1440	6 
[1, 10, 3, 9, 1]  	1442	4 
[1, 6, 17, 0, 1]  	1460	5 
[1, 11, 8, 5, 1]  	1466	4 
[1, 10, 6, 7, 1]  	1471	5 
[1, 13, 11, 2, 1]  	1477	6 
[1, 0, 1, 15, 1]  	1482	3 
[1, 1, 7, 10, 1]  	1485	4 
[1, 10, 5, 8, 1]  	1492	5 
[1, 10, 9, 5, 1]  	1500	4 
[1, 0, 0, 16, 1]  	1503	2 
[1, 0, 8, 10, 1]  	1519	2 
[0, 3, 3, 13, 1]  	1520	3 
[1, 10, 8, 6, 1]  	1521	4 
[1, 0, 16, 4, 1]  	1535	4 
[1, 0, 7, 11, 1]  	1540	2 
[0, 27, 0, 6, 1]  	1551	4 
[0, 13, 6, 7, 1]  	1551	3 
[1, 0, 5, 13, 1]  	1582	3 
[0, 14, 0, 12, 1]  	1622	4 
[5, 0, 11, 1, 2]  	1028	9 
[13, 13, 3, 0, 2]  	1097	11 
[4, 0, 6, 6, 2]  	1102	10 
[4, 0, 13, 1, 2]  	1139	10 
[12, 9, 0, 5, 2]  	1165	9 
[3, 10, 10, 0, 2]  	1173	7 
[4, 0, 1, 11, 2]  	1207	10 
[3, 0, 8, 6, 2]  	1213	7 
[2, 11, 4, 5, 2]  	1213	8 
[6, 7, 11, 0, 2]  	1226	10 
[2, 22, 0, 4, 2]  	1244	9 
[3, 0, 15, 1, 2]  	1250	7 
[5, 7, 12, 0, 2]  	1266	9 
[2, 5, 4, 8, 2]  	1267	7 
[3, 0, 1, 12, 2]  	1268	8 
[2, 16, 0, 7, 2]  	1298	8 
[4, 7, 13, 0, 2]  	1306	7 
[2, 6, 8, 5, 2]  	1312	8 
[2, 1, 3, 11, 2]  	1324	7 
[2, 13, 2, 7, 2]  	1329	7 
[2, 13, 6, 4, 2]  	1337	6 
[2, 4, 16, 0, 2]  	1346	6 
[2, 10, 8, 4, 2]  	1368	6 
[2, 3, 0, 13, 2]  	1369	8 
[2, 1, 0, 14, 2]  	1387	6 
[2, 11, 13, 0, 2]  	1392	6 
[1, 9, 3, 9, 2]  	1405	5 
[1, 1, 1, 14, 2]  	1427	4 
[1, 1, 14, 4, 2]  	1430	4 
[1, 5, 12, 4, 2]  	1436	4 
[2, 9, 15, 0, 2]  	1460	6 
[1, 12, 10, 3, 2]  	1461	4 
[1, 0, 2, 14, 2]  	1461	4 
[3, 37, 0, 0, 2]  	1462	7 
[1, 9, 9, 5, 2]  	1463	5 
[1, 4, 13, 4, 2]  	1470	4 
[1, 9, 8, 6, 2]  	1484	5 
[0, 38, 0, 1, 2]  	1498	3 
[0, 12, 11, 3, 2]  	1501	2 
[0, 2, 2, 14, 2]  	1504	3 
[0, 42, 0, 0, 2]  	1554	4 
[2, 1, 2, 7, 3]  	885	4 
[2, 6, 2, 6, 3]  	978	4 
[3, 7, 12, 0, 3]  	1204	9 
[2, 2, 1, 11, 3]  	1219	6 
[2, 5, 6, 6, 3]  	1225	8 
[3, 7, 6, 5, 3]  	1238	10 
[9, 7, 10, 0, 3]  	1248	11 
[2, 1, 1, 12, 3]  	1274	4 
[2, 1, 9, 6, 3]  	1290	5 
[3, 4, 15, 0, 3]  	1306	7 
[2, 7, 14, 0, 3]  	1315	7 
[2, 7, 13, 1, 3]  	1336	6 
[3, 3, 16, 0, 3]  	1340	8 
[2, 6, 15, 0, 3]  	1349	7 
[1, 9, 8, 5, 3]  	1392	5 
[1, 12, 13, 0, 3]  	1398	5 
[1, 5, 5, 9, 3]  	1399	5 
[1, 7, 8, 6, 3]  	1410	5 
[2, 0, 1, 14, 3]  	1421	6 
[1, 10, 4, 8, 3]  	1421	5 
[1, 8, 9, 5, 3]  	1426	5 
[2, 0, 5, 11, 3]  	1429	6 
[1, 12, 7, 5, 3]  	1432	5 
[1, 1, 5, 11, 3]  	1435	4 
[1, 5, 7, 8, 3]  	1449	5 
[1, 12, 6, 6, 3]  	1453	5 
[1, 1, 8, 9, 3]  	1464	4 
[1, 0, 6, 11, 3]  	1469	4 
[1, 39, 0, 0, 3]  	1474	6 
[1, 1, 3, 13, 3]  	1477	5 
[1, 1, 16, 3, 3]  	1480	5 
[1, 0, 5, 12, 3]  	1490	4 
[1, 0, 17, 3, 3]  	1514	4 
[0, 1, 10, 9, 3]  	1575	2 
[0, 1, 7, 13, 3]  	1730	2 
[9, 11, 7, 0, 4]  	1183	12 
[4, 6, 13, 0, 4]  	1269	10 
[4, 3, 15, 0, 4]  	1300	8 
[3, 6, 14, 0, 4]  	1309	8 
[2, 9, 13, 0, 4]  	1318	7 
[2, 3, 15, 1, 4]  	1330	7 
[1, 2, 17, 1, 4]  	1404	5 
[1, 1, 18, 1, 4]  	1438	5 
[1, 4, 18, 0, 4]  	1457	4 
[1, 10, 11, 3, 4]  	1458	4 
[1, 1, 17, 2, 4]  	1459	5 
[1, 8, 16, 0, 4]  	1463	4 
[1, 10, 15, 0, 4]  	1466	3 
[1, 8, 15, 1, 4]  	1484	4 
[1, 0, 9, 9, 4]  	1498	4 
[1, 1, 10, 8, 4]  	1514	4 
[1, 6, 14, 3, 4]  	1523	4 
[0, 2, 14, 5, 4]  	1528	2 
[0, 1, 15, 5, 4]  	1562	2 
[0, 1, 14, 6, 4]  	1583	2 
[4, 1, 4, 6, 5]  	997	9 
[7, 12, 7, 0, 5]  	1158	12 
[5, 7, 11, 0, 5]  	1195	11 
[2, 10, 6, 5, 5]  	1318	8 
[1, 3, 18, 0, 5]  	1420	5 
[0, 29, 0, 4, 5]  	1441	4 
[1, 0, 7, 10, 5]  	1448	3 
[0, 17, 0, 9, 5]  	1457	4 
[0, 32, 0, 3, 5]  	1460	4 
[1, 3, 15, 3, 5]  	1483	4 
[1, 0, 14, 5, 5]  	1485	3 
[1, 9, 12, 3, 5]  	1492	4 
[0, 16, 0, 10, 5]  	1512	4 
[0, 9, 0, 13, 5]  	1529	3 
[0, 10, 5, 9, 5]  	1553	2 
[0, 6, 2, 13, 5]  	1560	3 
[0, 8, 1, 13, 5]  	1563	2 
[2, 8, 6, 5, 6]  	1244	8 
[3, 0, 2, 11, 6]  	1247	9 
[1, 4, 17, 0, 6]  	1386	5 
[1, 9, 15, 0, 6]  	1429	4 
[0, 35, 0, 2, 6]  	1479	3 
[0, 21, 0, 8, 6]  	1513	3 
[8, 8, 10, 0, 7]  	1254	10 
[2, 5, 8, 5, 7]  	1275	8 
[1, 12, 11, 2, 8]  	1440	5 
[2, 5, 15, 0, 9]  	1312	7 
[0, 3, 1, 14, 10]  	1470	3 
[0, 2, 8, 9, 243]  	1470	2 
[1, 4, 3, 10, 247]  	1312	6 
[1, 3, 3, 10, 248]  	1275	6 
[7, 5, 12, 0, 249]  	1254	8 
[2, 1, 10, 5, 249]  	1269	4 
[6, 9, 9, 0, 250]  	1158	9 
[2, 0, 16, 1, 250]  	1290	4 
[2, 0, 15, 2, 250]  	1311	4 
[0, 8, 3, 10, 250]  	1429	3 
[0, 11, 5, 8, 250]  	1498	2 
[0, 7, 6, 9, 250]  	1513	2 
[0, 2, 10, 8, 250]  	1520	2 
[0, 7, 13, 4, 250]  	1550	1 
[7, 5, 11, 0, 251]  	1183	8 
[4, 5, 6, 5, 251]  	1195	10 
[1, 6, 1, 10, 251]  	1244	6 
[2, 1, 13, 3, 251]  	1298	3 
[0, 3, 5, 10, 251]  	1386	3 
[0, 7, 3, 10, 251]  	1392	3 
[0, 2, 6, 10, 251]  	1420	3 
[0, 7, 6, 8, 251]  	1421	2 
[0, 7, 10, 5, 251]  	1429	2 
[1, 0, 3, 13, 251]  	1440	4 
[0, 2, 5, 11, 251]  	1441	3 
[0, 11, 3, 9, 251]  	1448	2 
[0, 2, 9, 8, 251]  	1449	2 
[0, 7, 12, 4, 251]  	1479	1 
[0, 2, 3, 13, 251]  	1483	3 
[0, 5, 19, 0, 251]  	1534	1 
[0, 1, 16, 4, 251]  	1541	1 
[0, 12, 13, 2, 251]  	1551	2 
[0, 6, 15, 3, 251]  	1563	1 
[4, 0, 11, 1, 252]  	997	9 
[2, 9, 11, 1, 252]  	1268	5 
[3, 0, 17, 0, 252]  	1300	5 
[2, 4, 9, 5, 252]  	1309	6 
[1, 2, 3, 11, 252]  	1330	6 
[0, 2, 5, 10, 252]  	1349	3 
[0, 13, 13, 0, 252]  	1404	2 
[0, 13, 7, 5, 252]  	1438	3 
[0, 0, 19, 1, 252]  	1441	1 
[0, 1, 20, 0, 252]  	1457	1 
[0, 7, 13, 3, 252]  	1458	1 
[0, 13, 6, 6, 252]  	1459	3 
[0, 37, 0, 1, 252]  	1461	3 
[0, 4, 19, 0, 252]  	1497	1 
[0, 0, 22, 0, 252]  	1562	1 
[2, 0, 9, 2, 253]  	885	3 
[2, 5, 9, 1, 253]  	978	3 
[4, 11, 8, 0, 253]  	1099	7 
[1, 6, 0, 10, 253]  	1173	4 
[12, 7, 8, 0, 253]  	1199	8 
[2, 1, 8, 6, 253]  	1219	5 
[2, 4, 13, 1, 253]  	1225	7 
[3, 5, 7, 5, 253]  	1235	4 
[1, 2, 3, 10, 253]  	1238	3 
[0, 3, 3, 10, 253]  	1244	2 
[7, 1, 14, 0, 253]  	1248	5 
[2, 0, 8, 7, 253]  	1274	3 
[2, 1, 17, 0, 253]  	1306	3 
[1, 5, 8, 6, 253]  	1336	5 
[1, 28, 0, 3, 253]  	1343	4 
[1, 8, 8, 5, 253]  	1355	5 
[1, 12, 1, 9, 253]  	1374	3 
[0, 1, 19, 0, 253]  	1386	1 
[0, 11, 1, 10, 253]  	1398	2 
[0, 3, 0, 14, 253]  	1399	2 
[0, 13, 3, 8, 253]  	1430	2 
[1, 11, 14, 0, 253]  	1432	1 
[0, 24, 0, 6, 253]  	1440	3 
[1, 11, 13, 1, 253]  	1453	1 
[1, 0, 15, 4, 253]  	1464	1 
[0, 1, 2, 14, 253]  	1467	2 
[0, 40, 0, 0, 253]  	1480	3 
[0, 0, 16, 4, 253]  	1504	1 
[0, 11, 0, 12, 253]  	1511	2 
[0, 11, 13, 2, 253]  	1514	1 
[0, 0, 12, 8, 253]  	1588	1 
[3, 9, 8, 0, 254]  	994	4 
[15, 0, 0, 6, 254]  	1017	6 
[4, 12, 0, 5, 254]  	1028	7 
[13, 0, 2, 6, 254]  	1097	10 
[1, 19, 0, 4, 254]  	1102	4 
[10, 8, 7, 0, 254]  	1103	8 
[3, 5, 6, 5, 254]  	1164	6 
[12, 10, 6, 0, 254]  	1168	9 
[11, 7, 8, 0, 254]  	1168	4 
[0, 2, 3, 10, 254]  	1207	2 
[7, 0, 14, 0, 254]  	1211	5 
[2, 10, 11, 0, 254]  	1213	5 
[4, 2, 8, 5, 254]  	1226	9 
[2, 9, 12, 0, 254]  	1247	6 
[1, 2, 6, 8, 254]  	1267	2 
[1, 2, 10, 5, 254]  	1275	2 
[3, 0, 4, 10, 254]  	1297	6 
[11, 1, 13, 0, 254]  	1301	7 
[1, 27, 0, 3, 254]  	1306	4 
[2, 12, 0, 9, 254]  	1334	3 
[1, 11, 1, 9, 254]  	1337	3 
[0, 11, 3, 8, 254]  	1356	2 
[1, 6, 4, 9, 254]  	1365	3 
[1, 11, 4, 7, 254]  	1366	3 
[1, 7, 10, 4, 254]  	1368	3 
[0, 6, 10, 5, 254]  	1392	2 
[0, 0, 3, 14, 254]  	1501	1 
[0, 1, 9, 9, 254]  	1504	2 
[3, 9, 1, 0, 255]  	497	2 
[3, 1, 0, 6, 255]  	682	3 
[5, 0, 9, 1, 255]  	886	5 
[3, 10, 0, 5, 255]  	923	5 
[15, 0, 7, 0, 255]  	962	4 
[10, 5, 7, 0, 255]  	992	3 
[2, 10, 9, 0, 255]  	1071	4 
[7, 0, 13, 0, 255]  	1140	5 
[2, 7, 12, 0, 255]  	1173	6 
[3, 2, 8, 5, 255]  	1195	8 
[3, 6, 13, 0, 255]  	1238	6 
[2, 5, 1, 10, 255]  	1238	5 
[1, 5, 8, 5, 255]  	1244	5 
[2, 10, 5, 5, 255]  	1247	8 
[4, 4, 14, 0, 255]  	1266	7 
[3, 1, 16, 0, 255]  	1266	6 
[1, 6, 13, 1, 255]  	1268	1 
[1, 10, 13, 0, 255]  	1324	1 
[1, 2, 12, 4, 255]  	1325	1 
[1, 10, 4, 7, 255]  	1329	3 
[0, 6, 13, 2, 255]  	1329	1 
[0, 7, 10, 4, 255]  	1337	1 
[1, 13, 8, 3, 255]  	1356	5 
[0, 3, 6, 9, 255]  	1365	1 
[10, 0, 2, 10, 255]  	1372	5 
[1, 11, 8, 4, 255]  	1374	2 
[1, 34, 0, 1, 255]  	1381	3 
[0, 30, 0, 3, 255]  	1386	4 
[1, 6, 16, 0, 255]  	1389	1 
[1, 2, 0, 14, 255]  	1393	4 
[1, 0, 5, 11, 255]  	1398	4 
[1, 10, 9, 4, 255]  	1408	2 
[0, 6, 17, 0, 255]  	1429	1 
[0, 6, 12, 4, 255]  	1442	1 
[0, 8, 5, 9, 255]  	1479	2 
[0, 5, 12, 5, 255]  	1497	2 
[0, 12, 6, 7, 255]  	1514	2 
[0, 4, 13, 5, 255]  	1531	2 
[0, 4, 12, 6, 255]  	1552	2 
[0, 1, 5, 13, 255]  	1588	2 
------
The gap is between 11 and 242.
Lengths: 5 5 8 8 5 7.
For 1536 = 3*d-d1-d2-d3-d4 you get 5 in char 0.
1 + 0*2^64 + 0*2^128 + 0*2^192*x^1*y^6*z^9*w^7
1 + 0*2^64 + 0*2^128 + 0*2^192*x^1*y^5*z^16*w^2
1 + 0*2^64 + 0*2^128 + 0*2^192*y^4*z^4*w^12
1 + 0*2^64 + 0*2^128 + 0*2^192*y^3*z^11*w^7
1 + 0*2^64 + 0*2^128 + 0*2^192*y^2*z^18*w^2

For 947 = 2*d-d1-d2-d3-d4 you get 8 in char 0.
1 + 0*2^64 + 0*2^128 + 0*2^192*x^14*y^2*z^1*w^4
1 + 0*2^64 + 0*2^128 + 0*2^192*x^11*y^7*z^1*w^3
1 + 0*2^64 + 0*2^128 + 0*2^192*x^2*y^9*w^6
1 + 0*2^64 + 0*2^128 + 0*2^192*x^2*y^8*z^7*w^1
1 + 0*2^64 + 0*2^128 + 0*2^192*x^1*y^6*z^2*w^6
1 + 0*2^64 + 0*2^128 + 0*2^192*x^1*y^5*z^9*w^1
1 + 0*2^64 + 0*2^128 + 0*2^192*y^3*z^4*w^6
1 + 0*2^64 + 0*2^128 + 0*2^192*y^2*z^11*w^1

For 358 = d-d1-d2-d3-d4 you get 5 in char 0.
1 + 0*2^64 + 0*2^128 + 0*2^192*x^5*y^3*w^1
1 + 0*2^64 + 0*2^128 + 0*2^192*x^4*z^2*w^1
1 + 0*2^64 + 0*2^128 + 0*2^192*x^2*y^8
1 + 0*2^64 + 0*2^128 + 0*2^192*x^1*y^5*z^2
1 + 0*2^64 + 0*2^128 + 0*2^192*y^2*z^4

Extra powers of p used 7.
The invariant extra is equal to 33.
Start computing 2^4 Delta^1 (x1x2x3x4)^1... Done.
Start computing 2^5 Delta^2 (x1x2x3x4)^1... Done.
Start computing 2^6 Delta^3 (x1x2x3x4)^1... Done.
Start computing 2^7 Delta^4 (x1x2x3x4)^1... Done.
Start computing 2^8 Delta^5 (x1x2x3x4)^1... Done.
Start computing 2^9 Delta^6 (x1x2x3x4)^1... Done.
Start computing 2^10 Delta^7 (x1x2x3x4)^1... Done.
Start computing 2^11 Delta^8 (x1x2x3x4)^1... Done.
Start computing 2^12 Delta^9 (x1x2x3x4)^1... Done.
Start computing 2^13 Delta^10 (x1x2x3x4)^1... Done.
Start computing 2^14 Delta^11 (x1x2x3x4)^1... Done.
Start computing 2^15 Delta^12 (x1x2x3x4)^1... Done.
Start computing 2^16 Delta^13 (x1x2x3x4)^1... Done.
Start computing 2^17 Delta^14 (x1x2x3x4)^1... Done.
Start computing 2^18 Delta^15 (x1x2x3x4)^1... Done.
Start computing 2^19 Delta^16 (x1x2x3x4)^1... Done.
Start computing 2^20 Delta^17 (x1x2x3x4)^1... Done.
Start computing 2^21 Delta^18 (x1x2x3x4)^1... Done.
Start computing 2^22 Delta^19 (x1x2x3x4)^1... Done.
Start computing 2^23 Delta^20 (x1x2x3x4)^1... Done.
Start computing 2^24 Delta^21 (x1x2x3x4)^1... Done.
Start computing 2^25 Delta^22 (x1x2x3x4)^1... Done.
Start computing 2^26 Delta^23 (x1x2x3x4)^1... Done.
Start computing 2^27 Delta^24 (x1x2x3x4)^1... Done.
Start computing 2^28 Delta^25 (x1x2x3x4)^1... Done.
Start computing 2^29 Delta^26 (x1x2x3x4)^1... Done.
Start computing 2^30 Delta^27 (x1x2x3x4)^1... Done.
Start computing 2^31 Delta^28 (x1x2x3x4)^1... Done.
Start computing 2^32 Delta^29 (x1x2x3x4)^1... Done.
Start computing 2^33 Delta^30 (x1x2x3x4)^1... Done.
Start computing 2^34 Delta^31 (x1x2x3x4)^1... Done.
Start computing 2^35 Delta^32 (x1x2x3x4)^1... Done.
Start computing 2^36 Delta^33 (x1x2x3x4)^1... Done.
Start computing 2^37 Delta^34 (x1x2x3x4)^1... Done.
Start computing 2^38 Delta^35 (x1x2x3x4)^1... Done.
Start computing aa.
1 2 3 4 5 6 7 8 9 10 11 12 13 14 15 16 17 18 
*/
A = \
[5842560280242189728 + 3371003793114804538*2^64 + 14861532447795226972*2^128 + 102330133265*2^192,6874406008663864416 + 16257813886723755913*2^64 + 16042698546551878240*2^128 + 110321310098*2^192,1974146015049905024 + 16622611474614485701*2^64 + 6782493418887846101*2^128 + 50523125094*2^192,1969282461439713488 + 1920573588210263084*2^64 + 1192072327303568943*2^128 + 44856956567*2^192,13219517062051908608 + 9783469096422254435*2^64 + 17243877390570477949*2^128 + 77760522491*2^192,8248716102119757760 + 806455936313522632*2^64 + 2454782881121006683*2^128 + 114037142912*2^192,3269195364020730880 + 7669869955972151831*2^64 + 1594807560175525218*2^128 + 101930436701*2^192,1773439850529401664 + 628691932042532096*2^64 + 18281601144985554208*2^128 + 86307081942*2^192,12700524034218730496 + 12614000420901251517*2^64 + 9502001496273500037*2^128 + 23175414357*2^192,13515351935123942656 + 14157632952765848814*2^64 + 18349593081667286930*2^128 + 13460253333*2^192,6613052639837017344 + 11049386427360845633*2^64 + 3282462095543467491*2^128 + 77447357089*2^192,5483626691188319168 + 9484536592297300554*2^64 + 13754658588676818049*2^128 + 55666901595*2^192,6909089500316858880 + 17869411189494864316*2^64 + 9194369655421163633*2^128 + 66981869484*2^192,2239861820023909120 + 4069069546936746172*2^64 + 12729936797724078596*2^128 + 89079310160*2^192,13706668668214887936 + 15208739739322003298*2^64 + 14756739656271380032*2^128 + 75022246297*2^192,15693057145132670592 + 4866312264307380621*2^64 + 10845492945589245152*2^128 + 84847502366*2^192,13477674654991365376 + 17489411273432253101*2^64 + 2525254587170530687*2^128 + 135780505487*2^192,14148910202510295168 + 8545815906437067624*2^64 + 1023153785792778116*2^128 + 73583997837*2^192;\
1809180917452752096 + 8159975365865611520*2^64 + 13311939128948444669*2^128 + 124304140349*2^192,16380625327671042592 + 14721502046276368614*2^64 + 17898236020107846988*2^128 + 79870069212*2^192,5704768453258109824 + 8686837512668696903*2^64 + 5847343925494773371*2^128 + 62320322224*2^192,16869579821308136240 + 4235622984662192371*2^64 + 6464715753411682978*2^128 + 111774782014*2^192,17542286178129029632 + 6915185823804444413*2^64 + 16369074613311304686*2^128 + 117880644029*2^192,630554077496739392 + 13374039794012563102*2^64 + 4773781408555370287*2^128 + 49862031246*2^192,10650779693860534272 + 13778769294880834346*2^64 + 550268970019694337*2^128 + 51389022284*2^192,17680539769748082880 + 7603790939130960032*2^64 + 10328248510867129475*2^128 + 68628147710*2^192,14109674370416768000 + 7132156224781182202*2^64 + 8014368218458832029*2^128 + 17829237037*2^192,37182438539422464 + 772535588801572785*2^64 + 9480472109778028690*2^128 + 91214554079*2^192,5429034732570328832 + 12622633315114025517*2^64 + 2342058435990478852*2^128 + 42513193114*2^192,6024216990867183680 + 12414372875245761651*2^64 + 11590719255250458284*2^128 + 50802820255*2^192,2839795864777359872 + 15279104611756390520*2^64 + 8528869274368093329*2^128 + 57185293979*2^192,10193670920938863872 + 9308761626494373782*2^64 + 1053835868174061141*2^128 + 114485433672*2^192,6298708592101194240 + 771236462270832604*2^64 + 13480934851516491065*2^128 + 115302496012*2^192,17543325371974975872 + 5632857988801737177*2^64 + 17982027015482056910*2^128 + 75919123499*2^192,17920605941536627456 + 16352944288988501795*2^64 + 9209676219659843653*2^128 + 107517556329*2^192,8051011201124224896 + 1225165163565095686*2^64 + 6258599253332123622*2^128 + 103853289624*2^192;\
2238074945485712892 + 13041624073478846314*2^64 + 11151073620234294006*2^128 + 125795057355*2^192,8928363465731586100 + 15679413730167136760*2^64 + 11726723226355053269*2^128 + 27288606541*2^192,6317409748953547056 + 10973298733361928518*2^64 + 13046628384123878679*2^128 + 120178957549*2^192,4006713877490282022 + 471252209753544877*2^64 + 16236096934405674264*2^128 + 32362655483*2^192,5470014665428386944 + 15524227777164170625*2^64 + 9119322049479764510*2^128 + 129036919569*2^192,10042188008343783240 + 9039836408208097808*2^64 + 2069986439899590855*2^128 + 63254437052*2^192,2388593022998401024 + 9119631367036942535*2^64 + 9989407319733002021*2^128 + 24122757191*2^192,13872959602388610840 + 18204480444344267149*2^64 + 2924521962973971278*2^128 + 11306059006*2^192,13989748249010594688 + 8345458229717250562*2^64 + 10121033552342603895*2^128 + 49284031373*2^192,5601408339750146976 + 12966921983896775408*2^64 + 17770451812671230810*2^128 + 56378683105*2^192,1546305363587872352 + 15187037290874351963*2^64 + 3868919731348419190*2^128 + 2388219577*2^192,9493878774311811912 + 4113711218947649785*2^64 + 7054513859233647434*2^128 + 4160968727*2^192,15456261342847380416 + 6484416097483367232*2^64 + 8659088051527786073*2^128 + 126814742187*2^192,16659196196419411104 + 12573630218081307106*2^64 + 8511489169183682844*2^128 + 38168397023*2^192,11003533359734648640 + 3349790002482122035*2^64 + 17094170307792524699*2^128 + 19937014147*2^192,4648765297151943984 + 9258323989519356524*2^64 + 14151481680751123531*2^128 + 26544891144*2^192,9511753155214078176 + 14976978833563391214*2^64 + 7524771778475828577*2^128 + 114376545109*2^192,6615431226153314928 + 6863173341938955855*2^64 + 18374319765137368687*2^128 + 30113190847*2^192;\
7824857467827766944 + 17025068086440189254*2^64 + 11464890860511696148*2^128 + 13871765802*2^192,13475909978135847648 + 11379921978164983095*2^64 + 1836180458466660237*2^128 + 51160352971*2^192,4180841976628976768 + 554330429151285652*2^64 + 860735056875191318*2^128 + 9845450975*2^192,8512747101117324176 + 12589626693880593194*2^64 + 15056313987323503627*2^128 + 1384031131*2^192,1597688182335182848 + 4660086778532993752*2^64 + 5910236112219597601*2^128 + 29867631802*2^192,12257586141099875520 + 8253132044207872410*2^64 + 6310947142319107743*2^128 + 65796690117*2^192,15651222556708352000 + 15464038784494338712*2^64 + 1194312296205815363*2^128 + 29970585213*2^192,6200896710556335168 + 11511562410332736706*2^64 + 6471477801130560142*2^128 + 68025016541*2^192,8396266354859463680 + 12110198389309097495*2^64 + 17468689229497250236*2^128 + 118101018479*2^192,8337857709416740096 + 12997666944751098102*2^64 + 7357965384585203099*2^128 + 86815226391*2^192,9229991611630863616 + 17130749825379352971*2^64 + 16673280173130707308*2^128 + 120343825386*2^192,549408977120763584 + 7142229650603792885*2^64 + 2097450439635185740*2^128 + 124078251572*2^192,14304353370175226368 + 1082471508413319862*2^64 + 1396971456681662785*2^128 + 41046711475*2^192,12634027268493961984 + 15903367616825832006*2^64 + 8529708432089390190*2^128 + 29038418027*2^192,7555498818828523008 + 16708574091942999876*2^64 + 13775576342933147646*2^128 + 72369594921*2^192,2444386142207000704 + 12627701234082864500*2^64 + 17555618981172164245*2^128 + 87371259709*2^192,5563407374927311104 + 13904968760919236180*2^64 + 7385007241850200834*2^128 + 125538359939*2^192,4309157486169367168 + 17400269955023619235*2^64 + 262634977414874794*2^128 + 81517821868*2^192;\
17847842503015185044 + 12982675703015621274*2^64 + 17503642334992713841*2^128 + 95511258737*2^192,8968865334407469820 + 3860303934545080389*2^64 + 8547323209901409665*2^128 + 106993487832*2^192,8745739274952931856 + 11464299533820489799*2^64 + 16082563375005794797*2^128 + 36792927704*2^192,8209800000665584706 + 3454843385787603314*2^64 + 4328507110589599791*2^128 + 133213482174*2^192,4517891802940566400 + 4629017501900932194*2^64 + 3859138228281585999*2^128 + 78022671584*2^192,8789525277206077336 + 3573406891005309584*2^64 + 7656465989925886316*2^128 + 17335552516*2^192,1322553228497981952 + 5915198479258960383*2^64 + 1804587180089039423*2^128 + 82198206227*2^192,2129118211827864200 + 2456591054483504058*2^64 + 7359500932863689601*2^128 + 114881469705*2^192,5425448862560830080 + 2114282320616471150*2^64 + 6128871741439658042*2^128 + 81520776978*2^192,15712498632885173216 + 8238770497175271361*2^64 + 15211081616487222948*2^128 + 117834144673*2^192,2640752165223738912 + 383633972413504393*2^64 + 8594622493161765271*2^128 + 122943405211*2^192,15750724827936436120 + 5239200995709049694*2^64 + 6433719127747271246*2^128 + 61054255936*2^192,14045583858531534144 + 3286778569283120654*2^64 + 8572849334388398882*2^128 + 113487256835*2^192,9885161403383317728 + 3120247688864084673*2^64 + 14823857513289296987*2^128 + 78676107769*2^192,15920908767825754048 + 9587689197378508022*2^64 + 10628268241472731807*2^128 + 3138351522*2^192,8475059935230849552 + 18335544353420242632*2^64 + 9201423951387201666*2^128 + 159354918*2^192,7570869618530621344 + 15177316781418943263*2^64 + 15419729070945012377*2^128 + 93259995496*2^192,9931936529784770512 + 6213172059460096668*2^64 + 14895320621690508536*2^128 + 43426090919*2^192;\
464439004015161934 + 11368685414464431900*2^64 + 1309208354477186542*2^128 + 60313751629*2^192,12632380177106227594 + 12893347913651233418*2^64 + 8792457052794745975*2^128 + 46838950796*2^192,9649600990797702936 + 1016304766859917584*2^64 + 12508325904306067502*2^128 + 35156796978*2^192,16166052681397068635 + 9029055025986861988*2^64 + 16678126835102338651*2^128 + 14304852323*2^192,12406373661304407168 + 13766999719389223670*2^64 + 15925188634732471240*2^128 + 41291740317*2^192,5580633506535106052 + 9827814377463677467*2^64 + 10507759575703668242*2^128 + 20110347772*2^192,17096497721995355648 + 16751870515884262053*2^64 + 7169109748714674110*2^128 + 23972275898*2^192,8775819186596905388 + 18383185053931696136*2^64 + 80004927344710489*2^128 + 60121951763*2^192,3308555739671275968 + 3948966708006869057*2^64 + 12056068054797782731*2^128 + 41436340139*2^192,16734564572205967184 + 9910009698153450391*2^64 + 3564759183237587341*2^128 + 10238167352*2^192,6260433411820464 + 840415497648133717*2^64 + 15686991050126204161*2^128 + 58166307203*2^192,3225675998842439172 + 10249282062047596023*2^64 + 8619384372143077873*2^128 + 46162676441*2^192,15632846038004569312 + 16158901485299082955*2^64 + 9935579788625158714*2^128 + 24970610398*2^192,17647125712465798608 + 8898999224001555797*2^64 + 1386218693125674697*2^128 + 56904690525*2^192,9584719137726427808 + 16069552464648996206*2^64 + 3473691535125996857*2^128 + 6856317519*2^192,8194093504068331224 + 13321940265998852365*2^64 + 9491123063385719137*2^128 + 29408104608*2^192,13041962865735056624 + 266169111079642019*2^64 + 4363928806070045563*2^128 + 53850437803*2^192,8170783589419730040 + 7559730246112063085*2^64 + 12884006181843002409*2^128 + 53529827861*2^192;\
2098080885134169800 + 10846667946725969444*2^64 + 235635917405077579*2^128 + 37998719145*2^192,18361631296752953048 + 569707377713207741*2^64 + 5162263680759354547*2^128 + 23854839362*2^192,16638169746916130976 + 14002027934842453816*2^64 + 10614896361757582330*2^128 + 1379068630*2^192,4090867912145149012 + 15521140352234613622*2^64 + 12158462500128145869*2^128 + 30749386145*2^192,942253919367138816 + 1428836574725476080*2^64 + 17376173029555590955*2^128 + 13003114852*2^192,13963658078538773744 + 11826584846498354337*2^64 + 2289512530029995257*2^128 + 42579012967*2^192,1310111104712126976 + 7701156497005473349*2^64 + 12078937162046514154*2^128 + 56402992084*2^192,204857396546001488 + 6862402581463521365*2^64 + 506051751461286767*2^128 + 10533585594*2^192,8646858076558555392 + 354132283263311415*2^64 + 5298476115439361859*2^128 + 51983702292*2^192,18039056800110273216 + 3479149883351790927*2^64 + 17697124517392472125*2^128 + 61805259170*2^192,3122463837581913408 + 12061439919774058471*2^64 + 7072701599131867542*2^128 + 45373251137*2^192,13953234237901517552 + 8168615406125757666*2^64 + 13903985378970317103*2^128 + 2904950008*2^192,9764109869048308352 + 8293822125729868751*2^64 + 15687632546309571321*2^128 + 51047836498*2^192,9635901484673860288 + 7827173362252404669*2^64 + 14204716378079183273*2^128 + 57716568048*2^192,10007782723471183232 + 16154961464040704220*2^64 + 8054259804115058564*2^128 + 20969331417*2^192,14689914427400444576 + 2316459845672549404*2^64 + 6966703351942946222*2^128 + 46197688642*2^192,4427417546651830336 + 9756257075250794657*2^64 + 2698553153710539893*2^128 + 29697479410*2^192,7696304509097445408 + 4649007324967002488*2^64 + 14669848502795346949*2^128 + 6591651066*2^192;\
6582755807422445024 + 961172576774052120*2^64 + 7133699220598053570*2^128 + 109038960687*2^192,15228684957796900256 + 12573440974158900332*2^64 + 11761554644120488078*2^128 + 72348368595*2^192,4858454135713442816 + 15453166176892121779*2^64 + 770821260274270041*2^128 + 72525936846*2^192,2477890398380631216 + 14848275097788565586*2^64 + 10447743915881556096*2^128 + 55652452168*2^192,4893253212637922816 + 12196190179016562445*2^64 + 13231525199200952563*2^128 + 92462301702*2^192,9388772687285309760 + 17084351714388348227*2^64 + 9682044180057205483*2^128 + 96987555332*2^192,4066396614221085696 + 5148146515757784124*2^64 + 15890024912638865792*2^128 + 55522112164*2^192,9329360367326728640 + 216739029729738521*2^64 + 16981803341635653275*2^128 + 71630174438*2^192,2577143117287522304 + 3253711155766342382*2^64 + 16168961842776295911*2^128 + 96647731311*2^192,14879667743917473024 + 3354809344456838740*2^64 + 15959512019078095044*2^128 + 45357548681*2^192,10649108639575152384 + 12892330720992750315*2^64 + 8524709868318739509*2^128 + 78958515660*2^192,10611371958600010304 + 5518705805933751042*2^64 + 4242060022812599987*2^128 + 46930398655*2^192,7809536952333806080 + 4935879096343744751*2^64 + 5950005830264754417*2^128 + 114162586735*2^192,17883259856357804288 + 10288675139812324979*2^64 + 5483744347499109257*2^128 + 114357877658*2^192,6399527602894462464 + 8232143134229781059*2^64 + 3053781213201338412*2^128 + 107150624265*2^192,3461020859171083648 + 3262800831658551439*2^64 + 14121358394102492078*2^128 + 63390750911*2^192,9089068655993430784 + 8068994304900892440*2^64 + 80313290336703787*2^128 + 43131400554*2^192,1580059696141314944 + 10189623291900799575*2^64 + 3996026768845414826*2^128 + 129309451349*2^192;\
6613400307342964896 + 7174405533590260180*2^64 + 9855879773520322237*2^128 + 121389500044*2^192,3351349733314718176 + 1021877794264861424*2^64 + 12238334002940337953*2^128 + 105446272987*2^192,14782041160347923200 + 6291385047746825777*2^64 + 12728431462290772547*2^128 + 5007206484*2^192,7387808443647010032 + 11079445035206778980*2^64 + 1987984820753948049*2^128 + 39445967292*2^192,3244606820482160640 + 5513002195480134333*2^64 + 2007067788049073782*2^128 + 86271541945*2^192,9557672453706457408 + 7711469646920104843*2^64 + 4945022868452290210*2^128 + 69378267117*2^192,12376650799375277312 + 15366608107919910050*2^64 + 3548832095656807536*2^128 + 67731451604*2^192,8769901832083210688 + 8360795986070292913*2^64 + 18426392019491946560*2^128 + 91279366471*2^192,3164601770336477184 + 5149581725452048584*2^64 + 5127038675946918454*2^128 + 63902244334*2^192,3507072761608220416 + 17963631370003849551*2^64 + 4495588140787244598*2^128 + 71870016107*2^192,15365006190219400448 + 12699859052829689315*2^64 + 142704877028288244*2^128 + 95596702856*2^192,16514263085968423488 + 1785633418581927949*2^64 + 18357765615610386618*2^128 + 24671646015*2^192,1854385078278821632 + 3435548889707721842*2^64 + 7630702202942222529*2^128 + 64787745422*2^192,16308150221057331456 + 17103813181625623343*2^64 + 3216493469035923502*2^128 + 100740694564*2^192,4881333458576396800 + 15267676564300471133*2^64 + 18378647653554981516*2^128 + 35255615556*2^192,17854642249738575232 + 15566548387334932636*2^64 + 17624087303890963198*2^128 + 36440403046*2^192,14391767529110963968 + 10971055940569482042*2^64 + 7536807738445730175*2^128 + 55666080428*2^192,2525235251395942272 + 17625899501080952667*2^64 + 3297930658594342048*2^128 + 136168005061*2^192;\
7354137172545921746 + 16841769332047099039*2^64 + 12925780236534075654*2^128 + 115512980878*2^192,12188451697414300822 + 9230426225631137871*2^64 + 18285593682397606214*2^128 + 28121437859*2^192,12035297363900294120 + 4193944486522479784*2^64 + 2040746238635127997*2^128 + 118694811659*2^192,1810866144478809109 + 6681754177055956815*2^64 + 15275638461754380707*2^128 + 62228603291*2^192,6337517033498475520 + 15421669964644794366*2^64 + 16445638811849550401*2^128 + 84028863495*2^192,9434245285569414716 + 12782413655937103350*2^64 + 6389745575187088738*2^128 + 125642719476*2^192,10599811343522193408 + 15148501171499766387*2^64 + 13667334752598464934*2^128 + 117463626875*2^192,11356854945431010836 + 9652483031969221176*2^64 + 618691064966095235*2^128 + 84112345984*2^192,11433347318696768064 + 13142019956919179604*2^64 + 12205028872398717659*2^128 + 29037305722*2^192,6809994345734399152 + 7841093196709375075*2^64 + 6655230699419390810*2^128 + 730115855*2^192,6261653123149427536 + 2920389415184667629*2^64 + 2719390954689640643*2^128 + 22340205769*2^192,12532928199794337596 + 5843584205820966073*2^64 + 13066100596315812636*2^128 + 52737299553*2^192,16063895652489229600 + 11769900311042444369*2^64 + 16966193283803756263*2^128 + 106779259517*2^192,10981772144899999536 + 2473842036439449744*2^64 + 12350989047027362093*2^128 + 90436680943*2^192,10556194172182186848 + 8615410573144407553*2^64 + 6088344072300290399*2^128 + 11774360356*2^192,9909294765034784936 + 10562514432206252658*2^64 + 17666516424825522615*2^128 + 54781503537*2^192,15542707989584552976 + 9028255975758369729*2^64 + 16234619237227728480*2^128 + 42679162289*2^192,10358741859450435336 + 2275924009378577731*2^64 + 11424188332701298041*2^128 + 108655087656*2^192;\
7457899644459086746 + 96091072419223476*2^64 + 9816370128204004496*2^128 + 120055296918*2^192,6812060304663029614 + 12646124061914021806*2^64 + 18138033198726236423*2^128 + 58794650380*2^192,5786567749903625224 + 2967447350410627621*2^64 + 17047469809610655620*2^128 + 17309632848*2^192,10682786306819026025 + 2712200798168510016*2^64 + 10455873843701459649*2^128 + 75852295363*2^192,13769259708822184576 + 11703257221785422250*2^64 + 7626107150083563836*2^128 + 36617323773*2^192,7946223911368468268 + 13746741653042074458*2^64 + 2373936599655486451*2^128 + 32883277056*2^192,1677987032343758592 + 4107459573154718085*2^64 + 8208053269883650167*2^128 + 61467906197*2^192,9377089739440001124 + 5945367408786970714*2^64 + 14144623855593023051*2^128 + 75007496884*2^192,17248546557415117120 + 10907176445199488914*2^64 + 13448784437451068439*2^128 + 75604844155*2^192,14154700674212940656 + 10272452617588723557*2^64 + 14919542493483313383*2^128 + 32302199224*2^192,2156960860438359184 + 6301170035172951179*2^64 + 4462408084457376660*2^128 + 10090676221*2^192,11328764157430063148 + 11106909956133227910*2^64 + 1794245838203156755*2^128 + 133308583837*2^192,2723903260889294752 + 3566466265544641683*2^64 + 11100590236599222510*2^128 + 84409909842*2^192,12321882804002362352 + 16081001749997565604*2^64 + 1362142672708801682*2^128 + 69370901656*2^192,2027294635655068384 + 7909303399491512046*2^64 + 1921201902740957321*2^128 + 72655547775*2^192,4656106127596783432 + 10667748660905302515*2^64 + 700115628862531974*2^128 + 19261290221*2^192,8848494714181985360 + 8549059104761665925*2^64 + 12769726645764506989*2^128 + 98731243603*2^192,9109257837600564520 + 747242368236881067*2^64 + 17746235406256379665*2^128 + 104867392111*2^192;\
11806650753375732754 + 10230709548299264279*2^64 + 15237958890198849339*2^128 + 78937278872*2^192,15160899970515069078 + 960108657858734620*2^64 + 15420596511083313626*2^128 + 88126531943*2^192,1180007443094540456 + 7574754003412188857*2^64 + 8260029117091837867*2^128 + 35536798789*2^192,14480871487173087829 + 15189955972943351453*2^64 + 905516945056850840*2^128 + 68228703818*2^192,5709891337152318400 + 2807501460744212781*2^64 + 15779721384167826007*2^128 + 27119215991*2^192,16608606316421223484 + 5737619825479039742*2^64 + 8844947784744098253*2^128 + 102281764354*2^192,11592282766844114944 + 11392343977902876572*2^64 + 10392239313303963687*2^128 + 33714878144*2^192,17275219735730770964 + 13813709262333365982*2^64 + 1075276449824164678*2^128 + 85564797251*2^192,7394454319767121984 + 11518213877011774592*2^64 + 5383646206304884497*2^128 + 27624710877*2^192,16221872025900074160 + 747637747750930792*2^64 + 12465856951364179887*2^128 + 27004840155*2^192,11418724656971371344 + 7594091888093770861*2^64 + 9289017706798353616*2^128 + 80855720221*2^192,11439570989499301180 + 2343384685660841388*2^64 + 12370132308723535656*2^128 + 65961438781*2^192,17721783819539266336 + 16720806962907238177*2^64 + 16722237326986332912*2^128 + 7415950250*2^192,18099253351766085424 + 10307188531825698935*2^64 + 16596144310797989171*2^128 + 6538555135*2^192,16425079146093259616 + 7943276707864938628*2^64 + 12313153016352721593*2^128 + 45123372784*2^192,4994791036881705128 + 16186795579008561763*2^64 + 14660155052854432988*2^128 + 23996822041*2^192,10576883754834905104 + 6046106641676822445*2^64 + 7646630357587867065*2^128 + 133836163797*2^192,9113041147002289416 + 2091136751942476000*2^64 + 13511259074678417281*2^128 + 61220888144*2^192;\
8875383853255338876 + 6553455636610395545*2^64 + 8596819718727448790*2^128 + 103467465009*2^192,5172300134449134900 + 15049447098728274289*2^64 + 2162766920585763725*2^128 + 10445759656*2^192,655191621345093936 + 4282506550209907827*2^64 + 13938016298207762288*2^128 + 83668795703*2^192,2830696686935136102 + 5276688886446233915*2^64 + 5458510453947109490*2^128 + 8473519581*2^192,365199094639859584 + 4040365043740436335*2^64 + 4302757289090609591*2^128 + 34616490972*2^192,10460788889970721352 + 11198209956870735797*2^64 + 10988280930868457425*2^128 + 11320181852*2^192,11973022575774223360 + 2849821513772361455*2^64 + 2132683891625993680*2^128 + 26561295341*2^192,3863736035841324824 + 9324522510467098681*2^64 + 11422043012255626583*2^128 + 79436448824*2^192,3895758110934925952 + 13307264697540292436*2^64 + 11224405861870909864*2^128 + 82711119361*2^192,2329973010623388064 + 17256936604203951673*2^64 + 10319907523266395429*2^128 + 93832230715*2^192,7368246852021400160 + 9692751810225758459*2^64 + 11536715202665565567*2^128 + 113406651822*2^192,14576514100554128456 + 2499367761565478300*2^64 + 4452862331979469151*2^128 + 23088013144*2^192,5332394763291567552 + 17641641918089958186*2^64 + 13019027197829958891*2^128 + 95869575754*2^192,16963723609098292896 + 14344030860373577460*2^64 + 13953926551137641250*2^128 + 73041396075*2^192,5991119219278323520 + 12710481656114284375*2^64 + 17737634019202608691*2^128 + 84519560225*2^192,13844139856428903728 + 2887446153150579054*2^64 + 14263058451269600232*2^128 + 47839736222*2^192,13740034569641596640 + 14218913421277871418*2^64 + 14249209583931346078*2^128 + 83973834002*2^192,1496973103588402288 + 15636723796858537069*2^64 + 3811144433617231544*2^128 + 125115763499*2^192;\
2777728690188456608 + 6146418103138775012*2^64 + 8248057387238365499*2^128 + 2902002274*2^192,6145112512049328992 + 5752516029820460832*2^64 + 15460620555991742499*2^128 + 131980134702*2^192,10370891931890461184 + 9868203838507745808*2^64 + 1367013237394963736*2^128 + 53381922767*2^192,11369343571668389712 + 14471205747484282687*2^64 + 4516510554276506215*2^128 + 62580608272*2^192,8501925485403201792 + 1745287604239912303*2^64 + 15660648851564375030*2^128 + 34493689022*2^192,8032076053889293504 + 9507587787374120478*2^64 + 14560689346779258903*2^128 + 76569079570*2^192,3289219956972231168 + 892265903467854804*2^64 + 15493846751624421281*2^128 + 67144270180*2^192,2897873992366384448 + 4780827527539272332*2^64 + 8423842771088055590*2^128 + 25131627208*2^192,11315221931172512768 + 14998495821074037604*2^64 + 11053128590543671028*2^128 + 113759288227*2^192,9151217422835584768 + 15576138426159870538*2^64 + 4901630491514763022*2^128 + 685825436*2^192,14681087856276907776 + 6378158412379809603*2^64 + 13093475598150788312*2^128 + 127189667134*2^192,11221451108192994240 + 460875387198240355*2^64 + 8734044496291636063*2^128 + 7344778491*2^192,8465673284652290560 + 17680587852284909246*2^64 + 5216945000269101312*2^128 + 52246888995*2^192,579867749598964480 + 15060787855325769251*2^64 + 10391419146221270827*2^128 + 75664590308*2^192,2909896250577623552 + 17527425551667018089*2^64 + 18071009229468777799*2^128 + 51808527363*2^192,13011805777728580224 + 7219973595846306670*2^64 + 5939498596502378933*2^128 + 30690129700*2^192,2531874499819829504 + 16916491188817683073*2^64 + 11619945479037913359*2^128 + 71332807060*2^192,775280748547673216 + 1863581516295560398*2^64 + 12058593458250971993*2^128 + 57687044496*2^192;\
8613950743339186064 + 13658983712026401094*2^64 + 11178540449432041254*2^128 + 1519900829*2^192,1936701121455067312 + 6026070481321397428*2^64 + 16100665260206750866*2^128 + 41062557050*2^192,9770923510516486592 + 14810450508530048144*2^64 + 580866172331660115*2^128 + 56558846540*2^192,13592140284653502888 + 2018222418641330138*2^64 + 4455899313517952307*2^128 + 27240469753*2^192,16023440276296857728 + 3854140884607077063*2^64 + 33875169951399004*2^128 + 51036822005*2^192,8225343454567300064 + 15062688593199100694*2^64 + 11650331550229490693*2^128 + 13219475959*2^192,10291627607626907648 + 16586894124250030655*2^64 + 5728087175757530532*2^128 + 64047985449*2^192,12355163078624640672 + 13331016787298964454*2^64 + 13484938881881640888*2^128 + 35845122248*2^192,6827431295975577600 + 4802165197116920075*2^64 + 2087319602381908250*2^128 + 29823704802*2^192,962099545894104448 + 2869106272907149022*2^64 + 18296713235409074118*2^128 + 47048965959*2^192,14951178375761559168 + 12223027714292300481*2^64 + 2511055522428459460*2^128 + 7134427659*2^192,3091376818804869088 + 11437908317828150829*2^64 + 16961060419397446310*2^128 + 14518934364*2^192,16652298440323997952 + 6986533464190416251*2^64 + 12057690745476132739*2^128 + 28736614434*2^192,470796400924539264 + 10791570722230360733*2^64 + 1334418359160476302*2^128 + 10035371602*2^192,18333923348979467520 + 16955332005652663105*2^64 + 14733012443108044371*2^128 + 65765297504*2^192,2369255550738475328 + 2447110720233160258*2^64 + 492938595020413731*2^128 + 32127512575*2^192,9837531124446308480 + 10693802329827287798*2^64 + 14146020892979175291*2^128 + 63811392587*2^192,2725923899430507584 + 5214654031775238775*2^64 + 5334919597261355316*2^128 + 42216086510*2^192;\
10608463162245481856 + 2191836850407366493*2^64 + 762362129637593144*2^128 + 133039648246*2^192,14942835835694072064 + 17487514835492288217*2^64 + 8013907424497225827*2^128 + 19112483532*2^192,11835106210811459712 + 1892215176880032958*2^64 + 6017125416259797623*2^128 + 95893577493*2^192,3011481027938900928 + 4472006650062792461*2^64 + 3601835511373058304*2^128 + 24918029290*2^192,7927459961821005056 + 16412513634956128592*2^64 + 18433082877617842636*2^128 + 24258603311*2^192,2467217031392484864 + 14214717581675749511*2^64 + 17562130219935399152*2^128 + 87096863049*2^192,6387884296953674752 + 11892655952605021728*2^64 + 5248727543688693953*2^128 + 9673330887*2^192,7116952556447837440 + 7986060501534011227*2^64 + 16555686249489855803*2^128 + 79759581920*2^192,7572554571161243648 + 8717503270473408422*2^64 + 1928551559886867881*2^128 + 90821417578*2^192,4391263694428298240 + 3503271451409337355*2^64 + 10952392011667415776*2^128 + 118198556250*2^192,3013511088742329856 + 7326323214022324394*2^64 + 6611629769907199609*2^128 + 52993520116*2^192,12654511860799959808 + 11568298688194015288*2^64 + 11414202927541374163*2^128 + 130631845214*2^192,14412009859607453184 + 903412293803887706*2^64 + 2554276024048228454*2^128 + 69880108678*2^192,17378687832933844992 + 17696182028827974090*2^64 + 10263033662317642626*2^128 + 40375491746*2^192,818572884932361216 + 10126560585959109036*2^64 + 602809962533928404*2^128 + 24282034552*2^192,182762926274570240 + 11212658408998513277*2^64 + 8367588440679635408*2^128 + 68051007736*2^192,10242375881834030080 + 2700173510509392406*2^64 + 450798576272030238*2^128 + 90211596586*2^192,8298534655724566016 + 14338432044333810868*2^64 + 10037683911009494525*2^128 + 39394407774*2^192;\
18212373962210632962 + 16660634937405204541*2^64 + 3605249055791147485*2^128 + 60215873965*2^192,9614446108001227814 + 2400905018422854743*2^64 + 2614621786965037095*2^128 + 79333505354*2^192,14066597799012505384 + 15897957562943440892*2^64 + 11394027732907411570*2^128 + 21265442838*2^192,2960861000216005453 + 10527611859294820760*2^64 + 8461713744126901163*2^128 + 8676673402*2^192,14919191017201220480 + 15788321818580520710*2^64 + 12971350117919767391*2^128 + 3204341475*2^192,16062725781790255324 + 3891976728867556806*2^64 + 8110285615959560495*2^128 + 99440065424*2^192,16364015074352649472 + 15517566608735640220*2^64 + 13148733621368779178*2^128 + 76380293751*2^192,5652305553637300980 + 4216629712057531804*2^64 + 7822955222278010834*2^128 + 116173966673*2^192,10125796151770645056 + 5295680968756732502*2^64 + 11518164927500611888*2^128 + 131797900041*2^192,7458559628200158512 + 3403704634304249191*2^64 + 15013167610480822943*2^128 + 81994370496*2^192,6189853709660101328 + 1877950512193392391*2^64 + 11055036415328261324*2^128 + 41172052409*2^192,7354625685022362076 + 1594600698263959627*2^64 + 601006675644182862*2^128 + 97468673895*2^192,16644200955603390496 + 4887073911864008191*2^64 + 557626159094267886*2^128 + 35237822156*2^192,231956072871495600 + 1363395243323106174*2^64 + 10531064044244431210*2^128 + 19169202378*2^192,17500540147202536032 + 10846100885533864503*2^64 + 3849283162794351354*2^128 + 5715519008*2^192,7683951164841610856 + 12698180204752166427*2^64 + 13133098967193550637*2^128 + 25160873104*2^192,14928814283272640912 + 15724733970992025662*2^64 + 6316221097967709461*2^128 + 637856714*2^192,2035085125726139848 + 12291440854253907891*2^64 + 18371649133818786819*2^128 + 26888873514*2^192;\
3313180402468668156 + 14526051690141239842*2^64 + 4014633528363759397*2^128 + 37274489405*2^192,8228870824559179444 + 11419463223851518236*2^64 + 12930662575844797808*2^128 + 62560118462*2^192,17526522353669864240 + 15911622006662338787*2^64 + 8079400727746706416*2^128 + 27878416111*2^192,11342393193609722470 + 3739516370795265885*2^64 + 6441922456944634294*2^128 + 10757874385*2^192,13156494427517152384 + 11972173962031747802*2^64 + 4192776696481834560*2^128 + 62626365370*2^192,12123932353674452552 + 12609678043107167938*2^64 + 3464303504709150946*2^128 + 111586163426*2^192,1596269133183212032 + 5910852613300629053*2^64 + 2042057807676099273*2^128 + 682310291*2^192,13813156104281664536 + 10610733046791168197*2^64 + 9644667903157235036*2^128 + 9868606029*2^192,16519162711836688768 + 6378655647529959112*2^64 + 18391923470123066189*2^128 + 76153612287*2^192,10571780132859808160 + 14271840941955588273*2^64 + 7804384165563373681*2^128 + 938803285*2^192,10496105588622040672 + 16282472581992558949*2^64 + 2743462312446161556*2^128 + 70083402516*2^192,6878868053365886536 + 17319325505332075522*2^64 + 1036624441910668602*2^128 + 120957922322*2^192,8691617162712612800 + 3842753172078483238*2^64 + 17124826721129182970*2^128 + 134894484873*2^192,102180306882498720 + 12174555739869724131*2^64 + 6791264781719474957*2^128 + 134050458905*2^192,10317196606011792192 + 14810194070553169128*2^64 + 7350595612061970348*2^128 + 129673982118*2^192,992884562034917168 + 11767782114069337397*2^64 + 16690190965916250140*2^128 + 75566053110*2^192,17882197048327600864 + 8613420237816241901*2^64 + 7254715573954933180*2^128 + 91779622236*2^192,3457050087775072368 + 1651657646840154929*2^64 + 4969335771405924272*2^128 + 91234161381*2^192]
/* 
This matrix times 2^(-7) should be the matrix of frobenius.
*/ 
B = 2^(-7) * A; 
/* Freed 5050 lists. */
The sign is: -1
The characteristic polynomial is: x^18 - 2*x^15 + 7*x^14 - 14*x^13 + 16*x^12 - 1024*x^6 + 3584*x^5 - 7168*x^4 + 8192*x^3 - 262144
Its Newton polygon is: [2, 2, 2, 2, 1, 1, 1, 1, 1, 1, 1, 1, 1, 1, 0, 0, 0, 0]
Its factorization is: [x - 2, 1; x + 2, 1; x^2 - 2*x + 4, 1; x^6 - 8*x^3 + 64, 1; x^8 + 2*x^7 + 4*x^6 + 6*x^5 + 19*x^4 + 24*x^3 + 64*x^2 + 128*x + 256, 1]
The valuation of f-g is: 24
The valuation of subst(g,x,A) is: 17
