/* Comments begin... 
No set up needed.

Please input coefficients below.
Coefficient of   x^19                     = Coefficient of   x^6 * y^4 * z^1 * w^2   = Coefficient of   x^5 * y^1 * z^3 * w^2   = Coefficient of   x^3 * y^9 * z^1 * w^1   = Coefficient of   x^2 * y^6 * z^3 * w^1   = Coefficient of   x^1 * y^3 * z^5 * w^1   = Coefficient of   y^14 * z^1               = Coefficient of   y^1 * w^6               = Coefficient of   z^7 * w^1               = 
Here is the polynomial we're using this time:

1 + 0*2^64 + 0*2^128 + 0*2^192*x^19 + 1 + 0*2^64 + 0*2^128 + 0*2^192*x^5*y^1*z^3*w^2 + 1 + 0*2^64 + 0*2^128 + 0*2^192*x^2*y^6*z^3*w^1 + 1 + 0*2^64 + 0*2^128 + 0*2^192*x^1*y^3*z^5*w^1 + 1 + 0*2^64 + 0*2^128 + 0*2^192*y^14*z^1 + 1 + 0*2^64 + 0*2^128 + 0*2^192*y^1*w^6 + 1 + 0*2^64 + 0*2^128 + 0*2^192*z^7*w^1


Allocate G_len 20 elements and old = 0.
Allocate M_len = 400 elements.
Allocate G_len 40 elements and old = 20.
Allocate M_len = 800 elements.
Allocate G_len 80 elements and old = 40.
Allocate M_len = 1600 elements.
Allocate M_len = 3200 elements.
Allocate G_len 160 elements and old = 80.
Allocate M_len = 6400 elements.
Allocate M_len = 12800 elements.
Allocate G_len 320 elements and old = 160.
Allocate M_len = 25600 elements.
Allocate M_len = 51200 elements.
Allocate G_len 640 elements and old = 320.
Allocate M_len = 102400 elements.
Allocate M_len = 204800 elements.
Allocate G_len 1280 elements and old = 640.
Allocate M_len = 409600 elements.
The final length of G is 656
[5, 1, 2, 2, 0]  	518	5 
[5, 0, 3, 2, 0]  	552	5 
[18, 0, 0, 0, 0]  	558	4  <--- 1
[2, 6, 3, 1, 0]  	589	4 
[1, 3, 5, 1, 0]  	589	4 
[1, 17, 1, 0, 0]  	731	5 
[3, 14, 1, 1, 0]  	774	5 
[15, 6, 3, 0, 0]  	900	8 
[3, 1, 2, 7, 0]  	916	6 
[15, 6, 2, 1, 0]  	921	8 
[4, 12, 5, 0, 0]  	923	9 
[4, 0, 9, 2, 0]  	947	6 
[14, 2, 5, 1, 0]  	955	11 
[2, 6, 2, 6, 0]  	978	6 
[13, 14, 1, 0, 0]  	992	13 
[17, 3, 5, 0, 0]  	993	8 
[2, 4, 2, 7, 0]  	996	6 
[5, 1, 1, 8, 0]  	999	7 
[2, 6, 1, 7, 0]  	999	7 
[2, 16, 5, 0, 0]  	1009	7 
[13, 14, 0, 1, 0]  	1013	16 
[17, 3, 4, 1, 0]  	1014	8 
[12, 12, 3, 0, 0]  	1029	13 
[3, 2, 11, 1, 0]  	1040	8 
[17, 14, 0, 0, 0]  	1045	7 
[2, 4, 4, 6, 0]  	1046	7 
[3, 0, 11, 2, 0]  	1058	6 
[3, 2, 10, 2, 0]  	1061	7 
[4, 3, 4, 6, 0]  	1071	10 
[3, 13, 7, 0, 0]  	1071	9 
[2, 2, 12, 1, 0]  	1080	7 
[13, 1, 0, 7, 0]  	1084	14 
[10, 6, 0, 6, 0]  	1084	13 
[9, 16, 3, 0, 0]  	1084	14 
[16, 1, 0, 6, 0]  	1085	13 
[2, 2, 11, 2, 0]  	1101	6 
[13, 4, 0, 6, 0]  	1103	15 
[1, 4, 4, 7, 0]  	1107	6 
[17, 0, 7, 1, 0]  	1116	6 
[1, 15, 1, 5, 0]  	1117	7 
[8, 0, 11, 1, 0]  	1121	13 
[14, 9, 5, 0, 0]  	1122	12 
[16, 17, 0, 0, 0]  	1125	13 
[5, 9, 9, 0, 0]  	1127	11 
[3, 9, 10, 0, 0]  	1136	8 
[4, 1, 6, 6, 0]  	1139	10 
[1, 2, 12, 2, 0]  	1141	6 
[2, 14, 8, 0, 0]  	1148	8 
[14, 6, 7, 0, 0]  	1153	9 
[3, 0, 6, 7, 0]  	1163	6 
[4, 7, 11, 0, 0]  	1164	11 
[17, 0, 9, 0, 0]  	1166	11 
[5, 0, 13, 1, 0]  	1170	10 
[11, 9, 7, 0, 0]  	1171	13 
[7, 11, 0, 6, 0]  	1176	10 
[4, 16, 0, 5, 0]  	1176	9 
[4, 1, 13, 1, 0]  	1176	10 
[3, 12, 9, 0, 0]  	1176	9 
[12, 2, 9, 1, 0]  	1177	15 
[10, 10, 7, 0, 0]  	1177	14 
[0, 28, 2, 0, 0]  	1178	6 
[15, 0, 1, 7, 0]  	1180	14 
[13, 0, 2, 7, 0]  	1189	12 
[16, 0, 2, 6, 0]  	1190	12 
[7, 14, 0, 5, 0]  	1195	10 
[4, 19, 0, 4, 0]  	1195	10 
[15, 0, 9, 1, 0]  	1196	11 
[13, 8, 7, 0, 0]  	1196	13 
[2, 14, 1, 6, 0]  	1203	7 
[3, 7, 12, 0, 0]  	1204	9 
[4, 13, 2, 5, 0]  	1207	10 
[10, 7, 9, 0, 0]  	1208	12 
[13, 0, 1, 8, 0]  	1210	10 
[3, 1, 1, 11, 0]  	1213	7 
[2, 10, 11, 0, 0]  	1213	7 
[9, 8, 9, 0, 0]  	1214	11 
[13, 22, 0, 0, 0]  	1217	14 
[2, 2, 1, 11, 0]  	1219	8 
[5, 4, 13, 0, 0]  	1226	10 
[11, 14, 0, 4, 0]  	1227	11 
[12, 6, 9, 0, 0]  	1233	12 
[4, 0, 8, 6, 0]  	1244	7 
[2, 22, 0, 4, 0]  	1244	7 
[2, 7, 13, 0, 0]  	1244	7 
[9, 5, 11, 0, 0]  	1245	9 
[15, 0, 11, 0, 0]  	1246	11 
[8, 27, 0, 0, 0]  	1247	9 
[4, 3, 0, 11, 0]  	1247	9 
[3, 0, 15, 1, 0]  	1250	7 
[8, 6, 11, 0, 0]  	1251	11 
[2, 13, 10, 0, 0]  	1253	7 
[2, 1, 2, 11, 0]  	1253	7 
[7, 1, 0, 11, 0]  	1266	9 
[4, 6, 0, 10, 0]  	1266	9 
[6, 0, 1, 11, 0]  	1269	10 
[4, 6, 13, 0, 0]  	1269	10 
[2, 1, 1, 12, 0]  	1274	6 
[2, 0, 8, 7, 0]  	1274	6 
[3, 0, 9, 6, 0]  	1284	6 
[1, 9, 0, 10, 0]  	1284	6 
[2, 0, 3, 11, 0]  	1287	7 
[6, 1, 15, 0, 0]  	1288	9 
[2, 1, 9, 6, 0]  	1290	7 
[2, 1, 0, 13, 0]  	1295	6 
[2, 0, 7, 8, 0]  	1295	6 
[11, 1, 0, 10, 0]  	1298	6 
[8, 6, 0, 9, 0]  	1298	6 
[5, 11, 0, 8, 0]  	1298	6 
[2, 16, 0, 7, 0]  	1298	6 
[2, 2, 6, 8, 0]  	1298	6 
[2, 1, 13, 3, 0]  	1298	6 
[4, 5, 1, 10, 0]  	1300	9 
[1, 22, 0, 5, 0]  	1305	6 
[3, 4, 15, 0, 0]  	1306	9 
[3, 6, 14, 0, 0]  	1309	8 
[2, 0, 15, 2, 0]  	1311	6 
[1, 2, 8, 7, 0]  	1317	6 
[1, 8, 1, 10, 0]  	1318	6 
[2, 29, 0, 2, 0]  	1319	6 
[2, 2, 5, 9, 0]  	1319	6 
[2, 1, 12, 4, 0]  	1319	6 
[10, 0, 0, 11, 0]  	1322	11 
[2, 0, 10, 6, 0]  	1324	6 
[1, 25, 0, 4, 0]  	1324	6 
[2, 0, 14, 3, 0]  	1332	6 
[1, 1, 1, 13, 0]  	1335	5 
[1, 6, 1, 11, 0]  	1336	5 
[3, 1, 17, 0, 0]  	1337	6 
[2, 27, 0, 3, 0]  	1337	6 
[5, 27, 0, 2, 0]  	1338	6 
[2, 32, 0, 1, 0]  	1338	6 
[1, 3, 0, 13, 0]  	1338	6 
[1, 2, 7, 8, 0]  	1338	6 
[5, 32, 0, 0, 0]  	1339	8 
[10, 3, 13, 0, 0]  	1344	10 
[1, 3, 4, 10, 0]  	1346	6 
[1, 2, 11, 5, 0]  	1346	6 
[2, 6, 15, 0, 0]  	1349	6 
[1, 5, 3, 10, 0]  	1349	6 
[8, 0, 0, 12, 0]  	1352	7 
[1, 7, 15, 0, 0]  	1355	5 
[1, 1, 0, 14, 0]  	1356	5 
[4, 11, 0, 9, 0]  	1359	6 
[1, 16, 0, 8, 0]  	1359	6 
[1, 2, 6, 9, 0]  	1359	6 
[2, 0, 17, 1, 0]  	1361	6 
[5, 0, 17, 0, 0]  	1362	8 
[1, 1, 4, 11, 0]  	1364	6 
[0, 35, 1, 0, 0]  	1366	5 
[1, 3, 3, 11, 0]  	1367	6 
[3, 0, 5, 10, 0]  	1368	6 
[1, 1, 8, 8, 0]  	1372	5 
[2, 1, 5, 10, 0]  	1374	5 
[2, 0, 12, 5, 0]  	1374	5 
[7, 9, 0, 9, 0]  	1378	5 
[4, 14, 0, 8, 0]  	1378	6 
[1, 19, 0, 7, 0]  	1378	6 
[2, 3, 17, 0, 0]  	1380	6 
[1, 29, 0, 3, 0]  	1380	5 
[1, 2, 5, 10, 0]  	1380	5 
[1, 0, 19, 0, 0]  	1380	5 
[1, 1, 3, 12, 0]  	1385	6 
[1, 13, 2, 8, 0]  	1390	5 
[1, 1, 7, 9, 0]  	1393	5 
[1, 12, 13, 0, 0]  	1398	5 
[1, 0, 5, 11, 0]  	1398	5 
[1, 1, 11, 6, 0]  	1401	6 
[1, 2, 17, 1, 0]  	1404	5 
[0, 28, 0, 4, 0]  	1404	5 
[2, 14, 0, 9, 0]  	1408	4 
[2, 0, 6, 10, 0]  	1408	4 
[1, 11, 2, 9, 0]  	1408	4 
[0, 26, 5, 1, 0]  	1409	4 
[0, 17, 11, 0, 0]  	1410	4 
[1, 13, 1, 9, 0]  	1411	5 
[4, 0, 0, 14, 0]  	1412	6 
[1, 15, 0, 9, 0]  	1414	5 
[1, 1, 6, 10, 0]  	1414	5 
[0, 14, 1, 9, 0]  	1417	4 
[1, 35, 0, 1, 0]  	1418	5 
[1, 0, 4, 12, 0]  	1419	6 
[0, 29, 1, 3, 0]  	1420	5 
[0, 16, 0, 9, 0]  	1420	5 
[0, 34, 1, 1, 0]  	1421	5 
[1, 1, 10, 7, 0]  	1422	6 
[1, 0, 8, 9, 0]  	1427	4 
[1, 1, 14, 4, 0]  	1430	4 
[0, 26, 4, 2, 0]  	1430	4 
[1, 0, 12, 6, 0]  	1435	4 
[1, 33, 0, 2, 0]  	1436	4 
[0, 16, 8, 3, 0]  	1436	4 
[1, 38, 0, 0, 0]  	1437	5 
[1, 1, 18, 1, 0]  	1438	6 
[0, 32, 1, 2, 0]  	1439	4 
[1, 0, 3, 13, 0]  	1440	4 
[2, 0, 0, 15, 0]  	1442	5 
[0, 34, 0, 2, 0]  	1442	4 
[1, 0, 7, 10, 0]  	1448	3 
[0, 16, 3, 7, 0]  	1449	5 
[1, 1, 13, 5, 0]  	1451	5 
[1, 0, 11, 7, 0]  	1456	6 
[1, 1, 17, 2, 0]  	1459	6 
[1, 6, 17, 0, 0]  	1460	6 
[1, 0, 2, 14, 0]  	1461	4 
[0, 37, 0, 1, 0]  	1461	4 
[1, 0, 15, 4, 0]  	1464	4 
[0, 9, 3, 10, 0]  	1466	3 
[0, 13, 10, 3, 0]  	1467	3 
[0, 16, 2, 8, 0]  	1470	3 
[0, 15, 9, 3, 0]  	1470	3 
[0, 3, 1, 14, 0]  	1470	3 
[0, 20, 9, 1, 0]  	1471	4 
[0, 26, 2, 4, 0]  	1472	4 
[0, 13, 1, 10, 0]  	1472	3 
[0, 15, 0, 10, 0]  	1475	5 
[1, 0, 10, 8, 0]  	1477	4 
[0, 21, 6, 3, 0]  	1479	3 
[0, 40, 0, 0, 0]  	1480	4  <--- 2
[1, 0, 1, 15, 0]  	1482	3 
[0, 15, 4, 7, 0]  	1483	4 
[1, 0, 14, 5, 0]  	1485	3 
[0, 19, 2, 7, 0]  	1489	5 
[0, 23, 9, 0, 0]  	1490	4 
[0, 15, 8, 4, 0]  	1491	3 
[0, 3, 0, 15, 0]  	1491	3 
[0, 2, 7, 10, 0]  	1491	3 
[0, 20, 8, 2, 0]  	1492	4 
[1, 0, 18, 2, 0]  	1493	6 
[0, 33, 0, 3, 0]  	1497	4 
[0, 6, 5, 10, 0]  	1497	3 
[0, 24, 6, 2, 0]  	1498	3 
[14, 0, 15, 0, 0]  	1499	7 
[0, 8, 4, 10, 0]  	1500	3 
[0, 13, 4, 8, 0]  	1501	3 
[1, 0, 0, 16, 0]  	1503	2 
[0, 9, 10, 5, 0]  	1503	2 
[0, 2, 2, 14, 0]  	1504	3 
[0, 6, 0, 14, 0]  	1510	3 
[0, 20, 7, 3, 0]  	1513	3 
[1, 0, 17, 3, 0]  	1514	5 
[0, 11, 4, 9, 0]  	1519	2 
[0, 15, 11, 2, 0]  	1520	3 
[0, 3, 3, 13, 0]  	1520	3 
[0, 8, 3, 11, 0]  	1521	3 
[0, 13, 3, 9, 0]  	1522	2 
[0, 12, 10, 4, 0]  	1522	2 
[0, 22, 1, 7, 0]  	1529	3 
[0, 9, 0, 13, 0]  	1529	3 
[0, 5, 6, 10, 0]  	1531	3 
[0, 24, 0, 7, 0]  	1532	3 
[0, 23, 7, 2, 0]  	1532	2 
[0, 20, 6, 4, 0]  	1534	2 
[0, 1, 3, 14, 0]  	1538	2 
[0, 13, 15, 0, 0]  	1546	4 
[0, 22, 0, 8, 0]  	1550	2 
[0, 8, 6, 9, 0]  	1550	2 
[0, 5, 5, 11, 0]  	1552	3 
[0, 1, 2, 15, 0]  	1559	1 
[0, 0, 9, 10, 0]  	1559	1 
[0, 18, 10, 2, 0]  	1560	3 
[0, 6, 2, 13, 0]  	1560	3 
[0, 8, 1, 13, 0]  	1563	2 
[0, 7, 8, 8, 0]  	1563	2 
[0, 5, 8, 9, 0]  	1581	2 
[0, 11, 1, 12, 0]  	1582	3 
[0, 7, 7, 9, 0]  	1584	2 
[0, 10, 12, 4, 0]  	1590	1 
[0, 0, 3, 15, 0]  	1593	1 
[0, 4, 10, 8, 0]  	1594	2 
[0, 0, 16, 5, 0]  	1596	1 
[0, 2, 10, 9, 0]  	1612	1 
[0, 1, 17, 4, 0]  	1612	1 
[0, 11, 17, 0, 0]  	1614	1 
[0, 0, 2, 16, 0]  	1614	1 
[0, 7, 14, 4, 0]  	1621	1 
[0, 14, 0, 12, 0]  	1622	3 
[0, 9, 13, 4, 0]  	1624	1 
[0, 14, 13, 2, 0]  	1625	3 
[0, 2, 5, 13, 0]  	1625	3 
[0, 0, 23, 0, 0]  	1633	1  <--- 3
[0, 12, 13, 3, 0]  	1643	1 
[0, 0, 5, 14, 0]  	1643	1 
[0, 8, 19, 0, 0]  	1645	1 
[0, 4, 16, 4, 0]  	1652	1 
[0, 6, 15, 4, 0]  	1655	1 
[0, 11, 15, 2, 0]  	1656	2 
[0, 9, 15, 3, 0]  	1674	1 
[0, 6, 14, 5, 0]  	1676	1 
[0, 5, 21, 0, 0]  	1676	1 
[0, 0, 12, 9, 0]  	1680	1 
[0, 6, 17, 3, 0]  	1705	1 
[0, 0, 19, 4, 0]  	1717	1 
[0, 3, 19, 3, 0]  	1736	1 
[0, 0, 0, 19, 0]  	1748	1  <--- 4
[0, 1, 14, 8, 0]  	1767	1 
[0, 0, 21, 3, 0]  	1767	1 
[5, 1, 3, 1, 1]  	497	5 
[3, 14, 1, 0, 1]  	682	7 
[5, 0, 9, 1, 1]  	886	9 
[1, 16, 5, 0, 1]  	978	6 
[13, 1, 0, 6, 1]  	992	13 
[13, 0, 7, 1, 1]  	992	13 
[4, 1, 4, 6, 1]  	997	9 
[4, 0, 11, 1, 1]  	997	9 
[2, 3, 4, 6, 1]  	1009	7 
[16, 14, 0, 0, 1]  	1014	11 
[17, 1, 0, 5, 1]  	1024	7 
[4, 11, 7, 0, 1]  	1028	9 
[13, 13, 1, 1, 1]  	1047	15 
[1, 3, 4, 7, 1]  	1070	6 
[17, 13, 1, 0, 1]  	1079	7 
[13, 0, 2, 6, 1]  	1097	14 
[4, 0, 6, 6, 1]  	1102	9 
[11, 11, 5, 0, 1]  	1103	14 
[16, 4, 0, 5, 1]  	1104	12 
[3, 1, 6, 6, 1]  	1108	9 
[2, 14, 1, 5, 1]  	1111	8 
[4, 10, 9, 0, 1]  	1133	10 
[11, 9, 0, 5, 1]  	1134	14 
[12, 10, 6, 0, 1]  	1168	12 
[1, 14, 1, 6, 1]  	1172	6 
[3, 13, 2, 5, 1]  	1176	9 
[3, 0, 8, 6, 1]  	1213	7 
[10, 12, 0, 5, 1]  	1214	12 
[1, 15, 9, 0, 1]  	1225	7 
[2, 2, 8, 6, 1]  	1256	8 
[8, 13, 1, 5, 1]  	1260	10 
[8, 0, 0, 11, 1]  	1260	10 
[11, 4, 11, 0, 1]  	1270	11 
[2, 4, 15, 0, 1]  	1275	8 
[8, 18, 0, 4, 1]  	1282	11 
[0, 19, 2, 5, 1]  	1305	5 
[10, 17, 0, 4, 1]  	1307	10 
[1, 6, 2, 10, 1]  	1315	6 
[2, 1, 16, 1, 1]  	1327	7 
[1, 14, 11, 0, 1]  	1330	7 
[5, 3, 15, 0, 1]  	1331	8 
[0, 16, 4, 5, 1]  	1336	5 
[2, 2, 17, 0, 1]  	1343	7 
[8, 5, 0, 10, 1]  	1353	11 
[1, 13, 12, 0, 1]  	1364	6 
[1, 2, 10, 6, 1]  	1367	6 
[4, 3, 16, 0, 1]  	1371	7 
[0, 27, 4, 1, 1]  	1375	5 
[2, 1, 18, 0, 1]  	1377	6 
[1, 14, 0, 9, 1]  	1377	5 
[10, 4, 0, 10, 1]  	1378	6 
[0, 16, 2, 7, 1]  	1378	5 
[1, 1, 12, 5, 1]  	1380	5 
[1, 4, 17, 0, 1]  	1386	6 
[1, 10, 14, 0, 1]  	1395	5 
[0, 27, 3, 2, 1]  	1396	5 
[0, 16, 1, 8, 1]  	1399	5 
[1, 0, 9, 8, 1]  	1406	5 
[1, 0, 0, 15, 1]  	1411	4 
[0, 15, 3, 7, 1]  	1412	5 
[0, 27, 2, 3, 1]  	1417	4 
[0, 19, 1, 7, 1]  	1418	5 
[2, 0, 1, 14, 1]  	1421	5 
[0, 19, 5, 4, 1]  	1426	4 
[0, 15, 2, 8, 1]  	1433	5 
[0, 25, 2, 4, 1]  	1435	4 
[0, 22, 1, 6, 1]  	1437	5 
[0, 27, 1, 4, 1]  	1438	5 
[0, 19, 0, 8, 1]  	1439	4 
[0, 24, 0, 6, 1]  	1440	4 
[0, 15, 6, 5, 1]  	1441	5 
[1, 10, 3, 9, 1]  	1442	4 
[0, 24, 4, 3, 1]  	1448	3 
[0, 14, 8, 4, 1]  	1454	4 
[0, 22, 0, 7, 1]  	1458	4 
[0, 18, 6, 4, 1]  	1460	4 
[0, 22, 4, 4, 1]  	1466	3 
[0, 14, 3, 8, 1]  	1467	3 
[0, 24, 3, 4, 1]  	1469	4 
[0, 12, 8, 5, 1]  	1472	3 
[0, 23, 5, 3, 1]  	1482	3 
[0, 14, 11, 2, 1]  	1483	4 
[0, 13, 9, 4, 1]  	1488	3 
[0, 27, 7, 0, 1]  	1496	5 
[0, 12, 11, 3, 1]  	1501	2 
[0, 12, 15, 0, 1]  	1509	3 
[0, 2, 1, 15, 1]  	1525	3 
[0, 2, 14, 5, 1]  	1528	2 
[0, 26, 8, 0, 1]  	1530	5 
[0, 2, 0, 16, 1]  	1546	3 
[0, 10, 5, 9, 1]  	1553	2 
[0, 1, 15, 5, 1]  	1562	2 
[0, 1, 10, 9, 1]  	1575	2 
[0, 1, 14, 6, 1]  	1583	2 
[0, 14, 6, 7, 1]  	1588	4 
[0, 13, 13, 2, 1]  	1588	3 
[0, 1, 0, 18, 1]  	1693	2 
[13, 13, 1, 0, 2]  	955	14 
[2, 1, 4, 7, 2]  	1027	6 
[2, 3, 3, 7, 2]  	1030	7 
[3, 10, 2, 5, 2]  	1065	9 
[7, 11, 0, 5, 2]  	1084	13 
[10, 10, 0, 5, 2]  	1140	14 
[2, 13, 9, 0, 2]  	1182	8 
[14, 8, 1, 5, 2]  	1261	13 
[1, 14, 4, 5, 2]  	1293	7 
[2, 2, 10, 5, 2]  	1306	7 
[1, 13, 4, 6, 2]  	1348	6 
[1, 3, 17, 0, 2]  	1349	6 
[8, 3, 14, 0, 2]  	1353	10 
[1, 13, 3, 7, 2]  	1369	6 
[0, 30, 0, 3, 2]  	1386	5 
[1, 11, 3, 8, 2]  	1387	5 
[1, 32, 0, 2, 2]  	1399	5 
[1, 9, 3, 9, 2]  	1405	5 
[1, 1, 15, 3, 2]  	1409	4 
[0, 21, 4, 4, 2]  	1429	4 
[0, 14, 13, 0, 2]  	1441	4 
[1, 0, 16, 3, 2]  	1443	5 
[0, 26, 3, 3, 2]  	1451	4 
[0, 16, 7, 4, 2]  	1457	4 
[0, 27, 0, 5, 2]  	1459	5 
[0, 18, 9, 2, 2]  	1489	4 
[0, 10, 6, 8, 2]  	1532	2 
[0, 6, 12, 5, 2]  	1534	2 
[0, 13, 6, 7, 2]  	1551	3 
[4, 1, 0, 7, 3]  	805	6 
[3, 4, 0, 7, 3]  	885	5 
[3, 9, 0, 6, 3]  	978	6 
[4, 14, 0, 5, 3]  	1102	10 
[3, 15, 0, 5, 3]  	1108	9 
[3, 2, 0, 11, 3]  	1179	8 
[3, 27, 0, 1, 3]  	1184	7 
[13, 8, 1, 5, 3]  	1230	14 
[3, 1, 0, 12, 3]  	1234	6 
[2, 0, 2, 13, 3]  	1400	7 
[0, 14, 4, 7, 3]  	1446	4 
[0, 23, 8, 1, 3]  	1511	4 
[0, 2, 9, 9, 3]  	1541	2 
[0, 1, 12, 8, 3]  	1625	2 
[0, 1, 7, 13, 3]  	1730	2 
[4, 1, 0, 6, 4]  	713	8 
[3, 4, 0, 6, 4]  	793	7 
[3, 14, 0, 5, 4]  	1071	9 
[3, 1, 0, 11, 4]  	1142	8 
[4, 3, 15, 0, 4]  	1300	8 
[2, 0, 0, 14, 4]  	1350	6 
[0, 15, 10, 2, 4]  	1449	4 
[3, 21, 0, 4, 5]  	1238	10 
[1, 6, 16, 0, 5]  	1389	5 
[1, 28, 0, 0, 6]  	1067	6 
[3, 27, 0, 0, 6]  	1092	7 
[1, 17, 0, 5, 6]  	1120	6 
[2, 14, 0, 6, 6]  	1132	6 
[1, 15, 0, 6, 6]  	1138	6 
[1, 4, 0, 11, 6]  	1191	6 
[2, 1, 0, 12, 6]  	1203	6 
[1, 2, 0, 12, 6]  	1209	6 
[4, 4, 14, 0, 7]  	1266	8 
[2, 8, 0, 10, 7]  	1278	8 
[3, 0, 18, 0, 7]  	1371	6 
[1, 2, 18, 0, 7]  	1383	6 
[4, 1, 16, 0, 8]  	1297	7 
[5, 0, 1, 11, 9]  	1238	11 
[3, 0, 1, 12, 9]  	1268	7 
[4, 0, 2, 11, 9]  	1278	9 
[2, 0, 1, 13, 9]  	1329	6 
[3, 3, 16, 0, 9]  	1340	8 
[3, 0, 2, 11, 10]  	1247	8 
[2, 15, 0, 5, 11]  	1077	8 
[4, 0, 1, 11, 11]  	1207	9 
[1, 2, 15, 1, 235]  	1262	5 
[1, 1, 8, 7, 235]  	1280	5 
[2, 15, 7, 0, 236]  	1114	8 
[0, 15, 4, 5, 236]  	1299	5 
[0, 27, 5, 0, 236]  	1354	5 
[1, 1, 15, 2, 237]  	1317	5 
[2, 14, 7, 0, 239]  	1077	7 
[2, 1, 13, 2, 239]  	1206	6 
[2, 6, 14, 0, 240]  	1278	7 
[1, 2, 13, 1, 241]  	1120	5 
[1, 2, 6, 7, 241]  	1175	6 
[2, 1, 1, 11, 241]  	1182	7 
[1, 3, 1, 11, 241]  	1225	6 
[1, 1, 1, 12, 241]  	1243	5 
[0, 15, 2, 5, 242]  	1157	5 
[2, 0, 13, 2, 242]  	1169	5 
[1, 14, 9, 0, 242]  	1188	6 
[0, 27, 3, 0, 242]  	1212	5 
[3, 6, 13, 0, 242]  	1238	9 
[1, 0, 3, 12, 242]  	1348	5 
[1, 14, 2, 5, 243]  	1151	6 
[1, 13, 11, 0, 243]  	1293	6 
[1, 0, 10, 7, 243]  	1385	5 
[2, 0, 6, 7, 244]  	1132	5 
[3, 7, 11, 0, 244]  	1133	9 
[1, 1, 6, 7, 244]  	1138	5 
[3, 1, 13, 1, 244]  	1145	9 
[2, 0, 9, 6, 244]  	1253	6 
[2, 1, 15, 1, 244]  	1256	7 
[1, 11, 4, 6, 244]  	1274	5 
[2, 0, 16, 1, 244]  	1290	6 
[1, 12, 12, 0, 244]  	1327	6 
[1, 0, 11, 6, 244]  	1364	5 
[1, 0, 18, 1, 244]  	1401	5 
[1, 0, 17, 2, 244]  	1422	5 
[2, 14, 5, 0, 245]  	935	7 
[3, 1, 4, 6, 245]  	966	8 
[3, 10, 9, 0, 245]  	1102	8 
[2, 1, 8, 6, 245]  	1219	7 
[1, 2, 3, 11, 245]  	1330	6 
[2, 1, 11, 5, 245]  	1340	6 
[0, 22, 1, 5, 245]  	1345	5 
[0, 30, 1, 2, 245]  	1365	5 
[4, 2, 9, 1, 246]  	929	9 
[2, 7, 12, 0, 246]  	1173	7 
[3, 0, 6, 6, 247]  	1071	8 
[1, 16, 0, 5, 247]  	1083	7 
[1, 6, 4, 6, 247]  	1089	5 
[3, 0, 13, 1, 247]  	1108	8 
[3, 19, 0, 4, 247]  	1164	10 
[0, 30, 1, 0, 247]  	1181	5 
[2, 3, 0, 11, 247]  	1185	8 
[2, 6, 0, 10, 247]  	1204	8 
[2, 21, 0, 4, 247]  	1207	8 
[2, 0, 11, 5, 247]  	1303	5 
[1, 2, 4, 10, 247]  	1309	6 
[0, 17, 1, 7, 247]  	1344	5 
[2, 0, 11, 2, 248]  	1027	5 
[1, 15, 8, 0, 248]  	1154	7 
[0, 17, 1, 5, 248]  	1160	5 
[2, 12, 0, 9, 248]  	1334	5 
[4, 0, 9, 1, 249]  	855	8 
[2, 16, 3, 0, 249]  	867	7 
[3, 3, 2, 6, 249]  	898	8 
[2, 4, 2, 6, 249]  	904	6 
[2, 2, 11, 1, 249]  	1009	6 
[1, 2, 11, 2, 249]  	1070	5 
[3, 2, 9, 5, 249]  	1266	6 
[1, 1, 4, 10, 249]  	1272	5 
[0, 28, 1, 3, 249]  	1383	5 
[1, 3, 4, 6, 250]  	978	5 
[3, 2, 9, 2, 250]  	990	6 
[4, 11, 0, 5, 250]  	991	11 
[1, 1, 4, 7, 250]  	996	5 
[3, 12, 0, 5, 250]  	997	9 
[2, 14, 0, 5, 250]  	1040	7 
[1, 15, 0, 5, 250]  	1046	6 
[1, 2, 12, 1, 250]  	1049	5 
[2, 12, 0, 6, 250]  	1058	5 
[1, 14, 0, 6, 250]  	1101	5 
[0, 28, 1, 0, 250]  	1107	5 
[2, 2, 0, 11, 250]  	1148	7 
[1, 1, 0, 12, 250]  	1172	5 
[0, 15, 1, 5, 251]  	1086	5 
[1, 14, 8, 0, 251]  	1117	6 
[0, 27, 2, 0, 251]  	1141	5 
[3, 4, 14, 0, 251]  	1235	8 
[2, 3, 2, 10, 251]  	1235	6 
[3, 0, 4, 10, 251]  	1297	6 
[0, 0, 14, 8, 251]  	1730	1 
[4, 12, 3, 0, 252]  	781	8 
[2, 14, 3, 0, 252]  	793	6 
[3, 1, 2, 6, 252]  	824	7 
[4, 11, 5, 0, 252]  	886	9 
[2, 3, 2, 7, 252]  	959	6 
[1, 14, 1, 5, 252]  	1080	6 
[2, 1, 0, 11, 252]  	1111	5 
[3, 1, 10, 5, 252]  	1300	6 
[4, 0, 5, 9, 252]  	1307	6 
[0, 18, 5, 4, 252]  	1389	4 
[0, 3, 2, 13, 252]  	1449	3 
[4, 0, 7, 1, 253]  	713	7 
[2, 6, 0, 6, 253]  	836	6 
[3, 0, 9, 2, 253]  	916	5 
[3, 10, 0, 5, 253]  	923	9 
[4, 0, 4, 6, 253]  	960	10 
[3, 0, 4, 7, 253]  	1021	6 
[3, 8, 9, 0, 253]  	1028	6 
[2, 13, 8, 0, 253]  	1111	7 
[13, 7, 8, 0, 253]  	1230	10 
[2, 0, 1, 12, 253]  	1237	6 
[2, 1, 17, 0, 253]  	1306	6 
[2, 3, 16, 0, 253]  	1309	7 
[0, 11, 0, 12, 253]  	1511	2 
[0, 1, 16, 4, 253]  	1541	1 
[0, 0, 19, 3, 253]  	1625	1 
[2, 0, 9, 2, 254]  	885	2 
[3, 8, 7, 0, 254]  	886	6 
[4, 6, 11, 0, 254]  	1127	7 
[2, 6, 12, 0, 254]  	1136	5 
[11, 7, 8, 0, 254]  	1168	6 
[9, 7, 9, 0, 254]  	1177	8 
[0, 33, 0, 0, 254]  	1221	4 
[0, 2, 5, 10, 254]  	1349	2 
[1, 10, 3, 8, 254]  	1350	5 
[1, 0, 6, 10, 254]  	1377	3 
[0, 3, 1, 13, 254]  	1378	1 
[0, 15, 8, 3, 254]  	1399	3 
[0, 8, 3, 10, 254]  	1429	2 
[0, 13, 11, 2, 254]  	1446	3 
[0, 13, 2, 9, 254]  	1451	2 
[0, 1, 8, 10, 254]  	1525	2 
[0, 9, 13, 3, 254]  	1532	1 
[0, 5, 19, 0, 254]  	1534	1 
[0, 1, 7, 11, 254]  	1546	2 
[0, 0, 5, 13, 254]  	1551	1 
[2, 6, 3, 0, 255]  	497	3 
[2, 1, 2, 7, 255]  	885	4 
[13, 0, 0, 6, 255]  	955	8 
[1, 2, 11, 1, 255]  	978	3 
[17, 0, 7, 0, 255]  	1024	2 
[0, 1, 0, 11, 255]  	1049	1 
[1, 13, 8, 0, 255]  	1080	3 
[1, 0, 6, 7, 255]  	1101	2 
[15, 0, 9, 0, 255]  	1104	3 
[10, 5, 9, 0, 255]  	1134	3 
[9, 3, 11, 0, 255]  	1171	4 
[1, 22, 0, 4, 255]  	1213	3 
[7, 2, 13, 0, 255]  	1214	5 
[2, 0, 15, 1, 255]  	1219	5 
[1, 9, 3, 7, 255]  	1221	5 
[0, 0, 3, 11, 255]  	1225	1 
[13, 4, 10, 0, 255]  	1261	8 
[11, 0, 0, 10, 255]  	1261	4 
[10, 16, 0, 4, 255]  	1270	7 
[9, 0, 1, 10, 255]  	1270	4 
[1, 16, 4, 4, 255]  	1275	5 
[7, 0, 15, 0, 255]  	1282	3 
[11, 1, 13, 0, 255]  	1301	6 
[1, 27, 0, 3, 255]  	1306	4 
[1, 4, 3, 10, 255]  	1312	5 
[0, 3, 4, 10, 255]  	1315	1 
[0, 26, 5, 0, 255]  	1317	3 
[1, 1, 10, 6, 255]  	1330	5 
[1, 0, 17, 1, 255]  	1330	4 
[4, 0, 17, 0, 255]  	1331	3 
[10, 1, 14, 0, 255]  	1341	7 
[0, 14, 0, 9, 255]  	1346	1 
[14, 0, 13, 0, 255]  	1357	4 
[0, 12, 0, 10, 255]  	1364	1 
[0, 13, 1, 9, 255]  	1380	2 
[0, 1, 19, 0, 255]  	1386	1 
[0, 9, 2, 10, 255]  	1395	1 
[0, 12, 11, 2, 255]  	1409	2 
[0, 9, 10, 4, 255]  	1411	1 
[1, 0, 13, 5, 255]  	1414	3 
[0, 20, 7, 2, 255]  	1421	1 
[0, 5, 6, 9, 255]  	1439	1 
[0, 9, 13, 2, 255]  	1440	1 
[0, 0, 19, 1, 255]  	1441	1 
[0, 20, 6, 3, 255]  	1442	2 
[0, 7, 17, 0, 255]  	1466	1 
[0, 0, 0, 16, 255]  	1472	1 
[0, 0, 8, 10, 255]  	1488	1 
[0, 6, 18, 0, 255]  	1500	1 
[0, 0, 16, 4, 255]  	1504	1 
[0, 6, 17, 1, 255]  	1521	1 
[0, 0, 22, 0, 255]  	1562	1 
[0, 6, 14, 4, 255]  	1584	1 
------
The gap is between 12 and 234.
Lengths: 5 5 8 9 5 6.
For 1536 = 3*d-d1-d2-d3-d4 you get 5 in char 0.
1 + 0*2^64 + 0*2^128 + 0*2^192*x^12*y^24*w^3
1 + 0*2^64 + 0*2^128 + 0*2^192*y^16*z^12*w^1
1 + 0*2^64 + 0*2^128 + 0*2^192*y^4*z^4*w^12
1 + 0*2^64 + 0*2^128 + 0*2^192*y^3*z^11*w^7
1 + 0*2^64 + 0*2^128 + 0*2^192*y^2*z^18*w^2

For 947 = 2*d-d1-d2-d3-d4 you get 8 in char 0.
1 + 0*2^64 + 0*2^128 + 0*2^192*x^14*y^2*z^1*w^4
1 + 0*2^64 + 0*2^128 + 0*2^192*x^11*y^7*z^1*w^3
1 + 0*2^64 + 0*2^128 + 0*2^192*x^8*y^12*z^1*w^2
1 + 0*2^64 + 0*2^128 + 0*2^192*x^2*y^9*w^6
1 + 0*2^64 + 0*2^128 + 0*2^192*x^1*y^6*z^2*w^6
1 + 0*2^64 + 0*2^128 + 0*2^192*y^16*z^5
1 + 0*2^64 + 0*2^128 + 0*2^192*y^3*z^4*w^6
1 + 0*2^64 + 0*2^128 + 0*2^192*y^2*z^11*w^1

For 358 = d-d1-d2-d3-d4 you get 5 in char 0.
1 + 0*2^64 + 0*2^128 + 0*2^192*x^5*y^3*w^1
1 + 0*2^64 + 0*2^128 + 0*2^192*x^4*z^2*w^1
1 + 0*2^64 + 0*2^128 + 0*2^192*x^2*y^8
1 + 0*2^64 + 0*2^128 + 0*2^192*x^1*y^5*z^2
1 + 0*2^64 + 0*2^128 + 0*2^192*y^2*z^4

Extra powers of p used 3.
The invariant extra is equal to 33.
Start computing 2^4 Delta^1 (x1x2x3x4)^1... Done.
Start computing 2^5 Delta^2 (x1x2x3x4)^1... Done.
Start computing 2^6 Delta^3 (x1x2x3x4)^1... Done.
Start computing 2^7 Delta^4 (x1x2x3x4)^1... Done.
Start computing 2^8 Delta^5 (x1x2x3x4)^1... Done.
Start computing 2^9 Delta^6 (x1x2x3x4)^1... Done.
Start computing 2^10 Delta^7 (x1x2x3x4)^1... Done.
Start computing 2^11 Delta^8 (x1x2x3x4)^1... Done.
Start computing 2^12 Delta^9 (x1x2x3x4)^1... Done.
Start computing 2^13 Delta^10 (x1x2x3x4)^1... Done.
Start computing 2^14 Delta^11 (x1x2x3x4)^1... Done.
Start computing 2^15 Delta^12 (x1x2x3x4)^1... Done.
Start computing 2^16 Delta^13 (x1x2x3x4)^1... Done.
Start computing 2^17 Delta^14 (x1x2x3x4)^1... Done.
Start computing 2^18 Delta^15 (x1x2x3x4)^1... Done.
Start computing 2^19 Delta^16 (x1x2x3x4)^1... Done.
Start computing 2^20 Delta^17 (x1x2x3x4)^1... Done.
Start computing 2^21 Delta^18 (x1x2x3x4)^1... Done.
Start computing 2^22 Delta^19 (x1x2x3x4)^1... Done.
Start computing 2^23 Delta^20 (x1x2x3x4)^1... Done.
Start computing 2^24 Delta^21 (x1x2x3x4)^1... Done.
Start computing 2^25 Delta^22 (x1x2x3x4)^1... Done.
Start computing 2^26 Delta^23 (x1x2x3x4)^1... Done.
Start computing 2^27 Delta^24 (x1x2x3x4)^1... Done.
Start computing 2^28 Delta^25 (x1x2x3x4)^1... Done.
Start computing 2^29 Delta^26 (x1x2x3x4)^1... Done.
Start computing 2^30 Delta^27 (x1x2x3x4)^1... Done.
Start computing 2^31 Delta^28 (x1x2x3x4)^1... Done.
Start computing 2^32 Delta^29 (x1x2x3x4)^1... Done.
Start computing 2^33 Delta^30 (x1x2x3x4)^1... Done.
Start computing 2^34 Delta^31 (x1x2x3x4)^1... Done.
Start computing 2^35 Delta^32 (x1x2x3x4)^1... Done.
Start computing 2^36 Delta^33 (x1x2x3x4)^1... Done.
Start computing 2^37 Delta^34 (x1x2x3x4)^1... Done.
Start computing 2^38 Delta^35 (x1x2x3x4)^1... Done.
Start computing aa.
1 2 3 4 5 6 7 8 9 10 11 12 13 14 15 16 17 18 
*/
A = \
[7125024883112542640 + 1215182350709313824*2^64 + 12839297958833216278*2^128 + 7188932031*2^192,13605679920274315760 + 8399333904073998722*2^64 + 1947621380943218738*2^128 + 6037387467*2^192,2014471677398543264 + 4741406822003856638*2^64 + 845333913165188237*2^128 + 8159845276*2^192,11733083000463787088 + 377434702367249699*2^64 + 17392536267655333752*2^128 + 3225153654*2^192,10823150144478220224 + 16435674396678245357*2^64 + 7848391727747747949*2^128 + 8360822317*2^192,5337149069558864640 + 5311296447294353715*2^64 + 2739893167001067321*2^128 + 6757332926*2^192,3341409745349360384 + 15915658164823427433*2^64 + 14563599633085576347*2^128 + 3525382884*2^192,13026724126237077152 + 15574248460126022591*2^64 + 17377648597076521999*2^128 + 4507520110*2^192,8090740860067263360 + 9853618212936135122*2^64 + 10255949969174459481*2^128 + 3837049441*2^192,1181365474863986880 + 14210596127841766999*2^64 + 235062396462129527*2^128 + 1181993471*2^192,4636809099036204224 + 3759288809201344775*2^64 + 16759444478565391449*2^128 + 5533905662*2^192,13669757542787404608 + 4740959351223390047*2^64 + 859393053559838237*2^128 + 3742591829*2^192,4272179724951938240 + 4596175448509703649*2^64 + 17100385015614142333*2^128 + 8029475447*2^192,15698663408534802112 + 4444747372755725134*2^64 + 2900308187018030660*2^128 + 3416473696*2^192,14629326248429286400 + 8508161046022196720*2^64 + 13296856681609133773*2^128 + 1013032904*2^192,5701465880763095104 + 7308040180942595064*2^64 + 9644669669862222496*2^128 + 4324702226*2^192,6643443054285261312 + 17014948496735171568*2^64 + 17148493132038740830*2^128 + 2341780352*2^192,13704994019748725824 + 10007112311393939776*2^64 + 9080534069056646645*2^128 + 5599644652*2^192;\
12750416196708574072 + 8687885825290754079*2^64 + 8362503163379588188*2^128 + 6421926247*2^192,5403321293303043712 + 11306420303483351955*2^64 + 17820884505516227665*2^128 + 4827152062*2^192,7667677865343065632 + 8524656600876989695*2^64 + 13395285937105881999*2^128 + 1944924533*2^192,15058785610128585768 + 3200817770911438274*2^64 + 17558528333549236078*2^128 + 7440952793*2^192,17507002989114115504 + 14852123294809606661*2^64 + 5813267938160966823*2^128 + 6765145117*2^192,13083393617051477312 + 3196320809253308459*2^64 + 2892218152380591275*2^128 + 5464666072*2^192,11657638310542351776 + 3425024344045650586*2^64 + 1814844791795065234*2^128 + 8417193164*2^192,949229540305290176 + 5199566994975988238*2^64 + 15919062871675021863*2^128 + 2382845390*2^192,13656327811113133984 + 515748861777555485*2^64 + 13369672394984624692*2^128 + 2739465932*2^192,6885445651624576512 + 16054506260022765390*2^64 + 12235142376512282860*2^128 + 2450949561*2^192,14135226777739757600 + 4543882395421040970*2^64 + 14612824619953190828*2^128 + 2777116183*2^192,1497301621366886304 + 2237074686546242799*2^64 + 12122016015989736994*2^128 + 3277584133*2^192,13613549528678355520 + 12602059551626458195*2^64 + 9115884383914912697*2^128 + 2057986975*2^192,4144409722734425216 + 3447172970504343109*2^64 + 15467912775803672081*2^128 + 6614332430*2^192,3106848962177336096 + 10443578055898850289*2^64 + 11593142623549911614*2^128 + 3172401257*2^192,15497612296821198304 + 12232926995742007012*2^64 + 4142748525287449048*2^128 + 3529925805*2^192,4128309719119157600 + 2112893367713982377*2^64 + 5428868678153685934*2^128 + 5655553204*2^192,15697887763662546176 + 2136388791410492247*2^64 + 4640042227499093249*2^128 + 648482948*2^192;\
6078334449453100120 + 16989361572790178436*2^64 + 577211226383899478*2^128 + 7306012383*2^192,10557874035061081868 + 14595259697262998816*2^64 + 14602551103997668988*2^128 + 7240169390*2^192,4903145132400788352 + 1236595685975987750*2^64 + 16821328813577758472*2^128 + 6052171443*2^192,2395158200870057244 + 2641017831235525645*2^64 + 5516783545045397948*2^128 + 8543617920*2^192,15335454593644588304 + 912476995290125354*2^64 + 11656186178983973584*2^128 + 768532674*2^192,16171537262811513440 + 3049120771134632816*2^64 + 18287675503743311136*2^128 + 5334616813*2^192,6323534797011635584 + 7734673723698137894*2^64 + 3027748971915961130*2^128 + 8011244217*2^192,10351419541615928304 + 5626686897664290111*2^64 + 8978393281881842390*2^128 + 8569756475*2^192,14012394086549295872 + 17921120760329260505*2^64 + 15545239636766095513*2^128 + 3622292050*2^192,11032804791079809984 + 16416212730436458368*2^64 + 14171422611809222123*2^128 + 3361898649*2^192,4310783961556806624 + 13317522054504511970*2^64 + 2017848741871629436*2^128 + 5157724802*2^192,15757440387644072032 + 17420009384718781014*2^64 + 8521323186561201379*2^128 + 2986061915*2^192,2253757001943520224 + 9464222569047940940*2^64 + 18034912490852193135*2^128 + 4365047198*2^192,4748222743518784560 + 16002322151797585490*2^64 + 9839963963583605118*2^128 + 3976647499*2^192,530417995659879248 + 10022451770087349709*2^64 + 9791818442135153398*2^128 + 4890595027*2^192,3004887834755635584 + 13776162050540546756*2^64 + 5540297044849313508*2^128 + 1458428939*2^192,2454447176927083744 + 18393099122729882558*2^64 + 2585408312569013273*2^128 + 5934277673*2^192,12140724148421684384 + 5178116818189202600*2^64 + 2604239520057370107*2^128 + 5225063007*2^192;\
1348860346029537696 + 4515432446432436305*2^64 + 8614897043834070063*2^128 + 2547822607*2^192,8062992516919327664 + 15217823377171817051*2^64 + 94393680477159752*2^128 + 3259627990*2^192,2476601650187345200 + 13175802453089982443*2^64 + 16150500947314960925*2^128 + 5691734358*2^192,5300514604982687032 + 2220992973706694980*2^64 + 16173042056749610809*2^128 + 8294404059*2^192,12345971154328016496 + 2933484304673765621*2^64 + 17468864912805908936*2^128 + 5977320423*2^192,11772377092492246048 + 4124841130207091082*2^64 + 13642409058327209635*2^128 + 3138751232*2^192,10025630815893152960 + 1398405676156532030*2^64 + 14217330645221897607*2^128 + 7378287983*2^192,5537134824199313984 + 2431509855266767414*2^64 + 2977553407801997501*2^128 + 6336260235*2^192,3696721184222253216 + 16495938027579660272*2^64 + 8440807278353186781*2^128 + 8338196831*2^192,4894773922224408320 + 17539953743802161544*2^64 + 1471458326761155370*2^128 + 6945959552*2^192,7078443435739041056 + 15371459115665080067*2^64 + 11756833436480329600*2^128 + 7630960253*2^192,1478067930053512032 + 15169908068606220874*2^64 + 15377285149449599887*2^128 + 4979987918*2^192,13688617233146397312 + 16480457778193676666*2^64 + 7890225598610545661*2^128 + 6487913503*2^192,4789375280951544864 + 7792540198901841047*2^64 + 1158623717479163349*2^128 + 5936430832*2^192,6322147182625244736 + 11471046920741115381*2^64 + 1755860076063744126*2^128 + 1350682044*2^192,10824569679105970592 + 16877892053719292738*2^64 + 6256214045314720215*2^128 + 1058723419*2^192,4629624105990365344 + 8612495919337859996*2^64 + 13402096869214841438*2^128 + 498299122*2^192,67287945006288640 + 5705957919546661487*2^64 + 13978873879990191801*2^128 + 1578268769*2^192;\
15542382423358104496 + 589007168564917690*2^64 + 1049462082602318006*2^128 + 7032302269*2^192,16556573871533731312 + 12848554765382562429*2^64 + 10528790568219608343*2^128 + 5638303088*2^192,3524806028831869216 + 2265807569417448785*2^64 + 17621131570439022159*2^128 + 2107576485*2^192,12067627588108850200 + 3713094578521049041*2^64 + 17770477566438535343*2^128 + 3494750850*2^192,11893067060631621760 + 16617743355066484604*2^64 + 5461777597397046959*2^128 + 7673402228*2^192,6837566193341373824 + 9800499594656269665*2^64 + 17714287630209122431*2^128 + 1392957539*2^192,5431041172287675424 + 8583630915837079135*2^64 + 241762461553369691*2^128 + 8053518203*2^192,3356958524428492704 + 1898222225074682225*2^64 + 12622401978764085034*2^128 + 7511889432*2^192,5884999360649361056 + 15073392699684793962*2^64 + 11963437615044693458*2^128 + 1776378734*2^192,3277248002099889280 + 12157716838402708218*2^64 + 15730813329544204027*2^128 + 199858570*2^192,8019445273049006624 + 16361224885791013604*2^64 + 16745500488224093139*2^128 + 4664656285*2^192,9432142292018875168 + 12624823702043441763*2^64 + 15736830528247870004*2^128 + 6926673799*2^192,4323333056048400608 + 8221855324147489071*2^64 + 1976188259680353949*2^128 + 4358928143*2^192,10112714774344100096 + 2080097665903138554*2^64 + 8601296952343653992*2^128 + 1131367788*2^192,629117641955901088 + 1277015077940113483*2^64 + 5271619273429608401*2^128 + 2935523606*2^192,12233075516747313248 + 13122745867708012184*2^64 + 8124715574774710564*2^128 + 895286610*2^192,13423091100281160544 + 14027646559799450047*2^64 + 5155398547097065578*2^128 + 1071030114*2^192,14102552087874998400 + 13156796020828789630*2^64 + 2225788668227878979*2^128 + 7499891984*2^192;\
3194637675472874812 + 18170395698331684426*2^64 + 12262932796103795618*2^128 + 2965065785*2^192,3364168809699230488 + 18437018061819457907*2^64 + 6523790740027029411*2^128 + 1883153071*2^192,6162973553346114608 + 3341936486099048715*2^64 + 11094107153911788383*2^128 + 1436354883*2^192,10869332528377706152 + 4746858878753716917*2^64 + 11036886329739061599*2^128 + 4086963172*2^192,11820202249969606880 + 17524553965005247557*2^64 + 11333695837493671764*2^128 + 2552666811*2^192,15355099451153199264 + 10892692358891650452*2^64 + 18251780704539101153*2^128 + 2967971649*2^192,10445842384896594144 + 9194046728123335782*2^64 + 3248555966990137352*2^128 + 834705586*2^192,2499463775950511856 + 9334276688075407156*2^64 + 511422087092562258*2^128 + 1201134361*2^192,18020435554824688096 + 8815948326235612254*2^64 + 7497010587469394067*2^128 + 1434243126*2^192,18309401693337470400 + 2904419072490047461*2^64 + 7958295648173964818*2^128 + 3375063287*2^192,5546026833791883424 + 16858547970031856077*2^64 + 7412669181029118249*2^128 + 3669551703*2^192,7621457820794775584 + 8308614893218493511*2^64 + 7636263441593653521*2^128 + 2609434201*2^192,9703852560930853792 + 1981581623981518124*2^64 + 11984362648264017793*2^128 + 4216399614*2^192,7587817669160200256 + 2969313929037765494*2^64 + 9924898535913822866*2^128 + 3879614907*2^192,9878417410260435392 + 12450235770444043823*2^64 + 8629436575527990152*2^128 + 1221444300*2^192,16971677650675170208 + 17887846406043463838*2^64 + 16383887192194769742*2^128 + 2138269740*2^192,981152341906075008 + 7901794249435102859*2^64 + 12599683695731371499*2^128 + 2362423079*2^192,7858242029789701536 + 9855302877516741235*2^64 + 16232016613327418510*2^128 + 3003353487*2^192;\
15936696002400414896 + 10263759420177156232*2^64 + 11384940173499960200*2^128 + 4245826985*2^192,15410404195336901024 + 3266259488727318180*2^64 + 12109668272718815684*2^128 + 1595951216*2^192,13335800526176856128 + 1775498878787445398*2^64 + 6824661093604552577*2^128 + 46683277*2^192,12126968414325359232 + 16708285777635160760*2^64 + 11150769647389177836*2^128 + 2236936048*2^192,16360605058423918096 + 1339691787973165002*2^64 + 3990228053551845748*2^128 + 2585057107*2^192,1052504961840174656 + 4844611525670729869*2^64 + 16945058358618812358*2^128 + 426310454*2^192,6601355815616216896 + 7803024249176530331*2^64 + 799088258237625194*2^128 + 3606226164*2^192,11238824829500944256 + 2922710036620681608*2^64 + 11875834433808337536*2^128 + 1084023054*2^192,18083591455956347008 + 5894065231312786*2^64 + 10738626265249711464*2^128 + 2734185560*2^192,1788927063238727040 + 6846759720113608826*2^64 + 10259781686517043957*2^128 + 1445949695*2^192,15856961417174315712 + 14414544943673390791*2^64 + 2480034605722821082*2^128 + 2864744184*2^192,1178025760145238848 + 16337878479279750887*2^64 + 13835776539180156904*2^128 + 243063689*2^192,2492302564886450944 + 14977782390958822330*2^64 + 16090983897747051636*2^128 + 440076052*2^192,7605723265041735712 + 10692359299682276085*2^64 + 4912077555738397048*2^128 + 701549156*2^192,13939882149230488320 + 15085061557800065682*2^64 + 17581892171242384480*2^128 + 3001919666*2^192,5801932844745187072 + 1003862275534543611*2^64 + 15083935809099816097*2^128 + 2209705885*2^192,183157472166149760 + 14047555650712643891*2^64 + 13680893886224394141*2^128 + 4211183971*2^192,8448886796053395200 + 13177319337716995146*2^64 + 17586077724446797919*2^128 + 3540284881*2^192;\
6972500876529856552 + 15172940061369572938*2^64 + 10392954042846949186*2^128 + 2119763515*2^192,1316644767266276560 + 17581617296034874506*2^64 + 119221329551428354*2^128 + 1331071612*2^192,17115911989833911632 + 11047249464539121143*2^64 + 14486454599028345647*2^128 + 1712129071*2^192,10148576240464359928 + 5400736071292846254*2^64 + 1153480158702242187*2^128 + 687568622*2^192,1882402753147280612 + 4327028266854859267*2^64 + 13398411166517989154*2^128 + 3051374503*2^192,11554926691007854016 + 8421154708934237975*2^64 + 16506795485322830356*2^128 + 2794169301*2^192,17526157372982082096 + 5676692108956374381*2^64 + 14248000718691740007*2^128 + 3406164407*2^192,11790391391683383792 + 15089463085339878594*2^64 + 12123326307981262325*2^128 + 1281806930*2^192,12308444345471304304 + 7221469386716054401*2^64 + 17832896045146127201*2^128 + 674991531*2^192,3518993851514194720 + 14407238343942413076*2^64 + 16166523558147988874*2^128 + 3470180297*2^192,10850506458923304720 + 13206612678500204750*2^64 + 4169055518166746346*2^128 + 756573965*2^192,11070466117204333072 + 4305203098184709161*2^64 + 4237833027069079681*2^128 + 4180664496*2^192,14741314923871243552 + 14782088898816172307*2^64 + 15884322728951288636*2^128 + 1204335850*2^192,17193877726253736800 + 18077010998077315604*2^64 + 6468914080106763164*2^128 + 2674311881*2^192,14795493093666676384 + 8788422422490331386*2^64 + 9653932848952657267*2^128 + 3738720323*2^192,14028944445008368384 + 4496132440577461670*2^64 + 5204463215218763736*2^128 + 2956562021*2^192,8074590391498686720 + 9054322705812075636*2^64 + 17148152673167469425*2^128 + 308304259*2^192,2087308882123070880 + 11510870210231344787*2^64 + 2056247751443500256*2^128 + 3319499423*2^192;\
6350571898473553671 + 13052479266147887908*2^64 + 18377417943347600692*2^128 + 7889635369*2^192,8253420159382841953 + 16074139461568893700*2^64 + 4335328996731732128*2^128 + 6666752097*2^192,14132967048260259590 + 6980685903994109009*2^64 + 2022641422325361803*2^128 + 4273394102*2^192,2430809226413385078 + 2267977215414929980*2^64 + 6903789066027573007*2^128 + 7907711880*2^192,17997304189119576477 + 14608201628616817810*2^64 + 1086874286160590273*2^128 + 7464199990*2^192,13278152010504924662 + 2845598041122173398*2^64 + 16618804539027366168*2^128 + 2041000874*2^192,13103279601946678900 + 11480188545570650174*2^64 + 8461493823490651170*2^128 + 1481155882*2^192,9371660699348364968 + 5944057218388365565*2^64 + 5877666468761318539*2^128 + 3027549617*2^192,15107129201347008244 + 6791901953355831787*2^64 + 9070494577713476201*2^128 + 5299803889*2^192,5073216683824421856 + 8627235227034609984*2^64 + 12684222770013839635*2^128 + 3377269418*2^192,8797735811936136292 + 14679070004783970903*2^64 + 15884714178654410623*2^128 + 2546685821*2^192,13663053418026979136 + 9704396412495761163*2^64 + 17986705238809414858*2^128 + 8391344543*2^192,12879558655052333192 + 11203179721975314872*2^64 + 8148619896098034014*2^128 + 7768824352*2^192,15921815563468131260 + 2941076443957568747*2^64 + 1235108749567850873*2^128 + 6846662634*2^192,13626998838695503272 + 9358511674540935140*2^64 + 15865252906547965733*2^128 + 6652524330*2^192,269365940479720624 + 7430337798981398149*2^64 + 7535120178148148903*2^128 + 7229822354*2^192,5812293051242263820 + 17510034180910758264*2^64 + 12909091585895320112*2^128 + 7491485558*2^192,18148459101184367192 + 8061737615157245865*2^64 + 14015778192195815245*2^128 + 6084784711*2^192;\
6058148036291151073 + 1822301216066935948*2^64 + 14991655426939780929*2^128 + 2632427174*2^192,2056517255822433499 + 12582499029285884134*2^64 + 2971189658133425822*2^128 + 2897886982*2^192,17788389702734981394 + 4868696719119225648*2^64 + 736512002208873699*2^128 + 79440662*2^192,12985843778559650658 + 18367219182748847542*2^64 + 16423099889659881056*2^128 + 5028780861*2^192,10427840353764396479 + 1090666281719654614*2^64 + 10548368120608574370*2^128 + 3373907432*2^192,11305453498887026722 + 4958936475819556730*2^64 + 7412238633736907963*2^128 + 4446802686*2^192,5672810768377622972 + 787321321116087979*2^64 + 14946916348529102732*2^128 + 2608323624*2^192,288474466942498440 + 8423088581347601586*2^64 + 2224047688302915353*2^128 + 2996823304*2^192,12396061052458809900 + 4158292290177461710*2^64 + 8018463008096518836*2^128 + 4643289780*2^192,14170205491318850416 + 7655023740099689662*2^64 + 8554416075165350879*2^128 + 4199187470*2^192,4549962744693298284 + 4443017353507488093*2^64 + 13974832706743143475*2^128 + 8533036396*2^192,15409738950697581184 + 14494325144988080656*2^64 + 5697617274266515351*2^128 + 2325496739*2^192,7029903398088379416 + 13456260439659919502*2^64 + 13185266275580658001*2^128 + 807194433*2^192,7572277073083827668 + 11900693621913631175*2^64 + 7699729889977111327*2^128 + 3395971323*2^192,5799571299647166296 + 991075894745434881*2^64 + 15175951894122079971*2^128 + 8199394649*2^192,15176499620172415184 + 10082196185628116178*2^64 + 17969791687655326244*2^128 + 274659854*2^192,15916790218606490692 + 14622608812087656167*2^64 + 3633683765596858515*2^128 + 4894617142*2^192,16387699171082115944 + 3173890635658488397*2^64 + 15499735685835038001*2^128 + 206551809*2^192;\
12608697794862161780 + 16606885669046031860*2^64 + 16372594833785739044*2^128 + 243497400*2^192,5250385451770705986 + 3581961292617737280*2^64 + 3237999488954769851*2^128 + 4354894999*2^192,9716245734705746648 + 11135593621600913495*2^64 + 874378345059853730*2^128 + 5970571907*2^192,15939135626445918146 + 10183620876421789067*2^64 + 14611609127193689306*2^128 + 1175079525*2^192,10902441884243185604 + 13389193803467351520*2^64 + 11370778563334551592*2^128 + 6065649894*2^192,6486872530951802016 + 8861631015200279215*2^64 + 9310010701290908224*2^128 + 6071596819*2^192,15969117582824750048 + 15970535927639379641*2^64 + 13312933673757426692*2^128 + 1244474648*2^192,16902129441316080056 + 14419118991288806407*2^64 + 12199450461940198319*2^128 + 356892445*2^192,11949368330379366048 + 10950874885838683743*2^64 + 1143061941763694364*2^128 + 20102264*2^192,12608956997461308992 + 2481424008274252118*2^64 + 8778544274687611464*2^128 + 3627230054*2^192,4714772397678373744 + 3087656129378296677*2^64 + 5219549771475315763*2^128 + 2049892318*2^192,11946320751169772976 + 10748042246382689925*2^64 + 12999164955102010289*2^128 + 4185437139*2^192,10739653923019889744 + 14668926816426732564*2^64 + 12405567935166996111*2^128 + 295179892*2^192,8841403251088520040 + 6485983432483621199*2^64 + 13890112161826093820*2^128 + 7747960097*2^192,10749080875067137656 + 9595914669882329841*2^64 + 15539765225619309271*2^128 + 4800904668*2^192,11994192658466181376 + 2861436515076675981*2^64 + 6869670256965037178*2^128 + 4680674846*2^192,10436204906301112976 + 6998538771714560085*2^64 + 12565064740756598576*2^128 + 7798913623*2^192,9444280111779941904 + 1043153810700205180*2^64 + 10921180616298403582*2^128 + 1197239583*2^192;\
1021278777163694619 + 10841095359897550861*2^64 + 14731296586688800059*2^128 + 6115506475*2^192,17875203407461385141 + 14621240214562270036*2^64 + 12908851666230528961*2^128 + 6187602708*2^192,13386607892176952270 + 14669560461734643762*2^64 + 11809930965213044884*2^128 + 7544926631*2^192,5837854044991549038 + 17629138641873613468*2^64 + 440354355520531316*2^128 + 731936531*2^192,4813538464243328961 + 1526522397539174282*2^64 + 9870302044823466475*2^128 + 5947325716*2^192,5433637240185586238 + 3086169473582853723*2^64 + 3341431462481938584*2^128 + 5646437359*2^192,17396745767130196212 + 2404098844219603951*2^64 + 6522916376560278543*2^128 + 1085137412*2^192,17219528261787399208 + 2547979924983459577*2^64 + 7685479182451309576*2^128 + 4759709304*2^192,4073057180481494548 + 8601843969175692438*2^64 + 8909351689589110169*2^128 + 8265858092*2^192,9864145805073180784 + 4661912411035654566*2^64 + 2712314240511434236*2^128 + 5234338161*2^192,3089158531267985204 + 2719303264525455411*2^64 + 7166421893508558331*2^128 + 2253676906*2^192,4973446650559252672 + 4174398968992287220*2^64 + 11454931143701136676*2^128 + 3669604917*2^192,8853776475918491848 + 10960594258657137628*2^64 + 13704453006748606555*2^128 + 4846594871*2^192,5918945126299351244 + 3719899463158190729*2^64 + 4049263362198148415*2^128 + 3123159154*2^192,6866297646446297160 + 9148855146583556602*2^64 + 4085313577089913371*2^128 + 2779605417*2^192,10128635037736475664 + 2136415898648142441*2^64 + 3956344630306864544*2^128 + 2175052923*2^192,740856047067739324 + 13360590034510569895*2^64 + 2807991489813366158*2^128 + 2121619935*2^192,11565456459981803992 + 8453064539496907205*2^64 + 1309635927068600635*2^128 + 3391917181*2^192;\
14413467009024220464 + 3820169701068908484*2^64 + 12995013004686949814*2^128 + 6781069071*2^192,16667481072106089428 + 13687862749040963751*2^64 + 15235278352767163443*2^128 + 5507460351*2^192,17242045985886443296 + 11566056400378708481*2^64 + 17641389050149148899*2^128 + 4115738482*2^192,1983040173266252964 + 10506410359326303163*2^64 + 10610394159536298410*2^128 + 6930625707*2^192,10474130496812019408 + 17757682020078608920*2^64 + 6040165375462223634*2^128 + 8349387396*2^192,11476758900890987808 + 6551602158162072233*2^64 + 13207771292505521652*2^128 + 7814661378*2^192,493943857093416848 + 5879861987937194929*2^64 + 15054948381668636091*2^128 + 3259133683*2^192,12980012639292857600 + 5029332599683978820*2^64 + 7988467514624895825*2^128 + 8008361868*2^192,17770001231867355824 + 10387611361907961670*2^64 + 13770632335598608*2^128 + 3856361913*2^192,12743951751768902544 + 2633128272612671523*2^64 + 1565638895709982630*2^128 + 9454080*2^192,887207842978521584 + 12764457051959820990*2^64 + 12566452405943754746*2^128 + 4455259603*2^192,1288933128145242272 + 1435446933887606643*2^64 + 12617027363712987769*2^128 + 1225674996*2^192,8065056173533513024 + 12608519994565747017*2^64 + 11176980595237306694*2^128 + 5500803901*2^192,9877835170958505824 + 4708292170277569144*2^64 + 14753533982408468028*2^128 + 4358378425*2^192,8717505101014942240 + 84196023875282008*2^64 + 3988207108143408928*2^128 + 7433405626*2^192,16116761723980671616 + 12023101354582719590*2^64 + 5102181988148874529*2^128 + 3523058507*2^192,9190855067499716000 + 7814085506995503697*2^64 + 9911024810931896362*2^128 + 3912587191*2^192,17977025055884033952 + 8339302679351292325*2^64 + 15429452321290592767*2^128 + 881260428*2^192;\
1163197254015304726 + 4412083658481272241*2^64 + 2522675399452382681*2^128 + 4362976852*2^192,2064870429837504282 + 4611540782275738055*2^64 + 8881355820860204537*2^128 + 2544598493*2^192,597625689278303644 + 11917482246629940678*2^64 + 16592817402845212133*2^128 + 3918801223*2^192,11927649136307322268 + 4270509862263404748*2^64 + 6718518882702908043*2^128 + 5907236032*2^192,11043087188944382738 + 14019082095594924943*2^64 + 3034084477145521551*2^128 + 2349818638*2^192,12081064662305978924 + 2281662945441894747*2^64 + 5198834894530821455*2^128 + 5569312505*2^192,16630059282622866568 + 7338701453845127182*2^64 + 15457532821823376736*2^128 + 1320308977*2^192,7419738777117290896 + 4362743578438337920*2^64 + 2187398325200595467*2^128 + 4171535715*2^192,989539469998976456 + 1554547201331825327*2^64 + 10952284881444964661*2^128 + 4491859644*2^192,16354278777631141376 + 8603000119957009797*2^64 + 12491161937203725854*2^128 + 4097383057*2^192,6294140477970004776 + 15738780808889100571*2^64 + 7503075484906595487*2^128 + 1951570289*2^192,14754977684006489984 + 6959004934652936002*2^64 + 9118544078226284011*2^128 + 4449961559*2^192,11970286172951114448 + 4408612523434712696*2^64 + 14326350746970053727*2^128 + 2237171074*2^192,7053892954325179672 + 7851816373843765073*2^64 + 16074535294386963922*2^128 + 2789517348*2^192,334808387519058000 + 14745453166940341739*2^64 + 11872730076242623221*2^128 + 5609390797*2^192,13129738968244505376 + 2680642451301706222*2^64 + 8407649297497387060*2^128 + 1776184108*2^192,4283203473355011512 + 304727805765014866*2^64 + 9849678068572040623*2^128 + 1938418407*2^192,14596735855713984368 + 2759139294643196396*2^64 + 6561085978984777139*2^128 + 4127836786*2^192;\
15426977724547394680 + 10588070354993981928*2^64 + 8203109001146374965*2^128 + 4197474645*2^192,2286667863221985464 + 861558823921394656*2^64 + 15696673477240811270*2^128 + 1529616815*2^192,8940696834669772400 + 1301935554774547162*2^64 + 3793303307189435880*2^128 + 3421761463*2^192,4519143716358309632 + 11326740527558496835*2^64 + 7952871383175462377*2^128 + 859114661*2^192,2063727680078349488 + 7572851292916002236*2^64 + 17352471362786232393*2^128 + 2664787832*2^192,8496876386755017984 + 6426776387003391137*2^64 + 11532545212704172562*2^128 + 445610408*2^192,7520898716803634144 + 10584614795929366867*2^64 + 15819186086376997157*2^128 + 175240023*2^192,13456540587322178784 + 9096499191270231670*2^64 + 13386513265374616156*2^128 + 677768407*2^192,12349935069213526816 + 3187118474234753841*2^64 + 5668959549197816367*2^128 + 3516903471*2^192,11846128094270603264 + 9922704293154604400*2^64 + 4806104983163690928*2^128 + 3846253967*2^192,2749387608815081152 + 4804751733813626016*2^64 + 5442575779191672111*2^128 + 1714405834*2^192,10162028704599960416 + 12815748199403991099*2^64 + 9647162676832229756*2^128 + 3951222313*2^192,1888318532722662784 + 5280503987658807152*2^64 + 15626278551374370383*2^128 + 134890313*2^192,356698502991330272 + 8306963614795111929*2^64 + 4562863567957626473*2^128 + 520648614*2^192,11185129863356960928 + 11543102018738635873*2^64 + 11390642201653360478*2^128 + 2653635179*2^192,10809134725990873632 + 14823613928499581779*2^64 + 13069224298281777144*2^128 + 1902734580*2^192,8486736957872884640 + 10279186026150030951*2^64 + 14382765577036144896*2^128 + 2184110929*2^192,16002536873682537856 + 1511828980504829830*2^64 + 2755757742339096850*2^128 + 120557224*2^192;\
3779287642504735975 + 7121050264490457453*2^64 + 14352959918046471018*2^128 + 8229745895*2^192,7646326917024736401 + 16947015235642310949*2^64 + 3177364069537452458*2^128 + 3672047586*2^192,6618070145904813446 + 1094237741334477404*2^64 + 14158890793809220304*2^128 + 5829927107*2^192,7037427895699010470 + 13573648936301141791*2^64 + 3638599004132997362*2^128 + 2511231582*2^192,4813169410503477173 + 5704948065140895080*2^64 + 4329089994138971969*2^128 + 5689234082*2^192,854819579941599526 + 16355888211038998515*2^64 + 16600970747939529906*2^128 + 5710568468*2^192,10953175215378592516 + 17753877832400342553*2^64 + 11753938961424157355*2^128 + 3316025953*2^192,13795328962740365960 + 17503606195535366196*2^64 + 5076323871759243223*2^128 + 4719205119*2^192,10534123916310654580 + 11550502433649494938*2^64 + 15271410748040212947*2^128 + 7349719607*2^192,17617827087937013472 + 9554160800044884578*2^64 + 5692180075151623557*2^128 + 4539980561*2^192,3270952340436575044 + 9753462271464838539*2^64 + 14493610313659685715*2^128 + 1733122123*2^192,15397664875161908192 + 13991748291551430342*2^64 + 15345345136066598580*2^128 + 5504542518*2^192,7804231585091564232 + 11933704927668276384*2^64 + 7440587253146635663*2^128 + 958366592*2^192,14773316470624069692 + 9695472435702194134*2^64 + 16217543818761983024*2^128 + 7950298918*2^192,8969555124102403656 + 5845401665299645709*2^64 + 9940763905139148988*2^128 + 2228557549*2^192,14485464650402748432 + 16655977688094870611*2^64 + 11444153058116660041*2^128 + 5698446994*2^192,9201185203798787148 + 15761165884941149105*2^64 + 14302171609352226913*2^128 + 4357898037*2^192,10755572454397322008 + 7498772235127459818*2^64 + 5670858676904713156*2^128 + 1218238685*2^192;\
654382211081921495 + 14327594787447215854*2^64 + 8192704522587808890*2^128 + 7866701560*2^192,16292696156045595381 + 15243213169724784813*2^64 + 15302824770362773232*2^128 + 6888244155*2^192,8747416196976792038 + 11496007735925073746*2^64 + 14907730942126780743*2^128 + 2872781982*2^192,3830499489356006738 + 1744887168199946332*2^64 + 6794846275069889231*2^128 + 5958943152*2^192,11478007675810180021 + 4453063092478548954*2^64 + 8976024217434402595*2^128 + 5531378080*2^192,17361283536534820358 + 17187158194532584006*2^64 + 12745370386086891060*2^128 + 6623571970*2^192,14431775133370259012 + 891813844058352995*2^64 + 1294760153670607461*2^128 + 4915016432*2^192,9101675338975429272 + 4567689601373486850*2^64 + 3550517125524981828*2^128 + 6885147116*2^192,14695555856691926740 + 8676012579209646322*2^64 + 11882155847564300271*2^128 + 3359629075*2^192,13189936104028122720 + 17002238875890427320*2^64 + 9700316386023756299*2^128 + 4639858286*2^192,9737740876317566020 + 2093681825769421033*2^64 + 18142392491895465340*2^128 + 5094425880*2^192,1437171519313883136 + 13178008913108422783*2^64 + 3475353385295996549*2^128 + 227448456*2^192,15827365530519639272 + 646626227621993847*2^64 + 1692732974826158212*2^128 + 5442380054*2^192,4723569755251869324 + 7904849739517615099*2^64 + 9968912438935032665*2^128 + 7920854896*2^192,5423998554591337240 + 7908625550580159655*2^64 + 556148525900625523*2^128 + 5386087230*2^192,15637192082125416496 + 12259850108591671247*2^64 + 9848349451593650635*2^128 + 5074486180*2^192,7171379771628836908 + 13509569018602090951*2^64 + 10769580299830032788*2^128 + 8163813083*2^192,16115118131409256312 + 13867910203164079269*2^64 + 15782054318516204914*2^128 + 8489448871*2^192;\
14416749713741220343 + 12815432831621337648*2^64 + 4691336127375066359*2^128 + 7436540518*2^192,11301705931551107185 + 7213102364726509170*2^64 + 9442941901360796078*2^128 + 7389835584*2^192,5766926039167003878 + 16310515991045784341*2^64 + 8109937601403843804*2^128 + 6905846108*2^192,1163606777724430294 + 5973520683344014264*2^64 + 16566313664220477123*2^128 + 5333700731*2^192,6968764304649020501 + 11354635262881255159*2^64 + 6587239235226558055*2^128 + 1982948735*2^192,8934996285559292646 + 15446643026370551221*2^64 + 6106172125305996670*2^128 + 6984227829*2^192,14139005025782244196 + 17858244863729794340*2^64 + 15822224802782466646*2^128 + 1453665379*2^192,16722854953754342632 + 15295524996248062481*2^64 + 5681923938886078420*2^128 + 3351584227*2^192,8718641147395285268 + 12283009121804255087*2^64 + 1044397202263738505*2^128 + 3602211612*2^192,8591078873399012544 + 7326814371789191234*2^64 + 3201706115476731134*2^128 + 2550640700*2^192,3554572120734080356 + 18072214310888241338*2^64 + 6322307084765537273*2^128 + 4531811162*2^192,4372274901014218208 + 10806442878828068260*2^64 + 16437904753263664203*2^128 + 6062985747*2^192,14218402172406887176 + 11215920493483113206*2^64 + 6873574750727375013*2^128 + 7596456862*2^192,141081496151444380 + 9338442422622711991*2^64 + 14922404125736835454*2^128 + 5459238003*2^192,4669335527168511656 + 7073694765707287156*2^64 + 6810524299162321096*2^128 + 2742124440*2^192,17041243659583832912 + 15203944549213202579*2^64 + 7213772703241511224*2^128 + 5508097043*2^192,6071734749887893292 + 18318865034484304296*2^64 + 3680029391274609294*2^128 + 6614797145*2^192,10809236184143317752 + 15743896162777275346*2^64 + 9596819434578607264*2^128 + 7292841065*2^192]
/* 
This matrix times 2^(-3) should be the matrix of frobenius.
*/ 
B = 2^(-3) * A; 
/* Freed 4956 lists. */
The sign is: 1
The characteristic polynomial is: x^18 + x^17 - x^16 - x^15 - 6*x^13 - 22*x^12 + 44*x^11 - 16*x^10 - 592*x^9 - 64*x^8 + 704*x^7 - 1408*x^6 - 1536*x^5 - 4096*x^3 - 16384*x^2 + 65536*x + 262144
Its Newton polygon is: [2, 2, 2, 5/3, 5/3, 5/3, 1, 1, 1, 1, 1, 1, 1/3, 1/3, 1/3, 0, 0, 0]
Its factorization is: Mat([x^18 + x^17 - x^16 - x^15 - 6*x^13 - 22*x^12 + 44*x^11 - 16*x^10 - 592*x^9 - 64*x^8 + 704*x^7 - 1408*x^6 - 1536*x^5 - 4096*x^3 - 16384*x^2 + 65536*x + 262144, 1])
The valuation of f-g is: 28
The valuation of subst(g,x,A) is: 26
