/* Comments begin... 
No set up needed.

Please input coefficients below.
Coefficient of   x^19                     = Coefficient of   x^6 * y^4 * z^1 * w^2   = Coefficient of   x^5 * y^1 * z^3 * w^2   = Coefficient of   x^3 * y^9 * z^1 * w^1   = Coefficient of   x^2 * y^6 * z^3 * w^1   = Coefficient of   x^1 * y^3 * z^5 * w^1   = Coefficient of   y^14 * z^1               = Coefficient of   y^1 * w^6               = Coefficient of   z^7 * w^1               = 
Here is the polynomial we're using this time:

1 + 0*2^64 + 0*2^128 + 0*2^192*x^19 + 1 + 0*2^64 + 0*2^128 + 0*2^192*x^5*y^1*z^3*w^2 + 1 + 0*2^64 + 0*2^128 + 0*2^192*x^3*y^9*z^1*w^1 + 1 + 0*2^64 + 0*2^128 + 0*2^192*x^2*y^6*z^3*w^1 + 1 + 0*2^64 + 0*2^128 + 0*2^192*y^14*z^1 + 1 + 0*2^64 + 0*2^128 + 0*2^192*y^1*w^6 + 1 + 0*2^64 + 0*2^128 + 0*2^192*z^7*w^1


Allocate G_len 20 elements and old = 0.
Allocate M_len = 400 elements.
Allocate G_len 40 elements and old = 20.
Allocate M_len = 800 elements.
Allocate G_len 80 elements and old = 40.
Allocate M_len = 1600 elements.
Allocate M_len = 3200 elements.
Allocate G_len 160 elements and old = 80.
Allocate M_len = 6400 elements.
Allocate M_len = 12800 elements.
Allocate G_len 320 elements and old = 160.
Allocate M_len = 25600 elements.
Allocate M_len = 51200 elements.
Allocate G_len 640 elements and old = 320.
Allocate M_len = 102400 elements.
Allocate M_len = 204800 elements.
Allocate G_len 1280 elements and old = 640.
Allocate M_len = 409600 elements.
The final length of G is 632
[5, 1, 2, 2, 0]  	518	5 
[5, 0, 3, 2, 0]  	552	5 
[18, 0, 0, 0, 0]  	558	4  <--- 1
[3, 9, 1, 1, 0]  	589	4 
[2, 6, 3, 1, 0]  	589	4 
[3, 14, 1, 0, 0]  	682	6 
[1, 17, 1, 0, 0]  	731	6 
[3, 1, 0, 7, 0]  	774	4 
[3, 4, 0, 6, 0]  	793	6 
[3, 17, 0, 1, 0]  	814	5 
[2, 1, 2, 7, 0]  	885	4 
[16, 9, 1, 0, 0]  	900	9 
[3, 0, 9, 2, 0]  	916	5 
[16, 9, 0, 1, 0]  	921	9 
[16, 8, 1, 1, 0]  	955	11 
[17, 6, 3, 0, 0]  	962	7 
[2, 6, 2, 6, 0]  	978	7 
[17, 6, 2, 1, 0]  	983	7 
[2, 3, 9, 2, 0]  	996	7 
[5, 3, 9, 1, 0]  	997	8 
[3, 5, 9, 1, 0]  	1009	7 
[2, 16, 5, 0, 0]  	1009	8 
[16, 14, 0, 0, 0]  	1014	7 
[15, 13, 1, 0, 0]  	1017	9 
[3, 3, 4, 6, 0]  	1040	9 
[2, 4, 4, 6, 0]  	1046	8 
[16, 0, 0, 6, 0]  	1048	9 
[1, 16, 6, 0, 0]  	1049	7 
[15, 1, 0, 6, 0]  	1054	8 
[15, 16, 0, 0, 0]  	1057	13 
[1, 16, 5, 1, 0]  	1070	7 
[16, 6, 5, 0, 0]  	1073	13 
[12, 19, 0, 0, 0]  	1075	13 
[3, 3, 11, 1, 0]  	1077	9 
[10, 5, 7, 1, 0]  	1084	14 
[8, 13, 5, 0, 0]  	1084	14 
[16, 0, 7, 1, 0]  	1085	6 
[15, 11, 3, 0, 0]  	1085	8 
[14, 12, 3, 0, 0]  	1091	12 
[14, 3, 0, 6, 0]  	1097	16 
[13, 13, 3, 0, 0]  	1097	15 
[2, 2, 11, 2, 0]  	1101	7 
[5, 2, 11, 1, 0]  	1102	12 
[15, 0, 0, 7, 0]  	1109	15 
[15, 8, 5, 0, 0]  	1116	12 
[14, 16, 0, 1, 0]  	1118	14 
[1, 17, 0, 5, 0]  	1120	7 
[8, 0, 11, 1, 0]  	1121	13 
[14, 9, 5, 0, 0]  	1122	10 
[15, 2, 7, 1, 0]  	1128	15 
[16, 0, 9, 0, 0]  	1135	10 
[4, 12, 8, 0, 0]  	1136	10 
[1, 15, 0, 6, 0]  	1138	6 
[4, 15, 0, 5, 0]  	1139	9 
[11, 12, 5, 0, 0]  	1140	14 
[11, 2, 9, 1, 0]  	1146	15 
[7, 12, 7, 0, 0]  	1158	12 
[15, 0, 2, 6, 0]  	1159	13 
[3, 0, 6, 7, 0]  	1163	5 
[13, 11, 5, 0, 0]  	1165	14 
[9, 24, 0, 0, 0]  	1167	11 
[3, 10, 10, 0, 0]  	1173	9 
[4, 2, 6, 6, 0]  	1176	11 
[3, 12, 9, 0, 0]  	1176	10 
[10, 10, 7, 0, 0]  	1177	13 
[2, 14, 2, 5, 0]  	1182	7 
[9, 11, 7, 0, 0]  	1183	12 
[13, 0, 2, 7, 0]  	1189	12 
[1, 4, 0, 11, 0]  	1191	7 
[7, 11, 8, 0, 0]  	1192	10 
[7, 14, 0, 5, 0]  	1195	11 
[6, 10, 9, 0, 0]  	1195	11 
[5, 7, 11, 0, 0]  	1195	11 
[13, 9, 0, 5, 0]  	1196	12 
[13, 8, 7, 0, 0]  	1196	12 
[13, 10, 6, 0, 0]  	1199	13 
[2, 1, 0, 12, 0]  	1203	7 
[3, 7, 12, 0, 0]  	1204	10 
[3, 9, 11, 0, 0]  	1207	10 
[1, 14, 8, 1, 0]  	1209	6 
[4, 1, 7, 6, 0]  	1210	10 
[4, 2, 13, 1, 0]  	1213	9 
[2, 10, 11, 0, 0]  	1213	8 
[9, 8, 9, 0, 0]  	1214	11 
[9, 10, 8, 0, 0]  	1217	11 
[2, 14, 9, 0, 0]  	1219	7 
[8, 9, 9, 0, 0]  	1220	11 
[13, 5, 9, 0, 0]  	1227	11 
[6, 9, 10, 0, 0]  	1229	10 
[13, 8, 1, 5, 0]  	1230	11 
[7, 0, 13, 1, 0]  	1232	10 
[12, 8, 8, 0, 0]  	1236	11 
[5, 0, 1, 11, 0]  	1238	10 
[3, 6, 13, 0, 0]  	1238	10 
[5, 0, 14, 1, 0]  	1241	9 
[11, 9, 8, 0, 0]  	1242	10 
[2, 22, 0, 4, 0]  	1244	9 
[9, 5, 11, 0, 0]  	1245	10 
[4, 1, 14, 1, 0]  	1247	10 
[9, 7, 10, 0, 0]  	1248	10 
[3, 1, 8, 6, 0]  	1250	9 
[2, 13, 10, 0, 0]  	1253	5 
[2, 3, 1, 11, 0]  	1256	9 
[6, 4, 13, 0, 0]  	1257	9 
[6, 29, 0, 0, 0]  	1259	10 
[8, 0, 0, 11, 0]  	1260	10 
[12, 3, 11, 0, 0]  	1264	10 
[4, 5, 7, 5, 0]  	1266	9 
[12, 5, 10, 0, 0]  	1267	9 
[12, 7, 9, 0, 0]  	1270	13 
[11, 4, 11, 0, 0]  	1270	12 
[2, 0, 8, 7, 0]  	1274	7 
[2, 6, 1, 10, 0]  	1275	8 
[2, 5, 8, 5, 0]  	1275	8 
[2, 4, 15, 0, 0]  	1275	8 
[2, 8, 0, 10, 0]  	1278	9 
[9, 4, 12, 0, 0]  	1279	9 
[1, 9, 0, 10, 0]  	1284	7 
[2, 0, 3, 11, 0]  	1287	8 
[6, 1, 15, 0, 0]  	1288	8 
[1, 29, 0, 2, 0]  	1288	8 
[2, 1, 9, 6, 0]  	1290	4 
[4, 4, 8, 5, 0]  	1300	8 
[4, 3, 15, 0, 0]  	1300	8 
[11, 16, 0, 4, 0]  	1301	10 
[11, 3, 12, 0, 0]  	1304	9 
[2, 2, 10, 5, 0]  	1306	7 
[2, 1, 17, 0, 0]  	1306	7 
[10, 2, 13, 0, 0]  	1307	11 
[2, 3, 16, 0, 0]  	1309	8 
[2, 0, 15, 2, 0]  	1311	7 
[1, 4, 3, 10, 0]  	1312	7 
[2, 7, 14, 0, 0]  	1315	7 
[1, 6, 2, 10, 0]  	1315	7 
[8, 2, 14, 0, 0]  	1316	7 
[1, 3, 1, 12, 0]  	1317	7 
[2, 9, 13, 0, 0]  	1318	7 
[1, 8, 1, 10, 0]  	1318	7 
[15, 2, 11, 0, 0]  	1320	11 
[3, 0, 16, 1, 0]  	1321	7 
[7, 3, 14, 0, 0]  	1322	8 
[15, 4, 10, 0, 0]  	1323	11 
[1, 25, 0, 4, 0]  	1324	7 
[2, 1, 16, 1, 0]  	1327	8 
[5, 1, 16, 0, 0]  	1328	8 
[4, 0, 4, 10, 0]  	1328	7 
[1, 13, 9, 2, 0]  	1335	6 
[2, 0, 5, 10, 0]  	1337	6 
[1, 28, 0, 3, 0]  	1343	6 
[1, 14, 6, 4, 0]  	1343	6 
[9, 0, 15, 0, 0]  	1344	10 
[1, 3, 4, 10, 0]  	1346	6 
[1, 13, 4, 6, 0]  	1348	7 
[1, 4, 10, 5, 0]  	1349	6 
[1, 3, 17, 0, 0]  	1349	6 
[2, 13, 1, 8, 0]  	1350	7 
[2, 0, 0, 14, 0]  	1350	7 
[5, 0, 0, 13, 0]  	1351	8 
[7, 0, 16, 0, 0]  	1353	7 
[15, 1, 12, 0, 0]  	1354	9 
[1, 13, 8, 3, 0]  	1356	6 
[2, 0, 17, 1, 0]  	1361	6 
[5, 0, 17, 0, 0]  	1362	8 
[1, 14, 5, 5, 0]  	1364	7 
[1, 13, 12, 0, 0]  	1364	7 
[1, 5, 11, 4, 0]  	1365	6 
[1, 10, 11, 2, 0]  	1366	6 
[1, 16, 4, 5, 0]  	1367	6 
[1, 15, 11, 0, 0]  	1367	7 
[1, 3, 3, 11, 0]  	1367	7 
[2, 11, 1, 9, 0]  	1368	6 
[1, 8, 3, 9, 0]  	1368	6 
[3, 0, 18, 0, 0]  	1371	7 
[1, 2, 1, 13, 0]  	1372	6 
[1, 4, 13, 3, 0]  	1378	6 
[1, 2, 5, 10, 0]  	1380	5 
[1, 0, 19, 0, 0]  	1380	5 
[1, 34, 0, 1, 0]  	1381	8 
[1, 3, 11, 5, 0]  	1383	6 
[1, 13, 11, 1, 0]  	1385	7 
[0, 30, 0, 3, 0]  	1386	5 
[2, 0, 7, 9, 0]  	1387	6 
[3, 35, 0, 0, 0]  	1388	7 
[1, 12, 9, 3, 0]  	1390	5 
[1, 9, 8, 5, 0]  	1392	5 
[1, 2, 0, 14, 0]  	1393	6 
[14, 1, 13, 0, 0]  	1394	10 
[2, 0, 11, 6, 0]  	1395	7 
[1, 7, 13, 2, 0]  	1397	6 
[1, 12, 13, 0, 0]  	1398	6 
[1, 4, 12, 4, 0]  	1399	5 
[0, 29, 2, 2, 0]  	1399	5 
[1, 2, 4, 11, 0]  	1401	7 
[1, 3, 10, 6, 0]  	1404	6 
[1, 2, 17, 1, 0]  	1404	5 
[1, 8, 10, 4, 0]  	1405	5 
[1, 11, 2, 9, 0]  	1408	4 
[1, 10, 9, 4, 0]  	1408	4 
[1, 2, 8, 8, 0]  	1409	6 
[1, 12, 8, 4, 0]  	1411	4 
[1, 0, 0, 15, 0]  	1411	4 
[1, 3, 14, 3, 0]  	1412	6 
[1, 1, 6, 10, 0]  	1414	5 
[1, 2, 12, 5, 0]  	1417	5 
[0, 27, 2, 3, 0]  	1417	5 
[1, 8, 5, 8, 0]  	1418	6 
[1, 7, 12, 3, 0]  	1418	6 
[0, 29, 1, 3, 0]  	1420	6 
[1, 9, 11, 3, 0]  	1421	6 
[1, 2, 3, 12, 0]  	1422	7 
[2, 0, 14, 4, 0]  	1424	7 
[1, 14, 2, 8, 0]  	1427	4 
[1, 1, 1, 14, 0]  	1427	4 
[1, 0, 8, 9, 0]  	1427	4 
[14, 0, 14, 0, 0]  	1428	7 
[1, 4, 15, 2, 0]  	1428	6 
[1, 9, 15, 0, 0]  	1429	4 
[0, 26, 4, 2, 0]  	1430	4 
[1, 12, 7, 5, 0]  	1432	5 
[1, 11, 14, 0, 0]  	1432	5 
[1, 3, 13, 4, 0]  	1433	6 
[1, 1, 5, 11, 0]  	1435	4 
[1, 0, 12, 6, 0]  	1435	4 
[1, 2, 11, 6, 0]  	1438	5 
[1, 1, 18, 1, 0]  	1438	5 
[0, 27, 1, 4, 0]  	1438	5 
[0, 32, 1, 2, 0]  	1439	4 
[0, 19, 0, 8, 0]  	1439	4 
[0, 37, 1, 0, 0]  	1440	5 
[0, 29, 0, 4, 0]  	1441	5 
[0, 14, 13, 0, 0]  	1441	4 
[0, 27, 5, 1, 0]  	1446	5 
[1, 0, 7, 10, 0]  	1448	4 
[0, 29, 4, 1, 0]  	1449	6 
[0, 31, 3, 1, 0]  	1452	5 
[1, 12, 6, 6, 0]  	1453	6 
[1, 11, 13, 1, 0]  	1453	5 
[0, 15, 1, 9, 0]  	1454	4 
[0, 14, 8, 4, 0]  	1454	4 
[0, 17, 0, 9, 0]  	1457	5 
[0, 35, 1, 1, 0]  	1458	4 
[0, 22, 0, 7, 0]  	1458	4 
[1, 2, 10, 7, 0]  	1459	5 
[1, 1, 17, 2, 0]  	1459	5 
[0, 27, 0, 5, 0]  	1459	5 
[1, 13, 3, 8, 0]  	1461	5 
[1, 0, 2, 14, 0]  	1461	4 
[1, 8, 16, 0, 0]  	1463	4 
[1, 0, 15, 4, 0]  	1464	4 
[0, 9, 3, 10, 0]  	1466	3 
[1, 2, 14, 4, 0]  	1467	3 
[0, 14, 3, 8, 0]  	1467	3 
[0, 13, 10, 3, 0]  	1467	3 
[1, 0, 6, 11, 0]  	1469	4 
[0, 16, 2, 8, 0]  	1470	4 
[0, 15, 9, 3, 0]  	1470	4 
[0, 34, 3, 0, 0]  	1471	5 
[0, 26, 2, 4, 0]  	1472	4 
[0, 13, 1, 10, 0]  	1472	4 
[1, 39, 0, 0, 0]  	1474	7 
[1, 1, 3, 13, 0]  	1477	6 
[0, 21, 6, 3, 0]  	1479	3 
[1, 1, 16, 3, 0]  	1480	6 
[0, 23, 5, 3, 0]  	1482	3 
[0, 14, 11, 2, 0]  	1483	4 
[1, 8, 15, 1, 0]  	1484	4 
[0, 19, 11, 0, 0]  	1484	4 
[0, 14, 2, 9, 0]  	1488	3 
[0, 13, 9, 4, 0]  	1488	3 
[0, 19, 2, 7, 0]  	1489	4 
[0, 18, 9, 2, 0]  	1489	4 
[1, 0, 5, 12, 0]  	1490	4 
[0, 23, 9, 0, 0]  	1490	4 
[0, 2, 7, 10, 0]  	1491	3 
[0, 34, 2, 1, 0]  	1492	4 
[0, 21, 1, 7, 0]  	1492	4 
[0, 20, 8, 2, 0]  	1492	4 
[0, 6, 5, 10, 0]  	1497	3 
[0, 38, 0, 1, 0]  	1498	3 
[0, 24, 6, 2, 0]  	1498	3 
[0, 8, 4, 10, 0]  	1500	3 
[0, 13, 4, 8, 0]  	1501	2 
[0, 23, 4, 4, 0]  	1503	3 
[0, 13, 8, 5, 0]  	1509	3 
[0, 12, 15, 0, 0]  	1509	3 
[0, 18, 8, 3, 0]  	1510	4 
[0, 16, 0, 10, 0]  	1512	5 
[0, 20, 7, 3, 0]  	1513	3 
[1, 0, 17, 3, 0]  	1514	4 
[0, 26, 0, 6, 0]  	1514	4 
[0, 11, 4, 9, 0]  	1519	2 
[0, 3, 3, 13, 0]  	1520	3 
[0, 8, 3, 11, 0]  	1521	3 
[0, 13, 3, 9, 0]  	1522	2 
[0, 18, 3, 7, 0]  	1523	4 
[0, 17, 10, 2, 0]  	1523	4 
[0, 2, 14, 5, 0]  	1528	2 
[0, 9, 0, 13, 0]  	1529	3 
[0, 26, 8, 0, 0]  	1530	5 
[0, 5, 6, 10, 0]  	1531	3 
[0, 23, 7, 2, 0]  	1532	2 
[0, 10, 6, 8, 0]  	1532	2 
[0, 28, 7, 0, 0]  	1533	4 
[0, 20, 6, 4, 0]  	1534	3 
[0, 1, 3, 14, 0]  	1538	2 
[0, 3, 2, 14, 0]  	1541	3 
[0, 22, 9, 1, 0]  	1545	4 
[0, 8, 6, 9, 0]  	1550	2 
[0, 26, 7, 1, 0]  	1551	4 
[0, 5, 5, 11, 0]  	1552	3 
[0, 10, 5, 9, 0]  	1553	2 
[0, 42, 0, 0, 0]  	1554	5  <--- 2
[0, 1, 2, 15, 0]  	1559	1 
[0, 0, 9, 10, 0]  	1559	1 
[0, 6, 2, 13, 0]  	1560	3 
[0, 1, 15, 5, 0]  	1562	2 
[0, 8, 1, 13, 0]  	1563	2 
[0, 7, 8, 8, 0]  	1563	2 
[0, 33, 5, 0, 0]  	1576	4 
[0, 5, 8, 9, 0]  	1581	2 
[0, 11, 1, 12, 0]  	1582	3 
[0, 1, 14, 6, 0]  	1583	2 
[0, 8, 0, 14, 0]  	1584	2 
[0, 25, 8, 1, 0]  	1585	4 
[0, 13, 13, 2, 0]  	1588	3 
[0, 10, 12, 4, 0]  	1590	1 
[0, 12, 11, 4, 0]  	1593	1 
[0, 0, 3, 15, 0]  	1593	1 
[0, 0, 16, 5, 0]  	1596	1 
[0, 2, 10, 9, 0]  	1612	1 
[0, 1, 17, 4, 0]  	1612	1 
[0, 12, 10, 5, 0]  	1614	1 
[0, 11, 17, 0, 0]  	1614	1 
[0, 0, 2, 16, 0]  	1614	1 
[0, 7, 14, 4, 0]  	1621	1 
[0, 14, 0, 12, 0]  	1622	3 
[0, 9, 13, 4, 0]  	1624	1 
[0, 15, 6, 7, 0]  	1625	3 
[0, 2, 5, 13, 0]  	1625	3 
[0, 0, 23, 0, 0]  	1633	1  <--- 3
[0, 12, 13, 3, 0]  	1643	1 
[0, 0, 5, 14, 0]  	1643	1 
[0, 9, 12, 5, 0]  	1645	1 
[0, 8, 19, 0, 0]  	1645	1 
[0, 4, 16, 4, 0]  	1652	1 
[0, 6, 15, 4, 0]  	1655	1 
[0, 11, 15, 2, 0]  	1656	2 
[0, 9, 15, 3, 0]  	1674	1 
[0, 5, 21, 0, 0]  	1676	1 
[0, 0, 12, 9, 0]  	1680	1 
[0, 1, 0, 18, 0]  	1693	2 
[0, 6, 17, 3, 0]  	1705	1 
[0, 0, 19, 4, 0]  	1717	1 
[0, 1, 7, 13, 0]  	1730	2 
[0, 4, 12, 8, 0]  	1736	1 
[0, 3, 19, 3, 0]  	1736	1 
[0, 0, 0, 19, 0]  	1748	1  <--- 4
[0, 0, 21, 3, 0]  	1767	1 
[5, 1, 3, 1, 1]  	497	5 
[2, 5, 9, 1, 1]  	978	6 
[13, 1, 0, 6, 1]  	992	10 
[16, 1, 0, 5, 1]  	993	7 
[4, 1, 4, 6, 1]  	997	9 
[15, 0, 7, 1, 1]  	1054	8 
[4, 13, 0, 5, 1]  	1065	11 
[4, 2, 11, 1, 1]  	1071	11 
[3, 13, 7, 0, 1]  	1071	6 
[2, 3, 5, 6, 1]  	1080	8 
[0, 15, 1, 5, 1]  	1086	5 
[4, 0, 6, 6, 1]  	1102	10 
[12, 0, 9, 1, 1]  	1103	15 
[3, 2, 12, 1, 1]  	1111	9 
[7, 12, 0, 5, 1]  	1121	12 
[14, 0, 2, 6, 1]  	1128	14 
[2, 14, 0, 6, 1]  	1132	7 
[4, 10, 9, 0, 1]  	1133	11 
[9, 11, 0, 5, 1]  	1146	14 
[14, 7, 0, 5, 1]  	1153	13 
[10, 7, 9, 0, 1]  	1208	12 
[4, 0, 14, 1, 1]  	1210	9 
[12, 6, 9, 0, 1]  	1233	12 
[8, 6, 11, 0, 1]  	1251	10 
[14, 7, 8, 0, 1]  	1261	10 
[3, 4, 8, 5, 1]  	1269	9 
[11, 6, 10, 0, 1]  	1273	10 
[8, 5, 12, 0, 1]  	1285	8 
[7, 6, 12, 0, 1]  	1291	10 
[2, 2, 15, 1, 1]  	1293	8 
[5, 4, 14, 0, 1]  	1297	9 
[4, 5, 14, 0, 1]  	1303	8 
[2, 0, 10, 6, 1]  	1324	7 
[1, 14, 11, 0, 1]  	1330	7 
[2, 27, 0, 3, 1]  	1337	6 
[1, 3, 0, 13, 1]  	1338	7 
[1, 2, 11, 5, 1]  	1346	6 
[1, 14, 1, 8, 1]  	1356	6 
[14, 15, 0, 4, 1]  	1357	10 
[1, 15, 7, 3, 1]  	1359	7 
[1, 6, 4, 9, 1]  	1365	6 
[1, 11, 4, 7, 1]  	1366	6 
[11, 1, 14, 0, 1]  	1372	7 
[2, 0, 12, 5, 1]  	1374	5 
[1, 12, 1, 9, 1]  	1374	5 
[1, 2, 14, 3, 1]  	1375	6 
[1, 2, 18, 0, 1]  	1383	6 
[1, 11, 3, 8, 1]  	1387	6 
[1, 13, 2, 8, 1]  	1390	5 
[1, 8, 15, 0, 1]  	1392	5 
[1, 2, 13, 4, 1]  	1396	5 
[1, 13, 6, 5, 1]  	1398	6 
[1, 5, 5, 9, 1]  	1399	6 
[1, 1, 11, 6, 1]  	1401	6 
[0, 28, 0, 4, 1]  	1404	5 
[1, 1, 15, 3, 1]  	1409	5 
[1, 6, 15, 1, 1]  	1410	5 
[1, 10, 4, 8, 1]  	1421	6 
[1, 1, 10, 7, 1]  	1422	6 
[1, 7, 16, 0, 1]  	1426	5 
[0, 21, 4, 4, 1]  	1429	4 
[1, 2, 7, 9, 1]  	1430	4 
[0, 25, 2, 4, 1]  	1435	4 
[0, 16, 8, 3, 1]  	1436	4 
[1, 0, 3, 13, 1]  	1440	5 
[0, 34, 0, 2, 1]  	1442	4 
[0, 26, 3, 3, 1]  	1451	4 
[0, 16, 7, 4, 1]  	1457	4 
[0, 18, 6, 4, 1]  	1460	4 
[0, 20, 5, 4, 1]  	1463	4 
[0, 24, 3, 4, 1]  	1469	4 
[0, 3, 1, 14, 1]  	1470	3 
[1, 10, 6, 7, 1]  	1471	5 
[0, 15, 0, 10, 1]  	1475	5 
[1, 0, 10, 8, 1]  	1477	5 
[0, 40, 0, 0, 1]  	1480	5 
[1, 0, 14, 5, 1]  	1485	4 
[0, 3, 0, 15, 1]  	1491	3 
[0, 27, 7, 0, 1]  	1496	5 
[0, 12, 11, 3, 1]  	1501	2 
[0, 31, 5, 0, 1]  	1502	5 
[0, 9, 10, 5, 1]  	1503	2 
[0, 6, 0, 14, 1]  	1510	3 
[0, 12, 10, 4, 1]  	1522	2 
[0, 7, 7, 9, 1]  	1584	2 
[0, 4, 10, 8, 1]  	1594	2 
[5, 0, 11, 1, 2]  	1028	10 
[3, 1, 6, 6, 2]  	1108	7 
[12, 11, 5, 0, 2]  	1134	14 
[4, 0, 13, 1, 2]  	1139	10 
[12, 9, 0, 5, 2]  	1165	13 
[11, 10, 0, 5, 2]  	1171	13 
[1, 14, 1, 6, 2]  	1172	6 
[12, 9, 7, 0, 2]  	1202	12 
[4, 0, 1, 11, 2]  	1207	10 
[3, 0, 8, 6, 2]  	1213	8 
[2, 4, 13, 1, 2]  	1225	8 
[3, 0, 15, 1, 2]  	1250	8 
[3, 0, 1, 12, 2]  	1268	7 
[1, 8, 6, 6, 2]  	1305	6 
[2, 0, 1, 13, 2]  	1329	7 
[2, 1, 11, 5, 2]  	1340	7 
[10, 1, 14, 0, 2]  	1341	10 
[1, 3, 7, 8, 2]  	1375	6 
[1, 14, 0, 9, 2]  	1377	6 
[1, 13, 7, 4, 2]  	1377	5 
[1, 5, 6, 8, 2]  	1378	7 
[1, 1, 12, 5, 2]  	1380	5 
[1, 7, 9, 5, 2]  	1389	6 
[2, 1, 13, 4, 2]  	1390	6 
[1, 11, 7, 5, 2]  	1395	6 
[0, 27, 3, 2, 2]  	1396	5 
[1, 7, 8, 6, 2]  	1410	6 
[0, 16, 0, 9, 2]  	1420	5 
[1, 1, 14, 4, 2]  	1430	4 
[0, 12, 8, 5, 2]  	1472	3 
[0, 2, 2, 14, 2]  	1504	3 
[0, 2, 9, 9, 2]  	1541	2 
[0, 14, 6, 7, 2]  	1588	3 
[1, 4, 4, 7, 3]  	1107	7 
[3, 0, 2, 11, 3]  	1247	9 
[8, 8, 10, 0, 3]  	1254	9 
[5, 1, 15, 0, 3]  	1257	9 
[2, 1, 13, 3, 3]  	1298	7 
[4, 0, 17, 0, 3]  	1331	8 
[1, 5, 8, 6, 3]  	1336	6 
[1, 2, 6, 9, 3]  	1359	6 
[1, 12, 6, 5, 3]  	1361	6 
[0, 37, 0, 1, 3]  	1461	4 
[0, 2, 1, 15, 3]  	1525	3 
[0, 6, 12, 5, 3]  	1534	2 
[0, 2, 0, 16, 3]  	1546	3 
[0, 13, 6, 7, 3]  	1551	3 
[1, 3, 5, 7, 4]  	1141	7 
[5, 4, 13, 0, 4]  	1226	10 
[2, 7, 13, 0, 4]  	1244	8 
[4, 1, 16, 0, 4]  	1297	8 
[1, 2, 10, 6, 4]  	1367	6 
[2, 13, 0, 9, 4]  	1371	6 
[1, 0, 5, 11, 4]  	1398	5 
[0, 14, 1, 9, 4]  	1417	4 
[1, 1, 9, 8, 4]  	1443	6 
[0, 1, 10, 9, 4]  	1575	2 
[0, 1, 12, 8, 4]  	1625	2 
[8, 3, 13, 0, 5]  	1282	9 
[2, 1, 12, 4, 5]  	1319	7 
[1, 8, 8, 5, 5]  	1355	6 
[0, 24, 4, 3, 6]  	1448	3 
[0, 34, 1, 1, 7]  	1421	5 
[0, 21, 0, 7, 248]  	1421	4 
[0, 11, 3, 9, 249]  	1448	2 
[7, 0, 15, 0, 250]  	1282	8 
[0, 14, 9, 3, 250]  	1433	4 
[1, 6, 1, 10, 251]  	1244	7 
[3, 0, 4, 10, 251]  	1297	7 
[0, 14, 2, 8, 251]  	1396	4 
[4, 2, 8, 5, 252]  	1226	9 
[1, 13, 1, 8, 252]  	1319	6 
[1, 9, 11, 2, 252]  	1329	6 
[1, 9, 2, 9, 252]  	1334	4 
[1, 7, 15, 0, 252]  	1355	5 
[1, 1, 17, 1, 252]  	1367	5 
[1, 0, 6, 10, 252]  	1377	4 
[0, 24, 2, 4, 252]  	1398	4 
[0, 13, 8, 4, 252]  	1417	3 
[1, 0, 16, 3, 252]  	1443	3 
[0, 0, 17, 4, 252]  	1575	1 
[0, 0, 19, 3, 252]  	1625	1 
[1, 3, 11, 2, 253]  	1107	6 
[3, 7, 11, 0, 253]  	1133	10 
[1, 2, 12, 2, 253]  	1141	6 
[11, 6, 9, 0, 253]  	1202	10 
[11, 8, 8, 0, 253]  	1205	9 
[2, 9, 12, 0, 253]  	1247	7 
[4, 0, 3, 10, 253]  	1257	6 
[2, 9, 1, 9, 253]  	1294	7 
[1, 12, 9, 2, 253]  	1298	5 
[0, 15, 11, 0, 253]  	1336	4 
[1, 11, 13, 0, 253]  	1361	5 
[1, 0, 1, 14, 253]  	1390	3 
[0, 13, 2, 9, 253]  	1451	3 
[0, 17, 9, 2, 253]  	1452	4 
[0, 23, 6, 2, 253]  	1461	2 
[0, 0, 16, 4, 253]  	1504	1 
[0, 1, 8, 10, 253]  	1525	2 
[0, 5, 19, 0, 253]  	1534	1 
[0, 1, 7, 11, 253]  	1546	2 
[0, 12, 13, 2, 253]  	1551	2 
[2, 11, 2, 5, 254]  	1071	5 
[4, 11, 8, 0, 254]  	1099	5 
[3, 10, 9, 0, 254]  	1102	7 
[11, 8, 7, 0, 254]  	1134	8 
[2, 10, 10, 0, 254]  	1142	4 
[1, 13, 8, 1, 254]  	1172	4 
[2, 9, 11, 0, 254]  	1176	8 
[10, 3, 11, 0, 254]  	1202	7 
[2, 21, 0, 4, 254]  	1207	7 
[9, 4, 11, 0, 254]  	1208	9 
[1, 22, 0, 4, 254]  	1213	7 
[1, 15, 9, 0, 254]  	1225	5 
[7, 5, 12, 0, 254]  	1254	7 
[1, 6, 13, 1, 254]  	1268	4 
[2, 6, 14, 0, 254]  	1278	3 
[0, 14, 11, 0, 254]  	1299	4 
[1, 10, 13, 0, 254]  	1324	4 
[1, 2, 3, 11, 254]  	1330	5 
[1, 1, 1, 13, 254]  	1335	5 
[2, 0, 18, 0, 254]  	1340	6 
[0, 26, 3, 2, 254]  	1359	3 
[0, 31, 3, 0, 254]  	1360	3 
[0, 27, 4, 1, 254]  	1375	5 
[0, 29, 3, 1, 254]  	1378	5 
[0, 26, 2, 3, 254]  	1380	2 
[1, 6, 16, 0, 254]  	1389	4 
[0, 15, 8, 3, 254]  	1399	3 
[0, 19, 5, 4, 254]  	1426	3 
[0, 13, 3, 8, 254]  	1430	2 
[0, 4, 0, 14, 254]  	1436	3 
[0, 3, 2, 13, 254]  	1449	2 
[0, 11, 15, 0, 254]  	1472	2 
[0, 0, 2, 15, 254]  	1522	1 
[0, 1, 5, 13, 254]  	1588	2 
[0, 0, 0, 18, 254]  	1656	1 
[3, 9, 1, 0, 255]  	497	3 
[1, 16, 5, 0, 255]  	978	5 
[11, 8, 5, 0, 255]  	992	7 
[16, 0, 7, 0, 255]  	993	3 
[15, 0, 0, 6, 255]  	1017	4 
[4, 12, 0, 5, 255]  	1028	6 
[9, 3, 9, 0, 255]  	1029	6 
[0, 13, 8, 0, 255]  	1049	3 
[2, 7, 11, 0, 255]  	1102	7 
[2, 0, 6, 7, 255]  	1132	3 
[11, 9, 0, 5, 255]  	1134	13 
[6, 2, 13, 0, 255]  	1183	3 
[2, 6, 13, 0, 255]  	1207	2 
[1, 3, 1, 11, 255]  	1225	3 
[2, 5, 1, 10, 255]  	1238	7 
[15, 0, 11, 0, 255]  	1246	7 
[6, 0, 15, 0, 255]  	1251	6 
[2, 0, 9, 6, 255]  	1253	3 
[0, 26, 3, 1, 255]  	1267	2 
[3, 3, 15, 0, 255]  	1269	6 
[1, 14, 4, 5, 255]  	1293	5 
[0, 0, 17, 1, 255]  	1299	1 
[3, 2, 16, 0, 255]  	1303	4 
[1, 0, 0, 14, 255]  	1319	1 
[0, 34, 1, 0, 255]  	1329	1 
[2, 12, 0, 9, 255]  	1334	6 
[1, 10, 8, 4, 255]  	1337	3 
[9, 0, 2, 10, 255]  	1341	7 
[0, 27, 1, 3, 255]  	1346	2 
[0, 4, 17, 0, 255]  	1355	1 
[14, 0, 13, 0, 255]  	1357	7 
[1, 1, 13, 4, 255]  	1359	5 
[0, 13, 2, 8, 255]  	1359	2 
[0, 17, 0, 8, 255]  	1365	2 
[0, 9, 3, 9, 255]  	1374	1 
[0, 21, 6, 2, 255]  	1387	1 
[0, 9, 15, 0, 255]  	1398	1 
[0, 8, 4, 9, 255]  	1408	1 
[0, 23, 4, 3, 255]  	1411	2 
[0, 15, 7, 4, 255]  	1420	2 
[0, 0, 20, 0, 255]  	1420	1 
[0, 0, 2, 14, 255]  	1430	1 
[0, 2, 14, 4, 255]  	1436	1 
[0, 23, 7, 1, 255]  	1440	3 
[0, 20, 6, 3, 255]  	1442	2 
[0, 5, 5, 10, 255]  	1460	1 
[0, 2, 8, 9, 255]  	1470	1 
[0, 1, 15, 4, 255]  	1470	1 
[0, 8, 1, 12, 255]  	1471	1 
[0, 11, 0, 12, 255]  	1511	2 
[0, 9, 12, 4, 255]  	1553	1 
------
The gap is between 8 and 247.
Lengths: 5 5 8 8 5 7.
For 1536 = 3*d-d1-d2-d3-d4 you get 5 in char 0.
1 + 0*2^64 + 0*2^128 + 0*2^192*y^30*z^6
1 + 0*2^64 + 0*2^128 + 0*2^192*y^16*z^12*w^1
1 + 0*2^64 + 0*2^128 + 0*2^192*y^4*z^4*w^12
1 + 0*2^64 + 0*2^128 + 0*2^192*y^3*z^11*w^7
1 + 0*2^64 + 0*2^128 + 0*2^192*y^2*z^18*w^2

For 947 = 2*d-d1-d2-d3-d4 you get 8 in char 0.
1 + 0*2^64 + 0*2^128 + 0*2^192*x^14*y^2*z^1*w^4
1 + 0*2^64 + 0*2^128 + 0*2^192*x^11*y^7*z^1*w^3
1 + 0*2^64 + 0*2^128 + 0*2^192*x^2*y^9*w^6
1 + 0*2^64 + 0*2^128 + 0*2^192*x^1*y^6*z^2*w^6
1 + 0*2^64 + 0*2^128 + 0*2^192*x^1*y^5*z^9*w^1
1 + 0*2^64 + 0*2^128 + 0*2^192*y^16*z^5
1 + 0*2^64 + 0*2^128 + 0*2^192*y^3*z^4*w^6
1 + 0*2^64 + 0*2^128 + 0*2^192*y^2*z^11*w^1

For 358 = d-d1-d2-d3-d4 you get 5 in char 0.
1 + 0*2^64 + 0*2^128 + 0*2^192*x^5*y^3*w^1
1 + 0*2^64 + 0*2^128 + 0*2^192*x^4*z^2*w^1
1 + 0*2^64 + 0*2^128 + 0*2^192*x^2*y^8
1 + 0*2^64 + 0*2^128 + 0*2^192*x^1*y^5*z^2
1 + 0*2^64 + 0*2^128 + 0*2^192*y^2*z^4

Extra powers of p used 4.
The invariant extra is equal to 33.
Start computing 2^4 Delta^1 (x1x2x3x4)^1... Done.
Start computing 2^5 Delta^2 (x1x2x3x4)^1... Done.
Start computing 2^6 Delta^3 (x1x2x3x4)^1... Done.
Start computing 2^7 Delta^4 (x1x2x3x4)^1... Done.
Start computing 2^8 Delta^5 (x1x2x3x4)^1... Done.
Start computing 2^9 Delta^6 (x1x2x3x4)^1... Done.
Start computing 2^10 Delta^7 (x1x2x3x4)^1... Done.
Start computing 2^11 Delta^8 (x1x2x3x4)^1... Done.
Start computing 2^12 Delta^9 (x1x2x3x4)^1... Done.
Start computing 2^13 Delta^10 (x1x2x3x4)^1... Done.
Start computing 2^14 Delta^11 (x1x2x3x4)^1... Done.
Start computing 2^15 Delta^12 (x1x2x3x4)^1... Done.
Start computing 2^16 Delta^13 (x1x2x3x4)^1... Done.
Start computing 2^17 Delta^14 (x1x2x3x4)^1... Done.
Start computing 2^18 Delta^15 (x1x2x3x4)^1... Done.
Start computing 2^19 Delta^16 (x1x2x3x4)^1... Done.
Start computing 2^20 Delta^17 (x1x2x3x4)^1... Done.
Start computing 2^21 Delta^18 (x1x2x3x4)^1... Done.
Start computing 2^22 Delta^19 (x1x2x3x4)^1... Done.
Start computing 2^23 Delta^20 (x1x2x3x4)^1... Done.
Start computing 2^24 Delta^21 (x1x2x3x4)^1... Done.
Start computing 2^25 Delta^22 (x1x2x3x4)^1... Done.
Start computing 2^26 Delta^23 (x1x2x3x4)^1... Done.
Start computing 2^27 Delta^24 (x1x2x3x4)^1... Done.
Start computing 2^28 Delta^25 (x1x2x3x4)^1... Done.
Start computing 2^29 Delta^26 (x1x2x3x4)^1... Done.
Start computing 2^30 Delta^27 (x1x2x3x4)^1... Done.
Start computing 2^31 Delta^28 (x1x2x3x4)^1... Done.
Start computing 2^32 Delta^29 (x1x2x3x4)^1... Done.
Start computing 2^33 Delta^30 (x1x2x3x4)^1... Done.
Start computing 2^34 Delta^31 (x1x2x3x4)^1... Done.
Start computing 2^35 Delta^32 (x1x2x3x4)^1... Done.
Start computing 2^36 Delta^33 (x1x2x3x4)^1... Done.
Start computing 2^37 Delta^34 (x1x2x3x4)^1... Done.
Start computing 2^38 Delta^35 (x1x2x3x4)^1... Done.
Start computing aa.
1 2 3 4 5 6 7 8 9 10 11 12 13 14 15 16 17 18 
*/
A = \
[4697830069191024160 + 2197844418158458884*2^64 + 1716702319719939753*2^128 + 2834336146*2^192,7997944174797922176 + 1241056167047528874*2^64 + 2869840434526160987*2^128 + 6865730775*2^192,9500967504823126576 + 15330727463399945933*2^64 + 9640564103575899010*2^128 + 2680928035*2^192,9348540382704736368 + 4245769103852114051*2^64 + 14593822363811119151*2^128 + 11486889959*2^192,13652843880225945472 + 6146957745754857626*2^64 + 14296096330520886340*2^128 + 2233844609*2^192,1031773610438216064 + 3373107236603327727*2^64 + 11488962205071116609*2^128 + 2637761421*2^192,3140287745223672256 + 18262102241176002985*2^64 + 10135201089421996585*2^128 + 13700547395*2^192,14555143722497995008 + 1074573068922980106*2^64 + 5563244747421356052*2^128 + 15638201280*2^192,4196252986144133504 + 13639436230046180824*2^64 + 16486716775674940390*2^128 + 1812362456*2^192,7857239697802246784 + 17191435664381244760*2^64 + 604252169060662286*2^128 + 14072794356*2^192,2837118608282163008 + 968500678718909363*2^64 + 14033302926591919591*2^128 + 13571996104*2^192,4055017084977294016 + 4570188805739999877*2^64 + 13680973277226199527*2^128 + 2338740366*2^192,11778272816899294976 + 3321156127477266055*2^64 + 4326549674939929031*2^128 + 10553141283*2^192,10360416358450886144 + 15242586600453698036*2^64 + 11101696149212814042*2^128 + 15664105084*2^192,5031993787272442816 + 4285244743488759779*2^64 + 16638853276081357405*2^128 + 3361158100*2^192,3417140859994412928 + 6938294726700737158*2^64 + 2689872712516941498*2^128 + 4596760237*2^192,1477391995641856320 + 12972363906579965093*2^64 + 12249697347894321164*2^128 + 921315640*2^192,16036519535126071296 + 3605104604566154775*2^64 + 4706782616768713717*2^128 + 14314211888*2^192;\
17803235456937231528 + 11229344604242452144*2^64 + 14813515363716673764*2^128 + 12666723218*2^192,7071769367156028414 + 3662910421806255697*2^64 + 16317375217606540532*2^128 + 6976858743*2^192,18424711587643420000 + 15270293156717982359*2^64 + 2902109962430754488*2^128 + 16814036967*2^192,16527772194834421038 + 12185284630666567214*2^64 + 16710159996746013570*2^128 + 7212134172*2^192,16365308773172876696 + 14648222990822854033*2^64 + 17405977478134551767*2^128 + 13333124148*2^192,16049373556461579336 + 1953603217580192946*2^64 + 2217382196341946283*2^128 + 16884343986*2^192,8935672444335293624 + 4056161677303031074*2^64 + 4978407878795271550*2^128 + 9688481685*2^192,12901005287133841304 + 9870578804170667826*2^64 + 5373661443108959445*2^128 + 282410683*2^192,1091002366010211552 + 4376729012798387343*2^64 + 14559242257897175289*2^128 + 10194569037*2^192,945487313904658960 + 1460247220644976105*2^64 + 13894741229289151263*2^128 + 10473982891*2^192,18218430344697897040 + 10496243985722417921*2^64 + 16048120593717122342*2^128 + 1451648777*2^192,14943675767562897840 + 8137850986902213371*2^64 + 3932929132601090351*2^128 + 1189939292*2^192,17498682938949117264 + 8735297857668149466*2^64 + 1701060569038499325*2^128 + 14098353624*2^192,12771028950321909032 + 7700766799082364197*2^64 + 9333320438119254395*2^128 + 15866117948*2^192,1168081321762580080 + 4584441154247033098*2^64 + 18252884292550760637*2^128 + 9604633750*2^192,1184109878578018176 + 10317169761943742832*2^64 + 1045964105068912033*2^128 + 8196633181*2^192,4768722138969548272 + 10007922844281106332*2^64 + 12902577751293237329*2^128 + 11712279374*2^192,8604381402905768432 + 258657267942926154*2^64 + 2774292304963995485*2^128 + 156081523*2^192;\
4813589021363996392 + 5936729530985174080*2^64 + 16192844648862329015*2^128 + 15412231169*2^192,4298986389900681734 + 948060149410690002*2^64 + 14025723422379430389*2^128 + 12233005098*2^192,10321688741333688688 + 533332703211138597*2^64 + 4904426010285721472*2^128 + 839160930*2^192,5780328467003294406 + 16020664752275417370*2^64 + 16362274738889917179*2^128 + 3219157949*2^192,12320220068761788184 + 15530373018807441640*2^64 + 4306150891209941332*2^128 + 6793395231*2^192,11669084544562236776 + 12036694981739322848*2^64 + 15711626409173343974*2^128 + 13197604701*2^192,2524564387534730264 + 18325300757604514539*2^64 + 1787476057742463265*2^128 + 2308309200*2^192,6584783818689879160 + 13317692877984199924*2^64 + 13101377910718500624*2^128 + 822111027*2^192,3425731721218321312 + 15314034426060548158*2^64 + 5874753958217385736*2^128 + 10516126032*2^192,16329825802258898768 + 5756083997347672034*2^64 + 7509509436392688674*2^128 + 1684180278*2^192,16804313200045987344 + 10095398813161882024*2^64 + 8376918406422373550*2^128 + 12729944434*2^192,940599167235207024 + 15592646867290828131*2^64 + 5400383296793051964*2^128 + 9163062509*2^192,13616036226215759056 + 13476538468128006637*2^64 + 4150634049346079498*2^128 + 10014274170*2^192,15647773696665703816 + 17212353756111815604*2^64 + 3197486675307053812*2^128 + 13008195467*2^192,6392518478516806640 + 6665320204120601203*2^64 + 17694117017765812449*2^128 + 10833983312*2^192,10295451249586007936 + 15467491530847297577*2^64 + 5200763263308213114*2^128 + 1286958335*2^192,3011399531978270192 + 5827634453157885155*2^64 + 6156998917648725423*2^128 + 2801788077*2^192,11050088098767457584 + 14324048450226977106*2^64 + 95114943277709523*2^128 + 16087188843*2^192;\
6571061341197891736 + 5673424723283283660*2^64 + 3952721982083173726*2^128 + 7926750854*2^192,6827712603046294442 + 8320109350649620593*2^64 + 7914953461577465897*2^128 + 8908078540*2^192,9743373803092518656 + 11388879858021035004*2^64 + 7273462345161204771*2^128 + 11588853469*2^192,17701764732229267162 + 2399385226138441521*2^64 + 1380184015192295174*2^128 + 11852971678*2^192,12620795341206798984 + 12631158932577429411*2^64 + 15700915863912619956*2^128 + 16293712087*2^192,6913217606747210968 + 3368730670798628967*2^64 + 12295154515832787374*2^128 + 11182971501*2^192,18035656771845610536 + 6242958631269295433*2^64 + 18231637835848858104*2^128 + 6523931437*2^192,818747187209812872 + 7255825196272131337*2^64 + 11086806822832368732*2^128 + 14199480541*2^192,13947784540040873952 + 17260609297448799604*2^64 + 15674418265119777351*2^128 + 8008114021*2^192,4902814299407266480 + 10067147135993867484*2^64 + 2784919197001925456*2^128 + 3313407432*2^192,5330635421419037872 + 10157523249901717675*2^64 + 13841297623317914986*2^128 + 6332283508*2^192,9853025383414741328 + 15718401945837769275*2^64 + 5643422191603171549*2^128 + 16991330986*2^192,11471269433265448944 + 15012221040002778958*2^64 + 4088665148163559048*2^128 + 11401176197*2^192,6661100659038744696 + 10877368152982445472*2^64 + 11761810472073760533*2^128 + 7505521638*2^192,3868348631475710992 + 2586968385696966238*2^64 + 15790928069192479879*2^128 + 11671627070*2^192,17550412232696517760 + 11601618564274977154*2^64 + 5064323847227220827*2^128 + 13707206089*2^192,10973886945711838160 + 14471299629227750725*2^64 + 9870899765097656733*2^128 + 15748079476*2^192,5681941301279030480 + 11872941256801751536*2^64 + 743966202754751556*2^128 + 6424339580*2^192;\
17906732691456394760 + 15649211603276779197*2^64 + 15726546524806569347*2^128 + 8516732874*2^192,9310521074327893054 + 4042582813354913503*2^64 + 2493098728369218380*2^128 + 747406936*2^192,9700682401126500768 + 7785094744912541409*2^64 + 13212118272163557899*2^128 + 9708691299*2^192,15628434628995458286 + 11911754940826783788*2^64 + 10238576047448601069*2^128 + 10910043844*2^192,9345160911380037240 + 6412517299290954424*2^64 + 1137537828330949787*2^128 + 1296661756*2^192,482555576193701576 + 14341946817123259360*2^64 + 6979000368729565007*2^128 + 3767253887*2^192,6952489852338397400 + 3422032579622369495*2^64 + 2953064917971240773*2^128 + 14909055608*2^192,11194179669629115704 + 17178464442850288066*2^64 + 8185117611645450024*2^128 + 11378832533*2^192,7177332635178197632 + 3596832937172953260*2^64 + 4652039190801951828*2^128 + 10728724659*2^192,15841305215751488400 + 10132424619187974757*2^64 + 1644179885843534256*2^128 + 13156616680*2^192,6582700654208563920 + 1216613619926777536*2^64 + 6542743219862646486*2^128 + 6689639926*2^192,5713724839351164336 + 11054477215029836568*2^64 + 14908666363657818138*2^128 + 10916535981*2^192,11944475184993681936 + 9891494737091741463*2^64 + 511558791994803247*2^128 + 13966070160*2^192,7092987218539212968 + 8440584072707527653*2^64 + 11752051936329341896*2^128 + 10232032396*2^192,15087698692742685776 + 6732080664451659972*2^64 + 9607386397758658274*2^128 + 4430358127*2^192,1438299837544049088 + 8472882902738019019*2^64 + 5124864346896530731*2^128 + 3440724694*2^192,17052702077619079344 + 4592786971472924027*2^64 + 334693537632410054*2^128 + 9986442844*2^192,17807382682842734128 + 511031947701172106*2^64 + 3807868399072710022*2^128 + 8744949212*2^192;\
425959306472779388 + 11658473222334424972*2^64 + 13189905508087853310*2^128 + 3548040472*2^192,13375291007050814279 + 16292432215354651763*2^64 + 14197394445571361050*2^128 + 7804077292*2^192,13369133880623494696 + 18076530677259808691*2^64 + 1765787065121586823*2^128 + 6617646390*2^192,18196532067234922407 + 2786555412462158289*2^64 + 4838954725818823117*2^128 + 4202999056*2^192,2394341096552835964 + 1084005334707654952*2^64 + 154287271369926719*2^128 + 6488128131*2^192,10913304461378538532 + 6890551987049969156*2^64 + 18377118165451181623*2^128 + 7180997238*2^192,15775743510046801324 + 10317755563082895071*2^64 + 5016068019208094655*2^128 + 876959425*2^192,6817422926656780124 + 10413516884829648193*2^64 + 6375323774483143300*2^128 + 154174595*2^192,16482078743090062496 + 12963273906691332590*2^64 + 6746313427546587323*2^128 + 963958544*2^192,12942346542056874280 + 16519892687083442025*2^64 + 12631098845555810769*2^128 + 8141785264*2^192,9914979895634985800 + 1503771928195306980*2^64 + 2114842635180620934*2^128 + 4557508388*2^192,7730652835218010168 + 9310137814761237470*2^64 + 1567597518495778086*2^128 + 3427845915*2^192,13421126299356071912 + 899893966865282797*2^64 + 2221945133744171153*2^128 + 5638595322*2^192,10328390802919261556 + 2137301326430930946*2^64 + 240552111270581906*2^128 + 4820588902*2^192,17892655757233627560 + 7994469832131264884*2^64 + 4872383161494165472*2^128 + 3003931611*2^192,768065652591677472 + 15409574838756066718*2^64 + 12855950213047683174*2^128 + 7237207892*2^192,14982212229829640760 + 16435025924754031653*2^64 + 10923744390804893179*2^128 + 1050854197*2^192,4522484170438189752 + 7496925015425845918*2^64 + 7024322840040421977*2^128 + 6013370023*2^192;\
12870887872455015776 + 128531723990428847*2^64 + 14138258271748700404*2^128 + 5506608055*2^192,15398726042000443532 + 13335607683736374202*2^64 + 35120964646938830*2^128 + 6276984919*2^192,16933827407399592352 + 9860025592381109532*2^64 + 16903328951799270610*2^128 + 5190983050*2^192,1251955767036497484 + 14738754341499537631*2^64 + 585930191707608935*2^128 + 5679822430*2^192,4294090227671778896 + 8908588281943884861*2^64 + 12045511321931642686*2^128 + 3437305422*2^192,13713910114750843024 + 14945262599460166966*2^64 + 10700308123732907491*2^128 + 2045570988*2^192,4641934136766854768 + 4212117881097023804*2^64 + 11062537604411312428*2^128 + 1352887047*2^192,7168904052151548272 + 5234170735339473344*2^64 + 10144130863619341025*2^128 + 724546047*2^192,1906446393058348224 + 10372616424398237811*2^64 + 9506414486242090334*2^128 + 7082966566*2^192,3179481091824699552 + 10391055275443203554*2^64 + 5143513797014609980*2^128 + 5164963156*2^192,3222678961712939488 + 10009051520534149957*2^64 + 2779578905168222694*2^128 + 667157232*2^192,3197695015597750432 + 16477296408778364520*2^64 + 2342579709870089141*2^128 + 2678739374*2^192,16125778091646097824 + 4111043124143942307*2^64 + 103568724710670122*2^128 + 1876794767*2^192,16056252438185907088 + 17097802441116127629*2^64 + 173905760869205763*2^128 + 344316471*2^192,2600486622327906016 + 1136161888539259445*2^64 + 9741605761362032871*2^128 + 6645314749*2^192,9724365448617259264 + 13745363196712704549*2^64 + 6093945090347617050*2^128 + 3359738669*2^192,12221865113381507552 + 4362496391180060405*2^64 + 14462714102744662144*2^128 + 4816536164*2^192,4925605260254907168 + 12559079171132000725*2^64 + 6324255344700085400*2^128 + 5727928510*2^192;\
11405095006363590836 + 13886967520490396939*2^64 + 3518280727098089754*2^128 + 6225287377*2^192,4695541611694350781 + 9748418538248529191*2^64 + 796065154657126962*2^128 + 6193665452*2^192,9171352081804678920 + 7423641080501985267*2^64 + 1646868753007561018*2^128 + 12600201753*2^192,12982834152290993741 + 15095106534563997558*2^64 + 8156334802797375482*2^128 + 10699765391*2^192,8792987830992167716 + 8173457549060605971*2^64 + 16891324315319181900*2^128 + 15469227943*2^192,11730676608964656588 + 5590782764293902418*2^64 + 14166206136114510471*2^128 + 11333519267*2^192,6468517396899774308 + 3258665405755140552*2^64 + 7490471665545024917*2^128 + 12585467442*2^192,1593119325097418324 + 2133598078731941672*2^64 + 1866048763561924571*2^128 + 15121521674*2^192,1649870827187789728 + 17853589995753032712*2^64 + 4059369541759562941*2^128 + 8279929587*2^192,12258480794310346296 + 18207850424650328634*2^64 + 559119257497974185*2^128 + 14893061189*2^192,491396150633455512 + 14162252477484438728*2^64 + 14263150409836733196*2^128 + 12984699681*2^192,4525724412685446248 + 6891241668399615102*2^64 + 13593246835191322848*2^128 + 5616033303*2^192,6236898967209082616 + 10522409564583278454*2^64 + 9161690475803816687*2^128 + 12253097199*2^192,11397723290591410044 + 14440655898069306978*2^64 + 18366464950271017897*2^128 + 13976116612*2^192,11727204363042682488 + 15880228175044761927*2^64 + 16530363374312965482*2^128 + 14597394006*2^192,15477698560879484192 + 4849659752604952020*2^64 + 2208692572634608314*2^128 + 12347347577*2^192,8456556647968184616 + 3125828841624024316*2^64 + 13447632124812081426*2^128 + 1920179859*2^192,15924943565977889640 + 5148919603020443248*2^64 + 833163477449980514*2^128 + 3924723999*2^192;\
1085087023516589396 + 5398028277785010653*2^64 + 2618450954755644001*2^128 + 2070043335*2^192,15565507604634176057 + 2647366256309387081*2^64 + 12306542319798013964*2^128 + 2415245657*2^192,13411629091782766632 + 12747640680282967263*2^64 + 51294528564681615*2^128 + 13949200177*2^192,11988104833540519065 + 18302868012356186721*2^64 + 7750225869314418459*2^128 + 15289303230*2^192,11911812097765828532 + 3562362725645362814*2^64 + 13732361034583537304*2^128 + 11502654059*2^192,7714130558404614556 + 11814482788840312773*2^64 + 4533089135098028925*2^128 + 11034286884*2^192,8383030638412009812 + 10312277062825853433*2^64 + 1033775652033085132*2^128 + 3966657770*2^192,6037543952206225188 + 15225005981925250529*2^64 + 1510467055418837284*2^128 + 4799419279*2^192,11512391477761530464 + 14433686854137648053*2^64 + 5069012402966242967*2^128 + 2832591130*2^192,13406712467646284248 + 17589275641264899949*2^64 + 9204448311960674314*2^128 + 15361104040*2^192,11124624482854774808 + 5683935066525833927*2^64 + 5467049093528225443*2^128 + 886703677*2^192,16421798936618033576 + 10742828392637591825*2^64 + 17740944812169761907*2^128 + 10548112140*2^192,2708932338516674776 + 16220000808062024166*2^64 + 13434472368170354130*2^128 + 1009948981*2^192,2644460650249334604 + 496365639375242940*2^64 + 3379601421480628970*2^128 + 1162681873*2^192,4503011290533208664 + 13270856083017562139*2^64 + 10287228588150370592*2^128 + 7653938127*2^192,4349897273449039904 + 7476905969673172166*2^64 + 10924938802411392928*2^128 + 2333795452*2^192,5386788253179544392 + 2501562124032503746*2^64 + 17031462077422162432*2^128 + 17032258057*2^192,13842944574454284488 + 4540416482655529981*2^64 + 8857227675149015369*2^128 + 15314470819*2^192;\
11658292107776328760 + 2845814375381405375*2^64 + 3001021491453833023*2^128 + 8601438443*2^192,2712387234220860430 + 16308088975392458534*2^64 + 18157746400589253079*2^128 + 13052303328*2^192,4580886103644276000 + 16293475273596149708*2^64 + 15988473403927897842*2^128 + 13519355698*2^192,5237216299708123438 + 15940759982590046770*2^64 + 1819488044390764839*2^128 + 15690602586*2^192,8787884539257747496 + 1714870027201326618*2^64 + 13187769301197684377*2^128 + 3818524126*2^192,12351573737804475176 + 4257216471743860427*2^64 + 16031764574212959794*2^128 + 15358822187*2^192,13799424407655940792 + 3891662384226035431*2^64 + 4603711278974384817*2^128 + 7757187303*2^192,3695195930166395160 + 4398466209120136636*2^64 + 17890914407974403673*2^128 + 15419863276*2^192,8777666673182068928 + 16895133080965730751*2^64 + 13042864332238104143*2^128 + 636821429*2^192,14231592035792399632 + 12337989489982128369*2^64 + 239626787380632860*2^128 + 11783547959*2^192,13220801168017796592 + 1956982970634460872*2^64 + 10190732182838584160*2^128 + 6363432853*2^192,6982086519382499152 + 11487800138505825260*2^64 + 2388135715700276031*2^128 + 3330616703*2^192,6111500290456428304 + 12785522502575234941*2^64 + 18286232186030090817*2^128 + 8175556422*2^192,1702560609451621736 + 12982225546976740137*2^64 + 4617925508246718927*2^128 + 2468016933*2^192,5206090631531132240 + 6469370659694471108*2^64 + 1095174533856894190*2^128 + 3406523545*2^192,286577817603494208 + 5087676237457949195*2^64 + 2048434524843977510*2^128 + 12156549929*2^192,16130664168049682928 + 729907153614739684*2^64 + 12477202769481706805*2^128 + 15349904496*2^192,6280248347542874736 + 12138426124798607275*2^64 + 15893070418046623818*2^128 + 15881360622*2^192;\
8452432987964793544 + 5696113767954608258*2^64 + 2966456730797406043*2^128 + 6034954844*2^192,5817864100193761574 + 15484895277219801546*2^64 + 323541851265640750*2^128 + 7742426640*2^192,9126232263031867640 + 5896601802358326347*2^64 + 10375800832585226226*2^128 + 9300821360*2^192,3400132119548917438 + 15388790892166556065*2^64 + 13019016297460834203*2^128 + 6224094631*2^192,4500646089562284712 + 16152046210515660270*2^64 + 11243287572507207285*2^128 + 14815037420*2^192,2744641763572108328 + 9433170986500633757*2^64 + 7632370036602485628*2^128 + 13395027763*2^192,1032826390409123592 + 16495202470167373833*2^64 + 4138966774686672658*2^128 + 15428864288*2^192,17214523131518310920 + 7246463491533614076*2^64 + 10200478136227321049*2^128 + 4524486817*2^192,18344385644103975888 + 11901073619156516360*2^64 + 1623810150231526923*2^128 + 689070984*2^192,1042894558796757616 + 16637899657260531144*2^64 + 18204464764363521777*2^128 + 7989803727*2^192,18178485231916069616 + 15891927575045670234*2^64 + 13433468350974393342*2^128 + 17036071771*2^192,7542209096856345872 + 11045067648352267019*2^64 + 12948177583997275533*2^128 + 11256654289*2^192,2741355531365410480 + 16715216718429212209*2^64 + 3513474178740592479*2^128 + 17178161304*2^192,13805459739615503592 + 17345933250102494090*2^64 + 2474105483152987865*2^128 + 13435287395*2^192,6865396121239198944 + 12899914416898042937*2^64 + 13341999109986361306*2^128 + 13165026867*2^192,14967077604229679392 + 4136151099958630660*2^64 + 14578852603238768676*2^128 + 15070791024*2^192,18122516830789789936 + 2757103092499765627*2^64 + 2524498429465384081*2^128 + 14294164922*2^192,6898514209530108880 + 1577860999521556033*2^64 + 6304207257543210791*2^128 + 9883492088*2^192;\
7721335884708137464 + 15949438062414060855*2^64 + 10813481323044498789*2^128 + 12830878691*2^192,4277797619446655976 + 6809464217527955163*2^64 + 11755763262469281054*2^128 + 10537287243*2^192,10844104407708985040 + 7704748520746428939*2^64 + 18146461195260316192*2^128 + 12980997582*2^192,11727618696245963208 + 15252488988679579523*2^64 + 17725036192682748427*2^128 + 11166514512*2^192,5272904761827024416 + 11506552247224663004*2^64 + 6840373509822286561*2^128 + 14121764194*2^192,7220951904824358400 + 734290483037129473*2^64 + 14643174524340721433*2^128 + 16289292372*2^192,3940505306777568064 + 16351550164064696365*2^64 + 9036388389250282806*2^128 + 12084048204*2^192,9450177856994874304 + 17114073791120928822*2^64 + 10788338421741577462*2^128 + 3260935804*2^192,13253435064609445472 + 11511942721783044494*2^64 + 6551775300653672151*2^128 + 8283279842*2^192,3861466333456075648 + 4564561346220768501*2^64 + 2159413504658747441*2^128 + 4972770236*2^192,1308911081420951296 + 6341069106569070831*2^64 + 4566960660232831225*2^128 + 16789179790*2^192,10601263726008773760 + 14610509959950351037*2^64 + 15348554661163830704*2^128 + 9304989748*2^192,11416716392033576384 + 18022402197313935479*2^64 + 12188771883678312521*2^128 + 2112917534*2^192,1968288939040911424 + 7482045779537442718*2^64 + 4848014122152041361*2^128 + 680979627*2^192,16252371100273973344 + 5111459160661846805*2^64 + 11508340721395421522*2^128 + 6065348759*2^192,14608515591539271296 + 1656991758577002077*2^64 + 12668054817531012188*2^128 + 9076095524*2^192,8307428649546174400 + 15359978356003366284*2^64 + 3510805750302717033*2^128 + 16765662814*2^192,11005124040493264736 + 9943956445472264334*2^64 + 13215745083650421071*2^128 + 7393939808*2^192;\
210077879542346616 + 681218171668994770*2^64 + 14829607759100484760*2^128 + 7990823331*2^192,11167739951209013312 + 6163805930533132705*2^64 + 14803346495463957903*2^128 + 10128462781*2^192,1204387785780847168 + 11920284447973149513*2^64 + 5242298044116561102*2^128 + 669415272*2^192,4336273213181252128 + 16310796633988746011*2^64 + 7820225769670730281*2^128 + 7813944298*2^192,14888023414867395776 + 13069283908715711824*2^64 + 14431047380599246852*2^128 + 4454561106*2^192,3053021698295440960 + 4975079514796486662*2^64 + 9071813799333073433*2^128 + 11719987565*2^192,14682322037472812720 + 18002458171481005994*2^64 + 14118443705521927765*2^128 + 15982491181*2^192,18058730905607272080 + 11851015114313769543*2^64 + 11128782207713876272*2^128 + 14066691612*2^192,12223992882611798960 + 16693123598912142096*2^64 + 11694087871090957452*2^128 + 2243241421*2^192,1745669618383088544 + 5677143662100711943*2^64 + 435665808362907210*2^128 + 4033864542*2^192,8981881813594586208 + 15511407026221719485*2^64 + 9097157980392525246*2^128 + 7992043922*2^192,3469717570897827904 + 17052803918187530825*2^64 + 11509990754362998733*2^128 + 7788349889*2^192,447247763339119200 + 6716531772466994681*2^64 + 7592451801812510916*2^128 + 7368205497*2^192,6958110455373172384 + 1799960778964278661*2^64 + 7448267066243101916*2^128 + 7122175190*2^192,17096717416900341456 + 5286894997120608385*2^64 + 1146216120908293774*2^128 + 3860084779*2^192,16063286006148745440 + 14515446826975213960*2^64 + 5559326905228847141*2^128 + 11433846285*2^192,8239938474332730592 + 7410344219878298984*2^64 + 928513405183756736*2^128 + 14977408960*2^192,8422003902404006208 + 1638171240195844599*2^64 + 1180884213096076993*2^128 + 12552697534*2^192;\
3747960453243191064 + 15417904302978709213*2^64 + 7224920130647713059*2^128 + 4486546013*2^192,13447181854792867906 + 108020104875794590*2^64 + 12920881154471250611*2^128 + 2089028374*2^192,5574328393343261488 + 12090605225732977620*2^64 + 15369752443897460812*2^128 + 8364168606*2^192,7747678252399702274 + 7072684406616314312*2^64 + 7693026430560055901*2^128 + 3633674896*2^192,17172583672639898712 + 5404625292170352043*2^64 + 11257586220855058085*2^128 + 12649849752*2^192,5330394308701975000 + 5684953125108776259*2^64 + 2430931329347041653*2^128 + 11186881490*2^192,1585251486490291752 + 10353107467315495667*2^64 + 5305843741979363748*2^128 + 11716360634*2^192,4925691344994278088 + 1598556675852547905*2^64 + 10496386867169333575*2^128 + 8617311987*2^192,9824867707352915968 + 17320301347741070219*2^64 + 17058718102270192260*2^128 + 9191689330*2^192,15923951614468844912 + 767947298369040672*2^64 + 3346026809882456681*2^128 + 7983202143*2^192,3122321557475427248 + 17215883177191265400*2^64 + 17814154270770556945*2^128 + 1686743238*2^192,16346767984472617936 + 2401926197418365333*2^64 + 14506157866803445522*2^128 + 10387211212*2^192,3011290511562836528 + 10461248744362510172*2^64 + 4190395337538489096*2^128 + 414294363*2^192,14384707612000133464 + 18096434176605600742*2^64 + 6574445408312856376*2^128 + 16811741849*2^192,12642042767277558000 + 8103112000840627458*2^64 + 856432144875163303*2^128 + 7639832527*2^192,7215171950585071872 + 11611188705648492363*2^64 + 12966248647788112466*2^128 + 2358378964*2^192,5271884849610471440 + 2427308454173463700*2^64 + 10398135195639727236*2^128 + 521249934*2^192,4873026349516740304 + 18117602428284527411*2^64 + 252584598760442450*2^128 + 8200196473*2^192;\
460600547310805776 + 6059588423375449756*2^64 + 9350399121582915077*2^128 + 234138151*2^192,8438471680745765160 + 16539439330629321576*2^64 + 9677463710723470743*2^128 + 2367145564*2^192,17224074626297881296 + 16717879541613814662*2^64 + 4608556101841967158*2^128 + 5596753594*2^192,3079993055875265432 + 18195561713857378672*2^64 + 3083696537690076700*2^128 + 6167044518*2^192,17750254903490385632 + 4486296337469578819*2^64 + 4018023607511251336*2^128 + 7389559738*2^192,8239812974317960032 + 4503885312690311360*2^64 + 1630761959011060307*2^128 + 7020453745*2^192,13142185718558668576 + 2696457449857192352*2^64 + 1351559893305447852*2^128 + 6604687366*2^192,10759563443891098528 + 3820474574532627223*2^64 + 3473410701295520088*2^128 + 257137490*2^192,5191265936440071360 + 7098729225010204793*2^64 + 12008572217602839039*2^128 + 3843954420*2^192,9678886524047048640 + 7680863548822129448*2^64 + 10088629296310862518*2^128 + 5376823008*2^192,2513902254862243136 + 10254201798640473717*2^64 + 6038518127229439924*2^128 + 1954498742*2^192,15692179258984035968 + 16595230639453780537*2^64 + 1202444821334699448*2^128 + 4367009936*2^192,13458534264240793600 + 18285849644590004668*2^64 + 7647983166907397353*2^128 + 2156525817*2^192,5192883287224053408 + 7702226425391932329*2^64 + 7536785835795938352*2^128 + 6993294180*2^192,9953195505431240576 + 694690617493502499*2^64 + 12580478250343305351*2^128 + 2172378561*2^192,7884117994006797696 + 15784244142047446840*2^64 + 1983140391563559101*2^128 + 5889978167*2^192,18163108900369919232 + 740825291579166527*2^64 + 1364944585980682028*2^128 + 5139933822*2^192,3921271639958420608 + 12661264880058714476*2^64 + 9149767126951775916*2^128 + 8206486429*2^192;\
6198738201595865960 + 598766834438210786*2^64 + 4208512450377497294*2^128 + 11677228325*2^192,18386698099293817850 + 1567569932295725743*2^64 + 7374543076541099914*2^128 + 7550840178*2^192,15458054881455573232 + 2667401304044152279*2^64 + 10182623379092219908*2^128 + 15738887097*2^192,13998962111620776442 + 11224034917337053421*2^64 + 5159942711887250961*2^128 + 14272265691*2^192,17448857476229290456 + 15698950238906424697*2^64 + 13026801671253781197*2^128 + 3387140575*2^192,16690838373349811896 + 10101295588482246088*2^64 + 13633132874377436807*2^128 + 14821615037*2^192,10302226891025518472 + 16764273920923500382*2^64 + 2382338834531100570*2^128 + 197715946*2^192,15583750271466725864 + 7485956500857077602*2^64 + 420352484475711560*2^128 + 3689929635*2^192,11336280296619788608 + 7867265084559972224*2^64 + 17532714115481958581*2^128 + 16460179956*2^192,12609336198933583664 + 1579705861715566333*2^64 + 4802280288886014203*2^128 + 4520676673*2^192,16975015660936954928 + 5763174350268017219*2^64 + 12564725349075667803*2^128 + 8292227401*2^192,17577845937188180432 + 10944656901639079381*2^64 + 17951507332138982991*2^128 + 16213856127*2^192,17140938500201584112 + 13371982006866306926*2^64 + 4317001163905147754*2^128 + 15772833697*2^192,13229697477613987896 + 4256305229589157867*2^64 + 1955066977647084038*2^128 + 11039926986*2^192,10805097694638774000 + 15674195974214742703*2^64 + 18208204942602045137*2^128 + 6499093145*2^192,14619422664352962496 + 1076075963272226706*2^64 + 268595664390016135*2^128 + 9227447556*2^192,2264557091268933456 + 12121833978700921617*2^64 + 13129405791651457895*2^128 + 582697109*2^192,11221763311026230864 + 3338486307307896820*2^64 + 3445393158337697454*2^128 + 3550998136*2^192;\
12948693879490204944 + 2674387035640123615*2^64 + 13833249978047418880*2^128 + 16286463525*2^192,14228147038152118724 + 1201553265100343612*2^64 + 11538168957705172102*2^128 + 12310416538*2^192,13096341355550389168 + 5348453271006771559*2^64 + 2639813031253220042*2^128 + 10054587135*2^192,8134071305303421444 + 8434416618141540036*2^64 + 5242086758627700564*2^128 + 3810715815*2^192,5706929050353000032 + 8711153497292190855*2^64 + 12511143217551416878*2^128 + 16379236061*2^192,7858171470218503184 + 265161279545654245*2^64 + 5864697292493975932*2^128 + 14672895486*2^192,11053428518472682992 + 16530767587156411337*2^64 + 11581042261391168585*2^128 + 4708834414*2^192,16532793440532703024 + 10610358602691018982*2^64 + 11357655083940416420*2^128 + 11757667008*2^192,13036903078336761472 + 7039834823331519203*2^64 + 17126432632513554713*2^128 + 4181209714*2^192,3977095126829649696 + 5603036911553140515*2^64 + 5352487946718446056*2^128 + 1095665168*2^192,7958096665090680128 + 7666545888247929675*2^64 + 7289819200419106176*2^128 + 13874161493*2^192,8451633181393026496 + 12001248976247064163*2^64 + 3591745174500482760*2^128 + 14638825755*2^192,16431625917617920736 + 1824263142488572107*2^64 + 14178227441872516072*2^128 + 1661629631*2^192,10713597590111161520 + 13837744217788804048*2^64 + 5409901254191475950*2^128 + 8674555757*2^192,18297045798986716640 + 13418605764006387145*2^64 + 2868375663249366403*2^128 + 279419893*2^192,12923983561552334720 + 3080327363374017951*2^64 + 279512463062323014*2^128 + 767690898*2^192,1915073938950574496 + 15776320865013134446*2^64 + 8070796398455621611*2^128 + 2380752325*2^192,7483847357694033632 + 1482894998100401457*2^64 + 11090139404130570581*2^128 + 14494368931*2^192;\
15874893078301682808 + 7636516476781494945*2^64 + 6939511618829231246*2^128 + 14383933106*2^192,17539308645679471718 + 13255657728602637953*2^64 + 12495517478060826848*2^128 + 7420651133*2^192,2346539904569065968 + 18381228087530334110*2^64 + 9871807986174005278*2^128 + 11407892327*2^192,8438687304059197206 + 677328553184455489*2^64 + 918140085722354560*2^128 + 7890480090*2^192,6539503303051598760 + 14674382394282317532*2^64 + 5692614970010952602*2^128 + 5443575443*2^192,14074474993143863880 + 9283767537889517369*2^64 + 12481431817060126665*2^128 + 10596191392*2^192,14611250225916297464 + 13707085666527033659*2^64 + 2647715090772250711*2^128 + 6733413900*2^192,174103394804911384 + 12726005635993620018*2^64 + 10024279831004335665*2^128 + 3916874051*2^192,12134808378674415072 + 15571797313895812401*2^64 + 10765401729302664276*2^128 + 1005341381*2^192,986012073573198608 + 9859879950787700061*2^64 + 1220496051666569893*2^128 + 13351668425*2^192,11894618921877835184 + 1465528691759122846*2^64 + 1121077436129293985*2^128 + 10139181355*2^192,3201022645614775568 + 7411240581777522789*2^64 + 248535549636147743*2^128 + 16593590233*2^192,15155178133255776912 + 10060989538935377813*2^64 + 7111994642647498189*2^128 + 11969013369*2^192,770825947688960456 + 1857029560694494511*2^64 + 12037064542736985934*2^128 + 4091110340*2^192,2899034100006131760 + 17253666328556468824*2^64 + 3033403184407906737*2^128 + 2296330345*2^192,2306271344666184832 + 10799572516686279976*2^64 + 6560087201486420489*2^128 + 13188253262*2^192,7753752794030547952 + 1121770577723532959*2^64 + 12876304980646545141*2^128 + 9159394090*2^192,3913491347396862640 + 12856272093834758349*2^64 + 2946175201873215260*2^128 + 5969186000*2^192]
/* 
This matrix times 2^(-4) should be the matrix of frobenius.
*/ 
B = 2^(-4) * A; 
/* Freed 5092 lists. */
The sign is: 1
The characteristic polynomial is: x^18 + x^17 + 2*x^16 + 3*x^15 + 3*x^14 - 4*x^13 - 14*x^12 - 32*x^11 - 288*x^10 - 560*x^9 - 1152*x^8 - 512*x^7 - 896*x^6 - 1024*x^5 + 3072*x^4 + 12288*x^3 + 32768*x^2 + 65536*x + 262144
Its Newton polygon is: [2, 2, 2, 2, 3/2, 3/2, 1, 1, 1, 1, 1, 1, 1/2, 1/2, 0, 0, 0, 0]
Its factorization is: Mat([x^18 + x^17 + 2*x^16 + 3*x^15 + 3*x^14 - 4*x^13 - 14*x^12 - 32*x^11 - 288*x^10 - 560*x^9 - 1152*x^8 - 512*x^7 - 896*x^6 - 1024*x^5 + 3072*x^4 + 12288*x^3 + 32768*x^2 + 65536*x + 262144, 1])
The valuation of f-g is: 25
The valuation of subst(g,x,A) is: 21
