/* Comments begin... 
No set up needed.

Please input coefficients below.
Coefficient of   x^19                     = Coefficient of   x^6 * y^4 * z^1 * w^2   = Coefficient of   x^5 * y^1 * z^3 * w^2   = Coefficient of   x^3 * y^9 * z^1 * w^1   = Coefficient of   x^2 * y^6 * z^3 * w^1   = Coefficient of   x^1 * y^3 * z^5 * w^1   = Coefficient of   y^14 * z^1               = Coefficient of   y^1 * w^6               = Coefficient of   z^7 * w^1               = 
Here is the polynomial we're using this time:

1 + 0*2^64 + 0*2^128 + 0*2^192*x^19 + 1 + 0*2^64 + 0*2^128 + 0*2^192*x^3*y^9*z^1*w^1 + 1 + 0*2^64 + 0*2^128 + 0*2^192*x^1*y^3*z^5*w^1 + 1 + 0*2^64 + 0*2^128 + 0*2^192*y^14*z^1 + 1 + 0*2^64 + 0*2^128 + 0*2^192*y^1*w^6 + 1 + 0*2^64 + 0*2^128 + 0*2^192*z^7*w^1


Allocate G_len 20 elements and old = 0.
Allocate M_len = 400 elements.
Allocate G_len 40 elements and old = 20.
Allocate M_len = 800 elements.
Allocate G_len 80 elements and old = 40.
Allocate M_len = 1600 elements.
Allocate M_len = 3200 elements.
Allocate G_len 160 elements and old = 80.
Allocate M_len = 6400 elements.
Allocate M_len = 12800 elements.
Allocate G_len 320 elements and old = 160.
Allocate M_len = 25600 elements.
Allocate M_len = 51200 elements.
Allocate G_len 640 elements and old = 320.
Allocate M_len = 102400 elements.
Allocate M_len = 204800 elements.
Allocate G_len 1280 elements and old = 640.
Allocate M_len = 409600 elements.
The final length of G is 676
[3, 9, 1, 0, 0]  	497	4 
[3, 9, 0, 1, 0]  	518	4 
[3, 8, 1, 1, 0]  	552	4 
[18, 0, 0, 0, 0]  	558	3  <--- 1
[0, 14, 1, 0, 0]  	589	3 
[2, 6, 0, 6, 0]  	836	5 
[16, 3, 5, 0, 0]  	962	7 
[0, 13, 7, 0, 0]  	978	2 
[16, 3, 4, 1, 0]  	983	7 
[3, 7, 8, 1, 0]  	1012	5 
[2, 5, 3, 6, 0]  	1012	6 
[16, 2, 5, 1, 0]  	1017	9 
[2, 14, 0, 5, 0]  	1040	5 
[17, 14, 0, 0, 0]  	1045	6 
[1, 15, 0, 5, 0]  	1046	5 
[15, 1, 0, 6, 0]  	1054	7 
[17, 0, 0, 6, 0]  	1079	8 
[2, 8, 4, 5, 0]  	1102	7 
[0, 13, 1, 6, 0]  	1104	2 
[17, 0, 7, 1, 0]  	1116	6 
[15, 8, 5, 0, 0]  	1116	6 
[1, 2, 0, 11, 0]  	1117	5 
[3, 7, 11, 0, 0]  	1133	8 
[17, 0, 6, 2, 0]  	1137	12 
[2, 12, 8, 1, 0]  	1166	4 
[15, 19, 0, 0, 0]  	1168	10 
[16, 0, 2, 6, 0]  	1190	9 
[2, 21, 0, 4, 0]  	1207	8 
[14, 5, 7, 1, 0]  	1208	9 
[13, 3, 2, 6, 0]  	1208	16 
[16, 0, 1, 7, 0]  	1211	15 
[16, 0, 9, 1, 0]  	1227	6 
[14, 8, 7, 0, 0]  	1227	15 
[3, 7, 6, 5, 0]  	1238	9 
[10, 8, 9, 0, 0]  	1245	14 
[16, 0, 8, 2, 0]  	1248	16 
[1, 13, 4, 5, 0]  	1256	6 
[15, 5, 6, 2, 0]  	1260	16 
[14, 3, 1, 7, 0]  	1260	17 
[14, 7, 8, 0, 0]  	1261	15 
[13, 6, 9, 0, 0]  	1264	15 
[14, 0, 4, 6, 0]  	1270	16 
[2, 7, 7, 5, 0]  	1278	7 
[1, 9, 0, 10, 0]  	1284	5 
[2, 12, 11, 0, 0]  	1287	7 
[11, 2, 11, 1, 0]  	1288	13 
[7, 5, 6, 5, 0]  	1288	11 
[14, 0, 3, 7, 0]  	1291	13 
[13, 5, 9, 1, 0]  	1319	8 
[12, 3, 4, 6, 0]  	1319	10 
[8, 4, 13, 0, 0]  	1319	11 
[7, 3, 1, 10, 0]  	1319	10 
[1, 25, 0, 4, 0]  	1324	5 
[10, 1, 6, 6, 0]  	1325	10 
[8, 2, 13, 1, 0]  	1337	11 
[7, 1, 1, 11, 0]  	1337	11 
[3, 3, 3, 10, 0]  	1337	7 
[15, 0, 11, 1, 0]  	1338	5 
[12, 5, 11, 0, 0]  	1338	12 
[13, 5, 8, 2, 0]  	1340	12 
[12, 3, 3, 7, 0]  	1340	12 
[11, 6, 11, 0, 0]  	1344	14 
[1, 5, 3, 10, 0]  	1349	6 
[13, 4, 10, 1, 0]  	1353	14 
[12, 2, 5, 6, 0]  	1353	11 
[15, 0, 10, 2, 0]  	1359	12 
[10, 1, 0, 11, 0]  	1359	10 
[7, 6, 13, 0, 0]  	1362	10 
[6, 5, 1, 10, 0]  	1362	10 
[13, 2, 10, 2, 0]  	1371	15 
[12, 4, 12, 0, 0]  	1372	15 
[7, 1, 8, 6, 0]  	1374	9 
[11, 5, 12, 0, 0]  	1378	10 
[7, 4, 13, 1, 0]  	1380	7 
[6, 2, 8, 6, 0]  	1380	9 
[3, 6, 15, 0, 0]  	1380	7 
[2, 4, 10, 5, 0]  	1380	7 
[2, 3, 17, 0, 0]  	1380	6 
[17, 2, 11, 0, 0]  	1382	13 
[10, 0, 1, 11, 0]  	1393	9 
[7, 3, 15, 0, 0]  	1393	10 
[15, 4, 11, 0, 0]  	1394	16 
[6, 5, 8, 5, 0]  	1399	11 
[5, 1, 17, 0, 0]  	1399	7 
[11, 4, 0, 10, 0]  	1409	13 
[7, 1, 15, 1, 0]  	1411	7 
[12, 4, 10, 2, 0]  	1414	17 
[14, 1, 12, 1, 0]  	1415	9 
[10, 5, 0, 10, 0]  	1415	11 
[17, 1, 12, 0, 0]  	1416	14 
[1, 3, 5, 10, 0]  	1417	5 
[11, 5, 10, 2, 0]  	1420	12 
[15, 3, 12, 0, 0]  	1428	11 
[3, 1, 17, 1, 0]  	1429	6 
[1, 10, 8, 5, 0]  	1429	5 
[10, 0, 8, 6, 0]  	1430	4 
[6, 2, 10, 5, 0]  	1430	8 
[4, 1, 5, 10, 0]  	1436	7 
[2, 8, 10, 4, 0]  	1436	6 
[0, 29, 0, 4, 0]  	1441	4 
[3, 2, 5, 10, 0]  	1442	5 
[1, 10, 3, 9, 0]  	1442	5 
[12, 29, 0, 0, 0]  	1445	11 
[14, 0, 0, 11, 0]  	1446	11 
[6, 1, 3, 11, 0]  	1448	6 
[2, 1, 19, 0, 0]  	1448	3 
[1, 1, 0, 15, 0]  	1448	4 
[14, 0, 13, 1, 0]  	1449	4 
[10, 2, 15, 0, 0]  	1449	12 
[17, 0, 13, 0, 0]  	1450	14 
[1, 2, 6, 10, 0]  	1451	5 
[16, 1, 13, 0, 0]  	1456	15 
[0, 17, 0, 9, 0]  	1457	4 
[2, 9, 15, 0, 0]  	1460	5 
[1, 7, 10, 5, 0]  	1460	6 
[3, 4, 12, 4, 0]  	1461	6 
[2, 2, 7, 9, 0]  	1461	6 
[1, 12, 10, 3, 0]  	1461	5 
[15, 2, 13, 0, 0]  	1462	14 
[14, 3, 0, 10, 0]  	1465	15 
[2, 1, 5, 11, 0]  	1466	4 
[0, 9, 3, 10, 0]  	1466	3 
[10, 0, 15, 1, 0]  	1467	3 
[1, 2, 14, 4, 0]  	1467	3 
[2, 7, 11, 4, 0]  	1470	4 
[1, 5, 6, 9, 0]  	1470	4 
[0, 3, 1, 14, 0]  	1470	3 
[1, 1, 12, 6, 0]  	1472	5 
[3, 2, 12, 5, 0]  	1479	4 
[1, 10, 10, 4, 0]  	1479	4 
[1, 12, 9, 4, 0]  	1482	4 
[6, 1, 10, 6, 0]  	1485	7 
[1, 1, 7, 10, 0]  	1485	4 
[1, 2, 13, 5, 0]  	1488	4 
[16, 0, 14, 0, 0]  	1490	5 
[4, 0, 5, 11, 0]  	1491	3 
[1, 32, 0, 3, 0]  	1491	4 
[1, 4, 12, 5, 0]  	1491	5 
[0, 3, 0, 15, 0]  	1491	3 
[0, 33, 0, 3, 0]  	1497	3 
[0, 6, 5, 10, 0]  	1497	3 
[1, 1, 2, 14, 0]  	1498	4 
[12, 1, 5, 8, 0]  	1500	10 
[0, 8, 4, 10, 0]  	1500	3 
[2, 4, 13, 4, 0]  	1501	2 
[1, 2, 8, 9, 0]  	1501	2 
[1, 1, 15, 4, 0]  	1501	2 
[0, 12, 11, 3, 0]  	1501	2 
[2, 0, 19, 1, 0]  	1503	2 
[1, 11, 15, 0, 0]  	1503	2 
[0, 9, 10, 5, 0]  	1503	2 
[9, 0, 3, 11, 0]  	1504	6 
[4, 0, 0, 15, 0]  	1504	6 
[11, 2, 5, 8, 0]  	1506	13 
[0, 12, 15, 0, 0]  	1509	3 
[1, 8, 5, 9, 0]  	1510	4 
[0, 6, 0, 14, 0]  	1510	3 
[10, 3, 5, 8, 0]  	1512	9 
[0, 16, 0, 10, 0]  	1512	4 
[0, 21, 0, 8, 0]  	1513	3 
[0, 11, 4, 9, 0]  	1519	2 
[5, 2, 13, 4, 0]  	1520	6 
[4, 1, 1, 14, 0]  	1520	7 
[0, 3, 3, 13, 0]  	1520	3 
[0, 8, 3, 11, 0]  	1521	3 
[0, 12, 10, 4, 0]  	1522	2 
[0, 2, 1, 15, 0]  	1525	3 
[4, 0, 12, 6, 0]  	1528	4 
[0, 3, 7, 10, 0]  	1528	2 
[1, 11, 5, 8, 0]  	1529	4 
[0, 9, 0, 13, 0]  	1529	3 
[0, 5, 6, 10, 0]  	1531	3 
[0, 24, 0, 7, 0]  	1532	2 
[1, 8, 17, 0, 0]  	1534	2 
[0, 6, 12, 5, 0]  	1534	2 
[1, 1, 9, 9, 0]  	1535	4 
[11, 0, 0, 13, 0]  	1537	7 
[0, 1, 3, 14, 0]  	1538	2 
[9, 0, 10, 6, 0]  	1541	2 
[4, 0, 7, 10, 0]  	1541	3 
[0, 2, 9, 9, 0]  	1541	2 
[0, 2, 0, 16, 0]  	1546	3 
[0, 8, 6, 9, 0]  	1550	2 
[1, 1, 17, 3, 0]  	1551	3 
[0, 27, 0, 6, 0]  	1551	3 
[0, 5, 5, 11, 0]  	1552	3 
[2, 1, 14, 5, 0]  	1553	3 
[2, 0, 21, 0, 0]  	1553	3 
[1, 0, 2, 15, 0]  	1553	3 
[0, 10, 5, 9, 0]  	1553	2 
[1, 3, 16, 3, 0]  	1554	4 
[9, 4, 12, 3, 0]  	1555	13 
[8, 2, 7, 8, 0]  	1555	10 
[4, 1, 8, 9, 0]  	1557	6 
[1, 1, 21, 0, 0]  	1559	1 
[0, 1, 2, 15, 0]  	1559	1 
[0, 0, 9, 10, 0]  	1559	1 
[2, 10, 12, 3, 0]  	1560	3 
[1, 8, 7, 8, 0]  	1560	4 
[0, 6, 2, 13, 0]  	1560	3 
[7, 2, 14, 3, 0]  	1561	9 
[6, 1, 2, 13, 0]  	1561	10 
[14, 0, 12, 3, 0]  	1562	6 
[0, 2, 8, 10, 0]  	1562	2 
[1, 10, 6, 8, 0]  	1563	2 
[1, 9, 13, 3, 0]  	1563	2 
[0, 8, 1, 13, 0]  	1563	2 
[0, 7, 8, 8, 0]  	1563	2 
[11, 0, 7, 8, 0]  	1574	4 
[0, 1, 10, 9, 0]  	1575	2 
[9, 0, 17, 1, 0]  	1578	2 
[4, 0, 14, 5, 0]  	1578	3 
[0, 5, 8, 9, 0]  	1581	2 
[1, 12, 13, 2, 0]  	1582	4 
[0, 11, 1, 12, 0]  	1582	3 
[0, 2, 7, 11, 0]  	1583	2 
[1, 9, 12, 4, 0]  	1584	2 
[0, 7, 7, 9, 0]  	1584	2 
[0, 38, 0, 2, 0]  	1590	1 
[0, 10, 12, 4, 0]  	1590	1 
[1, 0, 22, 0, 0]  	1593	1 
[0, 0, 3, 15, 0]  	1593	1 
[0, 0, 16, 5, 0]  	1596	1 
[6, 1, 9, 8, 0]  	1598	8 
[5, 1, 16, 3, 0]  	1604	6 
[11, 0, 14, 3, 0]  	1611	4 
[0, 1, 17, 4, 0]  	1612	1 
[1, 0, 21, 1, 0]  	1614	1 
[0, 11, 17, 0, 0]  	1614	1 
[0, 0, 2, 16, 0]  	1614	1 
[9, 0, 2, 13, 0]  	1617	7 
[1, 1, 5, 13, 0]  	1619	4 
[0, 7, 14, 4, 0]  	1621	1 
[0, 14, 0, 12, 0]  	1622	3 
[0, 9, 13, 4, 0]  	1624	1 
[0, 2, 5, 13, 0]  	1625	2 
[0, 1, 12, 8, 0]  	1625	2 
[0, 0, 23, 0, 0]  	1633	1  <--- 3
[14, 0, 17, 0, 0]  	1641	9 
[0, 0, 5, 14, 0]  	1643	1 
[0, 8, 19, 0, 0]  	1645	1 
[0, 4, 16, 4, 0]  	1652	1 
[9, 0, 9, 8, 0]  	1654	4 
[0, 6, 15, 4, 0]  	1655	1 
[1, 0, 19, 3, 0]  	1656	2 
[0, 12, 8, 7, 0]  	1656	2 
[0, 11, 15, 2, 0]  	1656	2 
[3, 0, 4, 14, 0]  	1665	3 
[0, 9, 15, 3, 0]  	1674	1 
[0, 5, 21, 0, 0]  	1676	1 
[0, 0, 12, 9, 0]  	1680	1 
[0, 43, 0, 1, 0]  	1683	1 
[9, 38, 0, 0, 0]  	1685	1 
[9, 0, 16, 3, 0]  	1691	5 
[0, 1, 0, 18, 0]  	1693	2 
[3, 0, 11, 9, 0]  	1702	4 
[0, 6, 17, 3, 0]  	1705	1 
[0, 0, 19, 4, 0]  	1717	1 
[0, 1, 7, 13, 0]  	1730	2 
[0, 3, 19, 3, 0]  	1736	1 
[3, 0, 18, 4, 0]  	1739	4 
[0, 0, 0, 19, 0]  	1748	1  <--- 4
[0, 0, 21, 3, 0]  	1767	1 
[0, 48, 0, 0, 0]  	1776	1  <--- 2
[6, 43, 0, 0, 0]  	1777	1 
[1, 3, 5, 1, 1]  	589	3 
[2, 3, 2, 6, 1]  	867	6 
[2, 1, 4, 6, 1]  	935	6 
[17, 1, 0, 5, 1]  	1024	6 
[2, 10, 9, 0, 1]  	1071	6 
[2, 13, 1, 5, 1]  	1074	6 
[2, 2, 12, 1, 1]  	1080	5 
[2, 1, 0, 11, 1]  	1111	5 
[14, 7, 0, 5, 1]  	1153	8 
[14, 1, 2, 6, 1]  	1165	15 
[2, 7, 12, 0, 1]  	1173	6 
[13, 6, 2, 5, 1]  	1227	15 
[12, 7, 2, 5, 1]  	1233	14 
[3, 6, 13, 0, 1]  	1238	9 
[12, 7, 9, 0, 1]  	1270	15 
[2, 6, 14, 0, 1]  	1278	7 
[9, 7, 4, 5, 1]  	1282	13 
[13, 1, 3, 7, 1]  	1297	14 
[14, 0, 11, 1, 1]  	1307	12 
[1, 6, 2, 10, 1]  	1315	5 
[15, 5, 3, 5, 1]  	1323	15 
[14, 0, 10, 2, 1]  	1328	14 
[3, 2, 10, 5, 1]  	1337	9 
[12, 6, 4, 5, 1]  	1338	11 
[9, 6, 12, 0, 1]  	1353	11 
[15, 4, 4, 5, 1]  	1357	14 
[11, 3, 13, 0, 1]  	1375	11 
[1, 29, 0, 3, 1]  	1380	6 
[1, 4, 17, 0, 1]  	1386	5 
[6, 2, 3, 10, 1]  	1393	9 
[1, 10, 14, 0, 1]  	1395	3 
[6, 4, 15, 0, 1]  	1399	9 
[12, 28, 0, 0, 1]  	1408	14 
[2, 1, 12, 5, 1]  	1411	6 
[10, 2, 8, 5, 1]  	1412	10 
[10, 1, 15, 0, 1]  	1412	10 
[15, 2, 6, 5, 1]  	1425	14 
[1, 7, 16, 0, 1]  	1426	3 
[3, 0, 19, 0, 1]  	1442	5 
[10, 2, 2, 10, 1]  	1446	8 
[9, 1, 3, 10, 1]  	1449	10 
[1, 2, 19, 0, 1]  	1454	4 
[9, 1, 10, 5, 1]  	1486	10 
[9, 0, 17, 0, 1]  	1486	10 
[1, 1, 20, 0, 1]  	1488	3 
[0, 2, 7, 10, 1]  	1491	3 
[15, 1, 14, 0, 1]  	1496	11 
[14, 2, 1, 10, 1]  	1499	13 
[1, 1, 19, 1, 1]  	1509	3 
[1, 1, 14, 5, 1]  	1522	3 
[1, 0, 21, 0, 1]  	1522	2 
[15, 1, 8, 5, 1]  	1530	16 
[15, 0, 15, 0, 1]  	1530	14 
[0, 10, 6, 8, 1]  	1532	2 
[14, 1, 9, 5, 1]  	1570	13 
[14, 0, 16, 0, 1]  	1570	14 
[3, 1, 0, 6, 2]  	682	4 
[3, 2, 9, 1, 2]  	898	7 
[3, 0, 11, 1, 2]  	966	7 
[15, 0, 7, 1, 2]  	1054	6 
[3, 0, 6, 6, 2]  	1071	4 
[3, 0, 0, 11, 2]  	1105	6 
[15, 0, 2, 6, 2]  	1159	10 
[14, 0, 9, 1, 2]  	1165	14 
[12, 0, 4, 6, 2]  	1208	15 
[14, 22, 0, 0, 2]  	1248	15 
[14, 2, 8, 2, 2]  	1260	17 
[2, 4, 15, 0, 2]  	1275	7 
[13, 0, 10, 2, 2]  	1297	14 
[12, 5, 4, 5, 2]  	1301	15 
[7, 2, 8, 5, 2]  	1319	10 
[1, 12, 12, 0, 2]  	1327	5 
[13, 25, 0, 0, 2]  	1328	14 
[12, 27, 0, 0, 2]  	1371	13 
[3, 2, 17, 0, 2]  	1374	8 
[7, 1, 16, 0, 2]  	1390	7 
[6, 1, 10, 5, 2]  	1393	8 
[11, 2, 14, 0, 2]  	1409	10 
[2, 0, 19, 0, 2]  	1411	5 
[10, 3, 14, 0, 2]  	1415	12 
[1, 9, 15, 0, 2]  	1429	4 
[5, 0, 5, 10, 2]  	1430	6 
[2, 32, 0, 2, 2]  	1430	6 
[11, 0, 5, 8, 2]  	1432	11 
[6, 3, 16, 0, 2]  	1433	6 
[2, 0, 0, 15, 2]  	1442	5 
[10, 1, 9, 5, 2]  	1446	8 
[9, 0, 10, 5, 2]  	1449	8 
[0, 32, 0, 3, 2]  	1460	4 
[9, 32, 0, 0, 2]  	1463	13 
[6, 0, 18, 0, 2]  	1464	6 
[14, 2, 7, 5, 2]  	1465	12 
[2, 0, 7, 10, 2]  	1479	4 
[9, 0, 4, 10, 2]  	1483	8 
[1, 0, 0, 16, 2]  	1503	2 
[0, 2, 2, 14, 2]  	1504	3 
[1, 35, 0, 2, 2]  	1510	3 
[2, 0, 14, 5, 2]  	1516	4 
[1, 0, 8, 10, 2]  	1519	2 
[2, 0, 9, 9, 2]  	1529	4 
[1, 0, 7, 11, 2]  	1540	2 
[1, 0, 15, 5, 2]  	1556	2 
[2, 0, 3, 14, 2]  	1563	2 
[2, 0, 16, 4, 2]  	1566	4 
[0, 40, 0, 1, 2]  	1572	2 
[1, 0, 14, 6, 2]  	1577	2 
[6, 40, 0, 0, 2]  	1666	4 
[1, 3, 4, 6, 3]  	978	3 
[1, 1, 4, 7, 3]  	996	3 
[2, 2, 11, 1, 3]  	1009	5 
[1, 2, 5, 6, 3]  	1012	4 
[2, 0, 11, 2, 3]  	1027	5 
[2, 1, 12, 1, 3]  	1043	6 
[1, 0, 6, 7, 3]  	1101	3 
[2, 0, 0, 12, 3]  	1166	5 
[2, 0, 8, 6, 3]  	1182	6 
[2, 0, 15, 1, 3]  	1219	6 
[2, 0, 3, 11, 3]  	1287	7 
[7, 4, 13, 0, 3]  	1288	10 
[11, 6, 4, 5, 3]  	1307	12 
[1, 1, 10, 6, 3]  	1330	5 
[3, 1, 17, 0, 3]  	1337	7 
[7, 2, 15, 0, 3]  	1356	9 
[6, 3, 15, 0, 3]  	1362	9 
[1, 0, 11, 6, 3]  	1364	3 
[1, 0, 18, 1, 3]  	1401	4 
[11, 29, 0, 0, 3]  	1414	12 
[1, 2, 12, 5, 3]  	1417	4 
[16, 1, 6, 5, 3]  	1419	15 
[1, 0, 4, 12, 3]  	1419	3 
[10, 30, 0, 0, 3]  	1420	11 
[1, 3, 18, 0, 3]  	1420	5 
[1, 33, 0, 2, 3]  	1436	6 
[1, 1, 13, 5, 3]  	1451	4 
[1, 0, 2, 14, 3]  	1461	4 
[1, 0, 14, 5, 3]  	1485	3 
[14, 1, 8, 5, 3]  	1499	12 
[0, 2, 14, 5, 3]  	1528	2 
[1, 0, 16, 4, 3]  	1535	3 
[0, 37, 0, 2, 3]  	1553	2 
[0, 1, 15, 5, 3]  	1562	2 
[0, 1, 14, 6, 3]  	1583	2 
[0, 4, 10, 8, 3]  	1594	2 
[11, 27, 0, 0, 4]  	1340	14 
[4, 0, 5, 10, 4]  	1399	7 
[8, 33, 0, 0, 4]  	1469	10 
[1, 0, 1, 15, 4]  	1482	3 
[1, 37, 0, 1, 4]  	1492	4 
[0, 38, 0, 1, 4]  	1498	3 
[7, 35, 0, 0, 4]  	1512	6 
[6, 37, 0, 0, 4]  	1555	9 
[2, 45, 0, 0, 4]  	1727	2 
[13, 8, 7, 0, 5]  	1196	14 
[1, 1, 3, 11, 5]  	1293	5 
[1, 0, 3, 12, 5]  	1348	3 
[1, 1, 17, 1, 5]  	1367	5 
[1, 0, 17, 2, 5]  	1422	4 
[0, 12, 8, 5, 5]  	1472	3 
[0, 35, 0, 2, 5]  	1479	3 
[0, 42, 0, 0, 5]  	1554	4 
[4, 41, 0, 0, 5]  	1641	7 
[5, 38, 0, 0, 6]  	1561	7 
[4, 40, 0, 0, 6]  	1604	4 
[0, 11, 15, 0, 242]  	1472	2 
[0, 19, 0, 8, 243]  	1439	3 
[0, 27, 0, 4, 245]  	1367	4 
[0, 22, 0, 5, 246]  	1274	3 
[1, 9, 3, 9, 246]  	1405	4 
[0, 12, 1, 10, 246]  	1435	3 
[0, 11, 2, 10, 246]  	1469	3 
[0, 11, 1, 11, 246]  	1490	3 
[0, 1, 21, 0, 246]  	1528	1 
[0, 0, 22, 0, 246]  	1562	1 
[0, 0, 21, 1, 246]  	1583	1 
[0, 14, 0, 9, 247]  	1346	2 
[1, 8, 3, 9, 247]  	1368	4 
[0, 8, 3, 10, 247]  	1429	3 
[0, 17, 0, 5, 248]  	1089	3 
[0, 6, 1, 11, 248]  	1305	3 
[0, 9, 0, 11, 248]  	1345	3 
[0, 12, 0, 10, 248]  	1364	3 
[0, 9, 2, 10, 248]  	1395	2 
[1, 0, 5, 11, 248]  	1398	4 
[1, 11, 2, 9, 248]  	1408	3 
[0, 8, 4, 9, 248]  	1408	2 
[0, 5, 3, 11, 248]  	1410	3 
[0, 6, 4, 10, 248]  	1426	3 
[0, 4, 0, 14, 248]  	1436	3 
[0, 12, 14, 0, 248]  	1438	2 
[0, 12, 13, 1, 248]  	1459	2 
[0, 5, 5, 10, 248]  	1460	3 
[0, 8, 10, 5, 248]  	1466	2 
[0, 7, 11, 5, 248]  	1500	2 
[0, 7, 10, 6, 248]  	1521	2 
[0, 3, 17, 3, 248]  	1594	1 
[1, 11, 4, 5, 249]  	1182	5 
[1, 10, 12, 0, 249]  	1253	4 
[1, 12, 11, 0, 249]  	1256	5 
[1, 7, 14, 0, 249]  	1284	4 
[1, 9, 13, 0, 249]  	1287	4 
[6, 2, 8, 5, 249]  	1288	7 
[1, 0, 10, 6, 249]  	1293	4 
[0, 12, 11, 1, 249]  	1317	2 
[1, 8, 1, 10, 249]  	1318	4 
[0, 9, 1, 10, 249]  	1324	3 
[2, 27, 0, 3, 249]  	1337	5 
[0, 8, 2, 10, 249]  	1358	3 
[0, 13, 6, 5, 249]  	1367	3 
[0, 7, 8, 6, 249]  	1379	2 
[0, 5, 4, 10, 249]  	1389	3 
[0, 8, 9, 5, 249]  	1395	2 
[1, 0, 13, 5, 249]  	1414	3 
[1, 1, 19, 0, 249]  	1417	3 
[0, 1, 0, 15, 249]  	1417	2 
[0, 11, 8, 5, 249]  	1435	2 
[0, 5, 6, 9, 249]  	1439	2 
[0, 1, 12, 6, 249]  	1441	2 
[0, 2, 13, 5, 249]  	1457	2 
[0, 2, 8, 9, 249]  	1470	2 
[0, 1, 14, 5, 249]  	1491	2 
[0, 5, 12, 5, 249]  	1497	2 
[0, 1, 8, 10, 249]  	1525	2 
[0, 1, 7, 11, 249]  	1546	2 
[0, 4, 15, 4, 249]  	1581	1 
[0, 15, 0, 5, 250]  	1015	2 
[0, 4, 0, 11, 250]  	1160	3 
[0, 3, 1, 11, 250]  	1194	2 
[12, 6, 2, 5, 250]  	1196	11 
[1, 7, 13, 0, 250]  	1213	4 
[0, 13, 4, 5, 250]  	1225	3 
[2, 2, 3, 10, 250]  	1269	6 
[1, 3, 3, 10, 250]  	1275	4 
[1, 1, 17, 0, 250]  	1275	4 
[0, 2, 3, 11, 250]  	1299	2 
[3, 1, 10, 5, 250]  	1300	6 
[2, 2, 10, 5, 250]  	1306	5 
[0, 3, 4, 10, 250]  	1315	3 
[6, 2, 15, 0, 250]  	1325	6 
[1, 0, 4, 11, 250]  	1327	4 
[0, 9, 14, 0, 250]  	1327	1 
[0, 1, 17, 1, 250]  	1336	1 
[1, 28, 0, 3, 250]  	1343	4 
[0, 9, 13, 1, 250]  	1348	1 
[6, 1, 16, 0, 250]  	1359	5 
[1, 12, 1, 9, 250]  	1374	3 
[0, 11, 2, 9, 250]  	1377	2 
[1, 0, 19, 0, 250]  	1380	3 
[0, 1, 6, 10, 250]  	1383	2 
[0, 30, 0, 3, 250]  	1386	3 
[1, 32, 0, 2, 250]  	1399	4 
[0, 1, 5, 11, 250]  	1404	2 
[0, 4, 18, 0, 250]  	1426	1 
[0, 0, 19, 1, 250]  	1441	1 
[0, 1, 20, 0, 250]  	1457	1 
[0, 7, 17, 0, 250]  	1466	1 
[0, 1, 9, 9, 250]  	1504	2 
[0, 10, 11, 4, 250]  	1519	1 
[0, 7, 13, 4, 250]  	1550	1 
[0, 14, 0, 5, 251]  	978	2 
[1, 8, 4, 5, 251]  	1071	5 
[0, 8, 4, 6, 251]  	1132	2 
[1, 7, 12, 0, 251]  	1142	4 
[1, 1, 1, 11, 251]  	1151	4 
[0, 1, 8, 6, 251]  	1157	2 
[0, 5, 6, 6, 251]  	1163	2 
[2, 3, 1, 10, 251]  	1164	7 
[1, 6, 0, 10, 251]  	1173	4 
[3, 2, 8, 5, 251]  	1195	7 
[1, 3, 2, 10, 251]  	1204	5 
[0, 6, 1, 10, 251]  	1213	2 
[1, 1, 15, 1, 251]  	1225	4 
[0, 3, 3, 10, 251]  	1244	2 
[0, 9, 0, 10, 251]  	1253	2 
[0, 24, 0, 4, 251]  	1256	3 
[0, 1, 3, 11, 251]  	1262	2 
[1, 2, 10, 5, 251]  	1275	4 
[1, 0, 15, 2, 251]  	1280	3 
[0, 11, 6, 5, 251]  	1293	2 
[1, 1, 11, 5, 251]  	1309	4 
[0, 28, 0, 3, 251]  	1312	3 
[1, 0, 17, 1, 251]  	1330	4 
[1, 0, 12, 5, 251]  	1343	3 
[0, 2, 5, 10, 251]  	1349	3 
[0, 5, 10, 5, 251]  	1355	2 
[3, 0, 5, 10, 251]  	1368	5 
[1, 6, 16, 0, 251]  	1389	4 
[0, 1, 13, 5, 251]  	1420	2 
[0, 12, 9, 4, 251]  	1451	2 
[2, 13, 5, 0, 252]  	898	5 
[1, 12, 0, 6, 252]  	1027	3 
[3, 8, 9, 0, 252]  	1028	6 
[1, 10, 9, 0, 252]  	1040	3 
[1, 12, 8, 0, 252]  	1043	4 
[1, 9, 2, 6, 252]  	1058	2 
[0, 6, 4, 6, 252]  	1058	2 
[0, 2, 0, 11, 252]  	1086	2 
[0, 11, 2, 6, 252]  	1101	1 
[2, 7, 11, 0, 252]  	1102	6 
[1, 2, 13, 1, 252]  	1120	2 
[0, 1, 1, 11, 252]  	1120	2 
[2, 19, 0, 4, 252]  	1133	6 
[2, 4, 13, 0, 252]  	1133	6 
[1, 4, 14, 0, 252]  	1173	4 
[1, 5, 1, 10, 252]  	1207	5 
[1, 22, 0, 4, 252]  	1213	5 
[3, 2, 15, 0, 252]  	1232	6 
[2, 1, 3, 10, 252]  	1232	5 
[2, 2, 9, 5, 252]  	1235	5 
[2, 3, 15, 0, 252]  	1238	6 
[0, 10, 11, 1, 252]  	1243	1 
[0, 7, 14, 0, 252]  	1253	1 
[3, 0, 10, 5, 252]  	1263	5 
[3, 1, 16, 0, 252]  	1266	5 
[2, 2, 16, 0, 252]  	1272	4 
[0, 7, 13, 1, 252]  	1274	1 
[1, 3, 16, 0, 252]  	1278	4 
[0, 4, 15, 1, 252]  	1305	1 
[1, 27, 0, 3, 252]  	1306	4 
[11, 5, 11, 0, 252]  	1307	8 
[0, 2, 11, 5, 252]  	1315	2 
[2, 0, 5, 10, 252]  	1337	4 
[2, 0, 18, 0, 252]  	1340	3 
[0, 12, 13, 0, 252]  	1367	2 
[0, 0, 12, 6, 252]  	1404	1 
[1, 0, 0, 15, 252]  	1411	3 
[0, 0, 6, 11, 252]  	1438	1 
[0, 0, 5, 12, 252]  	1459	1 
[0, 0, 0, 16, 252]  	1472	1 
[0, 0, 8, 10, 252]  	1488	1 
[0, 0, 15, 5, 252]  	1525	1 
[0, 6, 0, 6, 253]  	774	2 
[1, 3, 2, 6, 253]  	836	4 
[1, 1, 4, 6, 253]  	904	4 
[2, 12, 0, 5, 253]  	966	5 
[1, 2, 11, 1, 253]  	978	3 
[1, 0, 11, 2, 253]  	996	3 
[2, 9, 2, 5, 253]  	997	6 
[1, 1, 12, 1, 253]  	1012	4 
[0, 1, 6, 6, 253]  	1015	2 
[0, 8, 9, 1, 253]  	1027	1 
[0, 1, 0, 11, 253]  	1049	2 
[2, 7, 4, 5, 253]  	1065	7 
[1, 4, 13, 0, 253]  	1102	4 
[0, 12, 8, 1, 253]  	1104	2 
[0, 7, 11, 1, 253]  	1132	1 
[2, 6, 12, 0, 253]  	1136	6 
[1, 5, 0, 10, 253]  	1136	5 
[0, 11, 4, 5, 253]  	1151	2 
[0, 22, 0, 4, 253]  	1182	3 
[3, 3, 14, 0, 253]  	1198	6 
[0, 5, 9, 5, 253]  	1284	2 
[0, 1, 18, 0, 253]  	1315	1 
[11, 4, 12, 0, 253]  	1341	6 
[0, 33, 0, 2, 253]  	1405	3 
[16, 0, 13, 0, 253]  	1419	6 
[14, 0, 15, 0, 253]  	1499	3 
[1, 8, 5, 0, 254]  	682	3 
[2, 1, 2, 6, 254]  	793	5 
[3, 0, 9, 1, 254]  	824	6 
[2, 2, 9, 1, 254]  	867	5 
[3, 7, 8, 0, 254]  	920	4 
[2, 6, 9, 0, 254]  	923	3 
[3, 0, 4, 6, 254]  	929	6 
[1, 12, 0, 5, 254]  	935	3 
[0, 3, 4, 6, 254]  	947	1 
[2, 0, 4, 7, 254]  	990	4 
[2, 4, 11, 0, 254]  	991	4 
[0, 11, 7, 1, 254]  	996	1 
[0, 11, 2, 5, 254]  	1009	2 
[0, 13, 1, 5, 254]  	1012	3 
[0, 5, 11, 1, 254]  	1058	1 
[1, 5, 12, 0, 254]  	1068	4 
[1, 7, 11, 0, 254]  	1071	3 
[0, 12, 9, 0, 254]  	1083	2 
[0, 2, 13, 1, 254]  	1089	1 
[1, 4, 0, 10, 254]  	1099	4 
[1, 19, 0, 4, 254]  	1102	5 
[1, 0, 1, 11, 254]  	1114	3 
[0, 0, 8, 6, 254]  	1120	1 
[1, 3, 1, 10, 254]  	1133	4 
[1, 0, 0, 12, 254]  	1135	3 
[0, 0, 15, 1, 254]  	1157	1 
[3, 0, 15, 0, 254]  	1158	5 
[3, 2, 14, 0, 254]  	1161	5 
[0, 0, 1, 12, 254]  	1175	1 
[2, 2, 15, 0, 254]  	1201	5 
[2, 1, 16, 0, 254]  	1235	4 
[1, 2, 16, 0, 254]  	1241	3 
[1, 0, 18, 0, 254]  	1309	3 
[0, 1, 0, 6, 255]  	589	2 
[3, 0, 7, 1, 255]  	682	4 
[2, 7, 0, 5, 255]  	781	5 
[2, 6, 7, 0, 255]  	781	3 
[0, 2, 11, 0, 255]  	855	1 
[2, 6, 2, 5, 255]  	886	5 
[0, 12, 0, 5, 255]  	904	2 
[0, 11, 7, 0, 255]  	904	1 
[2, 0, 11, 1, 255]  	935	4 
[0, 8, 9, 0, 255]  	935	1 
[1, 6, 4, 5, 255]  	997	4 
[1, 0, 6, 6, 255]  	1009	3 
[17, 0, 7, 0, 255]  	1024	2 
[1, 0, 13, 1, 255]  	1046	3 
[1, 18, 0, 4, 255]  	1065	3 
[0, 0, 15, 0, 255]  	1065	1 
[0, 0, 1, 11, 255]  	1083	1 
[2, 1, 8, 5, 255]  	1127	5 
[16, 0, 9, 0, 255]  	1135	1 
[0, 1, 9, 5, 255]  	1136	2 
[14, 0, 11, 0, 255]  	1215	1 
[11, 5, 4, 5, 255]  	1270	9 
------
The gap is between 7 and 241.
Lengths: 5 5 8 14 5 19.
For 1536 = 3*d-d1-d2-d3-d4 you get 5 in char 0.
1 + 0*2^64 + 0*2^128 + 0*2^192*x^13*z^3*w^10
1 + 0*2^64 + 0*2^128 + 0*2^192*x^3*y^39
1 + 0*2^64 + 0*2^128 + 0*2^192*y^4*z^4*w^12
1 + 0*2^64 + 0*2^128 + 0*2^192*y^3*z^11*w^7
1 + 0*2^64 + 0*2^128 + 0*2^192*y^2*z^18*w^2

For 947 = 2*d-d1-d2-d3-d4 you get 8 in char 0.
1 + 0*2^64 + 0*2^128 + 0*2^192*x^14*y^2*z^1*w^4
1 + 0*2^64 + 0*2^128 + 0*2^192*x^11*y^7*z^1*w^3
1 + 0*2^64 + 0*2^128 + 0*2^192*x^10*y^4*z^3*w^3
1 + 0*2^64 + 0*2^128 + 0*2^192*x^9*y^1*z^5*w^3
1 + 0*2^64 + 0*2^128 + 0*2^192*x^4*z^9*w^2
1 + 0*2^64 + 0*2^128 + 0*2^192*x^1*y^6*z^2*w^6
1 + 0*2^64 + 0*2^128 + 0*2^192*y^3*z^4*w^6
1 + 0*2^64 + 0*2^128 + 0*2^192*y^2*z^11*w^1

For 358 = d-d1-d2-d3-d4 you get 5 in char 0.
1 + 0*2^64 + 0*2^128 + 0*2^192*x^5*y^3*w^1
1 + 0*2^64 + 0*2^128 + 0*2^192*x^4*z^2*w^1
1 + 0*2^64 + 0*2^128 + 0*2^192*x^2*y^8
1 + 0*2^64 + 0*2^128 + 0*2^192*x^1*y^5*z^2
1 + 0*2^64 + 0*2^128 + 0*2^192*y^2*z^4

Extra powers of p used 11.
The invariant extra is equal to 33.
Start computing 2^4 Delta^1 (x1x2x3x4)^1... Done.
Start computing 2^5 Delta^2 (x1x2x3x4)^1... Done.
Start computing 2^6 Delta^3 (x1x2x3x4)^1... Done.
Start computing 2^7 Delta^4 (x1x2x3x4)^1... Done.
Start computing 2^8 Delta^5 (x1x2x3x4)^1... Done.
Start computing 2^9 Delta^6 (x1x2x3x4)^1... Done.
Start computing 2^10 Delta^7 (x1x2x3x4)^1... Done.
Start computing 2^11 Delta^8 (x1x2x3x4)^1... Done.
Start computing 2^12 Delta^9 (x1x2x3x4)^1... Done.
Start computing 2^13 Delta^10 (x1x2x3x4)^1... Done.
Start computing 2^14 Delta^11 (x1x2x3x4)^1... Done.
Start computing 2^15 Delta^12 (x1x2x3x4)^1... Done.
Start computing 2^16 Delta^13 (x1x2x3x4)^1... Done.
Start computing 2^17 Delta^14 (x1x2x3x4)^1... Done.
Start computing 2^18 Delta^15 (x1x2x3x4)^1... Done.
Start computing 2^19 Delta^16 (x1x2x3x4)^1... Done.
Start computing 2^20 Delta^17 (x1x2x3x4)^1... Done.
Start computing 2^21 Delta^18 (x1x2x3x4)^1... Done.
Start computing 2^22 Delta^19 (x1x2x3x4)^1... Done.
Start computing 2^23 Delta^20 (x1x2x3x4)^1... Done.
Start computing 2^24 Delta^21 (x1x2x3x4)^1... Done.
Start computing 2^25 Delta^22 (x1x2x3x4)^1... Done.
Start computing 2^26 Delta^23 (x1x2x3x4)^1... Done.
Start computing 2^27 Delta^24 (x1x2x3x4)^1... Done.
Start computing 2^28 Delta^25 (x1x2x3x4)^1... Done.
Start computing 2^29 Delta^26 (x1x2x3x4)^1... Done.
Start computing 2^30 Delta^27 (x1x2x3x4)^1... Done.
Start computing 2^31 Delta^28 (x1x2x3x4)^1... Done.
Start computing 2^32 Delta^29 (x1x2x3x4)^1... Done.
Start computing 2^33 Delta^30 (x1x2x3x4)^1... Done.
Start computing 2^34 Delta^31 (x1x2x3x4)^1... Done.
Start computing 2^35 Delta^32 (x1x2x3x4)^1... Done.
Start computing 2^36 Delta^33 (x1x2x3x4)^1... Done.
Start computing 2^37 Delta^34 (x1x2x3x4)^1... Done.
Start computing 2^38 Delta^35 (x1x2x3x4)^1... Done.
Start computing aa.
1 2 3 4 5 6 7 8 9 10 11 12 13 14 15 16 17 18 
*/
A = \
[6686550967889557504 + 13183261824074602104*2^64 + 9706885179709764845*2^128 + 231170286961*2^192,297939169003814912 + 8356106934397938468*2^64 + 14599248644531487829*2^128 + 1030537959608*2^192,1737689334393851904 + 8641726666802525267*2^64 + 6542671838491197742*2^128 + 1473652802541*2^192,960961835072851968 + 10612993704047688792*2^64 + 8620471670122236203*2^128 + 285416909740*2^192,13292632792318447616 + 1227991279704469590*2^64 + 17237095416343233005*2^128 + 786800200885*2^192,13088870349846265856 + 17977226651845108982*2^64 + 17003318214405677065*2^128 + 1231134470871*2^192,17690717860306862080 + 14374008742083351725*2^64 + 10691835327835441965*2^128 + 540583241653*2^192,263574320836632576 + 824747756864437215*2^64 + 12435664031780554863*2^128 + 2144760139488*2^192,4742720164645314560 + 10909725779422975257*2^64 + 8560057595170888595*2^128 + 2097662706174*2^192,10056027298584600576 + 11111855944195518105*2^64 + 2337484898567935089*2^128 + 1520707528356*2^192,17774180790660120576 + 8379168264109923474*2^64 + 8209151962451672287*2^128 + 1898589575981*2^192,3389788769927856128 + 11108706225751415974*2^64 + 13401557559992333928*2^128 + 860175702556*2^192,1967774590169874432 + 12772977586160949678*2^64 + 18328685187559321199*2^128 + 408717824545*2^192,2702044904144076800 + 4384183232396981611*2^64 + 16128008128471680752*2^128 + 68149204382*2^192,12471726673183735808 + 1817096616959105252*2^64 + 10688002781614831121*2^128 + 653539929761*2^192,17639031950645313536 + 12160163474409984643*2^64 + 10688700512868896799*2^128 + 1797997933422*2^192,4571275727862857728 + 8465284280604011378*2^64 + 11234309640098914793*2^128 + 929201654973*2^192,12112983856591126528 + 3917595781159948678*2^64 + 17927900237804638675*2^128 + 766067244183*2^192;\
7287051988123215872 + 7736520352444478044*2^64 + 5443507940158958779*2^128 + 1317065228643*2^192,1953890564046329856 + 13172978866702523807*2^64 + 15102856740683481154*2^128 + 1261267035227*2^192,17062178809710825472 + 3996241511589240528*2^64 + 16163051577151119681*2^128 + 2049412072950*2^192,15711324505043087360 + 17758993195567508804*2^64 + 10487340823797863275*2^128 + 834046410775*2^192,12838628643382939648 + 11486577046768486465*2^64 + 4191765808942987743*2^128 + 542806320866*2^192,17986942556361064448 + 6056537361603991495*2^64 + 13807439384908081389*2^128 + 243361790683*2^192,1932864873061261312 + 33504253974489214*2^64 + 15097546174901849475*2^128 + 670765224774*2^192,696282510684430336 + 49578403845215239*2^64 + 7185486070985046126*2^128 + 1896431013866*2^192,5777973019754225664 + 15944624018457506845*2^64 + 8843950905387858289*2^128 + 736847000798*2^192,13933979539470188544 + 13843300429205451636*2^64 + 6403148030281722043*2^128 + 1418245321863*2^192,10735001887872450560 + 15020465790592397808*2^64 + 3123999192487192456*2^128 + 798561262841*2^192,17822318726951878656 + 10042747524434451483*2^64 + 15354114050468347187*2^128 + 1438320812773*2^192,4735884684814532608 + 1480108920117427144*2^64 + 15553623456030421687*2^128 + 1048073777369*2^192,15790172337145856000 + 14373720108820718088*2^64 + 8775929182222062171*2^128 + 1952684894882*2^192,1797256668047523840 + 2229281569233624562*2^64 + 16785054192092898673*2^128 + 705380872586*2^192,11473880543759400960 + 15706923931139448569*2^64 + 8819691084403093697*2^128 + 600690645218*2^192,18339843396365828096 + 10145792020446269492*2^64 + 6377359765014064948*2^128 + 1998039868202*2^192,15993653047337189376 + 11244947119632945836*2^64 + 14459872488461895219*2^128 + 2131812602754*2^192;\
494628784762820832 + 12237387247232277084*2^64 + 16214783501806276388*2^128 + 1511463191975*2^192,7325788012914778240 + 6249740321714082373*2^64 + 9171667052220412442*2^128 + 1934005215061*2^192,15392196429263733568 + 6255028628452558622*2^64 + 18131271946389955960*2^128 + 2172579687508*2^192,3577495571404684992 + 3433468240030272388*2^64 + 1200887432010367222*2^128 + 1869443695041*2^192,10671160470805525056 + 3331490285398106765*2^64 + 14703187327082408221*2^128 + 809166111571*2^192,1374624284544491648 + 17906055899081611916*2^64 + 10011673144054795060*2^128 + 718995457692*2^192,14343833116723447168 + 12482656705033385248*2^64 + 12301797610367724022*2^128 + 1099823726200*2^192,3206640790050984448 + 12704407236465228090*2^64 + 1100121000632175490*2^128 + 464971615369*2^192,1292080750832961920 + 9634428437745098249*2^64 + 2001478552997095030*2^128 + 1135505727242*2^192,5089113271535394048 + 2627993242205268676*2^64 + 2718043441406692081*2^128 + 1632621387202*2^192,6798680189602493952 + 11097028762565525836*2^64 + 2200664134104589022*2^128 + 887639501895*2^192,13272395233362910720 + 2255711734605952675*2^64 + 13023367901087798979*2^128 + 1787004037340*2^192,2961213158902331392 + 2934120925427294754*2^64 + 7723289704629577266*2^128 + 1547738266726*2^192,6610716168904725504 + 7264829854934903120*2^64 + 2976889271424288562*2^128 + 1622464252273*2^192,9458230646990277632 + 13625641353251066160*2^64 + 8971340603245054884*2^128 + 14462908308*2^192,14591234770306720512 + 14304639379814834866*2^64 + 12642972270828144799*2^128 + 1218332562196*2^192,11318316611144643840 + 14958332004446400703*2^64 + 14237129330258988251*2^128 + 1501852119528*2^192,17531442303498749440 + 1118281002003466940*2^64 + 6432167318719835790*2^128 + 1755529249874*2^192;\
694896389307951040 + 13165600262387702771*2^64 + 831587767986326073*2^128 + 1711737664079*2^192,7072286189995334016 + 941600860589068486*2^64 + 5409139850280683655*2^128 + 1407213568332*2^192,1373033138633112832 + 10043930455839324904*2^64 + 7153223120520480881*2^128 + 152108375765*2^192,16079248717940421888 + 8847130135183903060*2^64 + 1551284724440444826*2^128 + 827106125804*2^192,1257278166259004672 + 16489663751913187987*2^64 + 3906426670358572039*2^128 + 1879488557187*2^192,11623163635374448128 + 16301455176864069827*2^64 + 4804448798366229012*2^128 + 1272794976294*2^192,5186901718528709376 + 8601470809837496748*2^64 + 1628847994303675787*2^128 + 1913401827382*2^192,5975815434886361088 + 9086603799539380875*2^64 + 16175958928390692758*2^128 + 1428534601394*2^192,15495167277614159616 + 7688232636800386920*2^64 + 14700789907884434035*2^128 + 1643164818947*2^192,1036527056367163904 + 2995928913311305958*2^64 + 13520086844977635324*2^128 + 2121726391760*2^192,8120054727385200128 + 11613339627012180223*2^64 + 309553931672703371*2^128 + 13012119984*2^192,5177281286324877824 + 6989597135325835024*2^64 + 10285517590300111070*2^128 + 228213456035*2^192,9235068335488754176 + 7326529226653560607*2^64 + 2847103176293525453*2^128 + 634093109598*2^192,14679757953337481728 + 12408718020740887342*2^64 + 5053478954234250533*2^128 + 1644590035689*2^192,16365459052905154048 + 1457810404902512771*2^64 + 7904595630809580831*2^128 + 189559152824*2^192,1464850951201664512 + 10818422696713658957*2^64 + 13235909993072615784*2^128 + 1883371013333*2^192,18129677688051021824 + 9115326789184110912*2^64 + 11418771555724316665*2^128 + 2064436326336*2^192,7272102677997711360 + 5813011950637068377*2^64 + 6389999688801545488*2^128 + 506776702781*2^192;\
4698697498559695808 + 14655998850118034414*2^64 + 2220275134958144210*2^128 + 1447603720179*2^192,16233097000430649536 + 1439199455947414725*2^64 + 15463920378228965757*2^128 + 973728363445*2^192,12563368325964336128 + 8480959413917348191*2^64 + 12976413660381198501*2^128 + 1670889511878*2^192,7678614127572231936 + 5834346713942086790*2^64 + 355107930931208601*2^128 + 661029267208*2^192,12823267100388635136 + 5565527147702921388*2^64 + 2776773839225141455*2^128 + 114569345319*2^192,4631924542289189376 + 8479520395360994107*2^64 + 163321196291799812*2^128 + 2088686532446*2^192,924896929650805248 + 10248428873180766707*2^64 + 13853200766478135024*2^128 + 571952453544*2^192,12935406698117346560 + 6698367257216415552*2^64 + 8103859571251951048*2^128 + 881810589848*2^192,10931908657136625664 + 15711547429566418494*2^64 + 8670062225872264034*2^128 + 1569177907919*2^192,5021494570392364928 + 6956596253595032614*2^64 + 9712007936533123399*2^128 + 2086219770431*2^192,8394912829608922880 + 15836795463508879870*2^64 + 2744339805916310798*2^128 + 1420245523657*2^192,15895775762340831232 + 16823588919723700909*2^64 + 532896489428211104*2^128 + 29138442091*2^192,13411553028697417216 + 14726071973366403439*2^64 + 238723429320325127*2^128 + 1459670648851*2^192,13607319058706737152 + 6344439609749410575*2^64 + 2388380304096520614*2^128 + 314686358000*2^192,7509547424619841792 + 16786013432528073628*2^64 + 15642541165231771167*2^128 + 1261473321766*2^192,12642159057156512512 + 17840883682255866684*2^64 + 3800730611420582197*2^128 + 1234867267312*2^192,17796063316413866752 + 2285755852014162380*2^64 + 2183475127358597437*2^128 + 2048398698318*2^192,16072969873646709504 + 18056063486852707622*2^64 + 6352135463770381717*2^128 + 1282303762008*2^192;\
17548794032137151744 + 11157459424445916208*2^64 + 17195792381946797145*2^128 + 49817246006*2^192,5877225231768400384 + 979830270215433146*2^64 + 3965357110154550861*2^128 + 447437277028*2^192,3466548887602632192 + 3012149694918238932*2^64 + 14264211335429838084*2^128 + 221599761072*2^192,17844315743469261312 + 11745546647834838895*2^64 + 2282959999831896626*2^128 + 1043888556370*2^192,7033443083619397120 + 7948634812057439596*2^64 + 10005278877211158962*2^128 + 1090365681349*2^192,4100305983742467072 + 17697682395727007603*2^64 + 16999109325895190348*2^128 + 255816910000*2^192,3691235514088754176 + 15294853802164455696*2^64 + 14985681450583434483*2^128 + 127532776642*2^192,3704599713920747520 + 5734497626048143951*2^64 + 8438199440635132959*2^128 + 440385125494*2^192,4253271626493836288 + 6767631828694703360*2^64 + 9125491808697188533*2^128 + 417522881908*2^192,10265202242720881664 + 17305088528137942261*2^64 + 5699519340541369124*2^128 + 15689288276*2^192,5454063146123339776 + 16336080162627572467*2^64 + 5019652864044798070*2^128 + 297490361544*2^192,12064627349972615168 + 10062603455957056846*2^64 + 10913971436961095188*2^128 + 19019668201*2^192,13570861608819359744 + 17450881965483777454*2^64 + 5077434569434876858*2^128 + 664430392313*2^192,5863162421430808576 + 851543159836788259*2^64 + 16227329904380679008*2^128 + 169948554151*2^192,8762410265321646080 + 4020461366473853062*2^64 + 3776683413140893119*2^128 + 929536460755*2^192,13059738706765848576 + 16526571264654745350*2^64 + 13867327163778894080*2^128 + 255747181442*2^192,139530910304305152 + 3730877458397053197*2^64 + 6731407343397045669*2^128 + 532160998152*2^192,6047547551982278656 + 10656978279216770243*2^64 + 14914386657614234920*2^128 + 353214348570*2^192;\
15213547522297382272 + 15215514320403806718*2^64 + 10074659993892685868*2^128 + 824174130350*2^192,14348427252911824640 + 16106572983484253786*2^64 + 15599095246313102312*2^128 + 731605373859*2^192,2104224582646741248 + 8481079324850668771*2^64 + 16048608179705111146*2^128 + 954125032696*2^192,12432741985139057408 + 1855115007646241122*2^64 + 7279408149054375289*2^128 + 42310452969*2^192,1069208812971052288 + 7229957213177388181*2^64 + 14963763876371579372*2^128 + 43426139867*2^192,6618415877855498752 + 6010693923032879723*2^64 + 18039846832431789023*2^128 + 599382950406*2^192,2471680724210371072 + 676024526560705172*2^64 + 9618398920258123139*2^128 + 915105901258*2^192,12868208010102934528 + 4705049739639085921*2^64 + 3995970594416945039*2^128 + 1029731209182*2^192,3757635165270696448 + 7574717310841390587*2^64 + 816175346498373625*2^128 + 401650526766*2^192,10753024505891607040 + 9654008767138956791*2^64 + 13153016690180375813*2^128 + 69423322865*2^192,17625673922836659200 + 1558706307231713495*2^64 + 13765884926264385819*2^128 + 823852393204*2^192,11549037798677094400 + 9164467499708275432*2^64 + 5194889541591125646*2^128 + 349457689614*2^192,14167059308293234688 + 816251229824734627*2^64 + 12340241615627470919*2^128 + 28983675580*2^192,15403250915316471808 + 8889411541541697867*2^64 + 10750757460266200168*2^128 + 315349757067*2^192,12074291854783142912 + 2234356421199086919*2^64 + 9267123047316378967*2^128 + 169469061397*2^192,15321195340238118912 + 13862216598949713994*2^64 + 17243266818793061149*2^128 + 190420902046*2^192,4198586431783669760 + 2919262524752148642*2^64 + 966115490140839333*2^128 + 737193406628*2^192,9466196743972992000 + 17065942581168952946*2^64 + 15592960486191013780*2^128 + 846920889213*2^192;\
4151953672916129152 + 10866513119682700748*2^64 + 5786118990324932329*2^128 + 1030457086041*2^192,15462699296228580096 + 5632643589787869583*2^64 + 17345721643782976802*2^128 + 169390891366*2^192,10104704973070451968 + 9700064700819288574*2^64 + 1775795258838716636*2^128 + 766718100944*2^192,9962779470038726400 + 14296026866875896235*2^64 + 570442427141299811*2^128 + 448477275311*2^192,6344261494527691008 + 9902215511264349057*2^64 + 15066132569381234479*2^128 + 633328989603*2^192,8673527673315686912 + 10208617084522820839*2^64 + 16220371420759083899*2^128 + 712535256066*2^192,9528056479019035136 + 2394935792001854807*2^64 + 6010884823716332779*2^128 + 901724638401*2^192,12658363827092646912 + 9519785338138411438*2^64 + 14622252165828464393*2^128 + 1055206208988*2^192,82317480743698944 + 388507429675099512*2^64 + 16283941602821904131*2^128 + 636415263396*2^192,12346971058176217600 + 16980620733960330989*2^64 + 4412257375754269306*2^128 + 71155591194*2^192,9766059726198164480 + 3965641711035312954*2^64 + 5011174101406966159*2^128 + 250483337103*2^192,10085764738915340288 + 4012185586470443552*2^64 + 4733538887792052556*2^128 + 994754910963*2^192,3965934293677731840 + 17224812590122077782*2^64 + 8681730809767728486*2^128 + 791850628763*2^192,4618403544553252864 + 11433750591805581730*2^64 + 7190542495337092075*2^128 + 943070623877*2^192,8650882080716991488 + 17531412757623972739*2^64 + 5200169625472352198*2^128 + 611383292922*2^192,214142874794500096 + 15968956563835262911*2^64 + 9773384985865641023*2^128 + 320518351396*2^192,10336731677389529088 + 15138582889841686756*2^64 + 10954690045640796689*2^128 + 796807164469*2^192,2995684960131781632 + 287519142526949620*2^64 + 13681097675149493462*2^128 + 870146565417*2^192;\
3410269438481285760 + 5923314544505145786*2^64 + 16865734194875077914*2^128 + 1166493999290*2^192,3045646012675403008 + 6269982104246308318*2^64 + 17917234053763452656*2^128 + 445647928052*2^192,10312071399694612224 + 8577224462835789022*2^64 + 12658043061393445036*2^128 + 323959829184*2^192,1819317906054724864 + 13552503937879253342*2^64 + 14605140260269574112*2^128 + 1147679513134*2^192,16244796913069310720 + 619979050764226398*2^64 + 4387039675234829700*2^128 + 505674832790*2^192,9587627689243840000 + 10207659547217871795*2^64 + 7318245640773076861*2^128 + 1693086219264*2^192,9051315256824808960 + 7094201812980586254*2^64 + 8865010619650639883*2^128 + 2045120895021*2^192,24079021153485824 + 13179846562944623334*2^64 + 6712183440921075129*2^128 + 16162822677*2^192,7478550931235360256 + 6641136398615696673*2^64 + 1177853388755204469*2^128 + 451683019831*2^192,9449129293410719232 + 7508460065859354345*2^64 + 17137089546493875820*2^128 + 1985959636673*2^192,6038736532967781376 + 12560283191259758487*2^64 + 16639964141789574453*2^128 + 1883905369441*2^192,1404613282131099648 + 15393041305924996197*2^64 + 2711740330894232673*2^128 + 416115772860*2^192,14991747161110208512 + 7061379884812317407*2^64 + 9903543885328788740*2^128 + 186794976535*2^192,12645796160709437440 + 12991576167343162596*2^64 + 11108447555952287320*2^128 + 1455243868606*2^192,2850707690779022336 + 1108499730188635191*2^64 + 7126656408263062056*2^128 + 1056633104743*2^192,18415548643116896256 + 9941916558130426469*2^64 + 4117513827793943835*2^128 + 709705882450*2^192,6782206232609964032 + 4101427175546889538*2^64 + 14424734880913314153*2^128 + 125874096896*2^192,15153570296302017536 + 13709054557188905395*2^64 + 1911244675140411475*2^128 + 1356032102039*2^192;\
115074176189025104 + 17145831517595522725*2^64 + 11863745840810311032*2^128 + 1525204883306*2^192,14433860214745709856 + 17157226618060100093*2^64 + 17900280783966048616*2^128 + 280091593409*2^192,13512020300839731136 + 11503351478477740362*2^64 + 11477003721851486338*2^128 + 1510406013506*2^192,13790239556602016192 + 11792040552199462626*2^64 + 5594814429894244274*2^128 + 1167817120359*2^192,15014634359776034240 + 11634808178186765667*2^64 + 10716964605242489305*2^128 + 169031687752*2^192,7053999869516183168 + 5551976422089355693*2^64 + 4882966031119511007*2^128 + 648938583560*2^192,4335558323417138240 + 9896614156975106076*2^64 + 6180950155854142085*2^128 + 2014336291827*2^192,16225999462740890624 + 10557587277053050220*2^64 + 10924381107715891186*2^128 + 1049008666571*2^192,6043164055254858560 + 17985031283133414185*2^64 + 9000035663579203385*2^128 + 945259892552*2^192,2396709178685126016 + 13217167112768603863*2^64 + 14579554754116157735*2^128 + 2130065470611*2^192,3339159480496544896 + 8371412769015605988*2^64 + 5360750292346350146*2^128 + 548454871136*2^192,3407674571064850304 + 17629621762964180074*2^64 + 7832130866742243158*2^128 + 1275539103248*2^192,7473190779662538112 + 15359935465720044350*2^64 + 9233337834543062142*2^128 + 1917974039113*2^192,3574772433023319936 + 14740357898340392094*2^64 + 11345222949386248203*2^128 + 473394094290*2^192,17898947025625967744 + 8224348389736190533*2^64 + 18044525284024347859*2^128 + 1357228909062*2^192,9420772044555891328 + 5479358300883154012*2^64 + 15710973758801171171*2^128 + 1871902248461*2^192,11892744582993059328 + 5888373063989407439*2^64 + 12576437669833850488*2^128 + 1847450196093*2^192,15190275602562263040 + 11805999189579593721*2^64 + 10608019341341542969*2^128 + 1067220962390*2^192;\
7303322143334673330 + 6386969483653497870*2^64 + 307927505564293168*2^128 + 320620946609*2^192,2712422087560892004 + 16463980624513608930*2^64 + 12532634119876923747*2^128 + 1215349928281*2^192,6605047394521782232 + 15617888107058339420*2^64 + 6275886860489404312*2^128 + 722385960365*2^192,3541104615915697880 + 16288871235768568159*2^64 + 12287319951390283586*2^128 + 302734578989*2^192,4522300854472469528 + 9599305591390739648*2^64 + 14588751151159517047*2^128 + 378506908530*2^192,9958046072280909456 + 14651289932864355130*2^64 + 12221962372073494149*2^128 + 19463481960*2^192,15513769607515180904 + 15437786789222307051*2^64 + 13307781061369112119*2^128 + 2071908130858*2^192,14891129122956377920 + 16173823557151171414*2^64 + 5542819616889930853*2^128 + 214720661027*2^192,16468696462147308872 + 16290674376699937301*2^64 + 11263364516495539838*2^128 + 2031479526955*2^192,11491158584730693136 + 16507972224352350022*2^64 + 16352093007754846579*2^128 + 1101946367362*2^192,12539989510724219792 + 18400235964531275785*2^64 + 6812670199202727109*2^128 + 1554478836135*2^192,17834856625672485680 + 3750823362908773902*2^64 + 4034264941336684584*2^128 + 450403851269*2^192,6760309216483975280 + 8310216672794095193*2^64 + 2370898992054600274*2^128 + 486967774278*2^192,11734533038010800176 + 9767871208407184132*2^64 + 1254112424184877644*2^128 + 744945562083*2^192,3809947298235728144 + 2247948495478760921*2^64 + 11883017062033589266*2^128 + 117114264484*2^192,4399481498124050256 + 14089999972634350866*2^64 + 10229777193655430390*2^128 + 1931275805559*2^192,13542882005953626368 + 14300763617890442727*2^64 + 3560852365619968678*2^128 + 1237799299289*2^192,9582262987929625152 + 15657485540381341953*2^64 + 16954192580538661214*2^128 + 1028140790039*2^192;\
17070899240196152143 + 16955755849052892082*2^64 + 7350806259517897639*2^128 + 1373378377348*2^192,2574618008651244798 + 7564992566646941299*2^64 + 3016042851347000308*2^128 + 1951833071809*2^192,14171457051899312572 + 13903284964419603734*2^64 + 3842681372821648782*2^128 + 467806039715*2^192,11129392002600630124 + 11212712041008652575*2^64 + 14879945741016934797*2^128 + 172299533570*2^192,17287583627092232828 + 15518246991007335213*2^64 + 16500433097937562173*2^128 + 1476329079247*2^192,5588789118784606664 + 12297059619045586377*2^64 + 17707169701177242108*2^128 + 1053793196769*2^192,7999695737144187788 + 8501703948778334808*2^64 + 14085126133679673921*2^128 + 877593781928*2^192,18113450484371382144 + 11122301015053673361*2^64 + 16688597804441462726*2^128 + 331287445597*2^192,7910847070408788892 + 10329733306824873637*2^64 + 15192766606509538863*2^128 + 95615527083*2^192,12609220485980325384 + 4940721590555970914*2^64 + 8394384033946782553*2^128 + 2123992819568*2^192,16362219992935276280 + 14853763828087332836*2^64 + 2300434905410473145*2^128 + 1696610308120*2^192,9899135542073961800 + 6457173347717710978*2^64 + 16452384021125253882*2^128 + 1681822952138*2^192,18298419874549697832 + 2759247869922240175*2^64 + 4560722263919745233*2^128 + 468236808758*2^192,14253856183227587336 + 2257355048222472621*2^64 + 9087140688524104721*2^128 + 237092533752*2^192,15101304209342288952 + 10935212489608347565*2^64 + 8916310191524280765*2^128 + 538701121762*2^192,150200331714510200 + 11281420821244315981*2^64 + 16510063485438711080*2^128 + 240868023515*2^192,13588573972737471232 + 6208621177669073820*2^64 + 10404704561935540993*2^128 + 61108408701*2^192,1326537718746193856 + 17120411643607719015*2^64 + 4496245819597212751*2^128 + 485009601677*2^192;\
17397214628771847279 + 12226232001404561696*2^64 + 10530990632803428498*2^128 + 834638747575*2^192,8482025859955099646 + 5450692168236804005*2^64 + 1831344750423716326*2^128 + 642307155650*2^192,16234015600994773380 + 8095350973519298686*2^64 + 5981655528523626843*2^128 + 903904916031*2^192,3043711982993617124 + 6034660883645041645*2^64 + 3053141133644319066*2^128 + 508330178042*2^192,4583159899066159396 + 15646210091363241631*2^64 + 11188146480628179210*2^128 + 1800432325729*2^192,12900835642871302296 + 7543029333274416918*2^64 + 12461811117103648209*2^128 + 977960722616*2^192,1977519363990860460 + 7222066336050769219*2^64 + 3241685220243495063*2^128 + 2169953325790*2^192,7612959791399258400 + 14661367576302115426*2^64 + 9745450327886115291*2^128 + 255980594941*2^192,7674439927145594172 + 3263544119972694595*2^64 + 1207421549095642605*2^128 + 1739888201261*2^192,12016852201822210328 + 18059227240699951753*2^64 + 14900925338951404452*2^128 + 813033542002*2^192,9955706800057310456 + 9350973415403511711*2^64 + 9211925817903293198*2^128 + 1089905813887*2^192,12944486265657986664 + 16543932039253496315*2^64 + 10924738533605686763*2^128 + 1951547533064*2^192,11428252772950515912 + 520165966597703103*2^64 + 11020160260027228664*2^128 + 1809718748832*2^192,9797098847631937640 + 5468153551279823541*2^64 + 944608294255723007*2^128 + 1670285174215*2^192,2363081143478320952 + 3605512668583342743*2^64 + 10746160823846625020*2^128 + 559081481706*2^192,2149304183410783960 + 9301759169185222738*2^64 + 4669520653099063708*2^128 + 1540960018020*2^192,13850765100615074560 + 16566637459875954951*2^64 + 2734601111470947116*2^128 + 1071662490544*2^192,15899132191156727840 + 3266937642056868846*2^64 + 12448347772086816491*2^128 + 328939941035*2^192;\
11885733763313269380 + 16784371152493584413*2^64 + 6618684908122728025*2^128 + 16094754206*2^192,16599006783056339080 + 1302087548819724160*2^64 + 12263923137228395809*2^128 + 1528112213353*2^192,6726175798007742536 + 5219073329062571789*2^64 + 9860357649383575158*2^128 + 551011685439*2^192,16453942862676512216 + 4796732672568560536*2^64 + 17386929834114664728*2^128 + 1042496086369*2^192,13611259414930245224 + 7342506068781716040*2^64 + 2197821270819515640*2^128 + 428771031415*2^192,10602651982216937488 + 8363427469545830676*2^64 + 17181405718121169025*2^128 + 232263934516*2^192,4463783751534765872 + 14671109635579500839*2^64 + 16016568376640944063*2^128 + 173783697979*2^192,2024188070479044960 + 1642267848461865432*2^64 + 17490509666148671209*2^128 + 1255346874881*2^192,3099315009469328496 + 11994423434893192411*2^64 + 2584724601849141506*2^128 + 1935662688714*2^192,14304810584609911632 + 1073061327550007778*2^64 + 14514260786272908603*2^128 + 859303047878*2^192,158778756527919136 + 5116687286470387564*2^64 + 15051101822080752158*2^128 + 937404849613*2^192,15949230990123030208 + 2903528151720084769*2^64 + 2836924640772615125*2^128 + 2034222625073*2^192,13290251666394305216 + 22810215612039418*2^64 + 5182651078814854572*2^128 + 1518574569118*2^192,13125398242321387392 + 16941138177161450822*2^64 + 16338088927162951975*2^128 + 50820854838*2^192,7032042515468753952 + 4767711170320014289*2^64 + 6786117996679732056*2^128 + 1413539148974*2^192,11284068593013746880 + 16038945759761640193*2^64 + 6706260742218076021*2^128 + 1596631484991*2^192,6566983159521838336 + 12953559243983197705*2^64 + 4646375539311594532*2^128 + 951253331587*2^192,11009393785177839520 + 159563653214937486*2^64 + 6832631841294515272*2^128 + 807065645071*2^192;\
3661517693168021648 + 17642149923724377802*2^64 + 12828824617010165327*2^128 + 535848729222*2^192,18194965475127965856 + 3022973052309472699*2^64 + 16214849123978664170*2^128 + 1110598973831*2^192,101210504403043768 + 6354026085606827804*2^64 + 7059249967261831086*2^128 + 71533085880*2^192,2000805189003845768 + 15812218531084300301*2^64 + 11808599506933147040*2^128 + 829218450062*2^192,7364042706063759832 + 6368061558647807358*2^64 + 4854438528965560215*2^128 + 882078846339*2^192,3498893346601464112 + 7434316343050643405*2^64 + 9546542162281153133*2^128 + 1769628468909*2^192,8835215753114482336 + 17717719451351280632*2^64 + 15655450104634378516*2^128 + 895196968348*2^192,17406087836452133472 + 14930436876731847087*2^64 + 4808185975975810447*2^128 + 1780359614870*2^192,2110085731821655840 + 6708808846418774383*2^64 + 986130641205028331*2^128 + 1834966935186*2^192,15779194144637646448 + 3936200078061500195*2^64 + 18396313908594030834*2^128 + 1590459046160*2^192,17399725104222319744 + 14212608391951324526*2^64 + 11171650667410259865*2^128 + 1032708742822*2^192,7282433681555939936 + 13172270038775529238*2^64 + 16357265135550470348*2^128 + 1394896199021*2^192,14020230796225632224 + 11802579958243070316*2^64 + 6242186996381679015*2^128 + 807225883015*2^192,16293800954955190304 + 16913910795492108287*2^64 + 17938014887361764997*2^128 + 1797595679282*2^192,13725028071114493312 + 9371660595656482053*2^64 + 14638138785340466649*2^128 + 998796921722*2^192,17489430909128370720 + 16275218322326548273*2^64 + 4165311379134941956*2^128 + 1386376255907*2^192,16415369770157254400 + 5717360895761758727*2^64 + 14707335692694228362*2^128 + 1606315277296*2^192,7972409988417279904 + 16786264183485014606*2^64 + 8330166612106078798*2^128 + 1205750984236*2^192;\
801592769958403588 + 7687077032067510995*2^64 + 17284724741698475138*2^128 + 2060906123406*2^192,7070734675980438408 + 8041661230304339451*2^64 + 14238763417216411481*2^128 + 299339468238*2^192,14998282222519856456 + 6525856049269130793*2^64 + 5867184574905319121*2^128 + 426028779966*2^192,14468357350154235096 + 13112291412028004503*2^64 + 17038329842313973790*2^128 + 471418128525*2^192,16842676056354346856 + 3847105648567646579*2^64 + 2811593986656227010*2^128 + 635640459738*2^192,12172301263825418768 + 12892939615622607825*2^64 + 12623927745855970387*2^128 + 1981445537113*2^192,16552602890056317232 + 10438498430421353856*2^64 + 9400907330351686228*2^128 + 2171798158317*2^192,8920260448950263136 + 4614916896863971354*2^64 + 9655632235981626522*2^128 + 768152936555*2^192,7761070712663996016 + 6520231575085721533*2^64 + 935204887783328317*2^128 + 11569368759*2^192,15451328917736090960 + 3629765419930589325*2^64 + 2284206628283595330*2^128 + 478790306783*2^192,557910235268561952 + 17964171939537796038*2^64 + 15179452975739204217*2^128 + 362715608369*2^192,9684856398411167424 + 12633584651447347302*2^64 + 350557350524197687*2^128 + 28339531679*2^192,10446134214097466048 + 10879747229556668499*2^64 + 13251097980407485752*2^128 + 2061245960710*2^192,2621200502349473664 + 1888874972597075362*2^64 + 17456639477777602430*2^128 + 765628047821*2^192,2992124161724327968 + 6864774080515714094*2^64 + 14793946923188671671*2^128 + 729133700079*2^192,6788808030096354496 + 13209467217279243174*2^64 + 12827354439149387037*2^128 + 1660572056251*2^192,12153908329928578304 + 2074427049915672308*2^64 + 2164047775006996337*2^128 + 768077192282*2^192,16528477678441913248 + 4626175624632230240*2^64 + 3678470448088751989*2^128 + 1505896043733*2^192;\
1484746794648513762 + 13185715604594003579*2^64 + 8082257316146304594*2^128 + 15708894706*2^192,13858412813574757188 + 16818709320241523296*2^64 + 1954593219793282810*2^128 + 95083519533*2^192,3598781928532046400 + 7849837983228523905*2^64 + 8895456898744741589*2^128 + 1773240569192*2^192,14272950396028220720 + 3370497528942855054*2^64 + 2875035996776553757*2^128 + 1404320258239*2^192,5603813711301543392 + 10414004803671578718*2^64 + 2557161842511236436*2^128 + 2065689862438*2^192,6230273890226755232 + 6455942609715339210*2^64 + 4387161693319215582*2^128 + 474909150774*2^192,16951758392896449096 + 14810017525339790008*2^64 + 9643184323672618914*2^128 + 435554962030*2^192,4781574527689828192 + 9785607443607881799*2^64 + 4122190910030354408*2^128 + 1276962828206*2^192,17144404297276220840 + 2377437068815863086*2^64 + 14578450605052782668*2^128 + 593862461196*2^192,12784550432233262048 + 15340639645899097752*2^64 + 10762762663098122954*2^128 + 897296490389*2^192,10734057560754687248 + 15662453438135217831*2^64 + 15474783765098048447*2^128 + 1833446467735*2^192,6551125650606648144 + 5834465738073849576*2^64 + 15054455212777884182*2^128 + 775414323268*2^192,9523609696926676240 + 2343767638283145511*2^64 + 7663158693848098976*2^128 + 71749702577*2^192,8191603651322354576 + 2559397679010301379*2^64 + 5237202090656351378*2^128 + 1069714119511*2^192,10491843247265627536 + 14040708505382547773*2^64 + 12979239087540723112*2^128 + 1041144604127*2^192,5740102134175121584 + 2830229067192968379*2^64 + 11846805092158943736*2^128 + 2097013499645*2^192,1067262601334808064 + 3813498321822269538*2^64 + 8305294425288797119*2^128 + 35909104791*2^192,12517340137566240800 + 5410629380225193179*2^64 + 4493127863379669820*2^128 + 442850780696*2^192;\
4686393439825503322 + 8461217935015776984*2^64 + 6391405523659084612*2^128 + 2074192073019*2^192,556338849471279924 + 15230757080666514279*2^64 + 10202047657792035748*2^128 + 1261403899727*2^192,6944925997677393968 + 8153696313916353899*2^64 + 80823725086812565*2^128 + 1039917066724*2^192,12104211461155275520 + 5038360245126997655*2^64 + 10341231160895243482*2^128 + 2080231932915*2^192,7628389779397537168 + 8235110381651916309*2^64 + 6536464408228266324*2^128 + 1255633563801*2^192,9846964911436943232 + 14113901780075862105*2^64 + 14659291585997808381*2^128 + 562660515937*2^192,615602327788208104 + 10734923742070061587*2^64 + 6220542853019463220*2^128 + 1684683148516*2^192,12257345545255489184 + 18225708922049048743*2^64 + 17812987547985981167*2^128 + 1738576839594*2^192,14165610925342421192 + 3577160793752224256*2^64 + 4628324130923464547*2^128 + 212328488279*2^192,7997526149880707648 + 14955231445420001943*2^64 + 10204104890569079690*2^128 + 1129444651860*2^192,97314986479202512 + 5388302339978383241*2^64 + 8359774174108064400*2^128 + 777304216503*2^192,1684265153441995728 + 8000196081561877447*2^64 + 8036873362350633265*2^128 + 1138718923566*2^192,8010582929950819728 + 8938511428925722067*2^64 + 9638922692205608360*2^128 + 2065098938738*2^192,12474209112880275088 + 10167633631433102480*2^64 + 371318215315797144*2^128 + 1352783438470*2^192,10028195941614213456 + 10436387507091963043*2^64 + 16129591612908686094*2^128 + 460289632081*2^192,10949313102438195504 + 9707042621897565314*2^64 + 11533437745750091165*2^128 + 631423881105*2^192,2593988274123228160 + 4869065704749910508*2^64 + 15833282559446901663*2^128 + 1063927539727*2^192,17349881378855044832 + 338080458110019119*2^64 + 2498581789824508899*2^128 + 1899796504836*2^192]
/* 
This matrix times 2^(-11) should be the matrix of frobenius.
*/ 
B = 2^(-11) * A; 
/* Freed 4785 lists. */
The sign is: -1
The characteristic polynomial is: x^18 + 3*x^15 - 6*x^14 - 6*x^13 + 36*x^12 - 60*x^11 + 960*x^7 - 2304*x^6 + 1536*x^5 + 6144*x^4 - 12288*x^3 - 262144
Its Newton polygon is: [2, 2, 2, 3/2, 3/2, 3/2, 3/2, 1, 1, 1, 1, 1/2, 1/2, 1/2, 1/2, 0, 0, 0]
Its factorization is: [x - 2, 1; x + 2, 1; x^16 + 4*x^14 + 3*x^13 + 10*x^12 + 6*x^11 + 76*x^10 - 36*x^9 + 304*x^8 - 144*x^7 + 1216*x^6 + 384*x^5 + 2560*x^4 + 3072*x^3 + 16384*x^2 + 65536, 1]
The valuation of f-g is: 19
The valuation of subst(g,x,A) is: 10
