/* Comments begin... 
No set up needed.

Please input coefficients below.
Coefficient of   x^19                     = Coefficient of   x^6 * y^4 * z^1 * w^2   = Coefficient of   x^5 * y^1 * z^3 * w^2   = Coefficient of   x^3 * y^9 * z^1 * w^1   = Coefficient of   x^2 * y^6 * z^3 * w^1   = Coefficient of   x^1 * y^3 * z^5 * w^1   = Coefficient of   y^14 * z^1               = Coefficient of   y^1 * w^6               = Coefficient of   z^7 * w^1               = 
Here is the polynomial we're using this time:

1 + 0*2^64 + 0*2^128 + 0*2^192*x^19 + 1 + 0*2^64 + 0*2^128 + 0*2^192*x^3*y^9*z^1*w^1 + 1 + 0*2^64 + 0*2^128 + 0*2^192*x^2*y^6*z^3*w^1 + 1 + 0*2^64 + 0*2^128 + 0*2^192*y^14*z^1 + 1 + 0*2^64 + 0*2^128 + 0*2^192*y^1*w^6 + 1 + 0*2^64 + 0*2^128 + 0*2^192*z^7*w^1


Allocate G_len 20 elements and old = 0.
Allocate M_len = 400 elements.
Allocate G_len 40 elements and old = 20.
Allocate M_len = 800 elements.
Allocate G_len 80 elements and old = 40.
Allocate M_len = 1600 elements.
Allocate M_len = 3200 elements.
Allocate G_len 160 elements and old = 80.
Allocate M_len = 6400 elements.
Allocate M_len = 12800 elements.
Allocate G_len 320 elements and old = 160.
Allocate M_len = 25600 elements.
Allocate M_len = 51200 elements.
Allocate G_len 640 elements and old = 320.
Allocate M_len = 102400 elements.
Allocate M_len = 204800 elements.
Allocate G_len 1280 elements and old = 640.
Allocate M_len = 409600 elements.
The final length of G is 671
[3, 9, 1, 0, 0]  	497	4 
[3, 9, 0, 1, 0]  	518	4 
[3, 8, 1, 1, 0]  	552	4 
[18, 0, 0, 0, 0]  	558	3  <--- 1
[2, 6, 3, 1, 0]  	589	3 
[0, 14, 1, 0, 0]  	589	2 
[1, 4, 0, 6, 0]  	731	4 
[17, 6, 3, 0, 0]  	962	6 
[0, 13, 7, 0, 0]  	978	2 
[17, 6, 2, 1, 0]  	983	6 
[2, 4, 10, 1, 0]  	1012	5 
[16, 14, 0, 0, 0]  	1014	5 
[2, 14, 0, 5, 0]  	1040	6 
[16, 0, 0, 6, 0]  	1048	9 
[1, 3, 5, 6, 0]  	1049	4 
[15, 1, 0, 6, 0]  	1054	10 
[2, 11, 2, 5, 0]  	1071	7 
[16, 6, 5, 0, 0]  	1073	8 
[1, 16, 0, 5, 0]  	1083	5 
[16, 0, 7, 1, 0]  	1085	4 
[14, 8, 5, 0, 0]  	1085	8 
[1, 3, 12, 1, 0]  	1086	4 
[15, 17, 0, 0, 0]  	1094	12 
[0, 13, 1, 6, 0]  	1104	2 
[16, 0, 6, 2, 0]  	1106	14 
[1, 12, 8, 1, 0]  	1135	4 
[2, 10, 10, 0, 0]  	1142	6 
[1, 3, 0, 11, 0]  	1154	5 
[15, 3, 7, 1, 0]  	1165	16 
[13, 5, 7, 1, 0]  	1177	13 
[12, 3, 2, 6, 0]  	1177	13 
[15, 3, 6, 2, 0]  	1186	15 
[2, 21, 0, 4, 0]  	1207	7 
[1, 22, 0, 4, 0]  	1213	6 
[12, 3, 9, 1, 0]  	1214	12 
[9, 8, 9, 0, 0]  	1214	13 
[14, 3, 1, 7, 0]  	1260	12 
[13, 6, 9, 0, 0]  	1264	12 
[15, 2, 9, 1, 0]  	1270	12 
[12, 7, 9, 0, 0]  	1270	12 
[2, 4, 15, 0, 0]  	1275	7 
[1, 8, 7, 5, 0]  	1284	5 
[11, 3, 4, 6, 0]  	1288	11 
[7, 5, 6, 5, 0]  	1288	10 
[15, 2, 8, 2, 0]  	1291	14 
[14, 3, 8, 2, 0]  	1297	16 
[13, 5, 10, 0, 0]  	1298	12 
[15, 0, 4, 6, 0]  	1301	12 
[12, 6, 10, 0, 0]  	1304	8 
[7, 2, 13, 1, 0]  	1306	10 
[3, 5, 8, 5, 0]  	1306	8 
[2, 3, 3, 10, 0]  	1306	8 
[14, 1, 4, 6, 0]  	1307	10 
[11, 5, 11, 0, 0]  	1307	12 
[9, 7, 11, 0, 0]  	1319	9 
[7, 3, 1, 10, 0]  	1319	9 
[16, 5, 9, 0, 0]  	1320	12 
[15, 0, 3, 7, 0]  	1322	13 
[10, 0, 0, 11, 0]  	1322	10 
[11, 3, 11, 1, 0]  	1325	12 
[14, 1, 3, 7, 0]  	1328	15 
[15, 0, 11, 1, 0]  	1338	4 
[2, 3, 10, 5, 0]  	1343	7 
[1, 4, 10, 5, 0]  	1349	6 
[11, 1, 6, 6, 0]  	1356	8 
[7, 3, 8, 5, 0]  	1356	10 
[15, 0, 10, 2, 0]  	1359	12 
[10, 2, 6, 6, 0]  	1362	11 
[6, 4, 8, 5, 0]  	1362	9 
[12, 4, 12, 0, 0]  	1372	11 
[11, 3, 13, 0, 0]  	1375	9 
[2, 3, 17, 0, 0]  	1380	5 
[1, 29, 0, 3, 0]  	1380	6 
[17, 4, 10, 0, 0]  	1385	12 
[1, 4, 17, 0, 0]  	1386	5 
[7, 3, 15, 0, 0]  	1393	10 
[1, 10, 14, 0, 0]  	1395	4 
[2, 1, 17, 1, 0]  	1398	6 
[9, 1, 1, 11, 0]  	1399	6 
[5, 1, 17, 0, 0]  	1399	5 
[12, 28, 0, 0, 0]  	1408	10 
[11, 2, 14, 0, 0]  	1409	9 
[7, 2, 8, 6, 0]  	1411	6 
[7, 1, 15, 1, 0]  	1411	8 
[14, 0, 6, 6, 0]  	1412	4 
[10, 1, 15, 0, 0]  	1412	6 
[6, 2, 15, 1, 0]  	1417	5 
[16, 0, 13, 0, 0]  	1419	11 
[16, 4, 11, 0, 0]  	1425	12 
[1, 7, 16, 0, 0]  	1426	4 
[1, 9, 15, 0, 0]  	1429	4 
[10, 0, 8, 6, 0]  	1430	4 
[8, 7, 13, 0, 0]  	1430	6 
[14, 27, 0, 0, 0]  	1433	8 
[0, 29, 0, 4, 0]  	1441	4 
[3, 2, 5, 10, 0]  	1442	6 
[1, 9, 10, 4, 0]  	1442	4 
[6, 1, 3, 11, 0]  	1448	6 
[1, 1, 0, 15, 0]  	1448	4 
[14, 0, 13, 1, 0]  	1449	4 
[1, 2, 6, 10, 0]  	1451	5 
[5, 2, 3, 11, 0]  	1454	6 
[1, 2, 19, 0, 0]  	1454	4 
[0, 17, 0, 9, 0]  	1457	4 
[0, 32, 0, 3, 0]  	1460	4 
[2, 2, 7, 9, 0]  	1461	6 
[15, 2, 13, 0, 0]  	1462	12 
[0, 9, 3, 10, 0]  	1466	3 
[10, 0, 15, 1, 0]  	1467	3 
[5, 1, 5, 10, 0]  	1467	5 
[1, 2, 14, 4, 0]  	1467	3 
[1, 2, 5, 11, 0]  	1472	4 
[1, 1, 12, 6, 0]  	1472	4 
[3, 2, 12, 5, 0]  	1479	5 
[3, 1, 19, 0, 0]  	1479	5 
[1, 2, 13, 5, 0]  	1488	3 
[1, 1, 20, 0, 0]  	1488	3 
[4, 0, 5, 11, 0]  	1491	3 
[0, 3, 0, 15, 0]  	1491	3 
[1, 1, 2, 14, 0]  	1498	5 
[12, 1, 5, 8, 0]  	1500	8 
[0, 8, 4, 10, 0]  	1500	3 
[1, 2, 8, 9, 0]  	1501	2 
[1, 1, 15, 4, 0]  	1501	2 
[0, 12, 11, 3, 0]  	1501	2 
[9, 0, 3, 11, 0]  	1504	5 
[4, 0, 0, 15, 0]  	1504	3 
[1, 1, 19, 1, 0]  	1509	3 
[0, 12, 15, 0, 0]  	1509	3 
[0, 6, 0, 14, 0]  	1510	3 
[9, 1, 0, 13, 0]  	1512	8 
[0, 16, 0, 10, 0]  	1512	4 
[0, 21, 0, 8, 0]  	1513	3 
[0, 11, 4, 9, 0]  	1519	2 
[5, 2, 13, 4, 0]  	1520	5 
[0, 3, 3, 13, 0]  	1520	3 
[0, 8, 3, 11, 0]  	1521	3 
[6, 2, 10, 6, 0]  	1522	2 
[0, 12, 10, 4, 0]  	1522	2 
[14, 0, 5, 8, 0]  	1525	7 
[0, 9, 0, 13, 0]  	1529	3 
[0, 24, 0, 7, 0]  	1532	2 
[0, 10, 6, 8, 0]  	1532	2 
[0, 7, 5, 10, 0]  	1534	2 
[0, 6, 12, 5, 0]  	1534	2 
[0, 1, 3, 14, 0]  	1538	2 
[9, 0, 10, 6, 0]  	1541	2 
[4, 0, 7, 10, 0]  	1541	3 
[0, 3, 2, 14, 0]  	1541	2 
[0, 8, 6, 9, 0]  	1550	2 
[1, 1, 17, 3, 0]  	1551	3 
[0, 27, 0, 6, 0]  	1551	3 
[2, 1, 14, 5, 0]  	1553	3 
[2, 0, 21, 0, 0]  	1553	3 
[1, 0, 2, 15, 0]  	1553	2 
[0, 10, 5, 9, 0]  	1553	2 
[8, 2, 7, 8, 0]  	1555	7 
[5, 0, 12, 6, 0]  	1559	1 
[0, 1, 2, 15, 0]  	1559	1 
[0, 0, 9, 10, 0]  	1559	1 
[14, 0, 12, 3, 0]  	1562	7 
[0, 8, 1, 13, 0]  	1563	2 
[12, 2, 12, 3, 0]  	1574	6 
[11, 0, 7, 8, 0]  	1574	6 
[9, 0, 17, 1, 0]  	1578	2 
[4, 0, 14, 5, 0]  	1578	4 
[10, 1, 7, 8, 0]  	1580	7 
[0, 7, 7, 9, 0]  	1584	2 
[0, 38, 0, 2, 0]  	1590	1 
[0, 10, 12, 4, 0]  	1590	1 
[7, 1, 2, 13, 0]  	1592	6 
[1, 0, 22, 0, 0]  	1593	1 
[0, 0, 3, 15, 0]  	1593	1 
[5, 0, 19, 1, 0]  	1596	1 
[0, 0, 16, 5, 0]  	1596	1 
[5, 1, 16, 3, 0]  	1604	6 
[11, 0, 14, 3, 0]  	1611	5 
[0, 2, 10, 9, 0]  	1612	1 
[0, 1, 17, 4, 0]  	1612	1 
[1, 0, 21, 1, 0]  	1614	1 
[0, 11, 17, 0, 0]  	1614	1 
[0, 0, 2, 16, 0]  	1614	1 
[9, 0, 2, 13, 0]  	1617	6 
[0, 7, 14, 4, 0]  	1621	1 
[0, 14, 0, 12, 0]  	1622	3 
[0, 9, 13, 4, 0]  	1624	1 
[0, 2, 5, 13, 0]  	1625	2 
[0, 1, 12, 8, 0]  	1625	2 
[0, 0, 23, 0, 0]  	1633	1  <--- 3
[6, 2, 9, 8, 0]  	1635	6 
[14, 0, 17, 0, 0]  	1641	6 
[0, 0, 5, 14, 0]  	1643	1 
[0, 8, 19, 0, 0]  	1645	1 
[0, 5, 9, 9, 0]  	1652	1 
[0, 4, 16, 4, 0]  	1652	1 
[9, 0, 9, 8, 0]  	1654	5 
[0, 6, 15, 4, 0]  	1655	1 
[0, 12, 8, 7, 0]  	1656	2 
[0, 11, 15, 2, 0]  	1656	2 
[3, 0, 4, 14, 0]  	1665	3 
[0, 9, 15, 3, 0]  	1674	1 
[0, 5, 21, 0, 0]  	1676	1 
[0, 0, 12, 9, 0]  	1680	1 
[0, 43, 0, 1, 0]  	1683	1 
[9, 38, 0, 0, 0]  	1685	1 
[9, 0, 16, 3, 0]  	1691	4 
[0, 1, 0, 18, 0]  	1693	2 
[3, 0, 11, 9, 0]  	1702	4 
[0, 7, 10, 8, 0]  	1705	1 
[0, 6, 17, 3, 0]  	1705	1 
[0, 0, 19, 4, 0]  	1717	1 
[0, 3, 19, 3, 0]  	1736	1 
[3, 0, 18, 4, 0]  	1739	4 
[0, 0, 0, 19, 0]  	1748	1  <--- 4
[0, 0, 21, 3, 0]  	1767	1 
[0, 48, 0, 0, 0]  	1776	1  <--- 2
[6, 43, 0, 0, 0]  	1777	1 
[2, 5, 5, 1, 1]  	694	5 
[2, 3, 2, 6, 1]  	867	6 
[1, 3, 4, 6, 1]  	978	4 
[16, 1, 0, 5, 1]  	993	5 
[17, 5, 3, 1, 1]  	1017	10 
[16, 5, 4, 1, 1]  	1057	12 
[2, 13, 1, 5, 1]  	1074	7 
[2, 7, 11, 0, 1]  	1102	7 
[13, 7, 0, 5, 1]  	1122	9 
[2, 12, 9, 0, 1]  	1145	7 
[13, 8, 7, 0, 1]  	1196	13 
[13, 7, 8, 0, 1]  	1230	12 
[3, 6, 13, 0, 1]  	1238	8 
[8, 6, 11, 0, 1]  	1251	12 
[1, 11, 5, 5, 1]  	1253	5 
[1, 13, 4, 5, 1]  	1256	6 
[2, 6, 14, 0, 1]  	1278	6 
[12, 5, 4, 5, 1]  	1301	12 
[12, 2, 11, 1, 1]  	1319	10 
[11, 0, 6, 6, 1]  	1319	9 
[8, 4, 13, 0, 1]  	1319	7 
[15, 5, 3, 5, 1]  	1323	12 
[12, 4, 5, 5, 1]  	1335	9 
[6, 1, 8, 6, 1]  	1343	8 
[6, 0, 15, 1, 1]  	1343	8 
[10, 4, 6, 5, 1]  	1344	10 
[16, 4, 10, 0, 1]  	1354	11 
[13, 2, 10, 2, 1]  	1371	14 
[12, 27, 0, 0, 1]  	1371	11 
[15, 3, 5, 5, 1]  	1391	12 
[2, 0, 19, 0, 1]  	1411	4 
[1, 2, 12, 5, 1]  	1417	4 
[6, 2, 10, 5, 1]  	1430	6 
[5, 0, 5, 10, 1]  	1430	6 
[15, 0, 14, 0, 1]  	1459	12 
[12, 0, 5, 8, 1]  	1463	9 
[0, 3, 1, 14, 1]  	1470	3 
[0, 12, 8, 5, 1]  	1472	3 
[9, 2, 3, 10, 1]  	1486	10 
[9, 0, 17, 0, 1]  	1486	7 
[0, 6, 5, 10, 1]  	1497	3 
[1, 0, 0, 16, 1]  	1503	3 
[0, 9, 10, 5, 1]  	1503	2 
[5, 1, 12, 5, 1]  	1504	6 
[2, 1, 7, 10, 1]  	1516	5 
[2, 0, 14, 5, 1]  	1516	4 
[1, 1, 14, 5, 1]  	1522	3 
[1, 0, 21, 0, 1]  	1522	2 
[0, 3, 7, 10, 1]  	1528	3 
[0, 5, 6, 10, 1]  	1531	3 
[1, 1, 9, 9, 1]  	1535	4 
[1, 0, 16, 4, 1]  	1535	3 
[0, 2, 9, 9, 1]  	1541	2 
[11, 2, 12, 3, 1]  	1543	7 
[10, 0, 7, 8, 1]  	1543	8 
[0, 5, 5, 11, 1]  	1552	3 
[1, 1, 8, 10, 1]  	1556	3 
[1, 0, 15, 5, 1]  	1556	2 
[4, 1, 8, 9, 1]  	1557	4 
[4, 0, 15, 4, 1]  	1557	3 
[0, 6, 2, 13, 1]  	1560	3 
[0, 2, 8, 10, 1]  	1562	3 
[0, 7, 8, 8, 1]  	1563	2 
[0, 1, 10, 9, 1]  	1575	2 
[1, 1, 7, 11, 1]  	1577	4 
[1, 0, 14, 6, 1]  	1577	3 
[0, 5, 8, 9, 1]  	1581	2 
[0, 2, 7, 11, 1]  	1583	3 
[1, 0, 19, 3, 1]  	1656	2 
[0, 1, 7, 13, 1]  	1730	2 
[3, 1, 0, 6, 2]  	682	4 
[3, 3, 7, 1, 2]  	793	5 
[2, 1, 2, 7, 2]  	885	3 
[3, 2, 9, 1, 2]  	898	7 
[2, 1, 4, 6, 2]  	935	6 
[2, 2, 9, 2, 2]  	959	5 
[3, 0, 11, 1, 2]  	966	7 
[1, 1, 4, 7, 2]  	996	4 
[2, 2, 11, 1, 2]  	1009	5 
[1, 2, 5, 6, 2]  	1012	5 
[1, 3, 11, 1, 2]  	1015	4 
[2, 0, 11, 2, 2]  	1027	4 
[2, 1, 12, 1, 2]  	1043	6 
[3, 0, 6, 6, 2]  	1071	4 
[3, 0, 0, 11, 2]  	1105	7 
[2, 1, 0, 11, 2]  	1111	6 
[2, 0, 6, 7, 2]  	1132	3 
[2, 0, 0, 12, 2]  	1166	4 
[1, 1, 0, 12, 2]  	1172	4 
[2, 0, 8, 6, 2]  	1182	6 
[2, 0, 2, 11, 2]  	1216	6 
[2, 0, 15, 1, 2]  	1219	6 
[13, 6, 2, 5, 2]  	1227	13 
[14, 2, 8, 2, 2]  	1260	12 
[1, 1, 3, 11, 2]  	1293	5 
[13, 0, 10, 2, 2]  	1297	13 
[7, 2, 8, 5, 2]  	1319	7 
[1, 12, 12, 0, 2]  	1327	5 
[1, 1, 10, 6, 2]  	1330	5 
[15, 4, 4, 5, 2]  	1357	12 
[1, 0, 11, 6, 2]  	1364	4 
[15, 1, 6, 5, 2]  	1388	10 
[6, 1, 10, 5, 2]  	1393	8 
[15, 4, 11, 0, 2]  	1394	12 
[4, 0, 5, 10, 2]  	1399	5 
[1, 0, 18, 1, 2]  	1401	4 
[10, 3, 14, 0, 2]  	1415	9 
[1, 0, 4, 12, 2]  	1419	4 
[1, 3, 18, 0, 2]  	1420	5 
[14, 1, 7, 5, 2]  	1428	11 
[0, 12, 1, 10, 2]  	1435	3 
[1, 33, 0, 2, 2]  	1436	4 
[1, 0, 7, 10, 2]  	1448	3 
[9, 0, 10, 5, 2]  	1449	7 
[1, 1, 13, 5, 2]  	1451	4 
[1, 0, 2, 14, 2]  	1461	4 
[1, 0, 6, 11, 2]  	1469	4 
[0, 11, 2, 10, 2]  	1469	3 
[0, 35, 0, 2, 2]  	1479	3 
[1, 0, 1, 15, 2]  	1482	3 
[1, 0, 14, 5, 2]  	1485	3 
[0, 11, 1, 11, 2]  	1490	3 
[0, 2, 7, 10, 2]  	1491	3 
[1, 0, 9, 9, 2]  	1498	3 
[9, 33, 0, 0, 2]  	1500	6 
[0, 2, 2, 14, 2]  	1504	3 
[0, 2, 1, 15, 2]  	1525	3 
[0, 2, 14, 5, 2]  	1528	2 
[0, 2, 0, 16, 2]  	1546	3 
[0, 1, 15, 5, 2]  	1562	2 
[14, 0, 16, 0, 2]  	1570	9 
[0, 40, 0, 1, 2]  	1572	2 
[0, 1, 14, 6, 2]  	1583	2 
[6, 40, 0, 0, 2]  	1666	5 
[15, 0, 7, 1, 3]  	1054	9 
[12, 7, 2, 5, 3]  	1233	12 
[14, 0, 4, 6, 3]  	1270	11 
[14, 0, 3, 7, 3]  	1291	12 
[1, 5, 9, 5, 3]  	1315	5 
[7, 2, 15, 0, 3]  	1356	7 
[14, 25, 0, 0, 3]  	1359	10 
[6, 3, 15, 0, 3]  	1362	7 
[7, 1, 16, 0, 3]  	1390	7 
[10, 1, 9, 5, 3]  	1446	8 
[11, 30, 0, 0, 3]  	1451	7 
[6, 0, 18, 0, 3]  	1464	5 
[1, 15, 0, 5, 4]  	1046	5 
[14, 0, 9, 1, 4]  	1165	14 
[11, 0, 4, 6, 4]  	1177	13 
[2, 1, 17, 0, 4]  	1306	6 
[7, 5, 13, 0, 4]  	1325	9 
[13, 25, 0, 0, 4]  	1328	12 
[11, 3, 6, 5, 4]  	1338	11 
[1, 0, 3, 12, 4]  	1348	4 
[1, 1, 17, 1, 4]  	1367	5 
[1, 0, 10, 7, 4]  	1385	4 
[10, 30, 0, 0, 4]  	1420	10 
[1, 0, 17, 2, 4]  	1422	4 
[2, 32, 0, 2, 4]  	1430	5 
[9, 32, 0, 0, 4]  	1463	7 
[9, 0, 4, 10, 4]  	1483	7 
[0, 38, 0, 1, 4]  	1498	3 
[0, 43, 0, 0, 4]  	1591	3 
[6, 38, 0, 0, 4]  	1592	5 
[0, 4, 10, 8, 4]  	1594	2 
[7, 4, 13, 0, 5]  	1288	9 
[8, 35, 0, 0, 5]  	1543	6 
[5, 41, 0, 0, 5]  	1672	5 
[2, 3, 9, 1, 6]  	904	5 
[1, 2, 0, 11, 6]  	1117	5 
[1, 37, 0, 1, 6]  	1492	4 
[7, 35, 0, 0, 6]  	1512	6 
[0, 42, 0, 0, 6]  	1554	4 
[6, 37, 0, 0, 6]  	1555	7 
[5, 40, 0, 0, 7]  	1635	4 
[4, 40, 0, 0, 8]  	1604	4 
[1, 0, 5, 11, 9]  	1398	4 
[0, 27, 0, 4, 245]  	1367	4 
[0, 19, 0, 8, 245]  	1439	3 
[6, 2, 8, 5, 246]  	1288	7 
[0, 16, 0, 9, 246]  	1420	3 
[0, 26, 0, 5, 246]  	1422	3 
[0, 22, 0, 7, 246]  	1458	3 
[1, 4, 16, 0, 247]  	1315	4 
[0, 14, 0, 9, 247]  	1346	2 
[1, 8, 10, 4, 247]  	1405	4 
[1, 10, 9, 4, 247]  	1408	3 
[0, 11, 15, 0, 247]  	1472	2 
[0, 1, 21, 0, 247]  	1528	1 
[0, 0, 22, 0, 247]  	1562	1 
[0, 0, 21, 1, 247]  	1583	1 
[0, 21, 0, 5, 248]  	1237	2 
[1, 3, 3, 10, 248]  	1275	6 
[6, 2, 15, 0, 248]  	1325	6 
[1, 3, 17, 0, 248]  	1349	5 
[6, 1, 16, 0, 248]  	1359	5 
[0, 17, 0, 8, 248]  	1365	3 
[0, 30, 0, 3, 248]  	1386	4 
[1, 8, 15, 0, 248]  	1392	4 
[0, 11, 1, 10, 248]  	1398	3 
[0, 13, 0, 10, 248]  	1401	3 
[0, 7, 4, 10, 248]  	1463	3 
[0, 7, 3, 11, 248]  	1484	3 
[0, 1, 8, 10, 248]  	1525	2 
[0, 1, 7, 11, 248]  	1546	2 
[0, 3, 17, 3, 248]  	1594	1 
[1, 27, 0, 3, 249]  	1306	5 
[1, 3, 10, 5, 249]  	1312	4 
[0, 9, 8, 5, 249]  	1361	2 
[3, 0, 5, 10, 249]  	1368	5 
[1, 0, 6, 10, 249]  	1377	3 
[0, 9, 15, 0, 249]  	1398	1 
[1, 0, 13, 5, 249]  	1414	3 
[0, 1, 0, 15, 249]  	1417	2 
[0, 4, 0, 14, 249]  	1436	3 
[0, 2, 5, 11, 249]  	1441	3 
[0, 1, 12, 6, 249]  	1441	2 
[0, 3, 6, 10, 249]  	1457	3 
[0, 2, 13, 5, 249]  	1457	2 
[0, 2, 8, 9, 249]  	1470	2 
[0, 10, 4, 9, 249]  	1482	2 
[0, 6, 1, 13, 249]  	1489	3 
[0, 1, 14, 5, 249]  	1491	2 
[0, 5, 12, 5, 249]  	1497	2 
[0, 8, 17, 0, 249]  	1503	1 
[0, 7, 6, 9, 249]  	1513	2 
[0, 4, 15, 4, 249]  	1581	1 
[1, 1, 4, 6, 250]  	904	4 
[0, 16, 0, 5, 250]  	1052	3 
[2, 4, 8, 5, 250]  	1238	6 
[1, 5, 8, 5, 250]  	1244	5 
[0, 9, 0, 10, 250]  	1253	1 
[0, 24, 0, 4, 250]  	1256	3 
[5, 2, 8, 5, 250]  	1257	7 
[2, 1, 10, 5, 250]  	1269	6 
[1, 4, 9, 5, 250]  	1278	4 
[0, 8, 1, 10, 250]  	1287	3 
[0, 2, 3, 11, 250]  	1299	3 
[1, 11, 7, 4, 250]  	1303	3 
[0, 8, 0, 11, 250]  	1308	2 
[0, 12, 11, 1, 250]  	1317	2 
[0, 10, 7, 5, 250]  	1327	2 
[1, 0, 17, 1, 250]  	1330	4 
[1, 8, 9, 4, 250]  	1334	3 
[0, 10, 6, 6, 250]  	1348	2 
[0, 29, 0, 3, 250]  	1349	4 
[1, 7, 15, 0, 250]  	1355	3 
[1, 7, 10, 4, 250]  	1368	3 
[0, 11, 2, 9, 250]  	1377	2 
[0, 3, 5, 10, 250]  	1386	3 
[1, 2, 13, 4, 250]  	1396	3 
[0, 8, 4, 9, 250]  	1408	2 
[0, 3, 17, 1, 250]  	1410	1 
[0, 2, 6, 10, 250]  	1420	3 
[0, 6, 4, 10, 250]  	1426	2 
[0, 4, 18, 0, 250]  	1426	1 
[1, 0, 8, 9, 250]  	1427	3 
[0, 12, 14, 0, 250]  	1438	1 
[0, 5, 6, 9, 250]  	1439	2 
[1, 0, 20, 0, 250]  	1451	3 
[1, 0, 15, 4, 250]  	1464	3 
[0, 8, 10, 5, 250]  	1466	1 
[0, 7, 17, 0, 250]  	1466	1 
[0, 7, 11, 5, 250]  	1500	1 
[0, 10, 11, 4, 250]  	1519	1 
[0, 7, 10, 6, 250]  	1521	1 
[0, 3, 20, 0, 250]  	1531	1 
[0, 7, 13, 4, 250]  	1550	1 
[1, 19, 0, 4, 251]  	1102	6 
[1, 13, 2, 5, 251]  	1114	5 
[2, 0, 1, 11, 251]  	1145	6 
[2, 3, 1, 10, 251]  	1164	6 
[1, 5, 7, 5, 251]  	1173	5 
[1, 11, 4, 5, 251]  	1182	5 
[8, 8, 9, 0, 251]  	1183	10 
[3, 2, 8, 5, 251]  	1195	6 
[1, 3, 2, 10, 251]  	1204	4 
[2, 6, 13, 0, 251]  	1207	5 
[0, 8, 0, 10, 251]  	1216	3 
[0, 13, 4, 5, 251]  	1225	3 
[12, 6, 9, 0, 251]  	1233	10 
[1, 4, 15, 0, 251]  	1244	3 
[1, 6, 14, 0, 251]  	1247	4 
[6, 4, 13, 0, 251]  	1257	6 
[0, 5, 1, 11, 251]  	1268	3 
[0, 4, 15, 1, 251]  	1305	1 
[1, 2, 17, 0, 251]  	1312	4 
[0, 3, 4, 10, 251]  	1315	3 
[0, 8, 8, 5, 251]  	1324	2 
[0, 7, 15, 0, 251]  	1324	1 
[2, 0, 18, 0, 251]  	1340	4 
[0, 7, 8, 6, 251]  	1379	2 
[1, 1, 12, 5, 251]  	1380	4 
[1, 0, 0, 15, 251]  	1411	2 
[0, 34, 0, 2, 251]  	1442	3 
[0, 12, 9, 4, 251]  	1451	2 
[0, 0, 0, 16, 251]  	1472	1 
[0, 0, 15, 5, 251]  	1525	1 
[0, 0, 14, 6, 251]  	1546	1 
[2, 13, 5, 0, 252]  	898	5 
[0, 11, 0, 6, 252]  	959	1 
[0, 14, 0, 5, 252]  	978	1 
[1, 10, 7, 1, 252]  	990	3 
[3, 7, 9, 0, 252]  	991	7 
[1, 7, 9, 1, 252]  	1021	2 
[2, 7, 10, 0, 252]  	1031	5 
[2, 10, 9, 0, 252]  	1071	4 
[1, 1, 13, 1, 252]  	1083	4 
[0, 3, 0, 11, 252]  	1123	3 
[0, 8, 4, 6, 252]  	1132	2 
[0, 6, 0, 10, 252]  	1142	2 
[1, 0, 8, 6, 252]  	1151	3 
[0, 5, 6, 6, 252]  	1163	1 
[3, 4, 13, 0, 252]  	1164	8 
[1, 7, 6, 5, 252]  	1176	5 
[0, 22, 0, 4, 252]  	1182	3 
[1, 0, 15, 1, 252]  	1188	3 
[2, 3, 8, 5, 252]  	1201	5 
[2, 4, 14, 0, 252]  	1204	6 
[1, 0, 1, 12, 252]  	1206	3 
[1, 10, 5, 5, 252]  	1216	5 
[7, 6, 11, 0, 252]  	1220	9 
[2, 0, 10, 5, 252]  	1232	5 
[11, 5, 10, 0, 252]  	1236	8 
[2, 3, 15, 0, 252]  	1238	6 
[1, 3, 9, 5, 252]  	1241	3 
[0, 10, 11, 1, 252]  	1243	1 
[0, 8, 7, 5, 252]  	1253	1 
[0, 7, 14, 0, 252]  	1253	1 
[1, 12, 11, 0, 252]  	1256	4 
[0, 1, 3, 11, 252]  	1262	2 
[0, 4, 8, 6, 252]  	1268	2 
[0, 7, 13, 1, 252]  	1274	1 
[1, 2, 10, 5, 252]  	1275	5 
[1, 1, 17, 0, 252]  	1275	3 
[1, 3, 16, 0, 252]  	1278	4 
[5, 2, 15, 0, 252]  	1294	6 
[1, 1, 11, 5, 252]  	1309	4 
[0, 28, 0, 3, 252]  	1312	3 
[0, 5, 3, 10, 252]  	1318	3 
[5, 1, 16, 0, 252]  	1328	5 
[0, 2, 10, 6, 252]  	1336	1 
[0, 1, 17, 1, 252]  	1336	1 
[11, 2, 13, 0, 252]  	1338	7 
[0, 5, 10, 5, 252]  	1355	2 
[0, 12, 13, 0, 252]  	1367	2 
[1, 0, 19, 0, 252]  	1380	3 
[0, 1, 6, 10, 252]  	1383	2 
[0, 0, 12, 6, 252]  	1404	1 
[0, 33, 0, 2, 252]  	1405	3 
[0, 2, 1, 14, 252]  	1433	3 
[0, 0, 6, 11, 252]  	1438	1 
[0, 0, 19, 1, 252]  	1441	1 
[0, 1, 20, 0, 252]  	1457	1 
[0, 0, 5, 12, 252]  	1459	1 
[0, 0, 8, 10, 252]  	1488	1 
[1, 3, 2, 6, 253]  	836	4 
[2, 11, 0, 5, 253]  	929	5 
[2, 7, 9, 0, 253]  	960	6 
[1, 11, 2, 5, 253]  	1040	4 
[13, 8, 5, 0, 253]  	1054	5 
[2, 6, 11, 0, 253]  	1065	6 
[1, 8, 4, 5, 253]  	1071	5 
[2, 4, 13, 0, 253]  	1133	6 
[1, 1, 15, 0, 253]  	1133	2 
[0, 11, 4, 5, 253]  	1151	2 
[0, 1, 8, 6, 253]  	1157	2 
[0, 0, 15, 1, 253]  	1157	1 
[1, 4, 14, 0, 253]  	1173	4 
[0, 8, 6, 5, 253]  	1182	2 
[11, 6, 9, 0, 253]  	1202	10 
[1, 4, 8, 5, 253]  	1207	4 
[0, 5, 8, 5, 253]  	1213	2 
[2, 0, 17, 0, 253]  	1269	4 
[1, 0, 18, 0, 253]  	1309	3 
[0, 1, 18, 0, 253]  	1315	1 
[11, 4, 12, 0, 253]  	1341	7 
[0, 2, 5, 10, 253]  	1349	3 
[0, 4, 11, 5, 253]  	1389	2 
[14, 1, 13, 0, 253]  	1394	6 
[1, 32, 0, 2, 253]  	1399	4 
[0, 1, 13, 5, 253]  	1420	2 
[2, 11, 3, 0, 254]  	682	3 
[2, 8, 5, 0, 254]  	713	5 
[0, 6, 0, 6, 254]  	774	2 
[1, 5, 7, 1, 254]  	805	3 
[2, 2, 9, 1, 254]  	867	5 
[1, 3, 9, 1, 254]  	873	3 
[0, 8, 7, 1, 254]  	885	1 
[2, 5, 9, 0, 254]  	886	5 
[2, 0, 11, 1, 254]  	935	3 
[0, 3, 4, 6, 254]  	947	2 
[2, 8, 2, 5, 254]  	960	6 
[1, 0, 6, 6, 254]  	1009	3 
[0, 12, 8, 0, 254]  	1012	2 
[0, 1, 6, 6, 254]  	1015	2 
[1, 0, 13, 1, 254]  	1046	3 
[0, 1, 0, 11, 254]  	1049	1 
[0, 5, 11, 1, 254]  	1058	1 
[2, 4, 12, 0, 254]  	1062	6 
[1, 18, 0, 4, 254]  	1065	5 
[0, 2, 14, 0, 254]  	1068	1 
[2, 0, 0, 11, 254]  	1074	3 
[0, 2, 13, 1, 254]  	1089	1 
[3, 2, 13, 0, 254]  	1090	3 
[12, 7, 0, 5, 254]  	1091	6 
[1, 5, 6, 5, 254]  	1102	4 
[0, 1, 15, 0, 254]  	1102	1 
[0, 0, 0, 12, 254]  	1104	1 
[0, 0, 8, 6, 254]  	1120	1 
[3, 4, 6, 5, 254]  	1127	5 
[1, 4, 7, 5, 254]  	1136	3 
[11, 6, 2, 5, 254]  	1165	11 
[2, 0, 16, 0, 254]  	1198	2 
[12, 7, 8, 0, 254]  	1199	8 
[1, 2, 3, 10, 254]  	1238	5 
[0, 3, 3, 10, 254]  	1244	3 
[2, 0, 4, 10, 254]  	1266	4 
[11, 5, 4, 5, 254]  	1270	10 
[1, 0, 11, 5, 254]  	1272	3 
[0, 2, 4, 10, 254]  	1278	3 
[11, 4, 5, 5, 254]  	1304	6 
[14, 0, 13, 0, 254]  	1357	5 
[1, 3, 0, 6, 255]  	694	3 
[3, 2, 7, 1, 255]  	756	5 
[2, 7, 0, 5, 255]  	781	6 
[1, 3, 9, 0, 255]  	781	2 
[0, 9, 0, 5, 255]  	793	2 
[0, 8, 7, 0, 255]  	793	1 
[3, 7, 8, 0, 255]  	920	6 
[0, 5, 11, 0, 255]  	966	1 
[1, 2, 11, 1, 255]  	978	2 
[0, 0, 6, 6, 255]  	978	1 
[2, 5, 4, 5, 255]  	991	5 
[16, 0, 7, 0, 255]  	993	1 
[1, 4, 5, 5, 255]  	994	4 
[0, 17, 0, 4, 255]  	997	2 
[0, 2, 13, 0, 255]  	997	1 
[0, 0, 0, 11, 255]  	1012	1 
[15, 0, 0, 6, 255]  	1017	1 
[0, 8, 4, 5, 255]  	1040	2 
[15, 16, 0, 0, 255]  	1057	3 
[0, 0, 15, 0, 255]  	1065	1 
[0, 3, 1, 10, 255]  	1102	3 
[14, 0, 2, 6, 255]  	1128	7 
[10, 0, 4, 6, 255]  	1146	11 
[15, 2, 6, 2, 255]  	1149	10 
[2, 1, 9, 5, 255]  	1198	4 
[1, 13, 5, 4, 255]  	1235	4 
[1, 0, 4, 10, 255]  	1235	3 
[15, 0, 11, 0, 255]  	1246	1 
[0, 27, 0, 3, 255]  	1275	3 
[0, 2, 11, 5, 255]  	1315	2 
[15, 2, 5, 5, 255]  	1354	3 
------
The gap is between 10 and 244.
Lengths: 5 5 8 10 5 12.
For 1536 = 3*d-d1-d2-d3-d4 you get 5 in char 0.
1 + 0*2^64 + 0*2^128 + 0*2^192*x^13*z^3*w^10
1 + 0*2^64 + 0*2^128 + 0*2^192*x^3*y^39
1 + 0*2^64 + 0*2^128 + 0*2^192*y^4*z^4*w^12
1 + 0*2^64 + 0*2^128 + 0*2^192*y^3*z^11*w^7
1 + 0*2^64 + 0*2^128 + 0*2^192*y^2*z^18*w^2

For 947 = 2*d-d1-d2-d3-d4 you get 8 in char 0.
1 + 0*2^64 + 0*2^128 + 0*2^192*x^14*y^2*z^1*w^4
1 + 0*2^64 + 0*2^128 + 0*2^192*x^11*y^7*z^1*w^3
1 + 0*2^64 + 0*2^128 + 0*2^192*x^10*y^4*z^3*w^3
1 + 0*2^64 + 0*2^128 + 0*2^192*x^9*y^1*z^5*w^3
1 + 0*2^64 + 0*2^128 + 0*2^192*x^4*z^9*w^2
1 + 0*2^64 + 0*2^128 + 0*2^192*x^1*y^5*z^9*w^1
1 + 0*2^64 + 0*2^128 + 0*2^192*y^3*z^4*w^6
1 + 0*2^64 + 0*2^128 + 0*2^192*y^2*z^11*w^1

For 358 = d-d1-d2-d3-d4 you get 5 in char 0.
1 + 0*2^64 + 0*2^128 + 0*2^192*x^5*y^3*w^1
1 + 0*2^64 + 0*2^128 + 0*2^192*x^4*z^2*w^1
1 + 0*2^64 + 0*2^128 + 0*2^192*x^2*y^8
1 + 0*2^64 + 0*2^128 + 0*2^192*x^1*y^5*z^2
1 + 0*2^64 + 0*2^128 + 0*2^192*y^2*z^4

Extra powers of p used 9.
The invariant extra is equal to 33.
Start computing 2^4 Delta^1 (x1x2x3x4)^1... Done.
Start computing 2^5 Delta^2 (x1x2x3x4)^1... Done.
Start computing 2^6 Delta^3 (x1x2x3x4)^1... Done.
Start computing 2^7 Delta^4 (x1x2x3x4)^1... Done.
Start computing 2^8 Delta^5 (x1x2x3x4)^1... Done.
Start computing 2^9 Delta^6 (x1x2x3x4)^1... Done.
Start computing 2^10 Delta^7 (x1x2x3x4)^1... Done.
Start computing 2^11 Delta^8 (x1x2x3x4)^1... Done.
Start computing 2^12 Delta^9 (x1x2x3x4)^1... Done.
Start computing 2^13 Delta^10 (x1x2x3x4)^1... Done.
Start computing 2^14 Delta^11 (x1x2x3x4)^1... Done.
Start computing 2^15 Delta^12 (x1x2x3x4)^1... Done.
Start computing 2^16 Delta^13 (x1x2x3x4)^1... Done.
Start computing 2^17 Delta^14 (x1x2x3x4)^1... Done.
Start computing 2^18 Delta^15 (x1x2x3x4)^1... Done.
Start computing 2^19 Delta^16 (x1x2x3x4)^1... Done.
Start computing 2^20 Delta^17 (x1x2x3x4)^1... Done.
Start computing 2^21 Delta^18 (x1x2x3x4)^1... Done.
Start computing 2^22 Delta^19 (x1x2x3x4)^1... Done.
Start computing 2^23 Delta^20 (x1x2x3x4)^1... Done.
Start computing 2^24 Delta^21 (x1x2x3x4)^1... Done.
Start computing 2^25 Delta^22 (x1x2x3x4)^1... Done.
Start computing 2^26 Delta^23 (x1x2x3x4)^1... Done.
Start computing 2^27 Delta^24 (x1x2x3x4)^1... Done.
Start computing 2^28 Delta^25 (x1x2x3x4)^1... Done.
Start computing 2^29 Delta^26 (x1x2x3x4)^1... Done.
Start computing 2^30 Delta^27 (x1x2x3x4)^1... Done.
Start computing 2^31 Delta^28 (x1x2x3x4)^1... Done.
Start computing 2^32 Delta^29 (x1x2x3x4)^1... Done.
Start computing 2^33 Delta^30 (x1x2x3x4)^1... Done.
Start computing 2^34 Delta^31 (x1x2x3x4)^1... Done.
Start computing 2^35 Delta^32 (x1x2x3x4)^1... Done.
Start computing 2^36 Delta^33 (x1x2x3x4)^1... Done.
Start computing 2^37 Delta^34 (x1x2x3x4)^1... Done.
Start computing 2^38 Delta^35 (x1x2x3x4)^1... Done.
Start computing aa.
1 2 3 4 5 6 7 8 9 10 11 12 13 14 15 16 17 18 
*/
A = \
[10405299273998755328 + 3007237549734258812*2^64 + 9690872464763644120*2^128 + 487516819594*2^192,8151536034225050624 + 16228822854234710801*2^64 + 18348042992571808048*2^128 + 235617955841*2^192,5049457138577138688 + 16063020778883275904*2^64 + 12064723660424557688*2^128 + 137747327067*2^192,9199086557748032512 + 7690502624356045454*2^64 + 15048499214640341247*2^128 + 498414289640*2^192,4035543957927626752 + 8875768151460805845*2^64 + 15325686476584687330*2^128 + 316244804772*2^192,12187668756090357760 + 9817190848206441038*2^64 + 15508167077653791725*2^128 + 53346788477*2^192,16438330194943188992 + 10972698553450714122*2^64 + 17100081358187608020*2^128 + 233225477214*2^192,4120788225006782464 + 3022350298963759198*2^64 + 5391406389747744490*2^128 + 529133871516*2^192,13517671346258817024 + 13403675533904270923*2^64 + 8713760734704904413*2^128 + 144642837436*2^192,14510264389511829504 + 10484604761401165581*2^64 + 2775572242049658894*2^128 + 44614266881*2^192,715091513158635520 + 15896325501694865057*2^64 + 13555284925639822328*2^128 + 447545012183*2^192,2663131027320090624 + 689874224365558919*2^64 + 1699856201792567329*2^128 + 477550583897*2^192,11343911147618762752 + 14871552622347364544*2^64 + 4960802414418017980*2^128 + 500548006534*2^192,18318856570951942144 + 84046439122369967*2^64 + 6606490381779013690*2^128 + 123324510362*2^192,3023153848004935680 + 2915909157132242458*2^64 + 15940173758595408130*2^128 + 161575218276*2^192,6608366798815326208 + 17751204122439532597*2^64 + 8149943827433656985*2^128 + 386522015459*2^192,18382653285777944576 + 13021807068420146468*2^64 + 10539591404579250419*2^128 + 378109319295*2^192,4238600491221864448 + 9817400344820287849*2^64 + 7906671827551222953*2^128 + 400902454261*2^192;\
9013380355860117504 + 15020870276050252636*2^64 + 16144412406729488450*2^128 + 316789844170*2^192,7763586083636979200 + 12600960205913381034*2^64 + 17996671204365129816*2^128 + 31898831258*2^192,11829790010125061120 + 13211643681445730467*2^64 + 18322424362395520545*2^128 + 194498339814*2^192,6845179349821046784 + 15609249250909819012*2^64 + 296549875295842919*2^128 + 455190450334*2^192,7098825513808937984 + 17256140397718906829*2^64 + 14613056519327969953*2^128 + 24511765787*2^192,9123609970052777984 + 217367916930274458*2^64 + 475443288690299425*2^128 + 279767202518*2^192,174441567888467968 + 8450214047008668370*2^64 + 9566730451133591200*2^128 + 549299336938*2^192,12118928771593476096 + 4626043787949551465*2^64 + 6927709504152336690*2^128 + 512472586295*2^192,5564107284663031808 + 3315657641149748081*2^64 + 2151587148978173789*2^128 + 289556641833*2^192,7551668605063602176 + 10764199003342962976*2^64 + 2752483391591554446*2^128 + 413852299177*2^192,3808604070453981184 + 4185554156411002276*2^64 + 8684466565654972751*2^128 + 279166537997*2^192,14499848463934078976 + 17209713625594503031*2^64 + 3409865113764307391*2^128 + 470446345046*2^192,1744779167533850624 + 583427235197035464*2^64 + 12199862729063199548*2^128 + 353185932589*2^192,9816897270981320704 + 5475275654620726556*2^64 + 8400599138520720533*2^128 + 40984652605*2^192,12352345089564753920 + 4875726455875388967*2^64 + 10810221490264261228*2^128 + 75973016407*2^192,5217181288480587776 + 1409852486126346505*2^64 + 4884498983174868803*2^128 + 439066271462*2^192,13820621125822726144 + 3737882423868755346*2^64 + 5837909583604784224*2^128 + 386261865528*2^192,17029403138434551808 + 16140419029000102611*2^64 + 5382301186077468144*2^128 + 296401533565*2^192;\
1976935943018871032 + 3775663211851473550*2^64 + 13483126593496510248*2^128 + 268047628926*2^192,13345521247062125856 + 10581323822004694004*2^64 + 11158618838236259201*2^128 + 251741910892*2^192,6903653027318728848 + 11656076110988997784*2^64 + 14970042855954577891*2^128 + 337073204069*2^192,6523178185256403184 + 256720132617294875*2^64 + 14441249312439166535*2^128 + 53106741703*2^192,17695541430087790704 + 4465564794407228600*2^64 + 12276101453376825559*2^128 + 543848739394*2^192,7754065018066772224 + 7027013455578925968*2^64 + 3649256253826079669*2^128 + 387759824763*2^192,2167631254953313888 + 9569796933544656821*2^64 + 8960179762824883641*2^128 + 450828910356*2^192,6299867700569032992 + 11517149636739966156*2^64 + 11908401344013048742*2^128 + 476503755964*2^192,11068662699170288448 + 14075646704362189738*2^64 + 15511459197783491301*2^128 + 107195443467*2^192,6759279799519881920 + 10600538656447453331*2^64 + 1891303069783351204*2^128 + 516010112675*2^192,15429479065564195584 + 4162798651049949783*2^64 + 4341471257465148701*2^128 + 240091047987*2^192,5514425489094307200 + 1308230759812067138*2^64 + 14994537267770957905*2^128 + 242167846850*2^192,11897646942320989376 + 15558851148247303290*2^64 + 9803871296606554659*2^128 + 226431198904*2^192,3669034684748683392 + 8684982615851468247*2^64 + 12246451483600134819*2^128 + 393396531728*2^192,8949930162615120960 + 2405022124067164851*2^64 + 12126352246171167986*2^128 + 509392587948*2^192,9612569887979910528 + 5433589909651679114*2^64 + 15952308733572729330*2^128 + 381458497166*2^192,15748141240971964352 + 17576820903873420525*2^64 + 233753832744246341*2^128 + 291958586438*2^192,4038902770561291520 + 12546926518255726336*2^64 + 18277087475382432598*2^128 + 380818579792*2^192;\
1997973192901105032 + 14885659381989136990*2^64 + 1105002721988043102*2^128 + 435465462083*2^192,17710773353217021216 + 6892636121826956838*2^64 + 2566983391358099377*2^128 + 333550902563*2^192,3180652220361702576 + 14875165701506134652*2^64 + 8911583472951990953*2^128 + 368282536940*2^192,5095863898105772816 + 16659632821933721857*2^64 + 9422076905697056487*2^128 + 222198391775*2^192,2622461846551977552 + 17424455195042821353*2^64 + 15246963817762791308*2^128 + 519197031965*2^192,4588171764047218944 + 2886590679535308965*2^64 + 17208704869613679032*2^128 + 504625125748*2^192,10075269042493314208 + 230225968526686821*2^64 + 7194806685427305138*2^128 + 311875402795*2^192,4521276072500733152 + 13209981521649693389*2^64 + 13504039409025909333*2^128 + 41756272743*2^192,12117233314810522304 + 15799344606956103010*2^64 + 10060495882912691803*2^128 + 533468747615*2^192,13723031409608487232 + 4751719446477560138*2^64 + 4915943213707185134*2^128 + 339847510988*2^192,8344630545527522048 + 8302268307323619611*2^64 + 2086185835914537225*2^128 + 426187531716*2^192,15746698607955612544 + 18206642033122623300*2^64 + 16952853469006136438*2^128 + 10840215025*2^192,6098112786013373504 + 7457599245333796524*2^64 + 2566367785226932034*2^128 + 413354247567*2^192,12539711052212901248 + 17779225809480896485*2^64 + 3499789375716599814*2^128 + 324402314564*2^192,9538043372489735616 + 4705437594009422262*2^64 + 15117880617234133222*2^128 + 174969581132*2^192,1507341303118823552 + 15266447374389313907*2^64 + 1318830065438757118*2^128 + 20640640673*2^192,12569762885338273856 + 15930723429057845897*2^64 + 15557592506748570504*2^128 + 171547499612*2^192,12365976053356840960 + 682158199169762729*2^64 + 2887246397848813308*2^128 + 423856927297*2^192;\
6547598009157117240 + 16341521997483595602*2^64 + 7084540766824751682*2^128 + 15140038051*2^192,2044070215276769952 + 10114273263132720310*2^64 + 18309254491297300677*2^128 + 358184468626*2^192,13388845779978970256 + 5073901357056096303*2^64 + 3099346181619765595*2^128 + 212774859756*2^192,10037857836475515824 + 9848184614639585755*2^64 + 1694837988185030984*2^128 + 163198112013*2^192,14827694952739644080 + 890771837230932277*2^64 + 12630141518231355487*2^128 + 546368130830*2^192,14690847989504486016 + 13588364968047886739*2^64 + 492464965169891556*2^128 + 10798364363*2^192,3146047344166217568 + 2680836994317337309*2^64 + 16676076554442836048*2^128 + 98861733413*2^192,9894963557894547488 + 217974550964895925*2^64 + 2713257421286360334*2^128 + 503780231927*2^192,7226677802113721152 + 8472036611427367998*2^64 + 17928485361935872536*2^128 + 390070807649*2^192,14949140235116574528 + 7410235978033729237*2^64 + 3242000546178907485*2^128 + 389442425034*2^192,6073696676978008064 + 8216696074608299581*2^64 + 16483303362043237560*2^128 + 302766981977*2^192,963733090834812544 + 7323789579322985910*2^64 + 123925187645432139*2^128 + 314040887285*2^192,8798149180818070720 + 1415227743067246500*2^64 + 15560960378034641543*2^128 + 49323792593*2^192,15286037217849627520 + 17404198376550683160*2^64 + 5478156736673012072*2^128 + 452326706392*2^192,15348424861903552320 + 6922710831987127939*2^64 + 12064651296721133681*2^128 + 258349562261*2^192,8426311968056299136 + 849376807233672681*2^64 + 6513828002420943899*2^128 + 64228843444*2^192,4553090954524631744 + 17369832623518304566*2^64 + 16300067105816175525*2^128 + 3886767418*2^192,14075399550855931136 + 16192821309788843304*2^64 + 4046903304142625960*2^128 + 439136365851*2^192;\
2711179453319969984 + 8600414294473302635*2^64 + 9984227744272687258*2^128 + 201152394495*2^192,16646694735226205440 + 4425275868336813298*2^64 + 9295273613635199872*2^128 + 181952009109*2^192,7426829456264775808 + 1988781793139540983*2^64 + 15162270250826703558*2^128 + 122134630370*2^192,9655425455773382528 + 3303426608761603396*2^64 + 9906758025996384958*2^128 + 169616891516*2^192,6146730161727167360 + 722981792177764791*2^64 + 15595608403633676716*2^128 + 40974328964*2^192,16673111166501521408 + 11521583789234878047*2^64 + 11271952217136155215*2^128 + 36702234838*2^192,11677389070924158720 + 12639986267069086547*2^64 + 12320329628266165783*2^128 + 98640058047*2^192,17117638014946458880 + 17654492805600329042*2^64 + 2110665222258861649*2^128 + 29858843476*2^192,13206258447272688128 + 14317909678637402608*2^64 + 7043510060003439667*2^128 + 151879006782*2^192,16462197744411835904 + 4210709917898752731*2^64 + 2253958791729788115*2^128 + 177448252581*2^192,15259318463370964992 + 6127036209398880840*2^64 + 11182498317267228670*2^128 + 83922367065*2^192,5694502313819184128 + 4095530180997682897*2^64 + 5874541587903951447*2^128 + 3368218763*2^192,3854216486987472384 + 7791722459306265232*2^64 + 9251665356544474509*2^128 + 2930530527*2^192,13246488109216556032 + 6112356388571986554*2^64 + 3208718884858361640*2^128 + 127415340635*2^192,15437708396134763008 + 17324906781716951023*2^64 + 13757935695943392366*2^128 + 123745165337*2^192,11993403534452345856 + 13664721954738695411*2^64 + 14075441057485156609*2^128 + 70363397046*2^192,13313194903317220864 + 10571594827067346076*2^64 + 16230959724526176524*2^128 + 227368817526*2^192,7802053565843388416 + 1121471597812353437*2^64 + 7591161122718153852*2^128 + 166514243631*2^192;\
9147544435610479328 + 5730143295328498595*2^64 + 3307562283395724723*2^128 + 166591633472*2^192,18065853333547571072 + 5414563263497429979*2^64 + 1141616209911903391*2^128 + 26174253096*2^192,18400330650968542016 + 12515785662254674996*2^64 + 1987920156855704284*2^128 + 32833938864*2^192,301444229026538432 + 604662351704625592*2^64 + 1188698865436039807*2^128 + 130657721824*2^192,17857949189517122240 + 10303324428258080825*2^64 + 3905734282284797149*2^128 + 107772307459*2^192,2991122601725054976 + 5430241739651523452*2^64 + 14877919290657268867*2^128 + 264055564040*2^192,13408441829002762624 + 13509572233429092261*2^64 + 1086161014235136958*2^128 + 175888861143*2^192,8211843167858927744 + 8516079578012603200*2^64 + 6339357260090913032*2^128 + 150930495878*2^192,12273194816000969984 + 8741503658415705845*2^64 + 8333198177205494907*2^128 + 4969605105*2^192,17197419316826040064 + 3429485486812724679*2^64 + 9758346110119734538*2^128 + 97581603136*2^192,9366532540566457344 + 8122608672553481210*2^64 + 7783892923464965740*2^128 + 233552157397*2^192,8746223539395222016 + 4674635670244803169*2^64 + 6572427951277388249*2^128 + 207620537080*2^192,8385204647043161856 + 2962355336449151418*2^64 + 5088187355758353827*2^128 + 56308527178*2^192,9190337946387794432 + 17990368114426451264*2^64 + 16394633310409435069*2^128 + 243834945762*2^192,17939277973652887808 + 8760223045076063319*2^64 + 4031976275085227826*2^128 + 233480411775*2^192,10662572431275574784 + 6715154972417060110*2^64 + 12198472528445793973*2^128 + 150785042792*2^192,12330403572230065920 + 13391161847257047819*2^64 + 10021636516034539291*2^128 + 184833505264*2^192,14284714402555322368 + 11663952393342477944*2^64 + 8421898676824489789*2^128 + 155460978730*2^192;\
15859815207788823872 + 18315345887270688064*2^64 + 6303298274807818700*2^128 + 41485997043*2^192,10541246543491883008 + 3528892252511102774*2^64 + 972152343135219315*2^128 + 148760308127*2^192,11106235619072358016 + 18158492584868538772*2^64 + 13060640483263949687*2^128 + 156255511288*2^192,7781486999441976704 + 17666110774199789232*2^64 + 12416153730031754937*2^128 + 77577436669*2^192,6279966625284738176 + 3334769947853229592*2^64 + 6274294142900897828*2^128 + 200896449951*2^192,2066600364410363392 + 11082175702417244693*2^64 + 10045480677326831093*2^128 + 136642002569*2^192,5684712026295395584 + 3711252507101932414*2^64 + 13352614442045556511*2^128 + 127822888549*2^192,16939716793989073664 + 7179283871653576350*2^64 + 7513656223002621975*2^128 + 12964883604*2^192,4693858709074654720 + 16246996808867649745*2^64 + 6173416109277660516*2^128 + 79224870528*2^192,4632615549232472064 + 16749728174614669700*2^64 + 3579365310187093940*2^128 + 252110831126*2^192,5680689263407219712 + 447132630727034612*2^64 + 8067563367184130774*2^128 + 116320546058*2^192,14120398848467158016 + 4675410230099346308*2^64 + 13403424880789987225*2^128 + 29941955886*2^192,1094952084620070400 + 2723029419771782678*2^64 + 15258240990014419876*2^128 + 87090806843*2^192,9663746797339670528 + 11606626658348119632*2^64 + 3387787298109517999*2^128 + 127591719603*2^192,16431726798556785152 + 6469950494952113989*2^64 + 12076911306430223937*2^128 + 81328485236*2^192,4275180639394818048 + 8007748005690445641*2^64 + 11962044670768181439*2^128 + 13282868245*2^192,8360732182682899968 + 16560816995208597217*2^64 + 863285179493073332*2^128 + 115407593373*2^192,16403302956927988736 + 2618044758097509755*2^64 + 8464520504712388311*2^128 + 135036996858*2^192;\
4362024094745082496 + 1513814424437140508*2^64 + 633454935950126878*2^128 + 345676585777*2^192,16169154550643043072 + 18218599111719967910*2^64 + 8450832734672845962*2^128 + 368841272787*2^192,7930861792927754240 + 13915668277286021124*2^64 + 10936058570730891209*2^128 + 89039594013*2^192,4090545885716034304 + 15085328401282768059*2^64 + 3627955010286142184*2^128 + 215955204887*2^192,16322283392129597952 + 16140801019135139420*2^64 + 10613704489623198804*2^128 + 192464794268*2^192,16243522766408629248 + 17498148430908166157*2^64 + 11244425419271961514*2^128 + 123716472284*2^192,9497119200179795456 + 13895721376844490951*2^64 + 6688385810419230217*2^128 + 67691771994*2^192,6727138415192000000 + 14170333360508975060*2^64 + 3654195357612213766*2^128 + 526615093300*2^192,14888976312175266816 + 10935908551343124992*2^64 + 3479534691561278984*2^128 + 422587868297*2^192,13165954127443970048 + 14342641845652211440*2^64 + 12862695443950490779*2^128 + 472742792627*2^192,9138236454086307840 + 3594959953673618915*2^64 + 9478590752019089442*2^128 + 536696345892*2^192,12225567199231101952 + 15473665610337054240*2^64 + 17093183111086317846*2^128 + 506507765122*2^192,10464871207519717376 + 11342608235393075945*2^64 + 8918393380522498094*2^128 + 316574801369*2^192,8904384111212816384 + 14433960418356756587*2^64 + 9910803435319115283*2^128 + 81392947324*2^192,2921185821420442624 + 16590352769377189981*2^64 + 5430624208505396679*2^128 + 200777506775*2^192,15954341664182458368 + 3663700597027474253*2^64 + 5461694783191237492*2^128 + 105020719206*2^192,11079659557684431872 + 3252205397787141669*2^64 + 17892873416046728412*2^128 + 245302358830*2^192,3024286889806349312 + 3118811158400395436*2^64 + 15510199080723766561*2^128 + 361824629644*2^192;\
11304128461041280448 + 18177132101414375239*2^64 + 1290996675684178811*2^128 + 105523443240*2^192,9384138969858620256 + 3339522774527616456*2^64 + 9392150910916999836*2^128 + 365615615064*2^192,11318348261548764640 + 3201606121977576133*2^64 + 1284787255526168260*2^128 + 342460213519*2^192,11569476093112171840 + 14833743917222257677*2^64 + 17044612941987915926*2^128 + 280012576476*2^192,8773300020132099424 + 391905676480405665*2^64 + 2734519169828623021*2^128 + 123092322342*2^192,2659490633296036480 + 13053555430417943945*2^64 + 603604403629540472*2^128 + 68985373279*2^192,16166622499367635584 + 3689910650042498496*2^64 + 9250091939663609312*2^128 + 56156028596*2^192,2334078621212230912 + 4645942232763481385*2^64 + 14043649886422571184*2^128 + 364127408933*2^192,2185821198975777536 + 16269109378795163566*2^64 + 951538387525720398*2^128 + 210140237280*2^192,8012186233287041664 + 11393037707722517338*2^64 + 9093975999842741933*2^128 + 396112456664*2^192,424201437382531584 + 3907246374492537387*2^64 + 12343775730396711579*2^128 + 271550066384*2^192,16034890158941851776 + 14289886111787478032*2^64 + 5329320118190733118*2^128 + 94547825845*2^192,10270962323737158016 + 17796214976047223166*2^64 + 8875214169239114577*2^128 + 172797789595*2^192,14025592951127792640 + 1703433848775711309*2^64 + 12718022801448793941*2^128 + 542161719530*2^192,15402480987790671872 + 10279903285676698524*2^64 + 17956409401407916971*2^128 + 352749321550*2^192,2821001914231997952 + 232232725405689694*2^64 + 15531008756399741116*2^128 + 419929940078*2^192,15699919105374146816 + 8978037755826595021*2^64 + 7981832108064329069*2^128 + 68838485427*2^192,13821633534922215808 + 4275741165866549558*2^64 + 18298931700189399818*2^128 + 271616103756*2^192;\
8147119916041523345 + 14263926237258380790*2^64 + 11527614173002572599*2^128 + 247628892732*2^192,6201221616955312484 + 8341248513239960283*2^64 + 5953518514093148649*2^128 + 314014333417*2^192,12612388082461237718 + 18039613240112762235*2^64 + 17277316553363239198*2^128 + 480009654837*2^192,16214480092951151370 + 7643192515782297483*2^64 + 5718634790556928122*2^128 + 205482267427*2^192,512399494360114 + 11165601448341598320*2^64 + 1897529758080922844*2^128 + 358043542113*2^192,8560537852050471952 + 17843955639524558998*2^64 + 7344228095834189600*2^128 + 185533426907*2^192,5681047586565427540 + 11326181127354179076*2^64 + 13351705517747503079*2^128 + 479180113906*2^192,13030967591136172572 + 7631597797895129478*2^64 + 2368419384383930077*2^128 + 165040717108*2^192,6804611023306590232 + 18391462137280467989*2^64 + 13763575584952262125*2^128 + 488380020807*2^192,14602639519260319800 + 14220492065896624197*2^64 + 13266367200422520010*2^128 + 137301862950*2^192,6731078546797423360 + 17276846441646465068*2^64 + 17568912582763555736*2^128 + 417521145491*2^192,14686905554588238672 + 12038905816230353546*2^64 + 11011661821844381942*2^128 + 298061871524*2^192,7165733389241911560 + 11385931772066650004*2^64 + 14366904810296689811*2^128 + 128468149541*2^192,6319598444092459920 + 14255264399939971439*2^64 + 12310327090028640504*2^128 + 539124230831*2^192,15033568004322438232 + 1046349005056116390*2^64 + 995309410392766619*2^128 + 509772719599*2^192,9297641177613170864 + 12555627468421569499*2^64 + 1733574600508811009*2^128 + 89256567630*2^192,3326581852392122536 + 3116305489132648381*2^64 + 13760830564062221323*2^128 + 179009753685*2^192,42904148375742400 + 4005099750302441516*2^64 + 4244215694952188429*2^128 + 263285497305*2^192;\
7881542996449083020 + 159612902141687688*2^64 + 16060415666149384297*2^128 + 18322303964*2^192,5260983553795071424 + 13692384867545170165*2^64 + 13305023645349651379*2^128 + 10566182486*2^192,6954746359111800920 + 12569153752889767805*2^64 + 5761143176345305936*2^128 + 7053554957*2^192,15684444954520034288 + 15006021144909631548*2^64 + 3190125362700401400*2^128 + 445635620832*2^192,15303895125011894912 + 17958329037069158477*2^64 + 16815699568493748979*2^128 + 200092966089*2^192,7156744175191867920 + 12400797780835770295*2^64 + 2947713255410118573*2^128 + 2667703514*2^192,2321156406186242800 + 3088249186227345109*2^64 + 17991829580831762028*2^128 + 491213423978*2^192,7536091454034496592 + 52843688570482533*2^64 + 6186298214029938940*2^128 + 5643209309*2^192,15827917406030603744 + 8292983319441136881*2^64 + 12429990217267229957*2^128 + 472205607446*2^192,18353619787075684048 + 17896963948819135374*2^64 + 17706727368582271718*2^128 + 99283680086*2^192,1500616963545691488 + 10275293409830677143*2^64 + 14870774905979624065*2^128 + 141131195504*2^192,4905622157847118240 + 12199897493193989540*2^64 + 8009706754822165695*2^128 + 183627826483*2^192,3408968297780898080 + 10232752151565738699*2^64 + 10022189984617315399*2^128 + 299365464279*2^192,2633882011431618272 + 4963604132983512165*2^64 + 12083046050060440941*2^128 + 277620955607*2^192,4422456650665025664 + 9638277403736254664*2^64 + 334210653147094476*2^128 + 309381919821*2^192,14908563184182686624 + 26254925937622198*2^64 + 1515548521274903162*2^128 + 341297568589*2^192,2862292849536969408 + 11627553150912028674*2^64 + 9880405362468496268*2^128 + 213515589242*2^192,16755104421744775040 + 2587594425037659596*2^64 + 4997281292635856670*2^128 + 126445735531*2^192;\
15104078789809115913 + 11348219876787324382*2^64 + 12988490288519767634*2^128 + 81630119801*2^192,7194068217078017620 + 17782477363225661826*2^64 + 13097928240831659607*2^128 + 491992560387*2^192,18401794533435681014 + 16537526847752271253*2^64 + 7552506542159160184*2^128 + 544938568845*2^192,8727398200599843826 + 13482586769670838416*2^64 + 9062726868163306717*2^128 + 333613300251*2^192,5902358383233517706 + 7893746438170389935*2^64 + 12308501938846083886*2^128 + 282473913319*2^192,10665288584298506336 + 8894144569506724726*2^64 + 4487933251379393061*2^128 + 474647705241*2^192,15706345602584604852 + 9800630419678971480*2^64 + 15173763332398834180*2^128 + 194053753163*2^192,15534200227256777532 + 11195518852018104488*2^64 + 10573934998279989060*2^128 + 216589530602*2^192,1909255535538130968 + 6409539894733221880*2^64 + 7315642064174713577*2^128 + 423751299906*2^192,8205503454241047848 + 13954418538669068667*2^64 + 2669557979392489487*2^128 + 113587212498*2^192,245959712210889056 + 17421849806226228633*2^64 + 4482893682281728534*2^128 + 245229397146*2^192,3212489140009137584 + 6504069367405946386*2^64 + 18314394585595728099*2^128 + 428812675180*2^192,4013956662036067208 + 4150815720131225472*2^64 + 12622357177901760189*2^128 + 90832214401*2^192,10464919568695203376 + 5223767202874137450*2^64 + 12722119669178512313*2^128 + 536232555587*2^192,11084288029285048568 + 8374673871288787172*2^64 + 3801244797833483053*2^128 + 144490941433*2^192,16782445292458788752 + 16213280574443472186*2^64 + 3709570129283872842*2^128 + 211112894950*2^192,9876492253463090504 + 7053345596211826767*2^64 + 10224164448559813109*2^128 + 199613910203*2^192,15420178230403756608 + 14075280374786221367*2^64 + 15891670406699503551*2^128 + 524690505797*2^192;\
17094673971697137435 + 11925786343341751684*2^64 + 15380410309756273543*2^128 + 61396062525*2^192,13123159349952570524 + 6535243886364571181*2^64 + 2545491419596016140*2^128 + 356795025191*2^192,15413519082060830210 + 3589879002400814381*2^64 + 6421301012852547637*2^128 + 101622145790*2^192,9636378660885398534 + 5882093459256984540*2^64 + 13276560727158303689*2^128 + 349156787534*2^192,6650295459066425262 + 4699161059798415622*2^64 + 5826376875902752023*2^128 + 73929444045*2^192,6228128535782421824 + 1072941149417099174*2^64 + 5774794797815820277*2^128 + 394144933499*2^192,5469399204404858396 + 11228058429281086276*2^64 + 17071625737275725023*2^128 + 26808277605*2^192,13484550398392794548 + 14177354425556592530*2^64 + 11881475317771420711*2^128 + 132323549926*2^192,94588657333127112 + 17930807358731205826*2^64 + 4927266532992322495*2^128 + 527715946371*2^192,7111789704672946776 + 18049689693512716135*2^64 + 15732120980429805592*2^128 + 496370194706*2^192,12817169408852249568 + 13454416261583282409*2^64 + 11173193608286806004*2^128 + 392912010931*2^192,3396792243899798992 + 18147352642043108529*2^64 + 16150491596275465904*2^128 + 498992438796*2^192,16290813171189170712 + 13099485716039990985*2^64 + 16184461713712724910*2^128 + 526319004098*2^192,4830863327871756752 + 4137125173204773364*2^64 + 3520966016743908019*2^128 + 55421422961*2^192,9838188097987001512 + 9073000672789867189*2^64 + 2952494481939007986*2^128 + 94230680794*2^192,2732093561572676208 + 12293829273052635511*2^64 + 5819377560056587537*2^128 + 161074120544*2^192,12944275015366220440 + 2521669564502783818*2^64 + 18209303513747771184*2^128 + 314124714849*2^192,3678386652326934464 + 540135788714710572*2^64 + 11395845915289381019*2^128 + 454372071067*2^192;\
887417414233906938 + 6646640379452284135*2^64 + 3241858597623242881*2^128 + 48831532308*2^192,1900629311654643352 + 13026033912381266270*2^64 + 4345808759168959874*2^128 + 203674186572*2^192,15667382087686465772 + 9104778027861713326*2^64 + 12605872604873353980*2^128 + 347943530841*2^192,14371496128516298764 + 7759844585919783574*2^64 + 10466384839296004684*2^128 + 470240087249*2^192,12484278550015289324 + 17001534037150490670*2^64 + 3621092730665408642*2^128 + 523395284558*2^192,16196145861875964752 + 5784818653375806336*2^64 + 6510779573745532916*2^128 + 424934626640*2^192,2539449919081076104 + 8913501787019075898*2^64 + 15267735578127247140*2^128 + 198209585859*2^192,10672832101609514968 + 8733199892962139210*2^64 + 9517634756579767965*2^128 + 525227382489*2^192,13424970127470271920 + 3313923959251903686*2^64 + 7465070320750170729*2^128 + 230902178779*2^192,11189413999649225344 + 12182670117690976326*2^64 + 12807195664737237272*2^128 + 327788032241*2^192,10192861859953048224 + 14075624887764119155*2^64 + 8105381539441322404*2^128 + 371643668433*2^192,10905329308620226624 + 85153111941452276*2^64 + 1694552531793760516*2^128 + 266988019626*2^192,8402742081885688848 + 17618129763920746551*2^64 + 17704508019071799016*2^128 + 247144364658*2^192,7185763255415177856 + 12933793362566836025*2^64 + 10631255093870532415*2^128 + 440656999658*2^192,6025515252328723088 + 6267101337066674249*2^64 + 15286523026282747799*2^128 + 30044923062*2^192,13723695599770502272 + 16815521244422726664*2^64 + 5585348997709833408*2^128 + 398862563869*2^192,8310216706979153968 + 7751102380733472423*2^64 + 16758800159084052383*2^128 + 192490872516*2^192,13279853052621555968 + 13800638794716354954*2^64 + 16854329992708232503*2^128 + 16313288685*2^192;\
17239941646483579259 + 1399302139798004796*2^64 + 14369909835892898868*2^128 + 515354574897*2^192,7012758337326139932 + 4447551946746745960*2^64 + 3982112761116777088*2^128 + 524839303141*2^192,7876507530674054722 + 8278651096703771543*2^64 + 5638896432898084742*2^128 + 220337003579*2^192,6641282566296893126 + 17887505438605700993*2^64 + 15943724137648981786*2^128 + 305181575497*2^192,16268710238133341550 + 4597906941013919205*2^64 + 13584974278307420658*2^128 + 89969456780*2^192,17761897557039375680 + 9488993563289760628*2^64 + 3397445073074534920*2^128 + 275664385132*2^192,4199837054074387868 + 3288478287286924989*2^64 + 8941309078757491674*2^128 + 453801333347*2^192,4635447590236592180 + 8504445153668669697*2^64 + 1535178245757008425*2^128 + 542397661443*2^192,974774584926537928 + 2520292938365888227*2^64 + 11191351940898944574*2^128 + 276870615115*2^192,17321570754264321368 + 4484755416959631033*2^64 + 13455108622317031960*2^128 + 250282654401*2^192,9597507404672968672 + 5592081911819033753*2^64 + 15275347554589822944*2^128 + 58949421948*2^192,6880027866666358736 + 2822398436349631556*2^64 + 13276389177453891999*2^128 + 399264729957*2^192,16639953358691900696 + 1400479035915860224*2^64 + 1705653171549518067*2^128 + 31168676796*2^192,1064301498178081744 + 13130402156049510315*2^64 + 8412571711987348934*2^128 + 224869969271*2^192,11233893954912221608 + 2553672757443684509*2^64 + 1930055098432020863*2^128 + 55919238335*2^192,13874679989907322992 + 1231626370509620238*2^64 + 4808263345502376375*2^128 + 73029523033*2^192,4060842210255496600 + 2260366018300914018*2^64 + 16125655930732245766*2^128 + 178890569143*2^192,4587296826755889088 + 8515602225075896032*2^64 + 3828020439079515348*2^128 + 417875797715*2^192;\
10926132376743100147 + 11545674406123911499*2^64 + 13217938907076149421*2^128 + 72263052679*2^192,12133175770529184044 + 8935730350623614303*2^64 + 10333239806346147674*2^128 + 477601999172*2^192,11529364930619437314 + 5979912783693394004*2^64 + 1371865420546224354*2^128 + 274271539712*2^192,7628058828518711710 + 9583718991948152977*2^64 + 10733963039827804657*2^128 + 134184366601*2^192,440220512579498774 + 751652905093633965*2^64 + 13886220065758160463*2^128 + 455666045225*2^192,13888778104489068592 + 10523744116844006340*2^64 + 18055651300184285756*2^128 + 267603663168*2^192,885059751752367356 + 7705953830328563887*2^64 + 1410429809212823703*2^128 + 501401954100*2^192,2103115199511925076 + 5225383782895622396*2^64 + 12166145833396804807*2^128 + 109750503562*2^192,8051945948255041096 + 168552322792625180*2^64 + 517585037622612504*2^128 + 270285310240*2^192,6151331287273301672 + 11913608688980112201*2^64 + 6284920065077361692*2^128 + 234741224036*2^192,9442857374675206400 + 13087285025069080506*2^64 + 9621949123115585920*2^128 + 110945136398*2^192,6991194132036974064 + 11985062122850422395*2^64 + 9833096797726413156*2^128 + 430935883589*2^192,8775389577296465176 + 268075965276343305*2^64 + 6310206333090208759*2^128 + 71231126774*2^192,8301217255586338480 + 2033326334012462626*2^64 + 10046827092442883234*2^128 + 202235371436*2^192,11629379058374095624 + 14419974427765944249*2^64 + 5329519464789234279*2^128 + 394325377712*2^192,6201753367836411408 + 1017514086666350092*2^64 + 9992346698829067844*2^128 + 360419055791*2^192,8967940534658288632 + 6683155033795152907*2^64 + 12479000688876920035*2^128 + 334822273181*2^192,12362481578187915072 + 8285330980015837864*2^64 + 15258046670554381855*2^128 + 135673371143*2^192;\
413288284134344289 + 1930078807989005540*2^64 + 14990403419740843682*2^128 + 255626408295*2^192,9616949262357588868 + 14355280088624511532*2^64 + 6038142341560843891*2^128 + 102628458349*2^192,4374333244055980054 + 3731066019149541449*2^64 + 4345292298641619905*2^128 + 9208927936*2^192,2159217308915174362 + 2049924486489602046*2^64 + 6955426125678241625*2^128 + 123426937537*2^192,12450004365254284066 + 6719483079574369290*2^64 + 3955412698003712114*2^128 + 157244324129*2^192,17840652179473945648 + 15934667284279925010*2^64 + 17754666508931348201*2^128 + 302283197369*2^192,5697399948329424532 + 16956786995289702552*2^64 + 3196162549421517817*2^128 + 359097868795*2^192,13698853858692203740 + 10944669984357436738*2^64 + 10254087609725076464*2^128 + 190780905611*2^192,755963587516061976 + 12539126626275625386*2^64 + 3000286063378842017*2^128 + 545724583751*2^192,5395800234469296024 + 18367076812058469316*2^64 + 7992660690922662478*2^128 + 3937696975*2^192,2349560519092108992 + 13014364170744215320*2^64 + 3799648285243925349*2^128 + 282140031298*2^192,18003488270944600080 + 13660046308530335746*2^64 + 2359311587515416411*2^128 + 366340550525*2^192,8131988762059225096 + 6373741985274065344*2^64 + 2459097151866918314*2^128 + 86195756890*2^192,10729475985924984784 + 17554330401035643535*2^64 + 15168765525065663475*2^128 + 547879208621*2^192,4054378544914143640 + 14791618881522258275*2^64 + 6388970297943352581*2^128 + 74523136139*2^192,7798649623893419888 + 7299012731462511844*2^64 + 12141785040681339529*2^128 + 537768765752*2^192,5144738656466298344 + 17863232469154495003*2^64 + 4839064687342221206*2^128 + 394400677442*2^192,15997698799380279744 + 16536227867358921554*2^64 + 8413199886205682638*2^128 + 134076829113*2^192]
/* 
This matrix times 2^(-9) should be the matrix of frobenius.
*/ 
B = 2^(-9) * A; 
/* Freed 4738 lists. */
The sign is: -1
The characteristic polynomial is: x^18 - 3*x^15 + 6*x^14 + 6*x^13 + 24*x^12 - 24*x^11 + 72*x^10 - 288*x^8 + 384*x^7 - 1536*x^6 - 1536*x^5 - 6144*x^4 + 12288*x^3 - 262144
Its Newton polygon is: [2, 2, 2, 3/2, 3/2, 4/3, 4/3, 4/3, 1, 1, 2/3, 2/3, 2/3, 1/2, 1/2, 0, 0, 0]
Its factorization is: [x - 2, 1; x + 2, 1; x^16 + 4*x^14 - 3*x^13 + 22*x^12 - 6*x^11 + 112*x^10 - 48*x^9 + 520*x^8 - 192*x^7 + 1792*x^6 - 384*x^5 + 5632*x^4 - 3072*x^3 + 16384*x^2 + 65536, 1]
The valuation of f-g is: 22
The valuation of subst(g,x,A) is: 13
