/* Comments begin... 
No set up needed.

Please input coefficients below.
Coefficient of   x^19                     = Coefficient of   x^6 * y^4 * z^1 * w^2   = Coefficient of   x^5 * y^1 * z^3 * w^2   = Coefficient of   x^3 * y^9 * z^1 * w^1   = Coefficient of   x^2 * y^6 * z^3 * w^1   = Coefficient of   x^1 * y^3 * z^5 * w^1   = Coefficient of   y^14 * z^1               = Coefficient of   y^1 * w^6               = Coefficient of   z^7 * w^1               = 
Here is the polynomial we're using this time:

1 + 0*2^64 + 0*2^128 + 0*2^192*x^19 + 1 + 0*2^64 + 0*2^128 + 0*2^192*x^3*y^9*z^1*w^1 + 1 + 0*2^64 + 0*2^128 + 0*2^192*x^2*y^6*z^3*w^1 + 1 + 0*2^64 + 0*2^128 + 0*2^192*x^1*y^3*z^5*w^1 + 1 + 0*2^64 + 0*2^128 + 0*2^192*y^14*z^1 + 1 + 0*2^64 + 0*2^128 + 0*2^192*y^1*w^6 + 1 + 0*2^64 + 0*2^128 + 0*2^192*z^7*w^1


Allocate G_len 20 elements and old = 0.
Allocate M_len = 400 elements.
Allocate G_len 40 elements and old = 20.
Allocate M_len = 800 elements.
Allocate G_len 80 elements and old = 40.
Allocate M_len = 1600 elements.
Allocate M_len = 3200 elements.
Allocate G_len 160 elements and old = 80.
Allocate M_len = 6400 elements.
Allocate M_len = 12800 elements.
Allocate G_len 320 elements and old = 160.
Allocate M_len = 25600 elements.
Allocate M_len = 51200 elements.
Allocate G_len 640 elements and old = 320.
Allocate M_len = 102400 elements.
Allocate M_len = 204800 elements.
Allocate G_len 1280 elements and old = 640.
Allocate M_len = 409600 elements.
The final length of G is 734
[3, 9, 1, 0, 0]  	497	5 
[3, 9, 0, 1, 0]  	518	5 
[3, 8, 1, 1, 0]  	552	5 
[18, 0, 0, 0, 0]  	558	4  <--- 1
[2, 6, 3, 1, 0]  	589	4 
[0, 14, 1, 0, 0]  	589	2 
[1, 4, 0, 6, 0]  	731	3 
[17, 6, 3, 0, 0]  	962	7 
[0, 13, 7, 0, 0]  	978	2 
[17, 6, 2, 1, 0]  	983	7 
[17, 3, 5, 0, 0]  	993	6 
[17, 3, 4, 1, 0]  	1014	6 
[2, 14, 0, 5, 0]  	1040	6 
[17, 14, 0, 0, 0]  	1045	5 
[1, 15, 0, 5, 0]  	1046	5 
[17, 2, 5, 1, 0]  	1048	8 
[1, 3, 5, 6, 0]  	1049	4 
[16, 3, 5, 1, 0]  	1054	9 
[16, 5, 4, 1, 0]  	1057	10 
[2, 11, 2, 5, 0]  	1071	7 
[17, 0, 0, 6, 0]  	1079	7 
[16, 1, 0, 6, 0]  	1085	8 
[15, 17, 0, 0, 0]  	1094	8 
[2, 7, 11, 0, 0]  	1102	6 
[0, 13, 1, 6, 0]  	1104	2 
[17, 0, 7, 1, 0]  	1116	4 
[15, 3, 0, 6, 0]  	1128	10 
[17, 0, 6, 2, 0]  	1137	10 
[2, 10, 10, 0, 0]  	1142	6 
[2, 12, 9, 0, 0]  	1145	7 
[1, 3, 0, 11, 0]  	1154	4 
[16, 2, 7, 1, 0]  	1159	10 
[14, 0, 9, 1, 0]  	1165	10 
[16, 2, 6, 2, 0]  	1180	13 
[14, 0, 8, 2, 0]  	1186	13 
[16, 0, 2, 6, 0]  	1190	7 
[2, 21, 0, 4, 0]  	1207	7 
[13, 2, 9, 1, 0]  	1208	9 
[10, 7, 9, 0, 0]  	1208	11 
[16, 0, 1, 7, 0]  	1211	13 
[1, 22, 0, 4, 0]  	1213	6 
[13, 5, 9, 0, 0]  	1227	11 
[11, 5, 10, 0, 0]  	1236	10 
[3, 6, 13, 0, 0]  	1238	8 
[1, 11, 5, 5, 0]  	1253	5 
[1, 13, 4, 5, 0]  	1256	6 
[11, 5, 9, 1, 0]  	1257	10 
[10, 3, 4, 6, 0]  	1257	11 
[2, 5, 8, 5, 0]  	1275	6 
[1, 3, 3, 10, 0]  	1275	6 
[2, 6, 14, 0, 0]  	1278	6 
[1, 8, 7, 5, 0]  	1284	5 
[10, 3, 11, 1, 0]  	1294	10 
[9, 4, 11, 1, 0]  	1300	9 
[4, 4, 8, 5, 0]  	1300	8 
[15, 0, 4, 6, 0]  	1301	12 
[1, 3, 10, 5, 0]  	1312	5 
[1, 5, 9, 5, 0]  	1315	3 
[12, 2, 11, 1, 0]  	1319	13 
[8, 4, 13, 0, 0]  	1319	11 
[7, 3, 1, 10, 0]  	1319	11 
[15, 0, 3, 7, 0]  	1322	14 
[15, 4, 10, 0, 0]  	1323	12 
[7, 1, 1, 11, 0]  	1337	10 
[12, 3, 3, 7, 0]  	1340	13 
[1, 3, 17, 0, 0]  	1349	5 
[11, 1, 6, 6, 0]  	1356	10 
[7, 3, 8, 5, 0]  	1356	10 
[9, 2, 0, 11, 0]  	1365	10 
[8, 3, 13, 1, 0]  	1374	11 
[11, 3, 13, 0, 0]  	1375	12 
[12, 3, 10, 2, 0]  	1377	12 
[17, 2, 11, 0, 0]  	1382	12 
[16, 2, 5, 5, 0]  	1385	13 
[0, 30, 0, 3, 0]  	1386	4 
[16, 3, 11, 0, 0]  	1388	12 
[11, 1, 0, 11, 0]  	1390	8 
[1, 8, 15, 0, 0]  	1392	4 
[7, 3, 15, 0, 0]  	1393	10 
[6, 4, 15, 0, 0]  	1399	7 
[5, 2, 10, 5, 0]  	1399	7 
[12, 28, 0, 0, 0]  	1408	10 
[7, 2, 8, 6, 0]  	1411	7 
[2, 29, 0, 3, 0]  	1411	7 
[14, 0, 6, 6, 0]  	1412	4 
[10, 2, 8, 5, 0]  	1412	9 
[17, 1, 12, 0, 0]  	1416	10 
[0, 16, 0, 9, 0]  	1420	4 
[16, 2, 12, 0, 0]  	1422	13 
[15, 3, 12, 0, 0]  	1428	12 
[3, 2, 10, 6, 0]  	1429	6 
[11, 2, 13, 1, 0]  	1430	3 
[10, 0, 8, 6, 0]  	1430	3 
[6, 1, 17, 0, 0]  	1430	5 
[2, 4, 12, 4, 0]  	1430	5 
[14, 27, 0, 0, 0]  	1433	10 
[9, 1, 8, 6, 0]  	1436	9 
[0, 29, 0, 4, 0]  	1441	3 
[0, 2, 5, 11, 0]  	1441	3 
[3, 2, 5, 10, 0]  	1442	7 
[14, 0, 0, 11, 0]  	1446	9 
[6, 1, 3, 11, 0]  	1448	6 
[2, 2, 12, 5, 0]  	1448	5 
[1, 1, 0, 15, 0]  	1448	4 
[10, 2, 15, 0, 0]  	1449	12 
[17, 0, 13, 0, 0]  	1450	11 
[16, 1, 13, 0, 0]  	1456	13 
[0, 3, 6, 10, 0]  	1457	3 
[1, 12, 10, 3, 0]  	1461	4 
[0, 7, 4, 10, 0]  	1463	3 
[14, 3, 0, 10, 0]  	1465	13 
[0, 9, 3, 10, 0]  	1466	3 
[10, 0, 15, 1, 0]  	1467	3 
[5, 1, 5, 10, 0]  	1467	6 
[0, 3, 1, 14, 0]  	1470	3 
[0, 12, 8, 5, 0]  	1472	3 
[1, 10, 10, 4, 0]  	1479	4 
[2, 2, 6, 10, 0]  	1482	6 
[6, 4, 11, 4, 0]  	1483	7 
[0, 7, 3, 11, 0]  	1484	3 
[6, 1, 10, 6, 0]  	1485	7 
[13, 0, 1, 11, 0]  	1486	10 
[16, 0, 14, 0, 0]  	1490	12 
[0, 3, 0, 15, 0]  	1491	3 
[0, 2, 7, 10, 0]  	1491	3 
[0, 6, 5, 10, 0]  	1497	3 
[1, 1, 2, 14, 0]  	1498	4 
[12, 1, 5, 8, 0]  	1500	9 
[1, 2, 8, 9, 0]  	1501	3 
[0, 12, 11, 3, 0]  	1501	2 
[2, 1, 12, 6, 0]  	1503	3 
[1, 0, 0, 16, 0]  	1503	2 
[0, 9, 10, 5, 0]  	1503	2 
[9, 0, 3, 11, 0]  	1504	5 
[5, 0, 19, 0, 0]  	1504	4 
[1, 3, 14, 4, 0]  	1504	3 
[0, 2, 2, 14, 0]  	1504	3 
[0, 12, 15, 0, 0]  	1509	3 
[0, 6, 0, 14, 0]  	1510	3 
[0, 21, 0, 8, 0]  	1513	3 
[0, 26, 0, 6, 0]  	1514	3 
[2, 1, 7, 10, 0]  	1516	5 
[0, 11, 4, 9, 0]  	1519	2 
[4, 1, 1, 14, 0]  	1520	5 
[5, 0, 5, 11, 0]  	1522	2 
[1, 0, 21, 0, 0]  	1522	2 
[0, 12, 10, 4, 0]  	1522	2 
[0, 5, 2, 13, 0]  	1523	3 
[14, 0, 5, 8, 0]  	1525	9 
[0, 2, 1, 15, 0]  	1525	3 
[4, 1, 5, 11, 0]  	1528	3 
[0, 2, 14, 5, 0]  	1528	2 
[0, 24, 0, 7, 0]  	1532	2 
[0, 10, 6, 8, 0]  	1532	2 
[0, 6, 12, 5, 0]  	1534	2 
[1, 1, 9, 9, 0]  	1535	5 
[0, 1, 3, 14, 0]  	1538	2 
[9, 0, 10, 6, 0]  	1541	2 
[4, 0, 7, 10, 0]  	1541	3 
[0, 2, 9, 9, 0]  	1541	2 
[11, 2, 12, 3, 0]  	1543	10 
[10, 1, 0, 13, 0]  	1543	9 
[1, 11, 13, 2, 0]  	1545	3 
[0, 10, 1, 12, 0]  	1545	3 
[0, 2, 0, 16, 0]  	1546	3 
[0, 8, 6, 9, 0]  	1550	2 
[1, 2, 10, 8, 0]  	1551	4 
[2, 1, 14, 5, 0]  	1553	3 
[1, 0, 2, 15, 0]  	1553	3 
[0, 10, 5, 9, 0]  	1553	2 
[1, 1, 8, 10, 0]  	1556	3 
[5, 3, 13, 4, 0]  	1557	7 
[5, 0, 12, 6, 0]  	1559	1 
[0, 1, 2, 15, 0]  	1559	1 
[0, 0, 9, 10, 0]  	1559	1 
[8, 5, 12, 3, 0]  	1561	12 
[6, 1, 2, 13, 0]  	1561	10 
[0, 1, 15, 5, 0]  	1562	2 
[1, 9, 13, 3, 0]  	1563	2 
[0, 8, 1, 13, 0]  	1563	2 
[0, 7, 8, 8, 0]  	1563	2 
[15, 1, 15, 0, 0]  	1567	14 
[1, 1, 16, 4, 0]  	1572	3 
[11, 0, 7, 8, 0]  	1574	5 
[0, 1, 10, 9, 0]  	1575	2 
[1, 1, 7, 11, 0]  	1577	3 
[9, 0, 17, 1, 0]  	1578	2 
[4, 0, 14, 5, 0]  	1578	3 
[10, 1, 7, 8, 0]  	1580	10 
[1, 7, 13, 4, 0]  	1581	2 
[0, 5, 8, 9, 0]  	1581	2 
[0, 1, 14, 6, 0]  	1583	2 
[1, 9, 12, 4, 0]  	1584	2 
[0, 7, 7, 9, 0]  	1584	2 
[0, 13, 0, 12, 0]  	1585	3 
[0, 38, 0, 2, 0]  	1590	1 
[0, 10, 12, 4, 0]  	1590	1 
[1, 4, 16, 3, 0]  	1591	4 
[0, 0, 3, 15, 0]  	1593	1 
[1, 6, 15, 3, 0]  	1594	2 
[0, 4, 10, 8, 0]  	1594	2 
[0, 0, 16, 5, 0]  	1596	1 
[7, 3, 14, 3, 0]  	1598	10 
[13, 0, 0, 13, 0]  	1599	6 
[0, 11, 0, 13, 0]  	1603	2 
[11, 0, 14, 3, 0]  	1611	6 
[0, 1, 17, 4, 0]  	1612	1 
[0, 11, 17, 0, 0]  	1614	1 
[0, 0, 2, 16, 0]  	1614	1 
[0, 7, 14, 4, 0]  	1621	1 
[0, 9, 13, 4, 0]  	1624	1 
[0, 1, 12, 8, 0]  	1625	2 
[7, 1, 9, 8, 0]  	1629	8 
[0, 0, 23, 0, 0]  	1633	1  <--- 3
[6, 2, 9, 8, 0]  	1635	7 
[14, 0, 17, 0, 0]  	1641	6 
[0, 0, 5, 14, 0]  	1643	1 
[0, 8, 19, 0, 0]  	1645	1 
[10, 0, 2, 13, 0]  	1648	4 
[0, 4, 16, 4, 0]  	1652	1 
[10, 2, 14, 3, 0]  	1654	3 
[9, 0, 9, 8, 0]  	1654	5 
[0, 6, 15, 4, 0]  	1655	1 
[0, 11, 15, 2, 0]  	1656	2 
[3, 0, 4, 14, 0]  	1665	3 
[7, 1, 16, 3, 0]  	1666	5 
[0, 9, 15, 3, 0]  	1674	1 
[0, 5, 21, 0, 0]  	1676	1 
[0, 0, 12, 9, 0]  	1680	1 
[0, 43, 0, 1, 0]  	1683	1 
[9, 38, 0, 0, 0]  	1685	1 
[9, 0, 16, 3, 0]  	1691	4 
[0, 1, 0, 18, 0]  	1693	2 
[3, 0, 11, 9, 0]  	1702	3 
[0, 6, 17, 3, 0]  	1705	1 
[6, 3, 16, 3, 0]  	1709	7 
[0, 0, 19, 4, 0]  	1717	1 
[0, 1, 7, 13, 0]  	1730	2 
[0, 3, 19, 3, 0]  	1736	1 
[3, 0, 18, 4, 0]  	1739	3 
[0, 0, 0, 19, 0]  	1748	1  <--- 4
[0, 0, 21, 3, 0]  	1767	1 
[0, 48, 0, 0, 0]  	1776	1  <--- 2
[6, 43, 0, 0, 0]  	1777	1 
[17, 5, 3, 1, 1]  	1017	9 
[17, 1, 0, 5, 1]  	1024	5 
[15, 4, 0, 5, 1]  	1073	6 
[2, 13, 1, 5, 1]  	1074	7 
[16, 16, 0, 0, 1]  	1088	9 
[14, 6, 0, 5, 1]  	1116	6 
[11, 6, 2, 5, 1]  	1165	10 
[6, 4, 13, 0, 1]  	1257	9 
[13, 5, 3, 5, 1]  	1261	11 
[12, 3, 5, 5, 1]  	1298	11 
[8, 2, 6, 6, 1]  	1300	10 
[7, 0, 1, 11, 1]  	1300	8 
[12, 5, 4, 5, 1]  	1301	10 
[9, 1, 0, 11, 1]  	1328	11 
[11, 3, 6, 5, 1]  	1338	10 
[12, 2, 5, 6, 1]  	1353	14 
[12, 4, 12, 0, 1]  	1372	11 
[3, 2, 3, 11, 1]  	1392	6 
[3, 1, 10, 6, 1]  	1392	5 
[11, 1, 13, 1, 1]  	1393	11 
[10, 2, 13, 1, 1]  	1399	7 
[6, 0, 3, 11, 1]  	1411	5 
[2, 2, 5, 10, 1]  	1411	7 
[13, 0, 0, 11, 1]  	1415	12 
[15, 2, 6, 5, 1]  	1425	12 
[1, 2, 7, 9, 1]  	1430	4 
[5, 2, 17, 0, 1]  	1436	8 
[3, 1, 12, 5, 1]  	1442	6 
[2, 0, 0, 15, 1]  	1442	5 
[1, 9, 10, 4, 1]  	1442	4 
[7, 2, 15, 1, 1]  	1448	5 
[1, 2, 6, 10, 1]  	1451	5 
[15, 2, 0, 10, 1]  	1459	12 
[3, 2, 17, 1, 1]  	1466	5 
[2, 1, 13, 5, 1]  	1482	5 
[1, 12, 9, 4, 1]  	1482	4 
[5, 2, 6, 9, 1]  	1483	5 
[4, 0, 1, 14, 1]  	1483	4 
[0, 2, 3, 13, 1]  	1483	3 
[2, 2, 19, 0, 1]  	1485	5 
[1, 2, 13, 5, 1]  	1488	4 
[4, 0, 5, 11, 1]  	1491	3 
[2, 0, 2, 14, 1]  	1492	4 
[0, 8, 0, 13, 1]  	1492	3 
[2, 2, 14, 4, 1]  	1498	5 
[11, 2, 5, 8, 1]  	1506	15 
[1, 2, 12, 6, 1]  	1509	4 
[1, 7, 12, 4, 1]  	1510	3 
[1, 1, 10, 8, 1]  	1514	4 
[1, 1, 14, 5, 1]  	1522	2 
[1, 6, 14, 3, 1]  	1523	3 
[15, 0, 15, 0, 1]  	1530	13 
[1, 0, 3, 14, 1]  	1532	2 
[12, 1, 12, 3, 1]  	1537	10 
[11, 0, 0, 13, 1]  	1537	9 
[1, 2, 15, 4, 1]  	1538	2 
[1, 0, 7, 11, 1]  	1540	2 
[1, 2, 17, 3, 1]  	1588	3 
[8, 2, 14, 3, 1]  	1592	7 
[10, 1, 14, 3, 1]  	1617	8 
[6, 2, 16, 3, 1]  	1672	8 
[3, 1, 0, 6, 2]  	682	5 
[2, 5, 5, 1, 2]  	694	5 
[2, 1, 2, 7, 2]  	885	4 
[1, 3, 4, 6, 2]  	978	4 
[1, 1, 4, 7, 2]  	996	4 
[2, 4, 10, 1, 2]  	1012	5 
[1, 2, 5, 6, 2]  	1012	5 
[3, 0, 6, 6, 2]  	1071	5 
[16, 0, 7, 1, 2]  	1085	7 
[1, 3, 12, 1, 2]  	1086	4 
[3, 0, 0, 11, 2]  	1105	7 
[2, 1, 0, 11, 2]  	1111	6 
[1, 2, 0, 11, 2]  	1117	5 
[14, 0, 2, 6, 2]  	1128	9 
[2, 0, 6, 7, 2]  	1132	4 
[1, 0, 0, 12, 2]  	1135	3 
[2, 0, 2, 11, 2]  	1216	6 
[14, 22, 0, 0, 2]  	1248	12 
[2, 0, 9, 6, 2]  	1253	5 
[9, 6, 11, 0, 2]  	1282	13 
[1, 1, 3, 11, 2]  	1293	5 
[7, 2, 8, 5, 2]  	1319	10 
[1, 12, 12, 0, 2]  	1327	5 
[1, 1, 10, 6, 2]  	1330	5 
[12, 2, 10, 2, 2]  	1340	11 
[10, 4, 6, 5, 2]  	1344	11 
[5, 1, 15, 1, 2]  	1349	6 
[11, 0, 13, 1, 2]  	1356	10 
[1, 29, 0, 3, 2]  	1380	5 
[1, 10, 14, 0, 2]  	1395	4 
[4, 0, 5, 10, 2]  	1399	5 
[1, 7, 16, 0, 2]  	1426	4 
[11, 30, 0, 0, 2]  	1451	11 
[15, 1, 7, 5, 2]  	1459	11 
[12, 0, 5, 8, 2]  	1463	8 
[5, 0, 12, 5, 2]  	1467	5 
[1, 0, 6, 11, 2]  	1469	3 
[3, 1, 19, 0, 2]  	1479	5 
[9, 1, 10, 5, 2]  	1486	11 
[9, 0, 17, 0, 2]  	1486	10 
[1, 0, 9, 9, 2]  	1498	4 
[12, 0, 12, 3, 2]  	1500	7 
[1, 1, 15, 4, 2]  	1501	2 
[2, 1, 20, 0, 2]  	1519	3 
[1, 0, 8, 10, 2]  	1519	2 
[2, 1, 19, 1, 2]  	1540	3 
[2, 35, 0, 2, 2]  	1541	2 
[0, 37, 0, 2, 2]  	1553	2 
[9, 35, 0, 0, 2]  	1574	5 
[1, 0, 14, 6, 2]  	1577	2 
[10, 0, 14, 3, 2]  	1580	8 
[1, 0, 12, 8, 2]  	1619	3 
[0, 42, 0, 1, 2]  	1646	2 
[1, 1, 19, 3, 2]  	1693	2 
[6, 42, 0, 0, 2]  	1740	4 
[2, 0, 8, 6, 3]  	1182	6 
[10, 2, 12, 1, 3]  	1328	10 
[4, 4, 15, 0, 3]  	1337	7 
[12, 1, 12, 1, 3]  	1353	12 
[3, 0, 17, 1, 3]  	1392	4 
[2, 1, 12, 5, 3]  	1411	6 
[10, 1, 15, 0, 3]  	1412	8 
[1, 2, 12, 5, 3]  	1417	4 
[16, 1, 6, 5, 3]  	1419	12 
[9, 0, 15, 1, 3]  	1436	9 
[1, 0, 7, 10, 3]  	1448	3 
[2, 0, 19, 1, 3]  	1503	2 
[11, 1, 12, 3, 3]  	1506	12 
[1, 35, 0, 2, 3]  	1510	4 
[1, 0, 17, 3, 3]  	1514	3 
[2, 0, 14, 5, 3]  	1516	4 
[1, 0, 16, 4, 3]  	1535	4 
[1, 0, 15, 5, 3]  	1556	2 
[0, 41, 0, 1, 3]  	1609	2 
[7, 0, 16, 3, 3]  	1629	5 
[6, 41, 0, 0, 3]  	1703	4 
[2, 1, 2, 6, 4]  	793	5 
[3, 0, 9, 1, 4]  	824	6 
[2, 0, 9, 2, 4]  	885	4 
[2, 3, 9, 1, 4]  	904	5 
[2, 2, 11, 1, 4]  	1009	5 
[1, 3, 11, 1, 4]  	1015	4 
[2, 1, 12, 1, 4]  	1043	6 
[2, 0, 15, 1, 4]  	1219	6 
[16, 3, 4, 5, 4]  	1351	12 
[1, 0, 11, 6, 4]  	1364	4 
[12, 27, 0, 0, 4]  	1371	10 
[11, 29, 0, 0, 4]  	1414	14 
[11, 0, 5, 8, 4]  	1432	12 
[1, 33, 0, 2, 4]  	1436	4 
[1, 2, 19, 0, 4]  	1454	4 
[14, 2, 7, 5, 4]  	1465	13 
[1, 0, 19, 1, 4]  	1472	3 
[1, 1, 20, 0, 4]  	1488	3 
[9, 33, 0, 0, 4]  	1500	7 
[0, 40, 0, 1, 4]  	1572	2 
[6, 40, 0, 0, 4]  	1666	4 
[1, 2, 11, 5, 5]  	1346	4 
[7, 1, 16, 0, 5]  	1390	9 
[5, 1, 17, 0, 5]  	1399	6 
[2, 0, 19, 0, 5]  	1411	4 
[6, 0, 18, 0, 5]  	1464	7 
[1, 2, 14, 4, 5]  	1467	3 
[0, 35, 0, 2, 5]  	1479	3 
[1, 0, 14, 5, 5]  	1485	3 
[8, 38, 0, 0, 5]  	1654	3 
[0, 45, 0, 0, 5]  	1665	2 
[5, 43, 0, 0, 5]  	1746	3 
[2, 1, 17, 0, 6]  	1306	6 
[11, 27, 0, 0, 6]  	1340	12 
[1, 2, 18, 0, 6]  	1383	4 
[1, 0, 10, 7, 6]  	1385	4 
[1, 0, 18, 1, 6]  	1401	4 
[1, 1, 14, 4, 6]  	1430	3 
[1, 1, 13, 5, 6]  	1451	4 
[8, 33, 0, 0, 6]  	1469	11 
[4, 3, 16, 0, 7]  	1371	5 
[1, 38, 0, 1, 7]  	1529	4 
[6, 38, 0, 0, 7]  	1592	5 
[1, 1, 17, 1, 8]  	1367	5 
[1, 0, 17, 2, 8]  	1422	4 
[0, 38, 0, 1, 8]  	1498	3 
[5, 41, 0, 0, 8]  	1672	6 
[0, 43, 0, 0, 9]  	1591	4 
[5, 40, 0, 0, 9]  	1635	5 
[5, 38, 0, 0, 10]  	1561	6 
[0, 19, 0, 8, 238]  	1439	3 
[0, 27, 0, 4, 239]  	1367	4 
[0, 26, 0, 5, 239]  	1422	3 
[0, 24, 0, 5, 241]  	1348	3 
[0, 15, 0, 9, 241]  	1383	3 
[0, 13, 0, 10, 241]  	1401	3 
[0, 10, 2, 10, 241]  	1432	3 
[0, 12, 1, 10, 241]  	1435	3 
[0, 10, 1, 11, 241]  	1453	3 
[1, 8, 10, 4, 242]  	1405	4 
[1, 11, 13, 0, 243]  	1361	4 
[0, 12, 0, 10, 243]  	1364	3 
[3, 0, 5, 10, 243]  	1368	5 
[0, 8, 1, 11, 243]  	1379	3 
[0, 9, 2, 10, 243]  	1395	3 
[1, 0, 5, 11, 243]  	1398	4 
[1, 10, 9, 4, 243]  	1408	3 
[0, 5, 3, 11, 243]  	1410	3 
[0, 11, 0, 11, 243]  	1419	3 
[0, 6, 4, 10, 243]  	1426	3 
[0, 2, 0, 15, 243]  	1454	3 
[0, 11, 15, 0, 243]  	1472	2 
[0, 1, 1, 15, 243]  	1488	2 
[0, 1, 0, 16, 243]  	1509	2 
[0, 1, 8, 10, 243]  	1525	2 
[0, 1, 7, 11, 243]  	1546	2 
[0, 14, 0, 9, 244]  	1346	2 
[1, 0, 6, 10, 244]  	1377	3 
[0, 3, 0, 14, 244]  	1399	3 
[0, 8, 4, 9, 244]  	1408	2 
[0, 21, 0, 7, 244]  	1421	3 
[0, 5, 1, 13, 244]  	1452	3 
[0, 2, 8, 9, 244]  	1470	2 
[1, 11, 4, 5, 245]  	1182	4 
[0, 21, 0, 5, 245]  	1237	3 
[1, 12, 11, 0, 245]  	1256	4 
[0, 5, 1, 11, 245]  	1268	3 
[1, 9, 13, 0, 245]  	1287	4 
[1, 27, 0, 3, 245]  	1306	5 
[1, 0, 4, 11, 245]  	1327	4 
[0, 16, 0, 8, 245]  	1328	3 
[1, 7, 15, 0, 245]  	1355	4 
[0, 11, 2, 9, 245]  	1377	2 
[1, 6, 16, 0, 245]  	1389	4 
[0, 11, 1, 10, 245]  	1398	3 
[0, 7, 10, 5, 245]  	1429	2 
[0, 11, 8, 5, 245]  	1435	2 
[0, 5, 6, 9, 245]  	1439	2 
[1, 0, 20, 0, 245]  	1451	3 
[0, 10, 9, 5, 245]  	1469	2 
[0, 10, 8, 6, 245]  	1490	2 
[0, 5, 12, 5, 245]  	1497	2 
[0, 4, 13, 5, 245]  	1531	2 
[0, 4, 12, 6, 245]  	1552	2 
[0, 16, 0, 5, 246]  	1052	3 
[1, 21, 0, 4, 246]  	1176	6 
[2, 6, 13, 0, 246]  	1207	6 
[1, 8, 6, 5, 246]  	1213	5 
[1, 10, 5, 5, 246]  	1216	5 
[2, 4, 8, 5, 246]  	1238	7 
[0, 8, 6, 6, 246]  	1274	2 
[1, 2, 10, 5, 246]  	1275	5 
[1, 4, 9, 5, 246]  	1278	5 
[0, 25, 0, 4, 246]  	1293	3 
[1, 13, 6, 4, 246]  	1306	3 
[1, 6, 15, 0, 246]  	1318	4 
[0, 9, 1, 10, 246]  	1324	3 
[0, 11, 0, 10, 246]  	1327	3 
[0, 2, 10, 6, 246]  	1336	2 
[1, 10, 8, 4, 246]  	1337	3 
[0, 29, 0, 3, 246]  	1349	4 
[0, 11, 7, 5, 246]  	1364	2 
[1, 7, 10, 4, 246]  	1368	3 
[0, 7, 8, 6, 246]  	1379	2 
[1, 1, 12, 5, 246]  	1380	4 
[1, 12, 9, 3, 246]  	1390	3 
[0, 8, 9, 5, 246]  	1395	2 
[1, 0, 13, 5, 246]  	1414	3 
[0, 1, 0, 15, 246]  	1417	2 
[0, 2, 6, 10, 246]  	1420	3 
[0, 5, 11, 5, 246]  	1426	2 
[0, 12, 14, 0, 246]  	1438	2 
[0, 1, 12, 6, 246]  	1441	2 
[0, 12, 9, 4, 246]  	1451	2 
[0, 2, 13, 5, 246]  	1457	2 
[0, 12, 13, 1, 246]  	1459	2 
[0, 3, 1, 11, 247]  	1194	2 
[1, 12, 9, 1, 247]  	1206	3 
[0, 7, 6, 6, 247]  	1237	2 
[0, 9, 0, 10, 247]  	1253	3 
[1, 7, 14, 0, 247]  	1284	4 
[1, 0, 10, 6, 247]  	1293	4 
[0, 2, 3, 11, 247]  	1299	3 
[0, 1, 10, 6, 247]  	1299	2 
[0, 8, 0, 11, 247]  	1308	3 
[1, 1, 11, 5, 247]  	1309	4 
[1, 2, 17, 0, 247]  	1312	4 
[0, 12, 11, 1, 247]  	1317	2 
[1, 7, 8, 5, 247]  	1318	5 
[1, 0, 17, 1, 247]  	1330	4 
[0, 13, 6, 5, 247]  	1367	3 
[0, 1, 5, 11, 247]  	1404	2 
[0, 2, 1, 14, 247]  	1433	3 
[0, 5, 5, 10, 247]  	1460	3 
[0, 10, 11, 4, 247]  	1519	1 
[0, 7, 13, 4, 247]  	1550	1 
[0, 4, 15, 4, 247]  	1581	1 
[1, 14, 0, 5, 248]  	1009	3 
[0, 15, 0, 5, 248]  	1015	3 
[2, 10, 9, 0, 248]  	1071	5 
[0, 11, 2, 6, 248]  	1101	2 
[1, 19, 0, 4, 248]  	1102	6 
[1, 13, 2, 5, 248]  	1114	5 
[0, 1, 1, 11, 248]  	1120	2 
[0, 3, 0, 11, 248]  	1123	3 
[1, 8, 5, 5, 248]  	1142	4 
[2, 0, 1, 11, 248]  	1145	6 
[0, 5, 6, 6, 248]  	1163	2 
[0, 12, 9, 1, 248]  	1175	2 
[1, 1, 8, 6, 248]  	1188	4 
[0, 13, 4, 5, 248]  	1225	3 
[1, 5, 8, 5, 248]  	1244	4 
[1, 7, 7, 5, 248]  	1247	5 
[1, 10, 12, 0, 248]  	1253	4 
[1, 0, 3, 11, 248]  	1256	4 
[0, 3, 4, 10, 248]  	1315	3 
[2, 0, 18, 0, 248]  	1340	4 
[1, 1, 18, 0, 248]  	1346	3 
[1, 0, 8, 9, 248]  	1427	3 
[0, 10, 15, 0, 248]  	1435	1 
[0, 7, 17, 0, 248]  	1466	1 
[0, 9, 16, 0, 248]  	1469	1 
[0, 0, 0, 16, 248]  	1472	1 
[0, 9, 15, 1, 248]  	1490	1 
[0, 4, 19, 0, 248]  	1497	1 
[0, 6, 18, 0, 248]  	1500	1 
[0, 6, 17, 1, 248]  	1521	1 
[0, 1, 21, 0, 248]  	1528	1 
[0, 3, 20, 0, 248]  	1531	1 
[0, 3, 19, 1, 248]  	1552	1 
[0, 0, 22, 0, 248]  	1562	1 
[0, 0, 21, 1, 248]  	1583	1 
[0, 14, 0, 5, 249]  	978	2 
[0, 13, 2, 5, 249]  	1083	3 
[1, 10, 9, 1, 249]  	1132	3 
[0, 8, 4, 6, 249]  	1132	2 
[3, 4, 13, 0, 249]  	1164	8 
[2, 3, 1, 10, 249]  	1164	7 
[1, 10, 11, 0, 249]  	1182	4 
[0, 2, 8, 6, 249]  	1194	2 
[3, 2, 8, 5, 249]  	1195	7 
[2, 3, 8, 5, 249]  	1201	6 
[2, 4, 14, 0, 249]  	1204	6 
[1, 3, 2, 10, 249]  	1204	5 
[1, 7, 13, 0, 249]  	1213	4 
[1, 1, 15, 1, 249]  	1225	3 
[1, 13, 5, 4, 249]  	1235	3 
[1, 3, 9, 5, 249]  	1241	4 
[1, 0, 8, 7, 249]  	1243	3 
[1, 4, 15, 0, 249]  	1244	4 
[1, 10, 7, 4, 249]  	1266	3 
[0, 5, 9, 5, 249]  	1284	2 
[1, 7, 9, 4, 249]  	1297	3 
[2, 3, 16, 0, 249]  	1309	5 
[0, 6, 3, 10, 249]  	1355	3 
[0, 8, 2, 10, 249]  	1358	3 
[0, 12, 13, 0, 249]  	1367	2 
[0, 33, 0, 2, 249]  	1405	3 
[0, 0, 6, 11, 249]  	1438	1 
[0, 0, 5, 12, 249]  	1459	1 
[0, 0, 8, 10, 249]  	1488	1 
[1, 13, 5, 0, 250]  	867	4 
[1, 10, 7, 1, 250]  	990	3 
[3, 7, 9, 0, 250]  	991	6 
[1, 7, 9, 1, 250]  	1021	2 
[2, 7, 10, 0, 250]  	1031	5 
[2, 0, 6, 6, 250]  	1040	4 
[1, 10, 9, 0, 250]  	1040	3 
[1, 1, 6, 6, 250]  	1046	4 
[2, 12, 8, 0, 250]  	1074	6 
[2, 0, 13, 1, 250]  	1077	5 
[1, 1, 0, 11, 250]  	1080	3 
[0, 2, 0, 11, 250]  	1086	3 
[2, 4, 13, 0, 250]  	1133	6 
[1, 7, 12, 0, 250]  	1142	4 
[1, 5, 7, 5, 250]  	1173	5 
[1, 4, 14, 0, 250]  	1173	4 
[2, 1, 16, 0, 250]  	1235	5 
[2, 3, 15, 0, 250]  	1238	6 
[1, 3, 16, 0, 250]  	1278	4 
[0, 28, 0, 3, 250]  	1312	3 
[1, 0, 12, 5, 250]  	1343	3 
[0, 1, 6, 10, 250]  	1383	2 
[0, 9, 15, 0, 250]  	1398	1 
[0, 0, 12, 6, 250]  	1404	1 
[0, 4, 12, 5, 250]  	1460	2 
[1, 0, 15, 4, 250]  	1464	3 
[0, 1, 14, 5, 250]  	1491	2 
[0, 0, 15, 5, 250]  	1525	1 
[2, 11, 0, 5, 251]  	929	5 
[2, 8, 2, 5, 251]  	960	6 
[0, 1, 0, 11, 251]  	1049	2 
[1, 18, 0, 4, 251]  	1065	6 
[1, 8, 4, 5, 251]  	1071	5 
[1, 0, 8, 6, 251]  	1151	3 
[0, 10, 11, 1, 251]  	1243	1 
[0, 7, 14, 0, 251]  	1253	1 
[0, 7, 13, 1, 251]  	1274	1 
[1, 1, 17, 0, 251]  	1275	4 
[1, 0, 15, 2, 251]  	1280	3 
[0, 6, 2, 10, 251]  	1284	3 
[0, 4, 15, 1, 251]  	1305	1 
[0, 1, 17, 1, 251]  	1336	1 
[1, 0, 19, 0, 251]  	1380	3 
[0, 4, 18, 0, 251]  	1426	1 
[0, 0, 19, 1, 251]  	1441	1 
[0, 1, 20, 0, 251]  	1457	1 
[2, 13, 3, 0, 252]  	756	5 
[1, 11, 5, 0, 252]  	793	3 
[1, 1, 4, 6, 252]  	904	3 
[1, 8, 7, 1, 252]  	916	3 
[2, 0, 11, 1, 252]  	935	5 
[1, 5, 9, 1, 252]  	947	2 
[2, 5, 10, 0, 252]  	957	4 
[0, 12, 0, 6, 252]  	996	2 
[2, 8, 9, 0, 252]  	997	6 
[1, 0, 6, 6, 252]  	1009	3 
[0, 9, 2, 6, 252]  	1027	2 
[1, 13, 1, 5, 252]  	1043	5 
[0, 6, 4, 6, 252]  	1058	2 
[0, 3, 6, 6, 252]  	1089	2 
[1, 5, 6, 5, 252]  	1102	5 
[3, 4, 6, 5, 252]  	1127	8 
[1, 4, 7, 5, 252]  	1136	5 
[0, 11, 4, 5, 252]  	1151	2 
[0, 1, 8, 6, 252]  	1157	2 
[0, 22, 0, 4, 252]  	1182	3 
[0, 6, 1, 10, 252]  	1213	3 
[0, 12, 11, 0, 252]  	1225	2 
[0, 3, 3, 10, 252]  	1244	2 
[0, 1, 18, 0, 252]  	1315	1 
[0, 0, 3, 12, 252]  	1317	1 
[16, 2, 11, 0, 252]  	1351	6 
[1, 1, 13, 4, 252]  	1359	3 
[2, 9, 0, 5, 253]  	855	4 
[2, 6, 2, 5, 253]  	886	6 
[1, 2, 11, 1, 253]  	978	3 
[1, 5, 12, 0, 253]  	1068	4 
[1, 1, 13, 1, 253]  	1083	4 
[1, 4, 13, 0, 253]  	1102	4 
[0, 12, 8, 1, 253]  	1104	2 
[0, 0, 8, 6, 253]  	1120	1 
[3, 3, 13, 0, 253]  	1127	7 
[1, 3, 1, 10, 253]  	1133	5 
[1, 3, 14, 0, 253]  	1136	4 
[2, 2, 8, 5, 253]  	1164	5 
[1, 0, 15, 1, 253]  	1188	3 
[1, 2, 9, 5, 253]  	1204	2 
[1, 0, 11, 5, 253]  	1272	3 
[0, 2, 11, 5, 253]  	1315	2 
[0, 1, 12, 5, 253]  	1349	2 
[16, 0, 13, 0, 253]  	1419	4 
[2, 11, 3, 0, 254]  	682	4 
[1, 3, 0, 6, 254]  	694	3 
[1, 8, 5, 1, 254]  	774	3 
[3, 0, 2, 6, 254]  	787	6 
[0, 2, 9, 1, 254]  	805	1 
[2, 0, 2, 7, 254]  	848	4 
[0, 9, 0, 6, 254]  	885	2 
[2, 5, 9, 0, 254]  	886	4 
[2, 0, 4, 6, 254]  	898	5 
[1, 0, 4, 7, 254]  	959	3 
[1, 0, 11, 2, 254]  	996	3 
[0, 11, 7, 1, 254]  	996	1 
[1, 1, 12, 1, 254]  	1012	4 
[0, 13, 1, 5, 254]  	1012	3 
[0, 1, 6, 6, 254]  	1015	2 
[1, 0, 13, 1, 254]  	1046	3 
[2, 4, 12, 0, 254]  	1062	5 
[1, 6, 5, 5, 254]  	1068	5 
[1, 7, 11, 0, 254]  	1071	3 
[2, 0, 0, 11, 254]  	1074	5 
[0, 0, 15, 1, 254]  	1157	1 
[3, 1, 15, 0, 254]  	1195	6 
[2, 2, 15, 0, 254]  	1201	5 
[1, 0, 17, 0, 254]  	1238	3 
[1, 2, 16, 0, 254]  	1241	3 
[0, 0, 18, 0, 254]  	1278	1 
[0, 10, 8, 5, 254]  	1398	2 
[1, 6, 0, 5, 255]  	713	3 
[0, 2, 9, 0, 255]  	713	1 
[0, 12, 0, 5, 255]  	904	2 
[0, 11, 7, 0, 255]  	904	1 
[2, 5, 3, 5, 255]  	920	4 
[1, 3, 5, 5, 255]  	957	4 
[0, 11, 2, 5, 255]  	1009	2 
[0, 0, 0, 11, 255]  	1012	1 
[16, 2, 5, 1, 255]  	1017	3 
[17, 0, 7, 0, 255]  	1024	2 
[0, 0, 15, 0, 255]  	1065	1 
[14, 0, 9, 0, 255]  	1073	1 
[0, 6, 0, 10, 255]  	1142	3 
[0, 3, 2, 10, 255]  	1173	2 
------
The gap is between 11 and 237.
Lengths: 5 5 8 10 5 16.
For 1536 = 3*d-d1-d2-d3-d4 you get 5 in char 0.
1 + 0*2^64 + 0*2^128 + 0*2^192*x^13*z^3*w^10
1 + 0*2^64 + 0*2^128 + 0*2^192*x^3*y^39
1 + 0*2^64 + 0*2^128 + 0*2^192*y^4*z^4*w^12
1 + 0*2^64 + 0*2^128 + 0*2^192*y^3*z^11*w^7
1 + 0*2^64 + 0*2^128 + 0*2^192*y^2*z^18*w^2

For 947 = 2*d-d1-d2-d3-d4 you get 8 in char 0.
1 + 0*2^64 + 0*2^128 + 0*2^192*x^14*y^2*z^1*w^4
1 + 0*2^64 + 0*2^128 + 0*2^192*x^11*y^7*z^1*w^3
1 + 0*2^64 + 0*2^128 + 0*2^192*x^10*y^4*z^3*w^3
1 + 0*2^64 + 0*2^128 + 0*2^192*x^9*y^1*z^5*w^3
1 + 0*2^64 + 0*2^128 + 0*2^192*x^5*y^3*z^7*w^2
1 + 0*2^64 + 0*2^128 + 0*2^192*x^1*y^5*z^9*w^1
1 + 0*2^64 + 0*2^128 + 0*2^192*y^3*z^4*w^6
1 + 0*2^64 + 0*2^128 + 0*2^192*y^2*z^11*w^1

For 358 = d-d1-d2-d3-d4 you get 5 in char 0.
1 + 0*2^64 + 0*2^128 + 0*2^192*x^5*y^3*w^1
1 + 0*2^64 + 0*2^128 + 0*2^192*x^4*z^2*w^1
1 + 0*2^64 + 0*2^128 + 0*2^192*x^2*y^8
1 + 0*2^64 + 0*2^128 + 0*2^192*x^1*y^5*z^2
1 + 0*2^64 + 0*2^128 + 0*2^192*y^2*z^4

Extra powers of p used 16.
The invariant extra is equal to 33.
Start computing 2^4 Delta^1 (x1x2x3x4)^1... Done.
Start computing 2^5 Delta^2 (x1x2x3x4)^1... Done.
Start computing 2^6 Delta^3 (x1x2x3x4)^1... Done.
Start computing 2^7 Delta^4 (x1x2x3x4)^1... Done.
Start computing 2^8 Delta^5 (x1x2x3x4)^1... Done.
Start computing 2^9 Delta^6 (x1x2x3x4)^1... Done.
Start computing 2^10 Delta^7 (x1x2x3x4)^1... Done.
Start computing 2^11 Delta^8 (x1x2x3x4)^1... Done.
Start computing 2^12 Delta^9 (x1x2x3x4)^1... Done.
Start computing 2^13 Delta^10 (x1x2x3x4)^1... Done.
Start computing 2^14 Delta^11 (x1x2x3x4)^1... Done.
Start computing 2^15 Delta^12 (x1x2x3x4)^1... Done.
Start computing 2^16 Delta^13 (x1x2x3x4)^1... Done.
Start computing 2^17 Delta^14 (x1x2x3x4)^1... Done.
Start computing 2^18 Delta^15 (x1x2x3x4)^1... Done.
Start computing 2^19 Delta^16 (x1x2x3x4)^1... Done.
Start computing 2^20 Delta^17 (x1x2x3x4)^1... Done.
Start computing 2^21 Delta^18 (x1x2x3x4)^1... Done.
Start computing 2^22 Delta^19 (x1x2x3x4)^1... Done.
Start computing 2^23 Delta^20 (x1x2x3x4)^1... Done.
Start computing 2^24 Delta^21 (x1x2x3x4)^1... Done.
Start computing 2^25 Delta^22 (x1x2x3x4)^1... Done.
Start computing 2^26 Delta^23 (x1x2x3x4)^1... Done.
Start computing 2^27 Delta^24 (x1x2x3x4)^1... Done.
Start computing 2^28 Delta^25 (x1x2x3x4)^1... Done.
Start computing 2^29 Delta^26 (x1x2x3x4)^1... Done.
Start computing 2^30 Delta^27 (x1x2x3x4)^1... Done.
Start computing 2^31 Delta^28 (x1x2x3x4)^1... Done.
Start computing 2^32 Delta^29 (x1x2x3x4)^1... Done.
Start computing 2^33 Delta^30 (x1x2x3x4)^1... Done.
Start computing 2^34 Delta^31 (x1x2x3x4)^1... Done.
Start computing 2^35 Delta^32 (x1x2x3x4)^1... Done.
Start computing 2^36 Delta^33 (x1x2x3x4)^1... Done.
Start computing 2^37 Delta^34 (x1x2x3x4)^1... Done.
Start computing 2^38 Delta^35 (x1x2x3x4)^1... Done.
Start computing aa.
1 2 3 4 5 6 7 8 9 10 11 12 13 14 15 16 17 18 
*/
A = \
[16367653928668102656 + 3001569241173002712*2^64 + 3318064084921261139*2^128 + 3958974318475*2^192,1339392604074622976 + 1907427671788027189*2^64 + 9266821652960336792*2^128 + 23753627167857*2^192,7129580150060023808 + 17491526003992907961*2^64 + 6254980468228236605*2^128 + 17908203615602*2^192,16545302906633617408 + 9025756366025802038*2^64 + 1267629521669087849*2^128 + 31244964808318*2^192,9437339522055847936 + 3303096081980226003*2^64 + 17988425675630950193*2^128 + 31493383823998*2^192,7536355890982420480 + 2943987957463757559*2^64 + 14406511627763821194*2^128 + 8024844701696*2^192,12521568956888907776 + 13200397872295832599*2^64 + 11186004750987993597*2^128 + 15490753191247*2^192,5096304519239172096 + 5614361090218698795*2^64 + 1946190608026467091*2^128 + 15245529048078*2^192,15659183695369863168 + 2129468039127637845*2^64 + 7967086936433653732*2^128 + 16313919444573*2^192,11772717538758393856 + 16176611333408175439*2^64 + 10325572459593951462*2^128 + 20526985675271*2^192,1189892111851716608 + 4579802975030887587*2^64 + 5726396844390714178*2^128 + 29542587280007*2^192,11157200864536821760 + 3162158304281999867*2^64 + 15906241394370411389*2^128 + 35021685712721*2^192,13793941158846070784 + 12305553453972361835*2^64 + 5514281304517885809*2^128 + 26085317366058*2^192,896743502126383104 + 14422226020477173243*2^64 + 8141821653796952686*2^128 + 15793675683982*2^192,11881046336400850944 + 17750574019021907100*2^64 + 11798388531118065311*2^128 + 31426481885800*2^192,12428179700626358272 + 15326889886252902133*2^64 + 9237140955368325780*2^128 + 15543537683534*2^192,16714070872147492864 + 6079055502541898541*2^64 + 14464242122916238004*2^128 + 15737644713370*2^192,3883572999413563392 + 14249273008747987322*2^64 + 15985985990916103242*2^128 + 24468236008903*2^192;\
14410676466776342528 + 1530918233455818929*2^64 + 949838665195899047*2^128 + 26917778322956*2^192,1209496859171782656 + 5053186549784467879*2^64 + 8336803367600254712*2^128 + 3407771273100*2^192,9610948981026193408 + 6370975847557496050*2^64 + 10295239058147394721*2^128 + 9613559441198*2^192,3417208304749248512 + 1519534771849302442*2^64 + 6102813421942759408*2^128 + 33287022248273*2^192,15908586284870533120 + 5587103632252879483*2^64 + 5156511970096837046*2^128 + 33671531710974*2^192,678080576890339328 + 8396584204782422632*2^64 + 11502308928456746696*2^128 + 16649679081159*2^192,8551169250090811392 + 12778358399727030736*2^64 + 4987689585557802811*2^128 + 14275416793403*2^192,13049848910470184960 + 8252249415712034981*2^64 + 6462599662801321588*2^128 + 9539002696309*2^192,13783750226390286336 + 4050654985345056642*2^64 + 3742563544957704132*2^128 + 3304850067288*2^192,5220933637367398400 + 14374545569072168217*2^64 + 4734512039984929511*2^128 + 35109115282232*2^192,10386782315010326528 + 16327356357568411438*2^64 + 11373969750877441745*2^128 + 8080911738408*2^192,1328900670325522432 + 559254272485915981*2^64 + 7554502243887251320*2^128 + 31111259807634*2^192,6410276710745374720 + 2298389107112043301*2^64 + 2453576536374751474*2^128 + 21026624037441*2^192,13084564970103898112 + 1383109650253559276*2^64 + 16895351076106554029*2^128 + 32986622875035*2^192,8695452498292375552 + 12203978424840435834*2^64 + 8741531825659563157*2^128 + 14916959649617*2^192,2283947354275971072 + 12711637239277963789*2^64 + 1124585922381757250*2^128 + 32739294175519*2^192,10013899442589007872 + 1512727875535210779*2^64 + 7133060871254501814*2^128 + 4157476831364*2^192,14800574297691652096 + 14053557258758830008*2^64 + 1175360185740315333*2^128 + 9099733650952*2^192;\
9282813812831638976 + 11040489594091605003*2^64 + 10577607409683659189*2^128 + 11207385047458*2^192,8607332679886356640 + 6332042839144117109*2^64 + 13222427679082692573*2^128 + 10470855778320*2^192,970905698252670848 + 5044826740526454830*2^64 + 18013685420732383584*2^128 + 35142021186225*2^192,7814386315324481984 + 10029675938911650485*2^64 + 4115445883362796710*2^128 + 8508067767791*2^192,13033144500384947552 + 16855355388878039895*2^64 + 11910998264204675750*2^128 + 4598569516672*2^192,15520507870592663808 + 12501372604708706421*2^64 + 8955570354366554333*2^128 + 24632548165696*2^192,13265757905562434816 + 17606405928253987031*2^64 + 11826803462890161263*2^128 + 9491121916451*2^192,4640167737452902656 + 6331354582511914677*2^64 + 10179941662878493835*2^128 + 15352482433912*2^192,17209437816029406464 + 5212995449412038307*2^64 + 16906144879434969570*2^128 + 2874092388482*2^192,8420213550160662592 + 4103952925051699631*2^64 + 17925579372307009941*2^128 + 32510376965021*2^192,7566027405341227776 + 10137457136636612136*2^64 + 17823887812633166178*2^128 + 25098451484917*2^192,9625841935342332672 + 10305386711046238031*2^64 + 5630126094156537935*2^128 + 22892556364157*2^192,8417092371490920576 + 5015561952194856747*2^64 + 933087099807277824*2^128 + 34305368719766*2^192,17814517749537535232 + 2657302885741544267*2^64 + 2260222197988020941*2^128 + 1895769233474*2^192,3196703604650359936 + 10406541765910464092*2^64 + 14973167669366990078*2^128 + 7206477798401*2^192,17649996088249426176 + 8074080066221061078*2^64 + 15545734078487814266*2^128 + 6671626341566*2^192,4938757757849491712 + 8920669553670150720*2^64 + 8908906006890792208*2^128 + 33673051468319*2^192,753435350437356032 + 3526076797591784194*2^64 + 5805766183135331364*2^128 + 15432601155113*2^192;\
17996113220615778688 + 9931394654343820542*2^64 + 11441653940474789337*2^128 + 12434839106022*2^192,3850182751291368176 + 4636778572280747803*2^64 + 12918631147039850122*2^128 + 18517546893735*2^192,13457659290909552064 + 9762032136210546174*2^64 + 11670837165602081363*2^128 + 4553759292446*2^192,203395101033756128 + 12984234337904239290*2^64 + 7098284304562188209*2^128 + 34876067569724*2^192,9663478127894854096 + 14638179912759811995*2^64 + 10238236010943262001*2^128 + 33706144978092*2^192,6148562981973770496 + 8792584294168293180*2^64 + 6835777214357979509*2^128 + 12277369642194*2^192,4276920583831691520 + 7869399823240348120*2^64 + 14389265927959959043*2^128 + 808875494719*2^192,6148706323583475200 + 14847834568764935623*2^64 + 10563335787617719610*2^128 + 7144065570961*2^192,13507427035343000576 + 4375546244569686380*2^64 + 17716242239538237563*2^128 + 10786508382029*2^192,9094527861974592608 + 16720100070987001079*2^64 + 8801156359244036464*2^128 + 7764192589406*2^192,6301064545188769408 + 1441422195964303876*2^64 + 5040810123011370474*2^128 + 11814670677106*2^192,9976221156681874816 + 15565349070441482136*2^64 + 12647824934859404920*2^128 + 29873989756447*2^192,11104222479254570432 + 16066872851526958369*2^64 + 14966992192982863966*2^128 + 17487254569411*2^192,18213597093948924288 + 11521315296350920294*2^64 + 4669196317478852193*2^128 + 26003178181607*2^192,6631637419612538304 + 8594678366612512686*2^64 + 13680759382464590605*2^128 + 7935333660182*2^192,9484353193964224640 + 13522687497968213142*2^64 + 14408072012621650437*2^128 + 34552750021896*2^192,15712786260621407872 + 7302836923157174848*2^64 + 10093707337519515911*2^128 + 13494138567606*2^192,9162345877287939584 + 14262256623950031765*2^64 + 10254867694928952440*2^128 + 23022925535194*2^192;\
17138648084203452416 + 2152480416157896308*2^64 + 7104523377255218493*2^128 + 1444720539487*2^192,5893914308014716192 + 15460261592098806852*2^64 + 10161821409506650901*2^128 + 12193689900828*2^192,16173965875423511680 + 10373277041767197084*2^64 + 3570628937720615242*2^128 + 5542868956274*2^192,16187654107688682560 + 14041532421446643599*2^64 + 12985999310807414422*2^128 + 32320463265478*2^192,1422939625178794848 + 5581090029440549912*2^64 + 17062677327856207345*2^128 + 21999084923481*2^192,6928211988966607360 + 8649016492832170583*2^64 + 15439154324664620009*2^128 + 21144374469791*2^192,3795506934343387648 + 9687227542343344084*2^64 + 16512237378689041281*2^128 + 28896403674368*2^192,14171856397113915392 + 15672800153215942472*2^64 + 14322210052330443825*2^128 + 26949392670765*2^192,11653047691153550336 + 13219559660609781698*2^64 + 8099051376724887576*2^128 + 32693866693471*2^192,18123814798574888256 + 15350051022279141598*2^64 + 13542068676217907241*2^128 + 29540086632016*2^192,1725626681228507904 + 3645349813101266333*2^64 + 4985579217385322930*2^128 + 31312089817067*2^192,12487703584690496768 + 16193369813881064366*2^64 + 9788136199037610318*2^128 + 11162077808297*2^192,14227888098994907264 + 4100663063928453981*2^64 + 18445674836179432683*2^128 + 25920963989449*2^192,12443827572224517376 + 16039217464661649084*2^64 + 9731037023582247721*2^128 + 1165015516158*2^192,6233068721676908672 + 16443709150552093039*2^64 + 14584671185671328864*2^128 + 22058211735861*2^192,10677784658975153920 + 5479436527012336393*2^64 + 10426625254615280661*2^128 + 25876644937217*2^192,7739478139410506496 + 17604123494656269916*2^64 + 13109601093625878874*2^128 + 29598561940200*2^192,1507934775473478656 + 10577390683905833509*2^64 + 5702280758993189967*2^128 + 26058005552256*2^192;\
11867775071188844544 + 1617121355616886267*2^64 + 7635843968229192080*2^128 + 3924152121530*2^192,5709499445090121728 + 16240931331023146953*2^64 + 11266602152305538184*2^128 + 10524086867594*2^192,13692870407259152384 + 15220644959153184947*2^64 + 1305092321314024229*2^128 + 6171656577155*2^192,10789902532435275776 + 4313114854135416245*2^64 + 20315417590594032*2^128 + 5378396270681*2^192,1518905474123720704 + 14492051649436436008*2^64 + 8127609316172035877*2^128 + 15055551563839*2^192,14077411238040535040 + 9469289430749959922*2^64 + 9060671755486271452*2^128 + 10789937330965*2^192,8321862276053696512 + 18356191944251400642*2^64 + 17107849760455045736*2^128 + 3569156622694*2^192,9723608124416327680 + 14419647722855131790*2^64 + 9987186684543699754*2^128 + 1136061346465*2^192,17399188248910823424 + 13694432169697061922*2^64 + 2866381465276841322*2^128 + 13194625684728*2^192,18371294773545086976 + 5233501141859424390*2^64 + 5886456528001333944*2^128 + 17168821914677*2^192,6258006154278551552 + 15006403574947123405*2^64 + 14727830671902885625*2^128 + 12922965362110*2^192,4279610086057230336 + 15084373772555518765*2^64 + 16211739841729407943*2^128 + 3207761655066*2^192,2985901072788545536 + 3087109656488831233*2^64 + 724822137821767191*2^128 + 12330016699740*2^192,18131354697474818048 + 6535145889233768772*2^64 + 15876085346110336495*2^128 + 7217172552007*2^192,8071206916117028864 + 13808621051737477564*2^64 + 9076548065550142566*2^128 + 13800338802099*2^192,11026880851941933056 + 4443771367334875454*2^64 + 7996639500413154573*2^128 + 17579263246774*2^192,1024819595799248896 + 11945778983081734622*2^64 + 15312503999840534588*2^128 + 3524800847342*2^192,7535850034098405376 + 3130642019963311236*2^64 + 15108773201614362798*2^128 + 2114947720640*2^192;\
10901215710742632448 + 17012165773857089181*2^64 + 578257593545730286*2^128 + 14531375131672*2^192,16596363666620891904 + 18288988100656497563*2^64 + 1190138454558513458*2^128 + 103992116982*2^192,800543112494541824 + 11551306535162082296*2^64 + 12089320597706401999*2^128 + 10888263522814*2^192,18327559061544625664 + 7002865346375520299*2^64 + 2342361292243891533*2^128 + 13260750033342*2^192,15157523680767949056 + 16487372517285737585*2^64 + 16306752647469123227*2^128 + 9719165758533*2^192,266356199209308160 + 3629354354542822812*2^64 + 11887883492023979400*2^128 + 8984569125840*2^192,1282305602773700608 + 4590246150547996195*2^64 + 1115155532861310369*2^128 + 14928078481422*2^192,6193600876513976320 + 2727239040706248380*2^64 + 2091590420624534931*2^128 + 1504107642997*2^192,14827869998914945024 + 6569628720649119732*2^64 + 6909580868107837297*2^128 + 6959271362303*2^192,9467595542300773888 + 1087298078968460531*2^64 + 11840949702817768372*2^128 + 7896122276164*2^192,16051999024974678016 + 5432862594851852601*2^64 + 9681442827320756793*2^128 + 12382000264117*2^192,7343003781793937408 + 14842264634683321780*2^64 + 15708748220458987730*2^128 + 17303228328120*2^192,8071356792075660288 + 6144048602965165724*2^64 + 2527604185331472111*2^128 + 16765440615136*2^192,6202803552327874560 + 10192757468918037994*2^64 + 9366408109577458094*2^128 + 5713054968523*2^192,14382408751875959808 + 6125059039847760813*2^64 + 5744011464785412153*2^128 + 3344410900223*2^192,10228240714806650880 + 16832708628486724523*2^64 + 12068661793582901647*2^128 + 11599087435916*2^192,3138433265471178752 + 8553983616714773690*2^64 + 12075397380072998418*2^128 + 428476703109*2^192,17086665366254837760 + 14320174143468520374*2^64 + 7599397318880863889*2^128 + 1101876338122*2^192;\
15665294280378789888 + 1886264635639511048*2^64 + 6222019149864021483*2^128 + 7746943281342*2^192,4146486260366432512 + 10489605164119376672*2^64 + 9537877022348605917*2^128 + 488694275628*2^192,9748974061501031424 + 10435450590933821550*2^64 + 8630942514000603994*2^128 + 15598276233915*2^192,3377445987822477824 + 15351345103301248346*2^64 + 10341200946473537100*2^128 + 14841716667*2^192,8424081985728006912 + 3137573624011078235*2^64 + 6452366243740462188*2^128 + 2790662127057*2^192,5744840084873285632 + 17672310601897687939*2^64 + 17096813512284401006*2^128 + 6401398368521*2^192,2283826961024028672 + 7366483120139209984*2^64 + 4101350877821430825*2^128 + 413402122382*2^192,6783245432754929664 + 6027418608260583516*2^64 + 5498322081152199278*2^128 + 11119235662142*2^192,4097895593946488832 + 17636319090311931472*2^64 + 17918359607651922266*2^128 + 8932908929666*2^192,786996799910840832 + 17789225297786009804*2^64 + 11581113602038061919*2^128 + 13520558453321*2^192,12647791202527172608 + 12059523951159169806*2^64 + 9992942385644489547*2^128 + 17556055575514*2^192,16196569202511915008 + 16144051050406083297*2^64 + 16868510724199969312*2^128 + 15602991664492*2^192,9612585864596194304 + 4473837541004329873*2^64 + 5269394339380349846*2^128 + 7436307129108*2^192,11535391365966571520 + 15919395029365600283*2^64 + 12615851020705125389*2^128 + 4752113517110*2^192,8060221965055558656 + 14870854632568317690*2^64 + 5611309546916910197*2^128 + 7868132652690*2^192,3411307769157974016 + 16135715313439787313*2^64 + 17710852276249350131*2^128 + 15240068201733*2^192,10799401932837623808 + 15519734113436254771*2^64 + 1809405843278357854*2^128 + 9519126947867*2^192,2955094778280960000 + 14449413590921307164*2^64 + 8122835841711194866*2^128 + 5673187150183*2^192;\
14681750806694647808 + 1140006851166029375*2^64 + 13260870901648500413*2^128 + 14786943408509*2^192,10136231608661219328 + 11772411107309835419*2^64 + 2479819488494010487*2^128 + 2631196465939*2^192,5422567764291829760 + 5105471037208342226*2^64 + 4919654924326783118*2^128 + 5099258923363*2^192,256203187221667840 + 10667319819945459533*2^64 + 17914548774621252979*2^128 + 545122376126*2^192,11473877081017751552 + 6427220300150599300*2^64 + 15227807229947059661*2^128 + 14460692488539*2^192,4478459629460856832 + 17244713320738920905*2^64 + 7775713413471357272*2^128 + 13798505524906*2^192,16212776309617647616 + 6372003762607285294*2^64 + 8090440560811681222*2^128 + 3431182573455*2^192,11322921397380816896 + 16529618286790647374*2^64 + 5131617834464833663*2^128 + 11387879849221*2^192,12744598471624892416 + 11456008275250436860*2^64 + 13965240736163662547*2^128 + 355154787864*2^192,18046839196162289664 + 16954028605835494256*2^64 + 4675980987797671983*2^128 + 2647238416148*2^192,17624294548568817664 + 413323687901431798*2^64 + 12619458663350767889*2^128 + 7020449138828*2^192,1921783756057116672 + 15808370004716190767*2^64 + 10154271760012883294*2^128 + 9511763539844*2^192,11626575906083217408 + 3868262149305657892*2^64 + 3865250868846641144*2^128 + 8216611467446*2^192,16461372367356149760 + 15324504369218946217*2^64 + 6928934708562091737*2^128 + 2124438866569*2^192,5067389577542574080 + 17428887873831350078*2^64 + 14021783297276304917*2^128 + 2695665380330*2^192,5621574922633445376 + 10091816691977948682*2^64 + 524564621916349052*2^128 + 11500210323624*2^192,1291756957319954432 + 15762963665160853629*2^64 + 12452523735295354551*2^128 + 14009543227633*2^192,8211942676397047808 + 3979206620714787327*2^64 + 2690100302276325727*2^128 + 3834845428429*2^192;\
14869944290391468160 + 10674899610360965500*2^64 + 720950017847042750*2^128 + 24636969795954*2^192,1469612362466109728 + 12228410859898126194*2^64 + 15507901651141893094*2^128 + 20999735183364*2^192,3941321603722816128 + 7347372805824409194*2^64 + 1141331828842540808*2^128 + 28609785156015*2^192,11283464701471461184 + 4756418374899350274*2^64 + 16067656998449938613*2^128 + 10733659354023*2^192,12414818899465726048 + 16483152134867491097*2^64 + 6619792051984455864*2^128 + 1372926161156*2^192,14198641577024932864 + 9558966215864382168*2^64 + 15611691245601728304*2^128 + 33033733780425*2^192,3534816002158863360 + 1207513831026475060*2^64 + 13782658338188780227*2^128 + 32504074843529*2^192,1644852845876413952 + 4920770609898945617*2^64 + 16142103944715701151*2^128 + 8875034170894*2^192,13398601757733571072 + 4848709692236516442*2^64 + 2105278958547491702*2^128 + 30869538505542*2^192,13053343703482002752 + 4676923322874047004*2^64 + 9751604463977756069*2^128 + 7944903265341*2^192,7548875051348861696 + 14698334747422312492*2^64 + 4180638832361624499*2^128 + 4135293638147*2^192,18403235296421384448 + 1158355595367152116*2^64 + 16374061463864821200*2^128 + 1245788446547*2^192,10493434564860720256 + 8555019833978631771*2^64 + 2877321153103973134*2^128 + 32670818742872*2^192,8111568223493577984 + 6234162306405942018*2^64 + 3098061955372284881*2^128 + 30887351224496*2^192,11637072497539898496 + 2187893409933267229*2^64 + 11968818725620558910*2^128 + 23580526871841*2^192,7828828094153982720 + 6337091729586636804*2^64 + 585129415130790850*2^128 + 26097340119379*2^192,885542599894138624 + 15297309713258284236*2^64 + 10044999889814148186*2^128 + 20160966688375*2^192,10821079297078030336 + 8071371114868207901*2^64 + 781153139384839854*2^128 + 27453513394109*2^192;\
13487216871482348376 + 16030669469150895610*2^64 + 11718845091094315832*2^128 + 8844216617466*2^192,2195102660902442145 + 14046335970267473622*2^64 + 17607832261989420843*2^128 + 21413920387218*2^192,2983670974043977252 + 2676602573097789979*2^64 + 13385243455808396027*2^128 + 17250054502979*2^192,16285458836563229986 + 17671825978392050563*2^64 + 1911108845976335777*2^128 + 15179052136364*2^192,10440549962753294707 + 8275456808300377454*2^64 + 11718057618209932173*2^128 + 8271958777523*2^192,4259633240801912880 + 5043338810269310701*2^64 + 15889507235929568008*2^128 + 10360778881370*2^192,4695136186535945904 + 17319238495232414725*2^64 + 11380794327896700497*2^128 + 27262814575195*2^192,10479564399034562144 + 6369578100854636642*2^64 + 6332979480418017133*2^128 + 18160287996625*2^192,13149754225805383168 + 6301512177391034108*2^64 + 5885327537566378156*2^128 + 4034424376209*2^192,2577782512324114010 + 3276921824604636139*2^64 + 12756820286082726524*2^128 + 20493176412429*2^192,8887382000668405400 + 12429080197107071194*2^64 + 6517937190587582040*2^128 + 20105458752253*2^192,1511177368607244840 + 8715242726832334111*2^64 + 4112751225317492433*2^128 + 10245527089753*2^192,10443499449198255460 + 11846554757867699201*2^64 + 11022385655317264082*2^128 + 10567901310007*2^192,3792932644760171624 + 15977476441046204459*2^64 + 13367715458109391007*2^128 + 28775017086141*2^192,12887927494385761892 + 14027247266124937140*2^64 + 18430359149570382680*2^128 + 23127865645134*2^192,4468687206647597560 + 4834371819653888827*2^64 + 8688690663187716059*2^128 + 33088893953859*2^192,14138785917820128152 + 52952904633500698*2^64 + 18278881853925458062*2^128 + 23881317015609*2^192,17847585234116593056 + 15611881003092070024*2^64 + 13388995671841286218*2^128 + 1855395436157*2^192;\
11657982601779425024 + 8542850354171067908*2^64 + 13495446363079134415*2^128 + 8411501769990*2^192,17071110798980054024 + 8829195460619223044*2^64 + 3144523163975233669*2^128 + 33052872161465*2^192,5299349527959927840 + 4588524970040372013*2^64 + 6949135912586531284*2^128 + 12644393355898*2^192,11950368513620544144 + 2695918239525441474*2^64 + 16222011356993980109*2^128 + 18898970213871*2^192,13497933987410388760 + 1913889359377017526*2^64 + 13915181236075647490*2^128 + 10466386912289*2^192,6283734893431344768 + 4926756418496520490*2^64 + 11966351570546585643*2^128 + 24158324213035*2^192,18302857072711428736 + 3706749139078694940*2^64 + 17416806881944713087*2^128 + 2483062141562*2^192,3707937320736606720 + 3831803080672590416*2^64 + 5644648963537502171*2^128 + 2716759862412*2^192,2485293517068855040 + 12090286328802535817*2^64 + 12189840829718800536*2^128 + 15743189144489*2^192,13481443190541412560 + 5392998564904315196*2^64 + 5346523074301725988*2^128 + 9252703682424*2^192,4034219938837788864 + 810131693729997337*2^64 + 12283907783864386946*2^128 + 1047235782261*2^192,11894447195324966720 + 5387090123802584427*2^64 + 10338932222206803150*2^128 + 23042347700962*2^192,3469033050947241248 + 1982346293113822123*2^64 + 18404649203635849499*2^128 + 851171236323*2^192,3187105230072319808 + 2689384883089065308*2^64 + 16623610223632535919*2^128 + 15537068580184*2^192,1556080306148235552 + 9568337466986142961*2^64 + 13202656148548614984*2^128 + 11629396259905*2^192,472758716773990848 + 12757942036171667765*2^64 + 7626049105176846117*2^128 + 9402287944220*2^192,11248414251646982848 + 13476917477067998135*2^64 + 18199891619361031847*2^128 + 24138026379509*2^192,13766169613998857984 + 12617995009656368294*2^64 + 10841129686228561097*2^128 + 15616562583947*2^192;\
1252592004813395032 + 7635026807739527853*2^64 + 7266362763165095554*2^128 + 18378191656703*2^192,18193368721934534787 + 14332534556811997921*2^64 + 2041836177354024101*2^128 + 28722102895173*2^192,18322405847761486252 + 3380321153788437398*2^64 + 2467693741360225059*2^128 + 23334047295861*2^192,7028925301072553990 + 7567514430133481079*2^64 + 12588905511898930438*2^128 + 19247912948016*2^192,12589296856814031705 + 13002106239644409396*2^64 + 11091154336500309281*2^128 + 12875321714357*2^192,7253706032927659216 + 9487411587689545437*2^64 + 14093081136698555454*2^128 + 1579578343958*2^192,16948129666028805200 + 1825264478758636471*2^64 + 14721929707602050587*2^128 + 28363380839369*2^192,1319638579545433056 + 16452360604252111343*2^64 + 10909085210667037407*2^128 + 2347540791084*2^192,321745180588141248 + 18136023901259661743*2^64 + 5161289044127512214*2^128 + 31941940350854*2^192,403055984408313678 + 9583767415276558308*2^64 + 7198683865970342660*2^128 + 6378230171992*2^192,8062771097595081160 + 1756607899609141119*2^64 + 13978773496506972151*2^128 + 19840447049402*2^192,6833751568810516728 + 11337493394897593186*2^64 + 10968129935327141320*2^128 + 33229935981031*2^192,9392680332289164332 + 10520968037519963658*2^64 + 9025741671914477747*2^128 + 7579299340458*2^192,17064432562001150776 + 5350714510228060642*2^64 + 80871139032337827*2^128 + 9928227252641*2^192,9644993067359229484 + 10242471868056995310*2^64 + 6303306828240622878*2^128 + 12314700665676*2^192,18088376982472509800 + 8263618089565633299*2^64 + 10538908202132862889*2^128 + 31777124291617*2^192,7467895755829440840 + 10574139745053212523*2^64 + 12676282138673881101*2^128 + 29691094017798*2^192,5228058842678351712 + 16977336629472319215*2^64 + 6485233936044658631*2^128 + 13575324391719*2^192;\
9494396743633058840 + 12409270650923590254*2^64 + 2029063602363922886*2^128 + 29964395144285*2^192,10124387186597391273 + 6171046629316085928*2^64 + 10796706443602500200*2^128 + 20002044660127*2^192,2134842769631442756 + 17279126356241174359*2^64 + 8956067474780420932*2^128 + 21427945780452*2^192,18245666090673770034 + 11715466023620634770*2^64 + 11992740330807848410*2^128 + 15102837191740*2^192,13646697631003832075 + 17137594193981633297*2^64 + 16685837634020144755*2^128 + 15896085138875*2^192,17683934554936189360 + 6054239823781987818*2^64 + 5592782127713061948*2^128 + 28051548783070*2^192,1051846427339756592 + 4369073564808219154*2^64 + 15136260595086063987*2^128 + 21065682227416*2^192,18266932540317610336 + 10219180697537997130*2^64 + 15169616653708687766*2^128 + 14010243007700*2^192,4978916694865006080 + 13678622918991478553*2^64 + 14232244847543017125*2^128 + 12216984952676*2^192,8778056634702249258 + 5016208265043586883*2^64 + 1485262657724925853*2^128 + 28338140188962*2^192,16231225955340006232 + 3880907658267623681*2^64 + 16800199585556011780*2^128 + 4315287041893*2^192,6619843660513489768 + 12195417992887280493*2^64 + 18074627539002279611*2^128 + 11602347614194*2^192,12110137555685515396 + 18419403975124698866*2^64 + 12293400743729371614*2^128 + 27274204285606*2^192,7839340974419183528 + 14633075700526503390*2^64 + 11715921318117186265*2^128 + 4418924201150*2^192,12352182321425983876 + 15231183970246238536*2^64 + 2140576405449900409*2^128 + 10918235633000*2^192,11287697728068516280 + 16362402473025341354*2^64 + 16869552702479342501*2^128 + 1262366252263*2^192,10868743932029020248 + 2097902111514640391*2^64 + 10622084346192964104*2^128 + 30547909661766*2^192,1137118893471310496 + 4730041228102182942*2^64 + 12101258728639091072*2^128 + 29631329028291*2^192;\
11255219665479003128 + 434982019269410630*2^64 + 704511553138595359*2^128 + 5298371413292*2^192,1819334735563634175 + 8478224674665916122*2^64 + 9743018532007894307*2^128 + 23722886271381*2^192,15830643792565288220 + 8757282861419950511*2^64 + 16404155816100529338*2^128 + 14320162395430*2^192,1303830925595790718 + 2456188223442245667*2^64 + 15249576241579646961*2^128 + 8119712027416*2^192,17868828907299572621 + 14764469955755651433*2^64 + 15597552595420731819*2^128 + 20285862990087*2^192,7485206184792870928 + 11528169383460863757*2^64 + 13949346133561687040*2^128 + 4499032624034*2^192,5926090107980133776 + 5522372371713996689*2^64 + 492340566953178310*2^128 + 23687720537817*2^192,9489941132348003936 + 394813705222807187*2^64 + 3793825059486840057*2^128 + 3619175722555*2^192,777421854378233536 + 13038759187418617979*2^64 + 12526486692080148263*2^128 + 25379671721759*2^192,16496907104306669030 + 6194445663669587255*2^64 + 4834522316344462701*2^128 + 2476945878592*2^192,1754576851259791208 + 573668457351286678*2^64 + 702932041220292768*2^128 + 11111396282368*2^192,4600950330783277144 + 7389507568096490773*2^64 + 11523236522946694419*2^128 + 19713364308806*2^192,7212467269144061596 + 13797614176163375363*2^64 + 15623416939186283250*2^128 + 23500546584346*2^192,9678433608365969816 + 3180530829151791775*2^64 + 4305243279743092153*2^128 + 27930243970550*2^192,11638296898187764892 + 589010243844392602*2^64 + 8670331352061028644*2^128 + 25334205923091*2^192,9980854231215061384 + 16125082510973037372*2^64 + 6015091483780839548*2^128 + 28685747068174*2^192,7309660538867460840 + 17796027697442212629*2^64 + 15347940879085150926*2^128 + 23443931603865*2^192,13157259326917130464 + 17479139115526617199*2^64 + 18109875086767905724*2^128 + 27902752346417*2^192;\
6638730034799916056 + 3837186277389490807*2^64 + 13515042230960161827*2^128 + 4601033606269*2^192,11579501679565308585 + 4178901433413136224*2^64 + 5576805859987163450*2^128 + 2308990418530*2^192,5825446437978813252 + 14252265663462045743*2^64 + 7995184320714197696*2^128 + 22884355964328*2^192,16929617182916746290 + 11363633233230039325*2^64 + 15360488133035996161*2^128 + 26845724245090*2^192,10201494499537413131 + 16909050105818316981*2^64 + 1393194948089443075*2^128 + 720909249802*2^192,1210777567413399984 + 15601152992121340313*2^64 + 1939099915786844861*2^128 + 33040789680112*2^192,4929157482332431408 + 3103987090329790514*2^64 + 3456347865142222502*2^128 + 25137952325485*2^192,13474085276415037792 + 6815853919179343759*2^64 + 2562093766726687358*2^128 + 29799215114888*2^192,5415737164421860864 + 15685575359688550225*2^64 + 5160040462039921136*2^128 + 25267794740542*2^192,6692226267629654826 + 11176127317376281851*2^64 + 11676220082790287212*2^128 + 3925757121103*2^192,819719730710469464 + 2560393098737574319*2^64 + 1538193853554928028*2^128 + 31491831298480*2^192,16006330992775777128 + 594653929034017785*2^64 + 7627189132740220321*2^128 + 5364973562077*2^192,790203597827251332 + 13459910999160443349*2^64 + 4677294780879349639*2^128 + 30483949630764*2^192,11349784783508627368 + 13840754704597731972*2^64 + 18173920048911430273*2^128 + 4870400160368*2^192,13002508819186886020 + 12330818106675343241*2^64 + 3882627397578831264*2^128 + 33119426399325*2^192,11863433196889063864 + 7300691396881777049*2^64 + 17591817917920937061*2^128 + 35023075801022*2^192,6461602194354425944 + 6807002183404924624*2^64 + 18122293474562753086*2^128 + 5342235748328*2^192,16802261791177278112 + 16426599183073931085*2^64 + 503724909400113518*2^128 + 137499444419*2^192;\
17742170443982483344 + 12102721159272236165*2^64 + 6612355032998020693*2^128 + 22050867556401*2^192,3093809419849448556 + 17741036348367561792*2^64 + 3105628397036470088*2^128 + 9601577320835*2^192,5863195842256740720 + 724430128680788640*2^64 + 3975068476658741970*2^128 + 16215751513300*2^192,766934536552354936 + 15634205700789671325*2^64 + 3984120087644290219*2^128 + 12071123295947*2^192,7714296796403746404 + 17784784328149245506*2^64 + 12079302031331597609*2^128 + 15704842279750*2^192,12197236388733040896 + 15577981452526671953*2^64 + 2067118842136224939*2^128 + 10005708060996*2^192,17788239029072163584 + 1713397102418874355*2^64 + 9286575726720318119*2^128 + 544621976576*2^192,8974542635829411008 + 12511114171781702003*2^64 + 18384257800451420668*2^128 + 31720925806501*2^192,10228528832795492416 + 10287169662068907129*2^64 + 17816317095400031924*2^128 + 6644998295692*2^192,3781057230358340344 + 1177710566577100696*2^64 + 7888712920889095939*2^128 + 34753908097417*2^192,16585679460538106144 + 11363198217290389919*2^64 + 10268746396931254085*2^128 + 2968499218232*2^192,12543710816896621920 + 4186465718787298168*2^64 + 3491500938977819136*2^128 + 18578414795481*2^192,16959049877244253360 + 11015598429009564181*2^64 + 4611486326490165052*2^128 + 30330038655281*2^192,3586965816720615136 + 5273828088378655702*2^64 + 7395250789696789462*2^128 + 15566654042689*2^192,16220428414648157616 + 12762211823207877174*2^64 + 2005043227123238366*2^128 + 5973629714332*2^192,11248405630084511264 + 7016987080594991317*2^64 + 13097716314429543596*2^128 + 21347828502124*2^192,12229730500775905952 + 17263914180216358681*2^64 + 2981549437107532791*2^128 + 30033113378428*2^192,18290586257628113664 + 12700438192968629371*2^64 + 12704185507556158758*2^128 + 10523301435486*2^192;\
12505898270552071448 + 11049660615729919225*2^64 + 14197902834636379490*2^128 + 24290420490563*2^192,9346853111675114483 + 139852199859574575*2^64 + 9758518167344935268*2^128 + 26195649832208*2^192,5438366446192048236 + 2225662786733820235*2^64 + 16935279153306909578*2^128 + 11117434119638*2^192,16668581229985781350 + 17226727404002424124*2^64 + 7103302412916071378*2^128 + 22489400576575*2^192,6998034330646843689 + 12607334305298439448*2^64 + 9827757155279957516*2^128 + 5015568480487*2^192,14940450677542572752 + 13902320212645445153*2^64 + 7768799916784772880*2^128 + 30952905397164*2^192,5214934722951204432 + 8494743373237209585*2^64 + 8326128775193055481*2^128 + 30143001194350*2^192,13032196611964275936 + 2615538613748343380*2^64 + 15494274695843053200*2^128 + 18836360232411*2^192,17142632347205562816 + 5819205429668510126*2^64 + 2535758868233798798*2^128 + 27157629229294*2^192,12215155127715547310 + 1948008886323828249*2^64 + 14218253028603549475*2^128 + 26489730028773*2^192,6514579351843246152 + 17459937960428010627*2^64 + 1542114713326300326*2^128 + 10783917921466*2^192,18330153354958598264 + 13717741682397780722*2^64 + 9622028397673680000*2^128 + 19619115400089*2^192,11717518370697003500 + 9615447440691923399*2^64 + 11632789069520601721*2^128 + 19129998420700*2^192,13198826590038058168 + 1329620478797540199*2^64 + 4324418133310756854*2^128 + 10380006097517*2^192,13072661312990457836 + 9134468224401234564*2^64 + 858096632448998707*2^128 + 4186056817356*2^192,14358510642733715432 + 5143202256676573727*2^64 + 13180719819478713423*2^128 + 7542315111548*2^192,9810341507143215560 + 5790427661662747438*2^64 + 2566174839516831455*2^128 + 20171342094897*2^192,8311973731970828128 + 1756655786845476324*2^64 + 11738139361109652128*2^128 + 12918357280602*2^192]
/* 
This matrix times 2^(-15) should be the matrix of frobenius.
*/ 
B = 2^(-15) * A; 
/* Freed 4795 lists. */
The sign is: -1
The characteristic polynomial is: x^18 + x^17 - 2*x^16 - 6*x^15 + 2*x^14 + 10*x^13 - 8*x^12 - 44*x^11 + 56*x^10 - 224*x^8 + 704*x^7 + 512*x^6 - 2560*x^5 - 2048*x^4 + 24576*x^3 + 32768*x^2 - 65536*x - 262144
Its Newton polygon is: [2, 7/4, 7/4, 7/4, 7/4, 3/2, 3/2, 1, 1, 1, 1, 1/2, 1/2, 1/4, 1/4, 1/4, 1/4, 0]
Its factorization is: [x - 2, 1; x + 2, 1; x^16 + x^15 + 2*x^14 - 2*x^13 + 10*x^12 + 2*x^11 + 32*x^10 - 36*x^9 + 184*x^8 - 144*x^7 + 512*x^6 + 128*x^5 + 2560*x^4 - 2048*x^3 + 8192*x^2 + 16384*x + 65536, 1]
The valuation of f-g is: 16
The valuation of subst(g,x,A) is: 1
