/* Comments begin... 
No set up needed.

Please input coefficients below.
Coefficient of   x^19                     = Coefficient of   x^6 * y^4 * z^1 * w^2   = Coefficient of   x^5 * y^1 * z^3 * w^2   = Coefficient of   x^3 * y^9 * z^1 * w^1   = Coefficient of   x^2 * y^6 * z^3 * w^1   = Coefficient of   x^1 * y^3 * z^5 * w^1   = Coefficient of   y^14 * z^1               = Coefficient of   y^1 * w^6               = Coefficient of   z^7 * w^1               = 
Here is the polynomial we're using this time:

1 + 0*2^64 + 0*2^128 + 0*2^192*x^19 + 1 + 0*2^64 + 0*2^128 + 0*2^192*x^5*y^1*z^3*w^2 + 1 + 0*2^64 + 0*2^128 + 0*2^192*x^3*y^9*z^1*w^1 + 1 + 0*2^64 + 0*2^128 + 0*2^192*x^1*y^3*z^5*w^1 + 1 + 0*2^64 + 0*2^128 + 0*2^192*y^14*z^1 + 1 + 0*2^64 + 0*2^128 + 0*2^192*y^1*w^6 + 1 + 0*2^64 + 0*2^128 + 0*2^192*z^7*w^1


Allocate G_len 20 elements and old = 0.
Allocate M_len = 400 elements.
Allocate G_len 40 elements and old = 20.
Allocate M_len = 800 elements.
Allocate G_len 80 elements and old = 40.
Allocate M_len = 1600 elements.
Allocate M_len = 3200 elements.
Allocate G_len 160 elements and old = 80.
Allocate M_len = 6400 elements.
Allocate M_len = 12800 elements.
Allocate G_len 320 elements and old = 160.
Allocate M_len = 25600 elements.
Allocate M_len = 51200 elements.
Allocate G_len 640 elements and old = 320.
Allocate M_len = 102400 elements.
Allocate M_len = 204800 elements.
Allocate G_len 1280 elements and old = 640.
Allocate M_len = 409600 elements.
Allocate M_len = 819200 elements.
The final length of G is 757
[5, 1, 2, 2, 0]  	518	5 
[5, 0, 3, 2, 0]  	552	5 
[18, 0, 0, 0, 0]  	558	4  <--- 1
[3, 9, 1, 1, 0]  	589	5 
[4, 14, 1, 0, 0]  	713	7 
[3, 17, 1, 0, 0]  	793	7 
[4, 1, 0, 7, 0]  	805	9 
[3, 17, 0, 1, 0]  	814	8 
[4, 4, 0, 6, 0]  	824	10 
[2, 20, 1, 0, 0]  	873	6 
[3, 3, 7, 2, 0]  	885	6 
[2, 14, 3, 1, 0]  	885	6 
[16, 9, 1, 0, 0]  	900	7 
[3, 7, 0, 6, 0]  	904	10 
[3, 1, 2, 7, 0]  	916	8 
[16, 9, 0, 1, 0]  	921	7 
[4, 0, 9, 2, 0]  	947	8 
[16, 8, 1, 1, 0]  	955	7 
[16, 3, 5, 0, 0]  	962	9 
[3, 8, 7, 1, 0]  	978	4 
[2, 19, 3, 0, 0]  	978	9 
[16, 3, 4, 1, 0]  	983	9 
[13, 1, 0, 6, 0]  	992	12 
[5, 3, 9, 1, 0]  	997	12 
[3, 6, 2, 6, 0]  	1009	8 
[3, 5, 9, 1, 0]  	1009	8 
[2, 16, 5, 0, 0]  	1009	8 
[16, 2, 5, 1, 0]  	1017	9 
[3, 3, 4, 6, 0]  	1040	9 
[17, 14, 0, 0, 0]  	1045	9 
[3, 0, 11, 2, 0]  	1058	8 
[4, 2, 11, 1, 0]  	1071	10 
[15, 14, 0, 1, 0]  	1075	16 
[17, 0, 0, 6, 0]  	1079	11 
[11, 8, 5, 1, 0]  	1084	16 
[9, 2, 9, 1, 0]  	1084	15 
[14, 12, 3, 0, 0]  	1091	14 
[4, 0, 6, 6, 0]  	1102	11 
[13, 19, 0, 0, 0]  	1106	17 
[3, 14, 7, 0, 0]  	1108	10 
[15, 0, 0, 7, 0]  	1109	16 
[17, 0, 7, 1, 0]  	1116	9 
[15, 8, 5, 0, 0]  	1116	10 
[14, 16, 0, 1, 0]  	1118	18 
[2, 5, 11, 1, 0]  	1120	8 
[10, 6, 7, 1, 0]  	1121	14 
[8, 0, 11, 1, 0]  	1121	12 
[14, 9, 5, 0, 0]  	1122	13 
[2, 14, 0, 6, 0]  	1132	8 
[4, 10, 9, 0, 0]  	1133	12 
[13, 0, 9, 1, 0]  	1134	13 
[4, 12, 8, 0, 0]  	1136	10 
[1, 28, 1, 0, 0]  	1138	7 
[3, 13, 8, 0, 0]  	1142	9 
[3, 1, 0, 11, 0]  	1142	10 
[12, 5, 7, 1, 0]  	1146	16 
[10, 13, 5, 0, 0]  	1146	14 
[2, 15, 1, 5, 0]  	1148	9 
[14, 0, 1, 7, 0]  	1149	16 
[2, 17, 0, 5, 0]  	1151	9 
[3, 0, 6, 7, 0]  	1163	10 
[13, 11, 5, 0, 0]  	1165	14 
[17, 0, 9, 0, 0]  	1166	10 
[1, 27, 2, 0, 0]  	1172	8 
[3, 10, 10, 0, 0]  	1173	9 
[3, 12, 9, 0, 0]  	1176	11 
[10, 10, 7, 0, 0]  	1177	14 
[3, 1, 7, 6, 0]  	1179	9 
[9, 11, 7, 0, 0]  	1183	12 
[12, 22, 0, 0, 0]  	1186	14 
[13, 0, 2, 7, 0]  	1189	14 
[16, 0, 2, 6, 0]  	1190	12 
[1, 16, 8, 0, 0]  	1191	8 
[7, 11, 8, 0, 0]  	1192	11 
[7, 14, 0, 5, 0]  	1195	12 
[7, 13, 7, 0, 0]  	1195	13 
[13, 8, 7, 0, 0]  	1196	13 
[10, 24, 0, 0, 0]  	1198	16 
[12, 9, 7, 0, 0]  	1202	13 
[2, 1, 0, 12, 0]  	1203	7 
[3, 9, 11, 0, 0]  	1207	12 
[10, 7, 9, 0, 0]  	1208	14 
[4, 0, 14, 1, 0]  	1210	10 
[3, 0, 8, 6, 0]  	1213	9 
[9, 8, 9, 0, 0]  	1214	13 
[9, 10, 8, 0, 0]  	1217	11 
[2, 14, 9, 0, 0]  	1219	9 
[8, 9, 9, 0, 0]  	1220	12 
[2, 4, 0, 11, 0]  	1222	8 
[2, 4, 13, 1, 0]  	1225	9 
[6, 7, 11, 0, 0]  	1226	10 
[5, 4, 13, 0, 0]  	1226	11 
[14, 9, 0, 5, 0]  	1227	9 
[6, 9, 10, 0, 0]  	1229	10 
[7, 0, 13, 1, 0]  	1232	11 
[12, 6, 9, 0, 0]  	1233	14 
[12, 8, 8, 0, 0]  	1236	12 
[6, 1, 13, 1, 0]  	1238	12 
[3, 6, 13, 0, 0]  	1238	10 
[2, 22, 0, 4, 0]  	1244	10 
[2, 7, 13, 0, 0]  	1244	8 
[9, 5, 11, 0, 0]  	1245	12 
[9, 7, 10, 0, 0]  	1248	11 
[3, 0, 15, 1, 0]  	1250	9 
[3, 2, 14, 1, 0]  	1253	8 
[2, 13, 10, 0, 0]  	1253	9 
[2, 3, 1, 11, 0]  	1256	9 
[8, 0, 0, 11, 0]  	1260	11 
[14, 8, 1, 5, 0]  	1261	10 
[14, 7, 8, 0, 0]  	1261	10 
[12, 3, 11, 0, 0]  	1264	13 
[6, 0, 1, 11, 0]  	1269	10 
[3, 5, 1, 10, 0]  	1269	10 
[11, 6, 10, 0, 0]  	1273	9 
[2, 13, 9, 1, 0]  	1274	9 
[2, 6, 1, 10, 0]  	1275	9 
[2, 5, 8, 5, 0]  	1275	9 
[16, 0, 11, 0, 0]  	1277	12 
[9, 27, 0, 0, 0]  	1278	11 
[2, 8, 0, 10, 0]  	1278	10 
[9, 4, 12, 0, 0]  	1279	9 
[8, 3, 13, 0, 0]  	1282	10 
[1, 22, 1, 4, 0]  	1284	8 
[6, 1, 15, 0, 0]  	1288	9 
[2, 5, 3, 9, 0]  	1288	10 
[7, 29, 0, 0, 0]  	1290	9 
[2, 2, 2, 11, 0]  	1290	9 
[2, 3, 8, 6, 0]  	1293	9 
[4, 1, 16, 0, 0]  	1297	9 
[2, 2, 6, 8, 0]  	1298	9 
[11, 16, 0, 4, 0]  	1301	12 
[11, 3, 12, 0, 0]  	1304	11 
[1, 22, 0, 5, 0]  	1305	7 
[1, 21, 7, 0, 0]  	1305	8 
[3, 4, 15, 0, 0]  	1306	8 
[2, 3, 3, 10, 0]  	1306	7 
[5, 0, 2, 11, 0]  	1309	10 
[2, 5, 2, 10, 0]  	1309	10 
[2, 1, 8, 7, 0]  	1311	8 
[1, 17, 4, 4, 0]  	1312	8 
[8, 2, 14, 0, 0]  	1316	8 
[1, 15, 9, 1, 0]  	1317	8 
[3, 0, 3, 11, 0]  	1318	8 
[1, 21, 2, 4, 0]  	1318	8 
[2, 29, 0, 2, 0]  	1319	9 
[15, 2, 11, 0, 0]  	1320	12 
[7, 3, 14, 0, 0]  	1322	10 
[2, 1, 3, 11, 0]  	1324	8 
[2, 5, 10, 4, 0]  	1325	8 
[2, 2, 9, 6, 0]  	1327	8 
[4, 0, 4, 10, 0]  	1328	9 
[2, 12, 9, 2, 0]  	1329	9 
[5, 0, 1, 12, 0]  	1330	7 
[2, 3, 15, 1, 0]  	1330	7 
[1, 15, 4, 5, 0]  	1330	7 
[1, 14, 11, 0, 0]  	1330	7 
[1, 14, 2, 7, 0]  	1335	6 
[3, 2, 10, 5, 0]  	1337	7 
[3, 1, 17, 0, 0]  	1337	7 
[2, 27, 0, 3, 0]  	1337	7 
[2, 13, 6, 4, 0]  	1337	8 
[11, 2, 13, 0, 0]  	1338	10 
[2, 5, 5, 8, 0]  	1338	9 
[1, 16, 1, 7, 0]  	1338	7 
[1, 15, 8, 2, 0]  	1338	8 
[3, 3, 16, 0, 0]  	1340	7 
[2, 2, 4, 10, 0]  	1340	8 
[2, 3, 10, 5, 0]  	1343	7 
[1, 28, 0, 3, 0]  	1343	6 
[2, 4, 16, 0, 0]  	1346	6 
[1, 16, 5, 4, 0]  	1346	7 
[1, 3, 4, 10, 0]  	1346	6 
[1, 26, 5, 0, 0]  	1348	8 
[2, 6, 15, 0, 0]  	1349	6 
[1, 5, 3, 10, 0]  	1349	6 
[2, 13, 1, 8, 0]  	1350	8 
[2, 0, 0, 14, 0]  	1350	8 
[7, 0, 16, 0, 0]  	1353	8 
[15, 1, 12, 0, 0]  	1354	10 
[1, 9, 1, 10, 0]  	1355	6 
[1, 14, 1, 8, 0]  	1356	7 
[2, 12, 12, 0, 0]  	1358	9 
[1, 16, 0, 8, 0]  	1359	7 
[1, 15, 7, 3, 0]  	1359	7 
[2, 1, 10, 6, 0]  	1361	6 
[2, 0, 17, 1, 0]  	1361	6 
[1, 26, 0, 4, 0]  	1361	7 
[5, 0, 17, 0, 0]  	1362	10 
[1, 14, 5, 5, 0]  	1364	8 
[2, 8, 9, 4, 0]  	1365	8 
[1, 19, 5, 3, 0]  	1365	8 
[1, 24, 5, 1, 0]  	1366	8 
[1, 3, 3, 11, 0]  	1367	6 
[3, 0, 5, 10, 0]  	1368	7 
[2, 11, 1, 9, 0]  	1368	6 
[2, 10, 8, 4, 0]  	1368	7 
[1, 21, 4, 3, 0]  	1368	7 
[6, 32, 0, 0, 0]  	1370	11 
[3, 0, 18, 0, 0]  	1371	7 
[2, 13, 0, 9, 0]  	1371	8 
[1, 14, 9, 2, 0]  	1372	7 
[2, 1, 5, 10, 0]  	1374	6 
[1, 25, 2, 3, 0]  	1374	6 
[10, 0, 15, 0, 0]  	1375	8 
[1, 4, 0, 13, 0]  	1375	6 
[1, 9, 0, 11, 0]  	1376	6 
[2, 2, 11, 5, 0]  	1377	6 
[1, 27, 1, 3, 0]  	1377	6 
[1, 14, 0, 9, 0]  	1377	5 
[1, 18, 7, 2, 0]  	1378	8 
[0, 29, 3, 1, 0]  	1378	6 
[2, 0, 3, 12, 0]  	1379	8 
[1, 15, 6, 4, 0]  	1380	6 
[1, 2, 5, 10, 0]  	1380	6 
[1, 1, 12, 5, 0]  	1380	6 
[2, 9, 10, 3, 0]  	1381	9 
[6, 0, 0, 13, 0]  	1382	10 
[1, 14, 4, 6, 0]  	1385	7 
[1, 4, 17, 0, 0]  	1386	5 
[2, 13, 8, 3, 0]  	1387	8 
[1, 24, 4, 2, 0]  	1387	6 
[15, 0, 13, 0, 0]  	1388	10 
[2, 1, 13, 4, 0]  	1390	5 
[1, 26, 3, 2, 0]  	1390	5 
[1, 13, 2, 8, 0]  	1390	6 
[2, 12, 6, 5, 0]  	1392	6 
[1, 14, 8, 3, 0]  	1393	7 
[14, 1, 13, 0, 0]  	1394	14 
[1, 12, 0, 10, 0]  	1395	6 
[1, 2, 13, 4, 0]  	1396	5 
[0, 27, 3, 2, 0]  	1396	5 
[0, 32, 3, 0, 0]  	1397	6 
[1, 12, 13, 0, 0]  	1398	5 
[1, 0, 5, 11, 0]  	1398	5 
[1, 18, 6, 3, 0]  	1399	5 
[1, 5, 5, 9, 0]  	1399	6 
[0, 29, 2, 2, 0]  	1399	5 
[0, 16, 1, 8, 0]  	1399	5 
[1, 2, 4, 11, 0]  	1401	6 
[1, 2, 17, 1, 0]  	1404	6 
[2, 0, 6, 10, 0]  	1408	5 
[1, 24, 3, 3, 0]  	1408	5 
[1, 11, 2, 9, 0]  	1408	4 
[1, 3, 1, 13, 0]  	1409	6 
[1, 8, 1, 11, 0]  	1410	6 
[1, 6, 15, 1, 0]  	1410	6 
[1, 13, 1, 9, 0]  	1411	5 
[1, 12, 8, 4, 0]  	1411	5 
[2, 34, 0, 1, 0]  	1412	7 
[0, 28, 4, 1, 0]  	1412	6 
[1, 14, 7, 4, 0]  	1414	6 
[0, 27, 2, 3, 0]  	1417	5 
[1, 21, 6, 2, 0]  	1418	8 
[0, 32, 2, 1, 0]  	1418	6 
[4, 35, 0, 0, 0]  	1419	8 
[0, 29, 1, 3, 0]  	1420	6 
[1, 23, 5, 2, 0]  	1421	6 
[1, 9, 11, 3, 0]  	1421	6 
[1, 2, 3, 12, 0]  	1422	6 
[2, 0, 14, 4, 0]  	1424	7 
[1, 7, 16, 0, 0]  	1426	5 
[1, 13, 9, 3, 0]  	1427	5 
[1, 1, 1, 14, 0]  	1427	4 
[14, 0, 14, 0, 0]  	1428	11 
[0, 29, 5, 0, 0]  	1428	6 
[1, 9, 15, 0, 0]  	1429	5 
[1, 3, 0, 14, 0]  	1430	5 
[1, 1, 14, 4, 0]  	1430	5 
[0, 25, 2, 4, 0]  	1435	4 
[1, 5, 12, 4, 0]  	1436	4 
[0, 16, 8, 3, 0]  	1436	4 
[0, 35, 2, 0, 0]  	1437	6 
[1, 1, 18, 1, 0]  	1438	5 
[0, 27, 1, 4, 0]  	1438	5 
[1, 8, 4, 9, 0]  	1439	4 
[0, 32, 1, 2, 0]  	1439	5 
[1, 12, 11, 2, 0]  	1440	6 
[1, 0, 3, 13, 0]  	1440	6 
[0, 15, 6, 5, 0]  	1441	4 
[0, 14, 13, 0, 0]  	1441	4 
[1, 10, 3, 9, 0]  	1442	6 
[2, 3, 14, 3, 0]  	1443	7 
[1, 2, 2, 13, 0]  	1443	6 
[2, 0, 13, 5, 0]  	1445	5 
[0, 27, 5, 1, 0]  	1446	5 
[1, 1, 0, 15, 0]  	1448	4 
[0, 24, 4, 3, 0]  	1448	3 
[1, 5, 7, 8, 0]  	1449	6 
[0, 16, 3, 7, 0]  	1449	5 
[1, 0, 20, 0, 0]  	1451	4 
[0, 26, 3, 3, 0]  	1451	4 
[1, 21, 0, 7, 0]  	1452	6 
[1, 7, 6, 8, 0]  	1452	6 
[0, 18, 2, 7, 0]  	1452	5 
[0, 23, 2, 5, 0]  	1453	5 
[0, 15, 1, 9, 0]  	1454	4 
[0, 14, 8, 4, 0]  	1454	4 
[0, 16, 7, 4, 0]  	1457	4 
[2, 0, 8, 9, 0]  	1458	6 
[1, 1, 17, 2, 0]  	1459	6 
[0, 18, 6, 4, 0]  	1460	4 
[1, 12, 10, 3, 0]  	1461	5 
[1, 0, 2, 14, 0]  	1461	4 
[4, 0, 2, 13, 0]  	1462	11 
[1, 0, 15, 4, 0]  	1464	4 
[2, 0, 12, 6, 0]  	1466	5 
[0, 22, 4, 4, 0]  	1466	4 
[0, 14, 3, 8, 0]  	1467	3 
[0, 13, 10, 3, 0]  	1467	3 
[0, 24, 3, 4, 0]  	1469	4 
[0, 15, 9, 3, 0]  	1470	3 
[1, 9, 13, 2, 0]  	1471	6 
[1, 0, 19, 1, 0]  	1472	4 
[0, 12, 8, 5, 0]  	1472	3 
[2, 0, 16, 3, 0]  	1474	8 
[1, 10, 10, 4, 0]  	1479	4 
[0, 21, 6, 3, 0]  	1479	3 
[1, 2, 9, 8, 0]  	1480	6 
[1, 0, 1, 15, 0]  	1482	3 
[0, 23, 5, 3, 0]  	1482	3 
[1, 3, 15, 3, 0]  	1483	4 
[0, 15, 4, 7, 0]  	1483	4 
[0, 14, 11, 2, 0]  	1483	4 
[1, 0, 14, 5, 0]  	1485	3 
[0, 14, 2, 9, 0]  	1488	3 
[0, 13, 9, 4, 0]  	1488	3 
[0, 18, 9, 2, 0]  	1489	4 
[0, 23, 9, 0, 0]  	1490	4 
[0, 2, 7, 10, 0]  	1491	3 
[1, 37, 0, 1, 0]  	1492	4 
[1, 10, 5, 8, 0]  	1492	4 
[0, 21, 1, 7, 0]  	1492	4 
[0, 20, 8, 2, 0]  	1492	4 
[0, 27, 7, 0, 0]  	1496	5 
[0, 6, 5, 10, 0]  	1497	3 
[1, 0, 9, 9, 0]  	1498	4 
[0, 24, 6, 2, 0]  	1498	3 
[3, 38, 0, 0, 0]  	1499	7 
[0, 21, 5, 4, 0]  	1500	4 
[0, 26, 5, 2, 0]  	1501	2 
[0, 13, 4, 8, 0]  	1501	2 
[0, 12, 11, 3, 0]  	1501	2 
[1, 0, 0, 16, 0]  	1503	3 
[0, 10, 3, 10, 0]  	1503	2 
[0, 2, 2, 14, 0]  	1504	3 
[2, 39, 0, 0, 0]  	1505	7 
[0, 14, 1, 10, 0]  	1509	3 
[0, 12, 15, 0, 0]  	1509	3 
[1, 35, 0, 2, 0]  	1510	4 
[0, 20, 7, 3, 0]  	1513	3 
[1, 1, 10, 8, 0]  	1514	5 
[0, 39, 1, 0, 0]  	1514	4 
[1, 0, 8, 10, 0]  	1519	2 
[0, 11, 4, 9, 0]  	1519	2 
[0, 21, 4, 5, 0]  	1521	4 
[0, 20, 11, 0, 0]  	1521	3 
[0, 13, 3, 9, 0]  	1522	2 
[0, 12, 10, 4, 0]  	1522	2 
[0, 17, 10, 2, 0]  	1523	4 
[0, 2, 14, 5, 0]  	1528	2 
[0, 26, 8, 0, 0]  	1530	5 
[0, 5, 6, 10, 0]  	1531	3 
[0, 37, 1, 1, 0]  	1532	2 
[0, 24, 0, 7, 0]  	1532	2 
[0, 23, 7, 2, 0]  	1532	2 
[0, 10, 6, 8, 0]  	1532	2 
[1, 9, 10, 5, 0]  	1534	4 
[0, 22, 9, 1, 0]  	1545	4 
[0, 8, 6, 9, 0]  	1550	2 
[0, 27, 0, 6, 0]  	1551	4 
[0, 26, 7, 1, 0]  	1551	4 
[0, 5, 5, 11, 0]  	1552	3 
[0, 37, 0, 2, 0]  	1553	3 
[0, 1, 2, 15, 0]  	1559	1 
[0, 0, 9, 10, 0]  	1559	1 
[0, 1, 15, 5, 0]  	1562	2 
[0, 7, 8, 8, 0]  	1563	2 
[0, 1, 10, 9, 0]  	1575	2 
[0, 5, 8, 9, 0]  	1581	2 
[0, 11, 1, 12, 0]  	1582	3 
[0, 1, 14, 6, 0]  	1583	2 
[0, 8, 0, 14, 0]  	1584	2 
[1, 42, 0, 0, 0]  	1585	4 
[0, 25, 8, 1, 0]  	1585	4 
[0, 14, 6, 7, 0]  	1588	3 
[0, 13, 13, 2, 0]  	1588	3 
[0, 10, 12, 4, 0]  	1590	1 
[0, 43, 0, 0, 0]  	1591	4  <--- 2
[0, 0, 3, 15, 0]  	1593	1 
[0, 0, 16, 5, 0]  	1596	1 
[0, 11, 0, 13, 0]  	1603	2 
[0, 1, 17, 4, 0]  	1612	1 
[0, 11, 17, 0, 0]  	1614	1 
[0, 0, 2, 16, 0]  	1614	1 
[0, 7, 14, 4, 0]  	1621	1 
[0, 14, 0, 12, 0]  	1622	4 
[0, 9, 13, 4, 0]  	1624	1 
[0, 2, 5, 13, 0]  	1625	2 
[0, 1, 12, 8, 0]  	1625	2 
[0, 0, 23, 0, 0]  	1633	1  <--- 3
[0, 0, 5, 14, 0]  	1643	1 
[0, 9, 12, 5, 0]  	1645	1 
[0, 8, 19, 0, 0]  	1645	1 
[0, 4, 16, 4, 0]  	1652	1 
[0, 6, 15, 4, 0]  	1655	1 
[0, 11, 15, 2, 0]  	1656	2 
[0, 9, 15, 3, 0]  	1674	1 
[0, 5, 21, 0, 0]  	1676	1 
[0, 0, 12, 9, 0]  	1680	1 
[0, 1, 0, 18, 0]  	1693	2 
[0, 8, 3, 13, 0]  	1705	1 
[0, 6, 17, 3, 0]  	1705	1 
[0, 0, 19, 4, 0]  	1717	1 
[0, 1, 7, 13, 0]  	1730	2 
[0, 3, 19, 3, 0]  	1736	1 
[0, 0, 0, 19, 0]  	1748	1  <--- 4
[0, 0, 21, 3, 0]  	1767	1 
[5, 1, 3, 1, 1]  	497	5 
[1, 3, 5, 1, 1]  	589	4 
[15, 14, 0, 0, 1]  	983	11 
[4, 1, 4, 6, 1]  	997	11 
[17, 1, 0, 5, 1]  	1024	10 
[2, 1, 4, 7, 1]  	1027	7 
[5, 0, 11, 1, 1]  	1028	11 
[16, 0, 0, 6, 1]  	1048	14 
[15, 0, 7, 1, 1]  	1054	12 
[4, 13, 0, 5, 1]  	1065	11 
[3, 14, 0, 5, 1]  	1071	10 
[15, 11, 3, 0, 1]  	1085	14 
[4, 13, 7, 0, 1]  	1102	10 
[12, 0, 9, 1, 1]  	1103	16 
[3, 2, 12, 1, 1]  	1111	9 
[2, 6, 4, 6, 1]  	1120	9 
[7, 12, 0, 5, 1]  	1121	13 
[14, 0, 2, 6, 1]  	1128	15 
[12, 11, 5, 0, 1]  	1134	15 
[4, 0, 13, 1, 1]  	1139	10 
[9, 11, 0, 5, 1]  	1146	14 
[14, 7, 0, 5, 1]  	1153	11 
[11, 10, 0, 5, 1]  	1171	14 
[2, 2, 12, 2, 1]  	1172	7 
[1, 17, 1, 5, 1]  	1191	7 
[5, 7, 11, 0, 1]  	1195	12 
[13, 9, 0, 5, 1]  	1196	12 
[13, 10, 6, 0, 1]  	1199	15 
[3, 7, 12, 0, 1]  	1204	10 
[1, 15, 1, 6, 1]  	1209	8 
[13, 5, 9, 0, 1]  	1227	12 
[5, 0, 1, 11, 1]  	1238	11 
[8, 8, 10, 0, 1]  	1254	11 
[12, 5, 10, 0, 1]  	1267	10 
[2, 19, 2, 4, 1]  	1275	8 
[2, 4, 15, 0, 1]  	1275	8 
[2, 10, 12, 0, 1]  	1284	7 
[2, 13, 4, 5, 1]  	1287	10 
[2, 12, 11, 0, 1]  	1287	9 
[2, 2, 15, 1, 1]  	1293	8 
[4, 3, 15, 0, 1]  	1300	10 
[2, 2, 10, 5, 1]  	1306	8 
[10, 2, 13, 0, 1]  	1307	12 
[2, 1, 12, 4, 1]  	1319	8 
[15, 4, 10, 0, 1]  	1323	13 
[2, 13, 2, 7, 1]  	1329	9 
[4, 0, 17, 0, 1]  	1331	9 
[1, 6, 1, 11, 1]  	1336	7 
[1, 3, 0, 13, 1]  	1338	7 
[10, 1, 14, 0, 1]  	1341	12 
[2, 2, 17, 0, 1]  	1343	7 
[9, 0, 15, 0, 1]  	1344	11 
[1, 2, 11, 5, 1]  	1346	6 
[2, 1, 15, 2, 1]  	1348	7 
[14, 15, 0, 4, 1]  	1357	13 
[2, 0, 4, 11, 1]  	1358	7 
[1, 2, 6, 9, 1]  	1359	6 
[1, 6, 4, 9, 1]  	1365	6 
[2, 0, 8, 8, 1]  	1366	7 
[1, 11, 4, 7, 1]  	1366	6 
[1, 2, 10, 6, 1]  	1367	6 
[1, 2, 1, 13, 1]  	1372	6 
[2, 0, 12, 5, 1]  	1374	5 
[1, 2, 14, 3, 1]  	1375	6 
[2, 1, 18, 0, 1]  	1377	5 
[1, 19, 0, 7, 1]  	1378	8 
[1, 2, 18, 0, 1]  	1383	6 
[2, 0, 7, 9, 1]  	1387	7 
[1, 8, 2, 10, 1]  	1389	6 
[1, 2, 0, 14, 1]  	1393	6 
[2, 0, 11, 6, 1]  	1395	6 
[1, 32, 0, 2, 1]  	1399	5 
[1, 1, 11, 6, 1]  	1401	6 
[2, 0, 15, 3, 1]  	1403	7 
[1, 9, 3, 9, 1]  	1405	5 
[1, 2, 8, 8, 1]  	1409	6 
[2, 0, 19, 0, 1]  	1411	5 
[2, 0, 10, 7, 1]  	1416	6 
[1, 1, 19, 0, 1]  	1417	5 
[0, 14, 1, 9, 1]  	1417	4 
[2, 11, 3, 8, 1]  	1418	8 
[1, 35, 0, 1, 1]  	1418	8 
[1, 10, 4, 8, 1]  	1421	6 
[1, 1, 10, 7, 1]  	1422	6 
[1, 0, 8, 9, 1]  	1427	4 
[0, 26, 4, 2, 1]  	1430	4 
[0, 15, 2, 8, 1]  	1433	5 
[1, 0, 12, 6, 1]  	1435	4 
[0, 19, 0, 8, 1]  	1439	4 
[1, 1, 9, 8, 1]  	1443	6 
[1, 0, 7, 10, 1]  	1448	3 
[0, 22, 0, 7, 1]  	1458	4 
[0, 32, 0, 3, 1]  	1460	4 
[0, 37, 0, 1, 1]  	1461	4 
[0, 3, 1, 14, 1]  	1470	3 
[0, 21, 2, 6, 1]  	1471	5 
[0, 13, 1, 10, 1]  	1472	3 
[1, 39, 0, 0, 1]  	1474	7 
[1, 0, 10, 8, 1]  	1477	6 
[0, 35, 0, 2, 1]  	1479	3 
[1, 1, 16, 3, 1]  	1480	6 
[0, 19, 11, 0, 1]  	1484	4 
[0, 3, 0, 15, 1]  	1491	3 
[1, 0, 18, 2, 1]  	1493	6 
[0, 6, 0, 14, 1]  	1510	3 
[1, 0, 17, 3, 1]  	1514	5 
[0, 41, 0, 0, 1]  	1517	5 
[0, 3, 3, 13, 1]  	1520	3 
[0, 2, 1, 15, 1]  	1525	3 
[0, 1, 3, 14, 1]  	1538	2 
[0, 2, 0, 16, 1]  	1546	3 
[0, 10, 5, 9, 1]  	1553	2 
[0, 6, 2, 13, 1]  	1560	3 
[0, 8, 1, 13, 1]  	1563	2 
[0, 7, 7, 9, 1]  	1584	2 
[0, 26, 1, 6, 1]  	1585	4 
[0, 4, 10, 8, 1]  	1594	2 
[15, 13, 1, 0, 2]  	1017	13 
[2, 2, 11, 2, 2]  	1101	7 
[11, 12, 5, 0, 2]  	1140	15 
[7, 12, 7, 0, 2]  	1158	12 
[12, 9, 0, 5, 2]  	1165	14 
[4, 0, 1, 11, 2]  	1207	10 
[13, 8, 1, 5, 2]  	1230	13 
[11, 9, 8, 0, 2]  	1242	10 
[3, 0, 2, 11, 2]  	1247	10 
[5, 1, 15, 0, 2]  	1257	10 
[4, 4, 14, 0, 2]  	1266	11 
[3, 0, 1, 12, 2]  	1268	9 
[8, 5, 12, 0, 2]  	1285	9 
[7, 6, 12, 0, 2]  	1291	11 
[2, 1, 13, 3, 2]  	1298	8 
[2, 0, 10, 6, 2]  	1324	8 
[2, 1, 11, 5, 2]  	1340	8 
[1, 13, 12, 0, 2]  	1364	7 
[1, 0, 19, 0, 2]  	1380	5 
[2, 10, 3, 8, 2]  	1381	8 
[1, 8, 15, 0, 2]  	1392	5 
[1, 1, 15, 3, 2]  	1409	5 
[0, 18, 4, 5, 2]  	1410	5 
[1, 0, 0, 15, 2]  	1411	4 
[0, 34, 1, 1, 2]  	1421	5 
[0, 21, 4, 4, 2]  	1429	4 
[0, 29, 0, 4, 2]  	1441	4 
[1, 1, 4, 12, 2]  	1456	7 
[0, 17, 0, 9, 2]  	1457	4 
[3, 37, 0, 0, 2]  	1462	9 
[0, 9, 3, 10, 2]  	1466	3 
[0, 40, 0, 0, 2]  	1480	5 
[0, 8, 4, 10, 2]  	1500	3 
[0, 9, 10, 5, 2]  	1503	2 
[0, 24, 1, 6, 2]  	1511	5 
[0, 16, 0, 10, 2]  	1512	4 
[0, 26, 0, 6, 2]  	1514	4 
[0, 8, 3, 11, 2]  	1521	3 
[0, 9, 0, 13, 2]  	1529	3 
[2, 6, 2, 6, 3]  	978	8 
[8, 13, 5, 0, 3]  	1084	14 
[1, 17, 0, 5, 3]  	1120	8 
[2, 11, 4, 5, 3]  	1213	9 
[1, 4, 0, 12, 3]  	1283	7 
[3, 1, 10, 5, 3]  	1300	9 
[1, 3, 1, 12, 3]  	1317	7 
[2, 0, 5, 10, 3]  	1337	7 
[0, 28, 0, 4, 3]  	1404	5 
[1, 11, 14, 0, 3]  	1432	5 
[0, 20, 5, 4, 3]  	1463	4 
[0, 15, 0, 10, 3]  	1475	5 
[0, 6, 12, 5, 3]  	1534	2 
[0, 13, 6, 7, 3]  	1551	3 
[2, 14, 2, 5, 4]  	1182	9 
[2, 0, 8, 7, 4]  	1274	8 
[2, 0, 15, 2, 4]  	1311	8 
[1, 30, 0, 2, 4]  	1325	9 
[1, 3, 17, 0, 4]  	1349	6 
[1, 34, 0, 1, 4]  	1381	10 
[0, 30, 0, 3, 4]  	1386	5 
[1, 1, 6, 10, 4]  	1414	5 
[0, 16, 0, 9, 4]  	1420	5 
[0, 34, 0, 2, 4]  	1442	4 
[0, 27, 0, 5, 4]  	1459	5 
[8, 6, 11, 0, 5]  	1251	11 
[11, 4, 11, 0, 5]  	1270	14 
[2, 0, 1, 13, 5]  	1329	9 
[13, 13, 3, 0, 6]  	1097	15 
[0, 37, 1, 0, 6]  	1440	5 
[1, 16, 2, 5, 7]  	1225	8 
[0, 2, 9, 9, 7]  	1541	2 
[1, 19, 3, 4, 8]  	1315	7 
[1, 15, 9, 0, 248]  	1225	7 
[1, 6, 2, 10, 248]  	1315	6 
[0, 1, 16, 4, 249]  	1541	1 
[13, 0, 2, 6, 250]  	1097	14 
[12, 10, 6, 0, 250]  	1168	12 
[10, 16, 0, 4, 250]  	1270	10 
[0, 31, 3, 0, 250]  	1360	6 
[0, 34, 2, 0, 250]  	1400	6 
[0, 28, 2, 0, 251]  	1178	6 
[2, 13, 9, 0, 251]  	1182	8 
[7, 3, 13, 0, 251]  	1251	9 
[1, 20, 7, 0, 251]  	1268	6 
[1, 10, 4, 7, 251]  	1329	6 
[0, 24, 0, 6, 251]  	1440	4 
[1, 16, 5, 0, 252]  	978	6 
[1, 3, 4, 7, 252]  	1070	6 
[1, 2, 12, 2, 252]  	1141	6 
[7, 10, 8, 0, 252]  	1155	10 
[10, 6, 10, 0, 252]  	1242	9 
[1, 2, 8, 7, 252]  	1317	6 
[0, 15, 6, 4, 252]  	1349	4 
[0, 30, 1, 2, 252]  	1365	5 
[1, 0, 13, 5, 252]  	1414	4 
[0, 20, 6, 3, 252]  	1442	3 
[0, 26, 7, 0, 252]  	1459	4 
[0, 5, 19, 0, 252]  	1534	1 
[7, 11, 0, 5, 253]  	1084	10 
[6, 9, 9, 0, 253]  	1158	10 
[9, 6, 10, 0, 253]  	1211	9 
[3, 1, 16, 0, 253]  	1266	7 
[1, 19, 4, 3, 253]  	1294	6 
[0, 14, 11, 0, 253]  	1299	4 
[0, 16, 1, 7, 253]  	1307	4 
[1, 24, 2, 3, 253]  	1337	5 
[1, 8, 0, 11, 253]  	1339	5 
[0, 14, 6, 5, 253]  	1404	4 
[0, 23, 4, 3, 253]  	1411	3 
[0, 23, 3, 4, 253]  	1432	4 
[0, 23, 7, 1, 253]  	1440	3 
[0, 12, 13, 2, 253]  	1551	2 
[3, 9, 8, 0, 254]  	994	5 
[15, 0, 0, 6, 254]  	1017	12 
[14, 8, 5, 0, 254]  	1085	9 
[1, 27, 1, 0, 254]  	1101	5 
[10, 8, 7, 0, 254]  	1103	11 
[10, 10, 0, 5, 254]  	1140	10 
[11, 7, 8, 0, 254]  	1168	6 
[1, 4, 0, 11, 254]  	1191	5 
[2, 21, 0, 4, 254]  	1207	7 
[2, 6, 13, 0, 254]  	1207	2 
[1, 2, 0, 12, 254]  	1209	6 
[2, 10, 11, 0, 254]  	1213	7 
[2, 5, 1, 10, 254]  	1238	7 
[4, 0, 3, 10, 254]  	1257	8 
[1, 16, 4, 4, 254]  	1275	6 
[7, 2, 14, 0, 254]  	1285	6 
[6, 3, 14, 0, 254]  	1291	8 
[1, 26, 3, 1, 254]  	1298	5 
[3, 0, 17, 0, 254]  	1300	7 
[2, 26, 0, 3, 254]  	1300	6 
[6, 0, 16, 0, 254]  	1322	7 
[1, 25, 0, 4, 254]  	1324	4 
[0, 16, 4, 5, 254]  	1336	5 
[1, 26, 1, 3, 254]  	1340	5 
[0, 26, 2, 3, 254]  	1380	4 
[1, 6, 16, 0, 254]  	1389	3 
[0, 5, 17, 0, 254]  	1392	1 
[0, 20, 8, 1, 254]  	1400	4 
[0, 26, 5, 1, 254]  	1409	3 
[0, 13, 8, 4, 254]  	1417	3 
[0, 21, 0, 7, 254]  	1421	4 
[0, 13, 3, 8, 254]  	1430	3 
[0, 14, 9, 3, 254]  	1433	3 
[0, 2, 5, 11, 254]  	1441	3 
[0, 11, 3, 9, 254]  	1448	1 
[1, 0, 11, 7, 254]  	1456	5 
[0, 3, 6, 10, 254]  	1457	3 
[0, 21, 7, 2, 254]  	1458	3 
[0, 8, 6, 8, 254]  	1458	2 
[0, 7, 4, 10, 254]  	1463	3 
[0, 7, 3, 11, 254]  	1484	3 
[0, 0, 10, 9, 254]  	1538	1 
[0, 13, 0, 12, 254]  	1585	3 
[0, 3, 17, 3, 254]  	1594	1 
[3, 9, 1, 0, 255]  	497	3 
[0, 14, 1, 0, 255]  	589	3 
[3, 1, 0, 6, 255]  	682	4 
[5, 0, 9, 1, 255]  	886	7 
[3, 10, 0, 5, 255]  	923	7 
[11, 8, 5, 0, 255]  	992	5 
[1, 1, 4, 7, 255]  	996	5 
[17, 0, 7, 0, 255]  	1024	7 
[10, 6, 7, 0, 255]  	1029	9 
[1, 14, 0, 6, 255]  	1101	4 
[3, 8, 4, 5, 255]  	1133	10 
[2, 19, 0, 4, 255]  	1133	6 
[9, 2, 11, 0, 255]  	1134	7 
[16, 0, 9, 0, 255]  	1135	7 
[9, 6, 9, 0, 255]  	1140	8 
[3, 4, 13, 0, 255]  	1164	7 
[3, 8, 11, 0, 255]  	1170	9 
[1, 1, 0, 12, 255]  	1172	3 
[2, 9, 11, 0, 255]  	1176	7 
[1, 21, 0, 4, 255]  	1176	4 
[6, 2, 13, 0, 255]  	1183	4 
[2, 6, 0, 10, 255]  	1204	4 
[14, 0, 11, 0, 255]  	1215	7 
[2, 2, 1, 11, 255]  	1219	6 
[1, 8, 0, 10, 255]  	1247	2 
[6, 0, 15, 0, 255]  	1251	4 
[0, 3, 15, 1, 255]  	1268	1 
[2, 2, 3, 10, 255]  	1269	4 
[1, 3, 3, 10, 255]  	1275	4 
[0, 4, 16, 0, 255]  	1284	1 
[2, 0, 3, 11, 255]  	1287	7 
[2, 1, 17, 0, 255]  	1306	5 
[1, 27, 0, 3, 255]  	1306	4 
[1, 13, 1, 8, 255]  	1319	4 
[0, 21, 0, 6, 255]  	1329	4 
[9, 0, 2, 10, 255]  	1341	7 
[1, 0, 3, 12, 255]  	1348	3 
[0, 1, 12, 5, 255]  	1349	2 
[1, 0, 7, 9, 255]  	1356	4 
[1, 1, 13, 4, 255]  	1359	4 
[1, 0, 11, 6, 255]  	1364	5 
[1, 1, 17, 1, 255]  	1367	2 
[1, 12, 1, 9, 255]  	1374	1 
[1, 0, 6, 10, 255]  	1377	2 
[0, 12, 8, 4, 255]  	1380	1 
[0, 35, 0, 1, 255]  	1387	4 
[1, 0, 14, 4, 255]  	1393	3 
[0, 1, 14, 4, 255]  	1399	1 
[0, 13, 13, 0, 255]  	1404	1 
[0, 5, 12, 4, 255]  	1405	1 
[0, 12, 11, 2, 255]  	1409	1 
[0, 2, 6, 10, 255]  	1420	1 
[0, 7, 10, 5, 255]  	1429	2 
[0, 0, 2, 14, 255]  	1430	1 
[0, 10, 15, 0, 255]  	1435	1 
[0, 12, 14, 0, 255]  	1438	1 
[0, 4, 13, 4, 255]  	1439	1 
[0, 1, 7, 10, 255]  	1454	2 
[0, 12, 13, 1, 255]  	1459	1 
[0, 5, 5, 10, 255]  	1460	2 
[0, 1, 10, 8, 255]  	1483	2 
[0, 5, 8, 8, 255]  	1489	1 
[0, 0, 21, 0, 255]  	1491	1 
[0, 11, 5, 8, 255]  	1498	2 
[0, 0, 16, 4, 255]  	1504	1 
[0, 11, 0, 12, 255]  	1511	2 
[0, 3, 20, 0, 255]  	1531	1 
------
The gap is between 9 and 247.
Lengths: 5 5 8 10 5 10.
For 1536 = 3*d-d1-d2-d3-d4 you get 5 in char 0.
1 + 0*2^64 + 0*2^128 + 0*2^192*y^17*z^5*w^6
1 + 0*2^64 + 0*2^128 + 0*2^192*y^16*z^12*w^1
1 + 0*2^64 + 0*2^128 + 0*2^192*y^4*z^4*w^12
1 + 0*2^64 + 0*2^128 + 0*2^192*y^3*z^11*w^7
1 + 0*2^64 + 0*2^128 + 0*2^192*y^2*z^18*w^2

For 947 = 2*d-d1-d2-d3-d4 you get 8 in char 0.
1 + 0*2^64 + 0*2^128 + 0*2^192*x^14*y^2*z^1*w^4
1 + 0*2^64 + 0*2^128 + 0*2^192*x^11*y^7*z^1*w^3
1 + 0*2^64 + 0*2^128 + 0*2^192*x^2*y^9*w^6
1 + 0*2^64 + 0*2^128 + 0*2^192*x^1*y^19*z^3
1 + 0*2^64 + 0*2^128 + 0*2^192*x^1*y^6*z^2*w^6
1 + 0*2^64 + 0*2^128 + 0*2^192*y^16*z^5
1 + 0*2^64 + 0*2^128 + 0*2^192*y^3*z^4*w^6
1 + 0*2^64 + 0*2^128 + 0*2^192*y^2*z^11*w^1

For 358 = d-d1-d2-d3-d4 you get 5 in char 0.
1 + 0*2^64 + 0*2^128 + 0*2^192*x^5*y^3*w^1
1 + 0*2^64 + 0*2^128 + 0*2^192*x^4*z^2*w^1
1 + 0*2^64 + 0*2^128 + 0*2^192*x^2*y^8
1 + 0*2^64 + 0*2^128 + 0*2^192*x^1*y^5*z^2
1 + 0*2^64 + 0*2^128 + 0*2^192*y^2*z^4

Extra powers of p used 6.
The invariant extra is equal to 33.
Start computing 2^4 Delta^1 (x1x2x3x4)^1... Done.
Start computing 2^5 Delta^2 (x1x2x3x4)^1... Done.
Start computing 2^6 Delta^3 (x1x2x3x4)^1... Done.
Start computing 2^7 Delta^4 (x1x2x3x4)^1... Done.
Start computing 2^8 Delta^5 (x1x2x3x4)^1... Done.
Start computing 2^9 Delta^6 (x1x2x3x4)^1... Done.
Start computing 2^10 Delta^7 (x1x2x3x4)^1... Done.
Start computing 2^11 Delta^8 (x1x2x3x4)^1... Done.
Start computing 2^12 Delta^9 (x1x2x3x4)^1... Done.
Start computing 2^13 Delta^10 (x1x2x3x4)^1... Done.
Start computing 2^14 Delta^11 (x1x2x3x4)^1... Done.
Start computing 2^15 Delta^12 (x1x2x3x4)^1... Done.
Start computing 2^16 Delta^13 (x1x2x3x4)^1... Done.
Start computing 2^17 Delta^14 (x1x2x3x4)^1... Done.
Start computing 2^18 Delta^15 (x1x2x3x4)^1... Done.
Start computing 2^19 Delta^16 (x1x2x3x4)^1... Done.
Start computing 2^20 Delta^17 (x1x2x3x4)^1... Done.
Start computing 2^21 Delta^18 (x1x2x3x4)^1... Done.
Start computing 2^22 Delta^19 (x1x2x3x4)^1... Done.
Start computing 2^23 Delta^20 (x1x2x3x4)^1... Done.
Start computing 2^24 Delta^21 (x1x2x3x4)^1... Done.
Start computing 2^25 Delta^22 (x1x2x3x4)^1... Done.
Start computing 2^26 Delta^23 (x1x2x3x4)^1... Done.
Start computing 2^27 Delta^24 (x1x2x3x4)^1... Done.
Start computing 2^28 Delta^25 (x1x2x3x4)^1... Done.
Start computing 2^29 Delta^26 (x1x2x3x4)^1... Done.
Start computing 2^30 Delta^27 (x1x2x3x4)^1... Done.
Start computing 2^31 Delta^28 (x1x2x3x4)^1... Done.
Start computing 2^32 Delta^29 (x1x2x3x4)^1... Done.
Start computing 2^33 Delta^30 (x1x2x3x4)^1... Done.
Start computing 2^34 Delta^31 (x1x2x3x4)^1... Done.
Start computing 2^35 Delta^32 (x1x2x3x4)^1... Done.
Start computing 2^36 Delta^33 (x1x2x3x4)^1... Done.
Start computing 2^37 Delta^34 (x1x2x3x4)^1... Done.
Start computing 2^38 Delta^35 (x1x2x3x4)^1... Done.
Start computing aa.
1 2 3 4 5 6 7 8 9 10 11 12 13 14 15 16 17 18 
*/
A = \
[10943978119576259584 + 10569887300187040318*2^64 + 7956369523443553081*2^128 + 19249199079*2^192,4783320306192052496 + 3239768449113421389*2^64 + 8653589449640331912*2^128 + 1132414932*2^192,14682267311292571440 + 4703935911674107649*2^64 + 1591991398543886532*2^128 + 5911958159*2^192,1737460062178624 + 16650601754801394478*2^64 + 8038422624559978471*2^128 + 5504910560*2^192,14764562168639753200 + 1713794449658465709*2^64 + 6903771749255986085*2^128 + 25308875875*2^192,7019139994747273152 + 9899144062503248942*2^64 + 11910461117350239495*2^128 + 8801088626*2^192,5773828876443320864 + 6951636494421852758*2^64 + 12071897604737370621*2^128 + 12654877502*2^192,14569522813127764160 + 315580503887077369*2^64 + 3570766204949030341*2^128 + 29044792057*2^192,12360482018910782144 + 6098539726797559780*2^64 + 9757561586109355692*2^128 + 15746848462*2^192,4285020838654801664 + 8544028948579580392*2^64 + 17966963678700627092*2^128 + 26248796269*2^192,1588299645286672960 + 16620209862576002581*2^64 + 4991844305331007505*2^128 + 22938804358*2^192,10847270224430367872 + 5034673167736265624*2^64 + 14141049883636803486*2^128 + 12742864050*2^192,13628796085552132928 + 8983879359568645783*2^64 + 2544354874953307907*2^128 + 10244857814*2^192,17870485246082239040 + 6121003343221092686*2^64 + 4364110131789653543*2^128 + 7033234215*2^192,18015450884988418944 + 18013444725387281364*2^64 + 9716356820842668451*2^128 + 15504629694*2^192,9431890610159310336 + 2906417529092311856*2^64 + 167009621432639915*2^128 + 23041836090*2^192,1179163581991187712 + 5909051353898514258*2^64 + 18188273146527228060*2^128 + 21530984771*2^192,8573397575767432960 + 8471445557617496061*2^64 + 2888184573569426721*2^128 + 16290020547*2^192;\
2462100298398624368 + 5099591185381073866*2^64 + 16644549750616770846*2^128 + 7424437961*2^192,6303207545006810116 + 2473974877086477537*2^64 + 17219645470908442708*2^128 + 32675180214*2^192,18361491590691096644 + 4328190104794608395*2^64 + 6473230432102136072*2^128 + 5362570302*2^192,5598988182629610464 + 13877242073776610218*2^64 + 12941832541373794578*2^128 + 9578169196*2^192,10656180684767820620 + 13080896526358462815*2^64 + 16465327698199570475*2^128 + 17741338391*2^192,11492084538857545568 + 17636263973663825907*2^64 + 16297487078470866284*2^128 + 27663945900*2^192,14977754391855842664 + 15240316360747352215*2^64 + 16936759799068086600*2^128 + 15604678157*2^192,2992811156590461264 + 5124129694632130352*2^64 + 17227469857729056045*2^128 + 7063596460*2^192,9242509875558945392 + 613679140513205568*2^64 + 5187444318959020468*2^128 + 2998157694*2^192,141645317195437760 + 12102932343574397376*2^64 + 4233713723038220479*2^128 + 3816091334*2^192,9634985831001072784 + 535017084527683044*2^64 + 5206379259444556698*2^128 + 32758177874*2^192,14837198052564245632 + 4461808967166023327*2^64 + 1153938387539602625*2^128 + 3889724108*2^192,8691255230361371568 + 8872218284875280205*2^64 + 15869573952944269878*2^128 + 684447718*2^192,5590341599591560768 + 1590122214903010394*2^64 + 3532071929271720180*2^128 + 25974502787*2^192,16816107722023075312 + 1073497323351770608*2^64 + 4814368636135576699*2^128 + 17961168415*2^192,2425899383262723104 + 294018325273429611*2^64 + 15322684605251631629*2^128 + 14675922894*2^192,4624451970690729952 + 8401648274519084575*2^64 + 9099843662723859121*2^128 + 12836725926*2^192,14941759389767073088 + 9824362562118256892*2^64 + 17218315999155551792*2^128 + 29021788834*2^192;\
10088015463840668576 + 1362021958275042562*2^64 + 3056802258769653528*2^128 + 23421565511*2^192,16978852732540414624 + 2819333343016654693*2^64 + 9441849411498885082*2^128 + 32363348672*2^192,5399711105410275104 + 10287089255967575256*2^64 + 2069087870862291981*2^128 + 31246569557*2^192,9449450279110602272 + 14240726042175595532*2^64 + 13190532886102495411*2^128 + 19157696587*2^192,320624836521701376 + 9300585781185686435*2^64 + 16335814563490641140*2^128 + 25917748624*2^192,5878108981600530624 + 7807286293533801295*2^64 + 9462589797373955369*2^128 + 19925843619*2^192,16225418876634120064 + 1446433071938899530*2^64 + 3504378782866244710*2^128 + 24891752272*2^192,4516363911019087104 + 5225314641658475401*2^64 + 1093023376145010664*2^128 + 12328063773*2^192,14182447501263125760 + 2093931382750771674*2^64 + 12737171506449678669*2^128 + 8308422132*2^192,16006342134817563904 + 10515101299302608470*2^64 + 2906315937293329675*2^128 + 30574603481*2^192,16401942311764180864 + 6765185804023784492*2^64 + 12694214698187338565*2^128 + 26354507845*2^192,3130502664207089920 + 7696621629675690607*2^64 + 12566254306409208015*2^128 + 26341206257*2^192,5044120345974558080 + 6482200434868769561*2^64 + 7600344732583705779*2^128 + 14616878654*2^192,7856237678134898496 + 6202772819890524668*2^64 + 682112091058504841*2^128 + 7136779526*2^192,5337191844635193792 + 17523890522183134277*2^64 + 14455185637101140978*2^128 + 20112831217*2^192,12008654693542880128 + 788877022626203141*2^64 + 18134029666780804420*2^128 + 31090507970*2^192,9867506120175277952 + 11084187257361495656*2^64 + 12995784337299414601*2^128 + 7381380481*2^192,12651402174499553536 + 11653478485171044431*2^64 + 548935628160978656*2^128 + 12981960593*2^192;\
13092394475021712752 + 17180864067824146116*2^64 + 3716747337563886313*2^128 + 24173612268*2^192,5192153690585611980 + 9758270536173943011*2^64 + 798203216553842860*2^128 + 20774711793*2^192,16306250263521832396 + 14853835211530038203*2^64 + 15012686891462058208*2^128 + 33823915962*2^192,18156398812536477056 + 2979962444385261463*2^64 + 8959976496798995215*2^128 + 32923680379*2^192,17412762359476708996 + 1929622447966470973*2^64 + 14642325972866804898*2^128 + 13601583877*2^192,2866173503731988448 + 10248190666167878063*2^64 + 566206499352112496*2^128 + 16291504288*2^192,16966595040828443896 + 16986681345577581950*2^64 + 16243373100345154153*2^128 + 16530799188*2^192,4506952572703802608 + 8215079991475826960*2^64 + 17572909177533642559*2^128 + 30072623602*2^192,1245414516215747792 + 16447925449792005433*2^64 + 7506987009784778511*2^128 + 25133995159*2^192,1408828413115585600 + 3915610301748325203*2^64 + 1345448559556525102*2^128 + 20604688078*2^192,2167114101578239024 + 9960466974745072682*2^64 + 17331436484086085996*2^128 + 13922024339*2^192,5933198035110742784 + 10254283924656147577*2^64 + 5220840327733175796*2^128 + 20140969210*2^192,3615316662466356240 + 14562871233359550355*2^64 + 14206164396631325196*2^128 + 21971542840*2^192,9908185605632345216 + 2033049757476134718*2^64 + 10257903208996641546*2^128 + 6156552246*2^192,16447602508761171088 + 12389399291193267178*2^64 + 4427615155050873840*2^128 + 26358228672*2^192,310460481943035104 + 3171904509623151841*2^64 + 16302687971862943338*2^128 + 20298959014*2^192,4848643061894640672 + 7757855946966598325*2^64 + 5371253773124826503*2^128 + 26229729188*2^192,8747815255437637312 + 10599174663097538372*2^64 + 4467070131441893232*2^128 + 29303909984*2^192;\
13230087008692580752 + 1532516200455586610*2^64 + 3677088082421720433*2^128 + 10512470527*2^192,14451987779483444796 + 13951957745946097803*2^64 + 11853539897794812792*2^128 + 30143846368*2^192,17127488084799452380 + 5559675153099423865*2^64 + 10332161421251351170*2^128 + 21642049230*2^192,11538918327333928032 + 16600752805876984232*2^64 + 4166497675557032204*2^128 + 1130158162*2^192,2568807439647933812 + 13293512779316979797*2^64 + 1260996915050041713*2^128 + 3708860701*2^192,8757694578842225440 + 16044073960843218253*2^64 + 17077994151420584074*2^128 + 23414325452*2^192,10779781806365578328 + 13009536477604490220*2^64 + 7904392746440003973*2^128 + 29707611887*2^192,18024447385093762096 + 17661288726245832057*2^64 + 14866611821047461761*2^128 + 17562448088*2^192,669865114379664 + 2847998168324406799*2^64 + 16464378907665918821*2^128 + 13567622708*2^192,7981085651969362624 + 13321254219864467336*2^64 + 10148176437906667489*2^128 + 22547749866*2^192,12699143596754604528 + 7078930365725823564*2^64 + 12355864641838442272*2^128 + 7804804973*2^192,7453467136145645440 + 14412612073645843277*2^64 + 11982872523291880148*2^128 + 16645819354*2^192,16472474606468096976 + 11156794801028812944*2^64 + 5980324486548205796*2^128 + 12225711042*2^192,9143552688863837760 + 5403628025544117051*2^64 + 14795524672187159165*2^128 + 4094856012*2^192,12869933901571668368 + 3649376899563530989*2^64 + 12842761529403305229*2^128 + 28087269092*2^192,2536424330655942240 + 8811144294552501117*2^64 + 8897135651336637964*2^128 + 3336109339*2^192,954948784307909792 + 12246084839198719405*2^64 + 8909209299991588865*2^128 + 2579679248*2^192,8581070264377343808 + 10438272544811839510*2^64 + 18336830439132109553*2^128 + 17039122564*2^192;\
8915962762618147984 + 6205262376057172999*2^64 + 8214632154592620136*2^128 + 6903025556*2^192,2993039053173740204 + 941356916210454366*2^64 + 6272189652413536217*2^128 + 2201830309*2^192,13220911061972962828 + 12471517639926378949*2^64 + 13236670010328641780*2^128 + 11644973640*2^192,10104113020795717360 + 5124614203090291656*2^64 + 9802977865636720663*2^128 + 2852613758*2^192,18357287210791201972 + 3796488723086610572*2^64 + 13600746508465304362*2^128 + 9123495455*2^192,490837867480707296 + 7583313159753467910*2^64 + 7354157527259850387*2^128 + 14556714107*2^192,2635170540703579672 + 3109986512467371024*2^64 + 12121957217274684822*2^128 + 1107632631*2^192,17956162514678421616 + 16033588113319847916*2^64 + 5175323497622955404*2^128 + 9631534492*2^192,11802687267270676944 + 13664067588193721552*2^64 + 5828764309086148481*2^128 + 12249498857*2^192,4666557473590908544 + 8783903456712153471*2^64 + 2368737467430208190*2^128 + 4531306073*2^192,13167054447335899888 + 16434920230030054212*2^64 + 13519206278052239469*2^128 + 683250526*2^192,17095595634535418560 + 11608559784987921351*2^64 + 12694809187556193790*2^128 + 16947664406*2^192,10431137844565926288 + 4221556829501637902*2^64 + 5642006973941114371*2^128 + 11772462967*2^192,15679072491036114496 + 4524959205986583886*2^64 + 8947199114403070448*2^128 + 14544147178*2^192,6805988359423789776 + 14092474772683911201*2^64 + 13163847991852456416*2^128 + 11599301693*2^192,15916104947403441440 + 10346395198155907602*2^64 + 11346297190793973149*2^128 + 9028893104*2^192,9183684148948073440 + 14391954294571061763*2^64 + 11211576627547731247*2^128 + 4776983995*2^192,879839172838284160 + 4366683189572159818*2^64 + 1165040432284655784*2^128 + 10747505153*2^192;\
7228727553551782400 + 15623355272993572407*2^64 + 5313258345557533239*2^128 + 8205969853*2^192,11379685811937314096 + 11963014704194059032*2^64 + 16640789363153719010*2^128 + 2561511038*2^192,13787999254230521104 + 1845802095150780654*2^64 + 10159585166705662620*2^128 + 7586722977*2^192,13629381592423187392 + 9492687899489992627*2^64 + 3191259771686071550*2^128 + 1123269886*2^192,4432364798229250064 + 8430046653538158707*2^64 + 3010713452043586517*2^128 + 10032386937*2^192,6172701310587811456 + 14525404898454774771*2^64 + 1276512249842929974*2^128 + 7195091524*2^192,2971775857200920992 + 2506033534326036318*2^64 + 65499807251106025*2^128 + 14711999785*2^192,1269487134666704704 + 8682060308270269851*2^64 + 5086788303427781358*2^128 + 15501377404*2^192,12054913553572873792 + 1757537514473847053*2^64 + 3713392728754190483*2^128 + 13697043896*2^192,4158966231382519040 + 882637359491587411*2^64 + 16428812113048023900*2^128 + 12286643795*2^192,14751232291923502272 + 14748408853953102655*2^64 + 13409281384890699820*2^128 + 15305691541*2^192,6591117710162615936 + 7110619844684278898*2^64 + 16123361568804119677*2^128 + 11454280634*2^192,3552865381631567808 + 857019488240772835*2^64 + 6101532920746383630*2^128 + 14839935015*2^192,6802965567101892224 + 4307449054592908872*2^64 + 6994343801203465528*2^128 + 8702818269*2^192,11847769745464146496 + 9340440124272575888*2^64 + 8736199682600941140*2^128 + 2694777006*2^192,17636494720003680512 + 1350357978880899351*2^64 + 10054119525552451259*2^128 + 10827081528*2^192,17130377908244973312 + 9959867053635764780*2^64 + 2822998867414167815*2^128 + 2220260715*2^192,3964798695572056448 + 15015936705495841079*2^64 + 17631962419775380567*2^128 + 13121590097*2^192;\
16438934316411424432 + 2428758627604578178*2^64 + 16789342521068586840*2^128 + 6554883806*2^192,7081198466067239116 + 14812377210069252053*2^64 + 3153518306869698760*2^128 + 32432618151*2^192,14681415487217572204 + 6331143609618341142*2^64 + 3524049234286312350*2^128 + 10378289700*2^192,4471277642034433104 + 5656854440847304655*2^64 + 13056851481268906312*2^128 + 12034736631*2^192,6076623731525479348 + 18405513630466945165*2^64 + 13792650127896738698*2^128 + 31161561812*2^192,12327910793640394016 + 12651141711005123606*2^64 + 5305538973867517419*2^128 + 25450450853*2^192,10859268675456711896 + 2830505483274454780*2^64 + 3110653425250098000*2^128 + 3365657868*2^192,12792106846107073712 + 15482940987851301973*2^64 + 18395076353521296834*2^128 + 24375450816*2^192,791850131534104656 + 12029937308615465154*2^64 + 12084762465442590578*2^128 + 7408239596*2^192,2976507480813125760 + 17182849274374103903*2^64 + 1649839374141898966*2^128 + 23967030110*2^192,6498344379547979120 + 7613640592981576632*2^64 + 8024681913149371948*2^128 + 26627955182*2^192,10376303295993216960 + 2784629603488947688*2^64 + 14447613055751548598*2^128 + 34334162138*2^192,3009900962938053136 + 11417948905221341325*2^64 + 16664764284348253706*2^128 + 24335089980*2^192,13166389773180282304 + 4049867038850651503*2^64 + 2148695148183132873*2^128 + 2137736230*2^192,4613240564139547344 + 6880342928802924135*2^64 + 666198998816221373*2^128 + 34289768539*2^192,14617800262371071392 + 3969634795839384616*2^64 + 4436141382431449708*2^128 + 12726028811*2^192,16810021894604250976 + 13462964126581476321*2^64 + 18265758479317723347*2^128 + 4728048808*2^192,39314815750480896 + 15991434634641941457*2^64 + 125168948958788471*2^128 + 8741808417*2^192;\
10240058600850805848 + 1301130452085739320*2^64 + 10429815989228913298*2^128 + 6862193516*2^192,18332597730738472638 + 12874200963633632492*2^64 + 11708332117047706577*2^128 + 1513760671*2^192,5611378519619365446 + 6651891009861985959*2^64 + 8903358649573396305*2^128 + 6103578290*2^192,14274969007424075784 + 12212196006745717308*2^64 + 4920955247280581201*2^128 + 30601549094*2^192,17274581524420787442 + 17999543570269106507*2^64 + 10716498390475845145*2^128 + 30357384645*2^192,17552635879770091248 + 16995471326335784717*2^64 + 6569747825363645437*2^128 + 18377362677*2^192,8529844368378705068 + 5104418120485664943*2^64 + 4786229231202040441*2^128 + 26633516213*2^192,12719714560858559576 + 5946270543146022503*2^64 + 108890684355917950*2^128 + 16979776260*2^192,11149837732087766600 + 11240236312072486079*2^64 + 1362175466565362164*2^128 + 1873610079*2^192,12469416123267768320 + 347796253216937331*2^64 + 12130187202824097418*2^128 + 5771349773*2^192,3638366291541212568 + 2892423575754652315*2^64 + 17620288504685643755*2^128 + 34320812988*2^192,3625875670193469376 + 6178942928198909098*2^64 + 14023054681234807755*2^128 + 25437328953*2^192,13190045348352889288 + 6757791642222739593*2^64 + 2775099449538009604*2^128 + 9093971742*2^192,12477529474106848160 + 4652616079583291182*2^64 + 16050532776775059741*2^128 + 28767578840*2^192,9195307559978078216 + 12996002508840038587*2^64 + 12414775220918327143*2^128 + 24750913612*2^192,429137602644727344 + 16183329321636954610*2^64 + 1443798432807542665*2^128 + 24505436122*2^192,9926268963011956240 + 14993294612487599716*2^64 + 6667400232378238697*2^128 + 2003843302*2^192,3760697264547276640 + 5298269457782883278*2^64 + 9122564576497817367*2^128 + 8309045511*2^192;\
16875006523343038168 + 10023194720886288229*2^64 + 9229946393895239693*2^128 + 32835756053*2^192,2119323824633790206 + 9018394556771806702*2^64 + 1900239617218714175*2^128 + 24906546319*2^192,17303752897184964118 + 17106083217799331593*2^64 + 10862619913921804699*2^128 + 12054924646*2^192,10316550975240929544 + 3763394236509867194*2^64 + 10480921161115569846*2^128 + 14472598622*2^192,3110337091143398290 + 7041142225134260041*2^64 + 7740353088401590095*2^128 + 4304980582*2^192,16316550613951947504 + 14213639413395604515*2^64 + 1875355436711087919*2^128 + 30750937238*2^192,13998239017524690188 + 9096355767929445493*2^64 + 5629366250583918358*2^128 + 11099984145*2^192,17306824136741161880 + 15598337001806112524*2^64 + 8582234072154946897*2^128 + 12599414445*2^192,3113807497213608968 + 11928780346479949537*2^64 + 16777427328556168975*2^128 + 24368112541*2^192,11045917047038632384 + 2821923119404300232*2^64 + 4326385093802375408*2^128 + 23987287062*2^192,2892672447814172376 + 3567854789545594535*2^64 + 3745010915375205151*2^128 + 8349803973*2^192,7327971863043561408 + 15996331925052181532*2^64 + 16068121092757637092*2^128 + 25761339593*2^192,2488871787965797128 + 5563137986155311701*2^64 + 8984706169721040320*2^128 + 29243504633*2^192,13028074449479118560 + 6729796084432187541*2^64 + 7121581590778865391*2^128 + 7192207937*2^192,1644940326933962184 + 7271891061915683629*2^64 + 13838637241802364302*2^128 + 11835956076*2^192,7331423092444467184 + 18430709570048701338*2^64 + 5095740585130769270*2^128 + 27512022760*2^192,5364745032641816528 + 11071056244247602575*2^64 + 1617803564876890290*2^128 + 13260398823*2^192,2416734450913537952 + 13736100612503660839*2^64 + 13251449193556214802*2^128 + 4254258884*2^192;\
231897247429069252 + 12571150583620455261*2^64 + 12610151481308811684*2^128 + 17300892049*2^192,10956303961069082481 + 15963635062613688157*2^64 + 16449369668525217243*2^128 + 34236240475*2^192,8392581030441795077 + 10726150287614250557*2^64 + 11980486494067768686*2^128 + 13236109711*2^192,4117517446015751340 + 2474879931487873210*2^64 + 13487347935539554097*2^128 + 6998344857*2^192,11462125936974797431 + 2840523307270481522*2^64 + 16791926083196377158*2^128 + 27471201150*2^192,10751843308877731240 + 13983361218078169130*2^64 + 14488040927654446596*2^128 + 12656183143*2^192,4374902304490536826 + 12137704224631125933*2^64 + 1999156905655108828*2^128 + 19917429250*2^192,1525483229510646964 + 1260393814485662742*2^64 + 18147300270982480141*2^128 + 27014857983*2^192,11027655066494145724 + 12445100817189658227*2^64 + 18016353202321796698*2^128 + 19337915899*2^192,12214411861023894560 + 17777987598750003345*2^64 + 16694427704838778659*2^128 + 5042522301*2^192,8060573202297364308 + 12298602292549073882*2^64 + 803168989923468151*2^128 + 26037407330*2^192,3609934595757140768 + 14847285271536256211*2^64 + 3624205337747549763*2^128 + 7391382852*2^192,2274405329139190588 + 17735110538321685063*2^64 + 7215002425620655937*2^128 + 32654222939*2^192,10313153729883068560 + 3972247878806123542*2^64 + 2944854323438641047*2^128 + 26757256013*2^192,18400434522504748252 + 1036516822907756662*2^64 + 2942466667833945919*2^128 + 27280739843*2^192,11524690083027328712 + 16259398755572538247*2^64 + 3703067155217317948*2^128 + 21560989269*2^192,6913755624068962776 + 8420186449693495684*2^64 + 3608124052742212517*2^128 + 8154672475*2^192,17621348459240988720 + 442189618639112013*2^64 + 13211172146950713513*2^128 + 96720843*2^192;\
17051652223524644412 + 18203588672035326900*2^64 + 1330968140104315497*2^128 + 21155381568*2^192,17686210446391944699 + 13239971595709155102*2^64 + 15521609343647478035*2^128 + 33173595941*2^192,12098006610346693047 + 9027228871043928517*2^64 + 13768280003538067891*2^128 + 26512486151*2^192,18386428515106438100 + 13999667602106143198*2^64 + 6058912704890973816*2^128 + 21924652339*2^192,2989742190021091565 + 2582280406540818414*2^64 + 13389172334186547273*2^128 + 16348396243*2^192,17101548307802479256 + 9073323459232823470*2^64 + 13268290923875156740*2^128 + 6168047402*2^192,3924653460131584542 + 10151173579776047774*2^64 + 17542672053299509937*2^128 + 17478389686*2^192,9865687858260545468 + 11194632522740481442*2^64 + 4857560014234224506*2^128 + 26759673872*2^192,5225579136899027860 + 15771272440708491579*2^64 + 8181739461210559484*2^128 + 17514652461*2^192,10470486688758125088 + 11645155516575026159*2^64 + 15672139775662558100*2^128 + 31059852861*2^192,13702045554276687260 + 714087484396156021*2^64 + 1928092779046054102*2^128 + 16299616457*2^192,4580933345735865184 + 3490087806296070385*2^64 + 17747428148531078606*2^128 + 2857915251*2^192,313691207169828756 + 12690664360597681566*2^64 + 3125897822387844651*2^128 + 23348055007*2^192,6199541246397423312 + 4191487749520120322*2^64 + 10847723037061524159*2^128 + 5410453447*2^192,4280790056835348116 + 16003817568535346764*2^64 + 14077408156632872867*2^128 + 19625805431*2^192,3938859740543128024 + 15762259930110818042*2^64 + 10170334801188246693*2^128 + 3451666653*2^192,16882576095453705608 + 2108544090077171553*2^64 + 208561443050654713*2^128 + 7752936162*2^192,11367596150372283536 + 15254682934719872897*2^64 + 12499721240337491483*2^128 + 33693414548*2^192;\
14614235568713165572 + 15658208943535385857*2^64 + 7127315234971335528*2^128 + 14986322772*2^192,9639788917971456077 + 16871882748873668257*2^64 + 14183136848104042436*2^128 + 26281453250*2^192,14182297430347958201 + 8665076315904693001*2^64 + 4698271352804910185*2^128 + 31787649841*2^192,15225434939846589748 + 874638123614192623*2^64 + 10739447988873609882*2^128 + 21560938891*2^192,16572162641437771891 + 13638997668475027625*2^64 + 1838148815372373799*2^128 + 1458527979*2^192,15830329545884799976 + 9316503543999818337*2^64 + 17342482350591314549*2^128 + 1392289074*2^192,15093792010508061554 + 18237747540911057058*2^64 + 8540524505180034119*2^128 + 5741302706*2^192,11955476597699150244 + 16600571113433873189*2^64 + 6151811116609204211*2^128 + 6132436001*2^192,13451465147277036812 + 6947385387615301251*2^64 + 1267266759411499038*2^128 + 24273822202*2^192,13173910767317094912 + 13631084097184398473*2^64 + 9912256586528972569*2^128 + 5217330334*2^192,16593187003404943908 + 14488917270221211272*2^64 + 3605273888559422572*2^128 + 26695794076*2^192,14735044104264943904 + 3054511687520572375*2^64 + 9892967606922554116*2^128 + 26438584531*2^192,7775911477305203500 + 7652314686018778209*2^64 + 14293195184807735275*2^128 + 19760865649*2^192,12439482856442504592 + 16034824293580443268*2^64 + 17059403876955306946*2^128 + 10490500243*2^192,1760587954458899564 + 16987282739743065320*2^64 + 10089969782825005833*2^128 + 13035261004*2^192,13531614518482893160 + 14608876055514530440*2^64 + 12686107795300090242*2^128 + 16818660652*2^192,7401505940124905976 + 1619503848341378252*2^64 + 4474406829635000728*2^128 + 1185208264*2^192,3265223430020993776 + 15834637399432450873*2^64 + 10208356626695049594*2^128 + 25031893591*2^192;\
3349033909475714912 + 5203098864862635807*2^64 + 8879032142608514203*2^128 + 18454082994*2^192,4119013160572408672 + 3023359297724409149*2^64 + 9055546522304788619*2^128 + 16129785476*2^192,681131375347463808 + 1269292864905888474*2^64 + 17396977975904703758*2^128 + 32727834582*2^192,6959496073034236000 + 2757443986483784960*2^64 + 14671667902099452549*2^128 + 3211872425*2^192,1119236445833715008 + 14752441244774946679*2^64 + 1780020224367988234*2^128 + 7373406317*2^192,7737850549077322944 + 1871957679693786842*2^64 + 72745941828553865*2^128 + 30585167445*2^192,7463300459631816832 + 18317388622987146243*2^64 + 3738573900312870208*2^128 + 3113245898*2^192,8380813226143825152 + 16365902438367682261*2^64 + 7463024074982926729*2^128 + 20890170055*2^192,16663709168730213120 + 4885463379181137994*2^64 + 1519483804381932765*2^128 + 24775035067*2^192,11592582357383666688 + 15309432506285456808*2^64 + 1857591956695879142*2^128 + 27377064060*2^192,10989755078936412800 + 5866999240882204447*2^64 + 6031553247122811829*2^128 + 5434110817*2^192,761506040984671360 + 10289109335780031777*2^64 + 9218415355618957442*2^128 + 27111796277*2^192,11801495755302177536 + 4060262686416512151*2^64 + 8064986013171508225*2^128 + 15676049100*2^192,6866151439347179008 + 3398314846961665785*2^64 + 16419131029469725430*2^128 + 23638827752*2^192,16517244078741387520 + 10276094242883989559*2^64 + 17512079798484373149*2^128 + 6697826890*2^192,9338772481368130176 + 13055179419061850033*2^64 + 6940633369713757326*2^128 + 20919915177*2^192,17733216789955999616 + 117607289563631589*2^64 + 6284419261449691601*2^128 + 22355583495*2^192,11833469531536552192 + 8851620240447667893*2^64 + 16064666255700391526*2^128 + 14226984982*2^192;\
8965213737700020608 + 17872655336771031695*2^64 + 4744418400172734146*2^128 + 6132488455*2^192,5433828497757182112 + 1989775418999913458*2^64 + 12643183689590134762*2^128 + 6818990269*2^192,7309320992264310592 + 6730737644058745810*2^64 + 10104890772106871869*2^128 + 15663775974*2^192,3338378581101985056 + 11981555778209280548*2^64 + 7070098161283286712*2^128 + 4106267755*2^192,1068620140457277760 + 1081224325754880417*2^64 + 11373879519375284143*2^128 + 10334603987*2^192,848818142149742080 + 10148547977154018256*2^64 + 2248557042206861142*2^128 + 1326055974*2^192,12838181604763853248 + 3530084753543101195*2^64 + 483952533924077316*2^128 + 15530402902*2^192,12589674415340944256 + 8140302798355338588*2^64 + 13913579854049388864*2^128 + 6961337858*2^192,13614714654975552512 + 7833373533627176807*2^64 + 7278550447188721422*2^128 + 683395529*2^192,17992056292934930304 + 14925658695617502879*2^64 + 13593270861437831188*2^128 + 6386792385*2^192,14329605656815821440 + 3266540762844173208*2^64 + 2617820260848705846*2^128 + 219157548*2^192,4952675544605969664 + 14177260289909636054*2^64 + 5700600371710513829*2^128 + 8996326377*2^192,8047452455691309696 + 10916018966546982959*2^64 + 11559836868157709213*2^128 + 10678289823*2^192,16703419677338731520 + 784482188100509567*2^64 + 11163645607510365930*2^128 + 16889237074*2^192,14047739165152032768 + 9721690002950743014*2^64 + 3762628612642287918*2^128 + 1476422817*2^192,15135559414919984640 + 11588432543883131621*2^64 + 9243985895393003885*2^128 + 2993775500*2^192,18164334170135973632 + 15335097493443780157*2^64 + 10722452938166290008*2^128 + 758867568*2^192,5725042782245559552 + 5296797905568478251*2^64 + 15170539600018413044*2^128 + 10973004315*2^192;\
2000387124890133920 + 9587125045677522377*2^64 + 17567311000520693821*2^128 + 28873662272*2^192,15981662365061715328 + 399804444695586033*2^64 + 13215122935302556186*2^128 + 24176651092*2^192,16140688170591519872 + 16254355495347347036*2^64 + 6140355847917759333*2^128 + 3839064361*2^192,5037549712246153440 + 2569878809467789726*2^64 + 13007615104225483829*2^128 + 21927968581*2^192,16370180134650539744 + 408424138913851392*2^64 + 10669206597635509588*2^128 + 1462012669*2^192,14686040527603393216 + 2639357259442149575*2^64 + 18250040983363366502*2^128 + 8429846600*2^192,13036735426756541952 + 7105029837536065296*2^64 + 12713884642852818383*2^128 + 11469150734*2^192,3184370438510855424 + 12756243619496850452*2^64 + 1474844717620912700*2^128 + 30527682693*2^192,6430431507073348992 + 3334934826742149558*2^64 + 12007974245302398335*2^128 + 9568670871*2^192,15879573609142423296 + 9767153141531588060*2^64 + 15514157198189238099*2^128 + 11632867582*2^192,16678438068900549120 + 17921467420609270488*2^64 + 7257422130681071367*2^128 + 4436307438*2^192,5119037151951190528 + 10674654240062896389*2^64 + 13095533898888368324*2^128 + 4827505578*2^192,9704245826904006144 + 18085008211596107722*2^64 + 11603041126374763016*2^128 + 24560941235*2^192,6893801133670499072 + 14932660870142583834*2^64 + 2929136508102796727*2^128 + 16937140289*2^192,11666240831634222976 + 4771300303184714*2^64 + 3371080393112606942*2^128 + 8403367308*2^192,7615940952963011712 + 2741894623174723040*2^64 + 4610364585492370981*2^128 + 16410993391*2^192,4135374572563293696 + 6025007954344773165*2^64 + 17433687514117174306*2^128 + 11938491863*2^192,17587830786130034816 + 8630861942938880008*2^64 + 15362379059757328607*2^128 + 803887515*2^192;\
16973926703534684344 + 12816221456977438823*2^64 + 7821426415096711277*2^128 + 13789386405*2^192,4753417568373808630 + 6831454685417282815*2^64 + 9696744366153685830*2^128 + 11306822457*2^192,6837239702737934734 + 13750313870686529334*2^64 + 4762715602172082294*2^128 + 13776432189*2^192,7068806972815016328 + 10653624841286838217*2^64 + 7319043824174672762*2^128 + 27102842574*2^192,7422459323434440314 + 18359019779517432916*2^64 + 10898256435026411210*2^128 + 16893317885*2^192,15604196841529934000 + 10723414773101015574*2^64 + 15835425521334185047*2^128 + 18935866537*2^192,13557572897888234876 + 9821435674482087378*2^64 + 12874691228026049895*2^128 + 982076012*2^192,16856159881915689464 + 9432778679860321263*2^64 + 11633720614961140863*2^128 + 20909008253*2^192,6411240799822478248 + 2310176445190196052*2^64 + 14838399552329906373*2^128 + 22324081647*2^192,277906549859664960 + 10469863186687879580*2^64 + 14555017396988735780*2^128 + 12358802238*2^192,17029692785253918264 + 435784527348039515*2^64 + 11187379742848331700*2^128 + 22416009462*2^192,15255852793413000384 + 2726949574754030648*2^64 + 13282366933765142521*2^128 + 29373612245*2^192,10042487376819137832 + 1463811455882492928*2^64 + 838588789912679225*2^128 + 31641571206*2^192,1472125631732868960 + 7874210733428367069*2^64 + 5209302178690957680*2^128 + 21189349895*2^192,2399595744780675688 + 1524356851592228418*2^64 + 782548899312080606*2^128 + 26628410519*2^192,16855001955905193904 + 14729106094741827119*2^64 + 4012974719542114192*2^128 + 10470659095*2^192,17580924301938510352 + 3129000397422109081*2^64 + 652615546477335175*2^128 + 17526509289*2^192,14502917519950028576 + 5420746858862367262*2^64 + 4129618037649051185*2^128 + 18344644688*2^192;\
18389625503307464728 + 14618435158319233138*2^64 + 9544356376758095090*2^128 + 8074482704*2^192,12245811716491184238 + 11027991629147982427*2^64 + 12661078132619096011*2^128 + 30321464374*2^192,13797321970213358182 + 12223063148105146398*2^64 + 11418453521790191428*2^128 + 8208418776*2^192,6200445510048872104 + 12314997376179895520*2^64 + 2194965814682076323*2^128 + 21571431503*2^192,8755587517514973634 + 2324665051541988268*2^64 + 7512734129652159827*2^128 + 27116902853*2^192,1373304676474694896 + 2155423989042681104*2^64 + 2983093102118623915*2^128 + 19652613994*2^192,5957400131296992940 + 7149738533869467386*2^64 + 13910046940713158944*2^128 + 31739037619*2^192,11420301492551935576 + 17699543327427108928*2^64 + 10356805513260460104*2^128 + 16233198105*2^192,10584825373101728328 + 7347437815353085511*2^64 + 1944905648330209267*2^128 + 22886049558*2^192,557586693539292608 + 9724463307059933476*2^64 + 11727632421286243114*2^128 + 6325431019*2^192,10609719255393300248 + 230912700936995062*2^64 + 13542637002442698530*2^128 + 13456326614*2^192,3491985732099307328 + 10074158784359748338*2^64 + 13728338914024676661*2^128 + 11583030900*2^192,14518687808007519816 + 3682363772448357173*2^64 + 13309682665887163868*2^128 + 9869395766*2^192,13899050682800504160 + 17683017914952932111*2^64 + 9123453592162951174*2^128 + 13323326291*2^192,14499185794729356296 + 2897457923943198837*2^64 + 14341005179684590955*2^128 + 31242823204*2^192,18406579389963557232 + 14800913079283301695*2^64 + 7223311985289377118*2^128 + 2027279944*2^192,13601128283138404432 + 11255577207374230636*2^64 + 16830941377296079371*2^128 + 32644876273*2^192,3381843533455184928 + 2671582042628542252*2^64 + 4004294514753197710*2^128 + 18078994778*2^192]
/* 
This matrix times 2^(-5) should be the matrix of frobenius.
*/ 
B = 2^(-5) * A; 
/* Freed 5110 lists. */
The sign is: 1
The characteristic polynomial is: x^18 + x^17 - 3*x^15 - 13*x^14 - 4*x^13 - 10*x^12 + 8*x^11 + 152*x^10 + 512*x^9 + 608*x^8 + 128*x^7 - 640*x^6 - 1024*x^5 - 13312*x^4 - 12288*x^3 + 65536*x + 262144
Its Newton polygon is: [2, 2, 2, 2, 3/2, 3/2, 1, 1, 1, 1, 1, 1, 1/2, 1/2, 0, 0, 0, 0]
Its factorization is: Mat([x^18 + x^17 - 3*x^15 - 13*x^14 - 4*x^13 - 10*x^12 + 8*x^11 + 152*x^10 + 512*x^9 + 608*x^8 + 128*x^7 - 640*x^6 - 1024*x^5 - 13312*x^4 - 12288*x^3 + 65536*x + 262144, 1])
The valuation of f-g is: 24
The valuation of subst(g,x,A) is: 19
