/* Comments begin... 
No set up needed.

Please input coefficients below.
Coefficient of   x^19                     = Coefficient of   x^6 * y^4 * z^1 * w^2   = Coefficient of   x^5 * y^1 * z^3 * w^2   = Coefficient of   x^3 * y^9 * z^1 * w^1   = Coefficient of   x^2 * y^6 * z^3 * w^1   = Coefficient of   x^1 * y^3 * z^5 * w^1   = Coefficient of   y^14 * z^1               = Coefficient of   y^1 * w^6               = Coefficient of   z^7 * w^1               = 
Here is the polynomial we're using this time:

1 + 0*2^64 + 0*2^128 + 0*2^192*x^19 + 1 + 0*2^64 + 0*2^128 + 0*2^192*x^6*y^4*z^1*w^2 + 1 + 0*2^64 + 0*2^128 + 0*2^192*x^2*y^6*z^3*w^1 + 1 + 0*2^64 + 0*2^128 + 0*2^192*y^14*z^1 + 1 + 0*2^64 + 0*2^128 + 0*2^192*y^1*w^6 + 1 + 0*2^64 + 0*2^128 + 0*2^192*z^7*w^1


Allocate G_len 20 elements and old = 0.
Allocate M_len = 400 elements.
Allocate G_len 40 elements and old = 20.
Allocate M_len = 800 elements.
Allocate G_len 80 elements and old = 40.
Allocate M_len = 1600 elements.
Allocate M_len = 3200 elements.
Allocate G_len 160 elements and old = 80.
Allocate M_len = 6400 elements.
Allocate M_len = 12800 elements.
Allocate G_len 320 elements and old = 160.
Allocate M_len = 25600 elements.
Allocate M_len = 51200 elements.
Allocate G_len 640 elements and old = 320.
Allocate M_len = 102400 elements.
Allocate M_len = 204800 elements.
Allocate G_len 1280 elements and old = 640.
Allocate M_len = 409600 elements.
Allocate M_len = 819200 elements.
The final length of G is 740
[6, 4, 0, 2, 0]  	518	4 
[18, 0, 0, 0, 0]  	558	3  <--- 1
[2, 6, 3, 1, 0]  	589	3 
[4, 1, 0, 7, 0]  	805	5 
[6, 0, 7, 2, 0]  	867	5 
[14, 6, 3, 0, 0]  	869	5 
[2, 1, 2, 7, 0]  	885	4 
[14, 6, 2, 1, 0]  	890	5 
[4, 12, 5, 0, 0]  	923	5 
[4, 0, 9, 2, 0]  	947	5 
[12, 14, 1, 0, 0]  	961	8 
[12, 1, 0, 6, 0]  	961	6 
[2, 19, 3, 0, 0]  	978	3 
[2, 6, 2, 6, 0]  	978	3 
[12, 14, 0, 1, 0]  	982	9 
[4, 1, 4, 6, 0]  	997	5 
[16, 14, 0, 0, 0]  	1014	5 
[12, 0, 0, 7, 0]  	1016	11 
[8, 16, 3, 0, 0]  	1053	10 
[8, 3, 2, 6, 0]  	1053	9 
[10, 11, 5, 0, 0]  	1072	9 
[12, 0, 6, 3, 0]  	1074	13 
[16, 0, 7, 1, 0]  	1085	4 
[6, 11, 7, 0, 0]  	1090	9 
[4, 0, 6, 6, 0]  	1102	5 
[16, 3, 7, 0, 0]  	1104	9 
[8, 6, 9, 0, 0]  	1109	9 
[2, 13, 8, 0, 0]  	1111	5 
[14, 0, 2, 6, 0]  	1128	10 
[6, 24, 1, 0, 0]  	1145	10 
[3, 2, 6, 6, 0]  	1145	10 
[5, 6, 11, 0, 0]  	1158	8 
[4, 7, 11, 0, 0]  	1164	7 
[12, 8, 7, 0, 0]  	1165	10 
[4, 11, 9, 0, 0]  	1170	6 
[3, 13, 2, 5, 0]  	1176	7 
[10, 10, 7, 0, 0]  	1177	9 
[2, 14, 2, 5, 0]  	1182	5 
[2, 1, 1, 11, 0]  	1182	5 
[12, 22, 0, 0, 0]  	1186	11 
[8, 2, 11, 1, 0]  	1195	12 
[6, 10, 9, 0, 0]  	1195	11 
[3, 16, 2, 4, 0]  	1195	6 
[3, 3, 1, 10, 0]  	1195	6 
[10, 0, 6, 5, 0]  	1196	8 
[6, 0, 0, 11, 0]  	1198	8 
[4, 6, 12, 0, 0]  	1198	8 
[4, 0, 1, 11, 0]  	1207	7 
[12, 0, 4, 6, 0]  	1208	10 
[8, 5, 11, 0, 0]  	1214	9 
[2, 1, 8, 6, 0]  	1219	5 
[6, 28, 0, 0, 0]  	1222	10 
[4, 2, 8, 5, 0]  	1226	7 
[4, 0, 0, 12, 0]  	1228	5 
[10, 0, 0, 10, 0]  	1230	8 
[2, 0, 1, 12, 0]  	1237	4 
[3, 6, 13, 0, 0]  	1238	11 
[2, 2, 0, 12, 0]  	1240	5 
[2, 22, 0, 4, 0]  	1244	5 
[2, 7, 13, 0, 0]  	1244	6 
[8, 2, 13, 0, 0]  	1245	10 
[3, 12, 10, 0, 0]  	1247	6 
[3, 0, 2, 11, 0]  	1247	5 
[6, 0, 15, 0, 0]  	1251	8 
[2, 0, 9, 6, 0]  	1253	4 
[12, 3, 11, 0, 0]  	1264	8 
[4, 24, 1, 2, 0]  	1267	7 
[2, 4, 11, 3, 0]  	1267	8 
[1, 21, 0, 5, 0]  	1268	4 
[4, 21, 0, 4, 0]  	1269	9 
[2, 0, 8, 7, 0]  	1274	4 
[2, 19, 2, 4, 0]  	1275	8 
[2, 6, 1, 10, 0]  	1275	8 
[2, 21, 1, 4, 0]  	1278	6 
[2, 8, 0, 10, 0]  	1278	5 
[2, 6, 14, 0, 0]  	1278	6 
[1, 22, 1, 4, 0]  	1284	4 
[1, 9, 0, 10, 0]  	1284	4 
[4, 19, 0, 5, 0]  	1287	7 
[2, 12, 11, 0, 0]  	1287	8 
[2, 0, 3, 11, 0]  	1287	7 
[4, 24, 0, 3, 0]  	1288	8 
[14, 0, 11, 1, 0]  	1307	4 
[2, 0, 15, 2, 0]  	1311	5 
[6, 0, 3, 10, 0]  	1319	7 
[2, 29, 0, 2, 0]  	1319	7 
[1, 15, 4, 5, 0]  	1330	6 
[1, 2, 3, 11, 0]  	1330	6 
[1, 8, 0, 11, 0]  	1339	4 
[2, 1, 11, 5, 0]  	1340	7 
[4, 28, 0, 2, 0]  	1344	7 
[1, 16, 5, 4, 0]  	1346	5 
[1, 3, 4, 10, 0]  	1346	5 
[1, 5, 3, 10, 0]  	1349	6 
[14, 0, 13, 0, 0]  	1357	9 
[1, 34, 1, 0, 0]  	1360	4 
[1, 26, 0, 4, 0]  	1361	6 
[3, 0, 5, 10, 0]  	1368	6 
[2, 24, 2, 3, 0]  	1368	5 
[2, 11, 1, 9, 0]  	1368	5 
[6, 0, 5, 9, 0]  	1369	9 
[2, 0, 12, 5, 0]  	1374	6 
[1, 29, 0, 3, 0]  	1380	6 
[1, 2, 5, 10, 0]  	1380	6 
[2, 16, 0, 8, 0]  	1390	5 
[2, 1, 13, 4, 0]  	1390	6 
[1, 30, 1, 2, 0]  	1396	5 
[1, 17, 0, 8, 0]  	1396	5 
[1, 32, 0, 2, 0]  	1399	6 
[3, 28, 0, 3, 0]  	1405	6 
[2, 30, 2, 1, 0]  	1406	8 
[2, 17, 1, 7, 0]  	1406	6 
[2, 2, 14, 3, 0]  	1406	7 
[1, 14, 3, 7, 0]  	1406	7 
[2, 27, 1, 3, 0]  	1408	4 
[2, 14, 0, 9, 0]  	1408	4 
[2, 0, 6, 10, 0]  	1408	4 
[1, 24, 3, 3, 0]  	1408	4 
[1, 11, 2, 9, 0]  	1408	4 
[2, 19, 0, 7, 0]  	1409	6 
[1, 29, 3, 1, 0]  	1409	6 
[1, 16, 2, 7, 0]  	1409	6 
[1, 3, 1, 13, 0]  	1409	6 
[1, 26, 2, 3, 0]  	1411	5 
[1, 13, 1, 9, 0]  	1411	5 
[2, 34, 0, 1, 0]  	1412	5 
[1, 2, 12, 5, 0]  	1417	5 
[1, 35, 0, 1, 0]  	1418	8 
[1, 28, 5, 0, 0]  	1422	6 
[1, 14, 2, 8, 0]  	1427	5 
[1, 29, 2, 2, 0]  	1430	6 
[1, 16, 1, 8, 0]  	1430	7 
[1, 3, 0, 14, 0]  	1430	6 
[1, 14, 6, 5, 0]  	1435	6 
[1, 1, 5, 11, 0]  	1435	5 
[3, 0, 19, 0, 0]  	1442	5 
[2, 0, 0, 15, 0]  	1442	4 
[1, 10, 3, 9, 0]  	1442	5 
[1, 28, 4, 1, 0]  	1443	6 
[1, 2, 2, 13, 0]  	1443	6 
[2, 1, 19, 0, 0]  	1448	5 
[1, 19, 1, 7, 0]  	1449	8 
[1, 6, 0, 13, 0]  	1449	6 
[1, 16, 0, 9, 0]  	1451	6 
[1, 15, 7, 4, 0]  	1451	6 
[1, 24, 5, 2, 0]  	1458	5 
[1, 11, 4, 8, 0]  	1458	5 
[1, 21, 4, 4, 0]  	1460	6 
[1, 26, 4, 2, 0]  	1461	4 
[1, 13, 3, 8, 0]  	1461	5 
[1, 0, 2, 14, 0]  	1461	4 
[1, 28, 3, 2, 0]  	1464	5 
[1, 2, 1, 14, 0]  	1464	5 
[0, 22, 4, 4, 0]  	1466	3 
[0, 9, 3, 10, 0]  	1466	3 
[0, 14, 3, 8, 0]  	1467	4 
[1, 18, 7, 3, 0]  	1470	4 
[1, 5, 6, 9, 0]  	1470	4 
[0, 29, 3, 2, 0]  	1470	3 
[0, 16, 2, 8, 0]  	1470	3 
[0, 3, 1, 14, 0]  	1470	3 
[1, 1, 12, 6, 0]  	1472	5 
[0, 26, 2, 4, 0]  	1472	4 
[0, 13, 1, 10, 0]  	1472	3 
[1, 1, 3, 13, 0]  	1477	5 
[1, 10, 10, 4, 0]  	1479	3 
[0, 35, 0, 2, 0]  	1479	3 
[2, 0, 20, 0, 0]  	1482	3 
[1, 2, 0, 15, 0]  	1485	5 
[0, 29, 2, 3, 0]  	1491	3 
[0, 16, 1, 9, 0]  	1491	3 
[0, 15, 8, 4, 0]  	1491	3 
[0, 3, 0, 15, 0]  	1491	3 
[0, 2, 7, 10, 0]  	1491	3 
[1, 8, 10, 5, 0]  	1497	4 
[0, 33, 0, 3, 0]  	1497	3 
[0, 19, 6, 4, 0]  	1497	3 
[0, 6, 5, 10, 0]  	1497	3 
[0, 21, 5, 4, 0]  	1500	3 
[0, 8, 4, 10, 0]  	1500	3 
[0, 12, 11, 3, 0]  	1501	2 
[2, 0, 19, 1, 0]  	1503	2 
[1, 0, 0, 16, 0]  	1503	2 
[0, 9, 10, 5, 0]  	1503	2 
[0, 28, 4, 2, 0]  	1504	3 
[0, 2, 2, 14, 0]  	1504	3 
[0, 19, 1, 8, 0]  	1510	4 
[0, 6, 0, 14, 0]  	1510	3 
[0, 21, 0, 8, 0]  	1513	4 
[1, 14, 11, 2, 0]  	1514	5 
[1, 1, 10, 8, 0]  	1514	5 
[1, 0, 8, 10, 0]  	1519	2 
[0, 24, 5, 3, 0]  	1519	2 
[0, 11, 4, 9, 0]  	1519	2 
[1, 18, 9, 2, 0]  	1520	4 
[1, 5, 8, 8, 0]  	1520	4 
[0, 29, 5, 1, 0]  	1520	3 
[0, 16, 4, 7, 0]  	1520	3 
[0, 3, 3, 13, 0]  	1520	3 
[0, 21, 4, 5, 0]  	1521	3 
[0, 8, 3, 11, 0]  	1521	3 
[0, 26, 4, 3, 0]  	1522	3 
[0, 13, 3, 9, 0]  	1522	2 
[1, 20, 8, 2, 0]  	1523	6 
[1, 7, 7, 8, 0]  	1523	5 
[0, 14, 9, 4, 0]  	1525	4 
[0, 2, 14, 5, 0]  	1528	2 
[0, 35, 2, 1, 0]  	1529	4 
[0, 22, 1, 7, 0]  	1529	3 
[0, 9, 0, 13, 0]  	1529	3 
[4, 38, 0, 0, 0]  	1530	7 
[1, 7, 11, 5, 0]  	1531	4 
[0, 32, 1, 3, 0]  	1531	3 
[0, 19, 0, 9, 0]  	1531	3 
[0, 18, 7, 4, 0]  	1531	3 
[0, 5, 6, 10, 0]  	1531	3 
[0, 37, 1, 1, 0]  	1532	2 
[0, 24, 0, 7, 0]  	1532	2 
[0, 23, 7, 2, 0]  	1532	2 
[0, 10, 6, 8, 0]  	1532	2 
[1, 8, 17, 0, 0]  	1534	2 
[0, 6, 12, 5, 0]  	1534	2 
[1, 0, 16, 4, 0]  	1535	5 
[0, 1, 3, 14, 0]  	1538	2 
[1, 0, 7, 11, 0]  	1540	2 
[1, 4, 14, 4, 0]  	1541	2 
[0, 14, 8, 5, 0]  	1546	4 
[0, 21, 7, 3, 0]  	1550	2 
[0, 8, 6, 9, 0]  	1550	2 
[0, 27, 0, 6, 0]  	1551	4 
[1, 7, 10, 6, 0]  	1552	4 
[0, 32, 0, 4, 0]  	1552	3 
[0, 18, 6, 5, 0]  	1552	3 
[0, 5, 5, 11, 0]  	1552	3 
[0, 10, 5, 9, 0]  	1553	2 
[1, 1, 21, 0, 0]  	1559	1 
[0, 13, 10, 4, 0]  	1559	1 
[0, 1, 2, 15, 0]  	1559	1 
[0, 0, 9, 10, 0]  	1559	1 
[0, 32, 4, 1, 0]  	1560	4 
[0, 19, 3, 7, 0]  	1560	3 
[0, 6, 2, 13, 0]  	1560	3 
[0, 1, 15, 5, 0]  	1562	2 
[0, 34, 3, 1, 0]  	1563	3 
[0, 21, 2, 7, 0]  	1563	2 
[0, 8, 1, 13, 0]  	1563	2 
[0, 7, 8, 8, 0]  	1563	2 
[1, 0, 10, 9, 0]  	1569	2 
[0, 1, 10, 9, 0]  	1575	2 
[1, 13, 15, 0, 0]  	1577	3 
[0, 18, 9, 3, 0]  	1581	2 
[0, 5, 8, 9, 0]  	1581	2 
[1, 0, 5, 13, 0]  	1582	3 
[0, 37, 3, 0, 0]  	1582	3 
[0, 24, 2, 6, 0]  	1582	3 
[0, 11, 1, 12, 0]  	1582	3 
[0, 14, 15, 0, 0]  	1583	2 
[0, 1, 14, 6, 0]  	1583	2 
[0, 20, 8, 3, 0]  	1584	2 
[0, 7, 7, 9, 0]  	1584	2 
[1, 42, 0, 0, 0]  	1585	5 
[0, 14, 6, 7, 0]  	1588	4 
[0, 10, 12, 4, 0]  	1590	1 
[1, 0, 22, 0, 0]  	1593	1 
[0, 0, 3, 15, 0]  	1593	1 
[1, 6, 15, 3, 0]  	1594	2 
[0, 17, 11, 2, 0]  	1594	2 
[0, 4, 10, 8, 0]  	1594	2 
[0, 22, 11, 0, 0]  	1595	2 
[0, 0, 16, 5, 0]  	1596	1 
[0, 28, 8, 0, 0]  	1604	5 
[0, 1, 17, 4, 0]  	1612	1 
[0, 34, 5, 0, 0]  	1613	3 
[1, 0, 21, 1, 0]  	1614	1 
[0, 11, 17, 0, 0]  	1614	1 
[0, 0, 2, 16, 0]  	1614	1 
[1, 13, 13, 2, 0]  	1619	4 
[0, 7, 14, 4, 0]  	1621	1 
[0, 14, 0, 12, 0]  	1622	4 
[0, 9, 13, 4, 0]  	1624	1 
[0, 28, 7, 1, 0]  	1625	3 
[0, 2, 5, 13, 0]  	1625	2 
[0, 0, 23, 0, 0]  	1633	1  <--- 3
[0, 0, 5, 14, 0]  	1643	1 
[0, 31, 7, 0, 0]  	1644	3 
[0, 8, 19, 0, 0]  	1645	1 
[0, 4, 16, 4, 0]  	1652	1 
[0, 6, 15, 4, 0]  	1655	1 
[1, 0, 19, 3, 0]  	1656	2 
[0, 45, 0, 0, 0]  	1665	2  <--- 2
[0, 9, 15, 3, 0]  	1674	1 
[0, 5, 21, 0, 0]  	1676	1 
[0, 0, 12, 9, 0]  	1680	1 
[0, 43, 0, 1, 0]  	1683	1 
[0, 6, 17, 3, 0]  	1705	1 
[0, 0, 19, 4, 0]  	1717	1 
[0, 13, 15, 2, 0]  	1730	2 
[0, 2, 0, 18, 0]  	1730	2 
[0, 1, 7, 13, 0]  	1730	2 
[0, 3, 19, 3, 0]  	1736	1 
[0, 0, 0, 19, 0]  	1748	1  <--- 4
[0, 0, 21, 3, 0]  	1767	1 
[6, 4, 1, 1, 1]  	497	4 
[0, 14, 1, 0, 1]  	589	3 
[4, 1, 0, 6, 1]  	713	5 
[6, 3, 7, 1, 1]  	886	5 
[12, 14, 0, 0, 1]  	890	7 
[12, 13, 1, 0, 1]  	924	7 
[12, 0, 7, 1, 1]  	961	6 
[2, 5, 9, 1, 1]  	978	3 
[16, 1, 0, 5, 1]  	993	5 
[4, 0, 11, 1, 1]  	997	5 
[8, 2, 9, 1, 1]  	1053	9 
[4, 14, 0, 5, 1]  	1102	6 
[4, 13, 1, 5, 1]  	1136	6 
[16, 2, 8, 0, 1]  	1138	9 
[2, 13, 2, 5, 1]  	1145	6 
[2, 13, 1, 6, 1]  	1166	4 
[2, 15, 0, 6, 1]  	1169	5 
[2, 1, 0, 12, 1]  	1203	4 
[3, 0, 8, 6, 1]  	1213	5 
[14, 1, 4, 5, 1]  	1215	10 
[2, 12, 10, 0, 1]  	1216	5 
[12, 3, 4, 5, 1]  	1227	10 
[12, 2, 11, 0, 1]  	1227	9 
[4, 20, 0, 4, 1]  	1232	9 
[4, 5, 7, 5, 1]  	1266	8 
[2, 5, 8, 5, 1]  	1275	8 
[5, 0, 3, 10, 1]  	1288	7 
[2, 0, 16, 1, 1]  	1290	4 
[6, 5, 13, 0, 1]  	1294	6 
[4, 1, 16, 0, 1]  	1297	6 
[4, 5, 14, 0, 1]  	1303	9 
[2, 5, 15, 0, 1]  	1312	7 
[1, 25, 0, 4, 1]  	1324	7 
[4, 0, 4, 10, 1]  	1328	8 
[3, 1, 13, 3, 1]  	1329	7 
[4, 0, 17, 0, 1]  	1331	6 
[2, 7, 0, 11, 1]  	1333	5 
[3, 1, 17, 0, 1]  	1337	7 
[3, 3, 16, 0, 1]  	1340	7 
[2, 2, 17, 0, 1]  	1343	6 
[2, 4, 16, 0, 1]  	1346	7 
[3, 1, 12, 4, 1]  	1350	7 
[3, 27, 0, 3, 1]  	1368	6 
[3, 0, 18, 0, 1]  	1371	6 
[2, 28, 0, 3, 1]  	1374	6 
[2, 1, 18, 0, 1]  	1377	5 
[2, 4, 10, 5, 1]  	1380	7 
[2, 0, 7, 9, 1]  	1387	7 
[1, 9, 8, 5, 1]  	1392	5 
[2, 0, 19, 0, 1]  	1411	5 
[1, 1, 1, 14, 1]  	1427	5 
[1, 1, 0, 15, 1]  	1448	4 
[1, 7, 10, 5, 1]  	1460	7 
[1, 3, 7, 9, 1]  	1467	6 
[2, 38, 0, 0, 1]  	1468	7 
[1, 0, 6, 11, 1]  	1469	5 
[1, 0, 1, 15, 1]  	1482	3 
[1, 0, 5, 12, 1]  	1490	5 
[1, 13, 10, 3, 1]  	1498	4 
[1, 0, 9, 9, 1]  	1498	4 
[1, 2, 8, 9, 1]  	1501	3 
[1, 40, 0, 0, 1]  	1511	7 
[1, 1, 14, 5, 1]  	1522	3 
[0, 2, 9, 9, 1]  	1541	2 
[1, 4, 9, 8, 1]  	1554	8 
[1, 13, 6, 7, 1]  	1582	4 
[0, 43, 0, 0, 1]  	1591	4 
[0, 1, 12, 8, 1]  	1625	2 
[0, 12, 8, 7, 1]  	1656	3 
[0, 1, 0, 18, 1]  	1693	2 
[6, 3, 1, 2, 2]  	552	4 
[6, 2, 8, 1, 2]  	920	6 
[2, 5, 3, 6, 2]  	1012	5 
[2, 14, 0, 5, 2]  	1040	5 
[6, 10, 7, 0, 2]  	1053	9 
[2, 4, 10, 2, 2]  	1104	4 
[10, 10, 6, 0, 2]  	1106	9 
[4, 10, 9, 0, 2]  	1133	6 
[2, 2, 0, 11, 2]  	1148	5 
[5, 11, 2, 5, 2]  	1164	8 
[3, 12, 9, 0, 2]  	1176	6 
[8, 4, 11, 0, 2]  	1177	9 
[6, 27, 0, 0, 2]  	1185	11 
[2, 21, 0, 4, 2]  	1207	6 
[3, 6, 0, 10, 2]  	1235	8 
[3, 1, 13, 2, 2]  	1237	6 
[3, 0, 15, 1, 2]  	1250	5 
[3, 4, 13, 1, 2]  	1256	8 
[3, 4, 8, 5, 2]  	1269	8 
[2, 2, 15, 1, 2]  	1293	7 
[4, 27, 0, 2, 2]  	1307	8 
[3, 9, 1, 9, 2]  	1325	6 
[4, 4, 15, 0, 2]  	1337	8 
[3, 12, 0, 9, 2]  	1365	7 
[2, 3, 13, 3, 2]  	1372	7 
[3, 3, 10, 5, 2]  	1374	6 
[3, 0, 0, 14, 2]  	1381	5 
[1, 5, 1, 12, 2]  	1391	5 
[1, 5, 5, 9, 2]  	1399	6 
[1, 9, 3, 9, 2]  	1405	5 
[1, 5, 0, 13, 2]  	1412	7 
[1, 10, 4, 8, 2]  	1421	6 
[2, 0, 14, 4, 2]  	1424	7 
[1, 9, 15, 0, 2]  	1429	5 
[1, 8, 4, 9, 2]  	1439	6 
[1, 12, 11, 2, 2]  	1440	6 
[1, 9, 10, 4, 2]  	1442	4 
[1, 5, 7, 8, 2]  	1449	6 
[0, 17, 0, 9, 2]  	1457	5 
[1, 12, 10, 3, 2]  	1461	4 
[1, 2, 14, 4, 2]  	1467	4 
[0, 15, 0, 10, 2]  	1475	5 
[1, 2, 9, 8, 2]  	1480	6 
[0, 38, 0, 1, 2]  	1498	4 
[1, 1, 15, 4, 2]  	1501	4 
[0, 13, 4, 8, 2]  	1501	2 
[0, 12, 15, 0, 2]  	1509	3 
[0, 12, 10, 4, 2]  	1522	2 
[0, 29, 0, 5, 2]  	1533	5 
[0, 11, 15, 2, 2]  	1656	2 
[5, 10, 2, 5, 3]  	1127	9 
[4, 19, 0, 4, 3]  	1195	10 
[6, 4, 13, 0, 3]  	1257	7 
[5, 1, 15, 0, 3]  	1257	9 
[3, 2, 9, 5, 3]  	1266	6 
[1, 5, 1, 11, 3]  	1299	5 
[2, 2, 10, 5, 3]  	1306	8 
[2, 4, 9, 5, 3]  	1309	8 
[1, 6, 2, 10, 3]  	1315	5 
[2, 2, 13, 3, 3]  	1335	7 
[1, 18, 0, 7, 3]  	1341	7 
[1, 4, 0, 13, 3]  	1375	7 
[1, 14, 0, 9, 3]  	1377	6 
[0, 30, 0, 3, 3]  	1386	5 
[1, 13, 6, 5, 3]  	1398	5 
[0, 28, 0, 4, 3]  	1404	5 
[1, 13, 10, 2, 3]  	1406	6 
[1, 4, 11, 5, 3]  	1420	7 
[1, 13, 9, 3, 3]  	1427	5 
[1, 2, 7, 9, 3]  	1430	5 
[1, 12, 7, 5, 3]  	1432	5 
[1, 38, 0, 0, 3]  	1437	7 
[0, 14, 0, 10, 3]  	1438	4 
[1, 4, 10, 6, 3]  	1441	6 
[1, 13, 8, 4, 3]  	1448	5 
[1, 12, 6, 6, 3]  	1453	5 
[1, 1, 8, 9, 3]  	1464	5 
[1, 10, 6, 7, 3]  	1471	6 
[1, 12, 9, 4, 3]  	1482	4 
[1, 3, 19, 0, 3]  	1491	3 
[1, 7, 17, 0, 3]  	1497	3 
[1, 0, 17, 3, 3]  	1514	5 
[1, 0, 21, 0, 3]  	1522	3 
[0, 2, 1, 15, 3]  	1525	3 
[1, 6, 18, 0, 3]  	1531	3 
[0, 2, 0, 16, 3]  	1546	3 
[1, 6, 17, 1, 3]  	1552	3 
[0, 42, 0, 0, 3]  	1554	5 
[1, 8, 15, 2, 3]  	1576	5 
[1, 0, 14, 6, 3]  	1577	2 
[1, 4, 16, 3, 3]  	1591	4 
[1, 0, 12, 8, 3]  	1619	3 
[4, 4, 10, 1, 4]  	1074	6 
[2, 1, 13, 3, 4]  	1298	6 
[4, 3, 15, 0, 4]  	1300	8 
[1, 17, 0, 7, 4]  	1304	7 
[3, 4, 15, 0, 4]  	1306	7 
[2, 27, 0, 3, 4]  	1337	6 
[1, 3, 0, 13, 4]  	1338	6 
[1, 13, 12, 0, 4]  	1364	7 
[1, 10, 6, 6, 4]  	1379	6 
[1, 13, 11, 1, 4]  	1385	6 
[1, 11, 7, 5, 4]  	1395	6 
[1, 12, 8, 4, 4]  	1411	4 
[1, 1, 19, 0, 4]  	1417	6 
[1, 3, 18, 0, 4]  	1420	6 
[1, 4, 6, 9, 4]  	1433	6 
[1, 0, 12, 6, 4]  	1435	5 
[1, 5, 12, 4, 4]  	1436	5 
[1, 3, 17, 1, 4]  	1441	5 
[1, 0, 7, 10, 4]  	1448	4 
[1, 0, 20, 0, 4]  	1451	5 
[1, 7, 6, 8, 4]  	1452	6 
[1, 10, 11, 3, 4]  	1458	5 
[0, 27, 0, 5, 4]  	1459	4 
[1, 6, 17, 0, 4]  	1460	5 
[1, 8, 16, 0, 4]  	1463	5 
[0, 13, 10, 3, 4]  	1467	3 
[1, 12, 14, 0, 4]  	1469	5 
[1, 4, 13, 4, 4]  	1470	3 
[1, 0, 19, 1, 4]  	1472	4 
[1, 4, 8, 8, 4]  	1483	6 
[1, 3, 15, 3, 4]  	1483	7 
[1, 8, 15, 1, 4]  	1484	5 
[1, 0, 14, 5, 4]  	1485	3 
[0, 13, 9, 4, 4]  	1488	3 
[1, 12, 13, 1, 4]  	1490	5 
[1, 9, 12, 3, 4]  	1492	5 
[1, 7, 8, 7, 4]  	1502	6 
[0, 13, 8, 5, 4]  	1509	3 
[1, 6, 14, 3, 4]  	1523	5 
[1, 11, 13, 2, 4]  	1545	5 
[0, 13, 6, 7, 4]  	1551	3 
[1, 16, 0, 7, 5]  	1267	6 
[1, 13, 4, 6, 5]  	1348	6 
[1, 4, 10, 5, 5]  	1349	6 
[1, 12, 6, 5, 5]  	1361	6 
[1, 2, 10, 6, 5]  	1367	6 
[1, 13, 2, 8, 5]  	1390	5 
[1, 3, 6, 9, 5]  	1396	6 
[1, 12, 13, 0, 5]  	1398	6 
[1, 1, 11, 6, 5]  	1401	6 
[1, 7, 8, 6, 5]  	1410	6 
[1, 1, 10, 7, 5]  	1422	5 
[1, 8, 9, 5, 5]  	1426	6 
[1, 11, 14, 0, 5]  	1432	5 
[1, 3, 8, 8, 5]  	1446	6 
[1, 11, 13, 1, 5]  	1453	5 
[0, 12, 8, 5, 5]  	1472	3 
[1, 7, 13, 3, 5]  	1489	7 
[2, 2, 12, 4, 6]  	1356	7 
[1, 2, 8, 8, 6]  	1409	5 
[1, 1, 14, 4, 6]  	1430	4 
[1, 7, 11, 4, 6]  	1439	5 
[1, 1, 13, 5, 6]  	1451	4 
[1, 2, 16, 3, 6]  	1517	6 
[1, 1, 12, 5, 7]  	1380	6 
[1, 1, 16, 3, 7]  	1480	5 
[0, 13, 13, 2, 7]  	1588	3 
[0, 1, 5, 13, 245]  	1588	2 
[0, 1, 8, 10, 246]  	1525	2 
[0, 1, 7, 11, 246]  	1546	2 
[0, 5, 5, 10, 247]  	1460	3 
[0, 6, 1, 13, 247]  	1489	3 
[0, 3, 5, 10, 248]  	1386	3 
[0, 2, 5, 11, 248]  	1441	3 
[0, 1, 2, 14, 248]  	1467	2 
[0, 2, 3, 11, 249]  	1299	3 
[0, 6, 4, 10, 249]  	1426	3 
[0, 2, 1, 14, 249]  	1433	3 
[0, 19, 0, 8, 249]  	1439	3 
[0, 11, 3, 9, 249]  	1448	1 
[0, 2, 0, 15, 249]  	1454	3 
[0, 11, 15, 0, 249]  	1472	2 
[0, 1, 1, 15, 249]  	1488	2 
[0, 0, 3, 14, 249]  	1501	1 
[0, 1, 0, 16, 249]  	1509	2 
[2, 0, 5, 10, 250]  	1337	5 
[0, 2, 1, 13, 250]  	1341	3 
[0, 10, 1, 10, 250]  	1361	3 
[0, 11, 2, 9, 250]  	1377	2 
[0, 8, 1, 11, 250]  	1379	3 
[0, 13, 1, 9, 250]  	1380	3 
[1, 11, 3, 8, 250]  	1387	3 
[0, 9, 2, 10, 250]  	1395	3 
[0, 4, 0, 14, 250]  	1436	2 
[1, 0, 3, 13, 250]  	1440	4 
[0, 5, 7, 9, 250]  	1510	2 
[0, 0, 2, 15, 250]  	1522	1 
[0, 0, 19, 3, 250]  	1625	1 
[2, 13, 1, 5, 251]  	1074	5 
[0, 8, 0, 11, 251]  	1308	3 
[0, 3, 4, 10, 251]  	1315	2 
[0, 11, 3, 8, 251]  	1356	2 
[0, 12, 0, 10, 251]  	1364	3 
[1, 34, 0, 1, 251]  	1381	4 
[1, 2, 0, 14, 251]  	1393	5 
[0, 3, 0, 14, 251]  	1399	3 
[0, 6, 0, 13, 251]  	1418	3 
[0, 16, 0, 9, 251]  	1420	3 
[0, 2, 6, 10, 251]  	1420	3 
[0, 8, 3, 10, 251]  	1429	3 
[0, 5, 6, 9, 251]  	1439	2 
[0, 22, 0, 7, 251]  	1458	3 
[0, 10, 4, 9, 251]  	1482	2 
[0, 1, 10, 8, 251]  	1483	2 
[0, 0, 8, 10, 251]  	1488	1 
[0, 5, 8, 8, 251]  	1489	2 
[0, 7, 7, 8, 251]  	1492	2 
[0, 0, 7, 11, 251]  	1509	1 
[0, 10, 11, 4, 251]  	1519	1 
[0, 0, 10, 9, 251]  	1538	1 
[0, 0, 5, 13, 251]  	1551	1 
[0, 6, 15, 3, 251]  	1563	1 
[0, 4, 15, 4, 251]  	1581	1 
[2, 1, 6, 6, 252]  	1077	4 
[4, 6, 11, 0, 252]  	1127	9 
[2, 0, 2, 11, 252]  	1216	5 
[2, 4, 13, 1, 252]  	1225	4 
[0, 21, 0, 5, 252]  	1237	3 
[0, 1, 3, 11, 252]  	1262	1 
[0, 11, 1, 9, 252]  	1306	2 
[2, 0, 6, 9, 252]  	1316	2 
[0, 0, 3, 12, 252]  	1317	1 
[0, 16, 0, 8, 252]  	1328	3 
[0, 29, 0, 3, 252]  	1349	4 
[1, 2, 6, 9, 252]  	1359	5 
[0, 27, 0, 4, 252]  	1367	4 
[1, 12, 9, 3, 252]  	1390	4 
[0, 13, 9, 3, 252]  	1396	2 
[0, 1, 1, 14, 252]  	1396	2 
[1, 0, 5, 11, 252]  	1398	3 
[0, 13, 13, 0, 252]  	1404	3 
[0, 10, 3, 9, 252]  	1411	2 
[0, 13, 8, 4, 252]  	1417	3 
[0, 1, 0, 15, 252]  	1417	2 
[0, 13, 7, 5, 252]  	1438	3 
[0, 0, 6, 11, 252]  	1438	1 
[0, 1, 12, 6, 252]  	1441	2 
[0, 13, 11, 2, 252]  	1446	3 
[0, 10, 10, 4, 252]  	1448	1 
[0, 0, 1, 15, 252]  	1451	1 
[0, 2, 13, 5, 252]  	1457	2 
[0, 13, 6, 6, 252]  	1459	3 
[0, 8, 10, 5, 252]  	1466	2 
[0, 2, 8, 9, 252]  	1470	2 
[0, 0, 0, 16, 252]  	1472	1 
[0, 5, 12, 5, 252]  	1497	2 
[0, 7, 11, 5, 252]  	1500	2 
[0, 8, 17, 0, 252]  	1503	1 
[0, 4, 14, 4, 252]  	1510	1 
[0, 7, 10, 6, 252]  	1521	2 
[0, 1, 21, 0, 252]  	1528	1 
[0, 12, 13, 2, 252]  	1551	2 
[0, 0, 22, 0, 252]  	1562	1 
[0, 0, 17, 4, 252]  	1575	1 
[0, 0, 21, 1, 252]  	1583	1 
[2, 1, 4, 6, 253]  	935	4 
[2, 13, 7, 0, 253]  	1040	4 
[2, 4, 11, 1, 253]  	1083	4 
[6, 0, 0, 10, 253]  	1106	3 
[0, 1, 1, 11, 253]  	1120	1 
[2, 0, 6, 7, 253]  	1132	2 
[2, 0, 1, 11, 253]  	1145	4 
[2, 3, 1, 10, 253]  	1164	5 
[0, 0, 1, 12, 253]  	1175	1 
[4, 0, 2, 10, 253]  	1186	4 
[4, 5, 6, 5, 253]  	1195	5 
[0, 9, 0, 10, 253]  	1253	2 
[2, 0, 4, 10, 253]  	1266	2 
[0, 12, 9, 2, 253]  	1267	2 
[1, 29, 0, 2, 253]  	1288	2 
[3, 0, 17, 0, 253]  	1300	5 
[2, 1, 17, 0, 253]  	1306	4 
[1, 0, 4, 11, 253]  	1327	4 
[2, 0, 0, 14, 253]  	1350	3 
[2, 0, 13, 4, 253]  	1353	3 
[1, 13, 8, 3, 253]  	1356	4 
[0, 2, 0, 14, 253]  	1362	2 
[1, 0, 19, 0, 253]  	1380	4 
[0, 33, 0, 2, 253]  	1405	1 
[1, 0, 0, 15, 253]  	1411	3 
[0, 9, 9, 5, 253]  	1432	2 
[0, 11, 8, 5, 253]  	1435	2 
[0, 3, 7, 9, 253]  	1436	2 
[0, 9, 8, 6, 253]  	1453	2 
[0, 1, 14, 5, 253]  	1491	2 
[0, 1, 9, 9, 253]  	1504	2 
[2, 1, 2, 6, 254]  	793	3 
[4, 0, 2, 6, 254]  	818	4 
[6, 0, 0, 7, 254]  	830	5 
[4, 0, 9, 1, 254]  	855	4 
[2, 13, 5, 0, 254]  	898	4 
[2, 5, 3, 5, 254]  	920	3 
[0, 1, 0, 10, 254]  	957	2 
[2, 0, 4, 7, 254]  	990	2 
[4, 10, 7, 0, 254]  	991	5 
[2, 4, 10, 1, 254]  	1012	4 
[4, 13, 1, 4, 254]  	1044	4 
[2, 6, 11, 0, 254]  	1065	4 
[4, 0, 7, 5, 254]  	1081	3 
[0, 0, 0, 12, 254]  	1104	1 
[0, 11, 0, 8, 254]  	1143	2 
[2, 12, 9, 0, 254]  	1145	5 
[2, 0, 13, 2, 254]  	1169	3 
[2, 0, 8, 6, 254]  	1182	5 
[0, 22, 0, 4, 254]  	1182	3 
[2, 5, 8, 4, 254]  	1183	4 
[2, 1, 16, 0, 254]  	1235	4 
[2, 1, 15, 1, 254]  	1256	5 
[0, 29, 0, 2, 254]  	1257	1 
[3, 8, 1, 9, 254]  	1288	4 
[2, 0, 11, 5, 254]  	1303	3 
[1, 5, 4, 9, 254]  	1328	4 
[0, 5, 6, 8, 254]  	1347	2 
[1, 12, 11, 1, 254]  	1348	5 
[1, 3, 17, 0, 254]  	1349	5 
[0, 34, 0, 1, 254]  	1350	1 
[1, 0, 7, 9, 254]  	1356	3 
[1, 1, 17, 1, 254]  	1367	5 
[1, 8, 15, 0, 254]  	1392	2 
[1, 0, 18, 1, 254]  	1401	4 
[0, 13, 4, 7, 254]  	1409	3 
[1, 8, 5, 8, 254]  	1418	4 
[1, 0, 17, 2, 254]  	1422	4 
[0, 8, 16, 0, 254]  	1432	1 
[0, 10, 15, 0, 254]  	1435	1 
[0, 2, 14, 4, 254]  	1436	1 
[1, 6, 13, 3, 254]  	1452	4 
[0, 8, 15, 1, 254]  	1453	1 
[0, 1, 15, 4, 254]  	1470	1 
[0, 40, 0, 0, 254]  	1480	3 
[0, 0, 16, 4, 254]  	1504	1 
[2, 6, 3, 0, 255]  	497	2 
[2, 5, 3, 1, 255]  	552	3 
[0, 0, 0, 6, 255]  	552	1 
[4, 13, 1, 0, 255]  	676	5 
[4, 0, 7, 1, 255]  	713	4 
[2, 6, 2, 5, 255]  	886	3 
[0, 14, 0, 5, 255]  	978	1 
[16, 0, 7, 0, 255]  	993	1 
[4, 14, 0, 4, 255]  	1010	4 
[0, 13, 1, 5, 255]  	1012	2 
[2, 0, 11, 2, 255]  	1027	3 
[6, 0, 6, 5, 255]  	1072	3 
[8, 2, 11, 0, 255]  	1103	1 
[3, 1, 13, 1, 255]  	1145	8 
[0, 8, 7, 4, 255]  	1161	1 
[3, 19, 0, 4, 255]  	1164	7 
[0, 24, 0, 3, 255]  	1164	2 
[14, 0, 11, 0, 255]  	1215	1 
[2, 0, 15, 1, 255]  	1219	5 
[0, 28, 0, 2, 255]  	1220	1 
[0, 2, 11, 4, 255]  	1223	1 
[4, 5, 13, 0, 255]  	1232	3 
[2, 2, 9, 5, 255]  	1235	5 
[1, 11, 5, 5, 255]  	1253	4 
[1, 4, 10, 4, 255]  	1257	2 
[2, 0, 17, 0, 255]  	1269	3 
[0, 6, 15, 0, 255]  	1287	1 
[1, 5, 9, 5, 255]  	1315	3 
[0, 13, 8, 3, 255]  	1325	3 
[0, 0, 19, 0, 255]  	1349	1 
[1, 1, 13, 4, 255]  	1359	3 
[1, 11, 13, 0, 255]  	1361	4 
[0, 0, 15, 4, 255]  	1433	1 
[0, 12, 14, 0, 255]  	1438	2 
[0, 12, 13, 1, 255]  	1459	2 
------
The gap is between 8 and 244.
Lengths: 5 5 8 12 5 13.
For 1536 = 3*d-d1-d2-d3-d4 you get 5 in char 0.
1 + 0*2^64 + 0*2^128 + 0*2^192*x^1*y^6*z^9*w^7
1 + 0*2^64 + 0*2^128 + 0*2^192*x^1*y^5*z^16*w^2
1 + 0*2^64 + 0*2^128 + 0*2^192*y^4*z^4*w^12
1 + 0*2^64 + 0*2^128 + 0*2^192*y^3*z^11*w^7
1 + 0*2^64 + 0*2^128 + 0*2^192*y^2*z^18*w^2

For 947 = 2*d-d1-d2-d3-d4 you get 8 in char 0.
1 + 0*2^64 + 0*2^128 + 0*2^192*x^14*y^2*z^1*w^4
1 + 0*2^64 + 0*2^128 + 0*2^192*x^9*y^1*z^5*w^3
1 + 0*2^64 + 0*2^128 + 0*2^192*x^5*y^3*z^7*w^2
1 + 0*2^64 + 0*2^128 + 0*2^192*x^2*y^9*w^6
1 + 0*2^64 + 0*2^128 + 0*2^192*x^1*y^6*z^2*w^6
1 + 0*2^64 + 0*2^128 + 0*2^192*x^1*y^5*z^9*w^1
1 + 0*2^64 + 0*2^128 + 0*2^192*y^3*z^4*w^6
1 + 0*2^64 + 0*2^128 + 0*2^192*y^2*z^11*w^1

For 358 = d-d1-d2-d3-d4 you get 5 in char 0.
1 + 0*2^64 + 0*2^128 + 0*2^192*x^5*y^3*w^1
1 + 0*2^64 + 0*2^128 + 0*2^192*x^4*z^2*w^1
1 + 0*2^64 + 0*2^128 + 0*2^192*x^2*y^8
1 + 0*2^64 + 0*2^128 + 0*2^192*x^1*y^5*z^2
1 + 0*2^64 + 0*2^128 + 0*2^192*y^2*z^4

Extra powers of p used 8.
The invariant extra is equal to 33.
Start computing 2^4 Delta^1 (x1x2x3x4)^1... Done.
Start computing 2^5 Delta^2 (x1x2x3x4)^1... Done.
Start computing 2^6 Delta^3 (x1x2x3x4)^1... Done.
Start computing 2^7 Delta^4 (x1x2x3x4)^1... Done.
Start computing 2^8 Delta^5 (x1x2x3x4)^1... Done.
Start computing 2^9 Delta^6 (x1x2x3x4)^1... Done.
Start computing 2^10 Delta^7 (x1x2x3x4)^1... Done.
Start computing 2^11 Delta^8 (x1x2x3x4)^1... Done.
Start computing 2^12 Delta^9 (x1x2x3x4)^1... Done.
Start computing 2^13 Delta^10 (x1x2x3x4)^1... Done.
Start computing 2^14 Delta^11 (x1x2x3x4)^1... Done.
Start computing 2^15 Delta^12 (x1x2x3x4)^1... Done.
Start computing 2^16 Delta^13 (x1x2x3x4)^1... Done.
Start computing 2^17 Delta^14 (x1x2x3x4)^1... Done.
Start computing 2^18 Delta^15 (x1x2x3x4)^1... Done.
Start computing 2^19 Delta^16 (x1x2x3x4)^1... Done.
Start computing 2^20 Delta^17 (x1x2x3x4)^1... Done.
Start computing 2^21 Delta^18 (x1x2x3x4)^1... Done.
Start computing 2^22 Delta^19 (x1x2x3x4)^1... Done.
Start computing 2^23 Delta^20 (x1x2x3x4)^1... Done.
Start computing 2^24 Delta^21 (x1x2x3x4)^1... Done.
Start computing 2^25 Delta^22 (x1x2x3x4)^1... Done.
Start computing 2^26 Delta^23 (x1x2x3x4)^1... Done.
Start computing 2^27 Delta^24 (x1x2x3x4)^1... Done.
Start computing 2^28 Delta^25 (x1x2x3x4)^1... Done.
Start computing 2^29 Delta^26 (x1x2x3x4)^1... Done.
Start computing 2^30 Delta^27 (x1x2x3x4)^1... Done.
Start computing 2^31 Delta^28 (x1x2x3x4)^1... Done.
Start computing 2^32 Delta^29 (x1x2x3x4)^1... Done.
Start computing 2^33 Delta^30 (x1x2x3x4)^1... Done.
Start computing 2^34 Delta^31 (x1x2x3x4)^1... Done.
Start computing 2^35 Delta^32 (x1x2x3x4)^1... Done.
Start computing 2^36 Delta^33 (x1x2x3x4)^1... Done.
Start computing 2^37 Delta^34 (x1x2x3x4)^1... Done.
Start computing 2^38 Delta^35 (x1x2x3x4)^1... Done.
Start computing aa.
1 2 3 4 5 6 7 8 9 10 11 12 13 14 15 16 17 18 
*/
A = \
[8356933557824725504 + 15231891871059545074*2^64 + 8227598783889504951*2^128 + 4342346002*2^192,9886857962665963200 + 14620310547227895869*2^64 + 6207349448801831003*2^128 + 20047620705*2^192,11707990406912180352 + 8052991342378331507*2^64 + 548843107846354318*2^128 + 13103971766*2^192,1808037878211101312 + 11062765349494002285*2^64 + 17049891821719819272*2^128 + 54703318833*2^192,5789770076629116736 + 16062714893474172915*2^64 + 13224757914913587479*2^128 + 62445710426*2^192,6217348307644608512 + 1245256010627904363*2^64 + 12041315777361152937*2^128 + 37442717565*2^192,3322453014957492224 + 17938450775879100279*2^64 + 11893078348093303326*2^128 + 64698123676*2^192,3434541406149883776 + 8361896571312405802*2^64 + 8422820215991282516*2^128 + 57364502923*2^192,16942941345539686656 + 8886967902475574992*2^64 + 2930747823362766335*2^128 + 23591948344*2^192,8056187700575533312 + 3827459568797220140*2^64 + 4639775734250500442*2^128 + 42839144779*2^192,11288488604770941952 + 7733327482275125813*2^64 + 9022686461948521710*2^128 + 3146669538*2^192,7280250099314373888 + 3579737673752958535*2^64 + 10149904042503159589*2^128 + 1684501543*2^192,2176848351831294976 + 10057589425557533002*2^64 + 13451131695729304924*2^128 + 58693830961*2^192,12527264790366161152 + 16090151493639863883*2^64 + 14042807524323107049*2^128 + 5284508971*2^192,17932815621366313472 + 9575046260570970036*2^64 + 16158278418208143958*2^128 + 68505856136*2^192,2078405019453891072 + 6518767194827402847*2^64 + 18180824361405152081*2^128 + 23692590183*2^192,3735354337663965184 + 930405130583633543*2^64 + 12764370209745041784*2^128 + 428635474*2^192,18048398829564922368 + 9371669585445159089*2^64 + 10665103872383966746*2^128 + 26802001252*2^192;\
14694331477653048576 + 12682962179010304488*2^64 + 11628403591389744606*2^128 + 60765076853*2^192,447123647323606656 + 4080480727903136298*2^64 + 15288936337962235400*2^128 + 48512738218*2^192,17092093084650221056 + 3788444856838896202*2^64 + 7595243313861328847*2^128 + 13074901052*2^192,7927714828794151168 + 15822140723121361385*2^64 + 13500407117269011386*2^128 + 5379699230*2^192,3838367216552851712 + 12587093307674634045*2^64 + 905962886009357534*2^128 + 46667099944*2^192,9271482697959032832 + 4093966452075185870*2^64 + 8349986762160809262*2^128 + 28660564296*2^192,1114487788327498752 + 14181249531188242807*2^64 + 9995739721305555327*2^128 + 2964966535*2^192,2296249715444225280 + 7357928688636679466*2^64 + 1237733316474304420*2^128 + 37501810415*2^192,17507828264477017600 + 9436174939336178054*2^64 + 14128732367528122307*2^128 + 31114902905*2^192,10896484060341322752 + 15501477070959033431*2^64 + 1396780984227162953*2^128 + 10710542397*2^192,9321388798546667776 + 3056995501307100309*2^64 + 7942474719058472049*2^128 + 58998340836*2^192,1288685039753099264 + 4553714240184560229*2^64 + 3804302700152316135*2^128 + 60420799232*2^192,18318574105327401984 + 7935364135405056676*2^64 + 4248142385286057079*2^128 + 19311276683*2^192,13869775451128381952 + 17512323517536787625*2^64 + 2668237625825633336*2^128 + 44642198064*2^192,12705218777170445824 + 5477287651293603214*2^64 + 11526886301730256103*2^128 + 41480922443*2^192,3874739672232360960 + 2007411862662085751*2^64 + 9283860086985426309*2^128 + 1562170613*2^192,669693586286554112 + 2436027681548369473*2^64 + 15710546950214497774*2^128 + 37002309722*2^192,1207053769343824896 + 2911703551505265198*2^64 + 16495902801149744471*2^128 + 8260834832*2^192;\
2502947832782618004 + 1704909999550231596*2^64 + 8231916324892954297*2^128 + 48005351928*2^192,1118321871203231046 + 14512933952151945505*2^64 + 364737745314796841*2^128 + 19267820439*2^192,14204379880728160560 + 16380283557044575555*2^64 + 15996443013026171386*2^128 + 52234770305*2^192,11598066070869321448 + 15274786928251124544*2^64 + 3162189835337600968*2^128 + 41133736951*2^192,2147590477350088594 + 3539531313233244473*2^64 + 6622486352020803237*2^128 + 58964236065*2^192,13320943749508398688 + 5413016535391697385*2^64 + 17166342531971337125*2^128 + 1910053355*2^192,3494128808649768872 + 10615185854021407546*2^64 + 13540510842079751518*2^128 + 7981319279*2^192,5684518182411208460 + 11105451613846545828*2^64 + 10769041596300243658*2^128 + 53989133960*2^192,5791941050399109752 + 3250224563887165526*2^64 + 18072609634480716777*2^128 + 41709327934*2^192,11481399264509801296 + 10404381260257076496*2^64 + 8239367767223328380*2^128 + 60134237967*2^192,17452330722901100348 + 3553385004200668566*2^64 + 2983202864325792354*2^128 + 33218411975*2^192,8119742780748514624 + 11051482034715904458*2^64 + 5422826914959483633*2^128 + 38689495027*2^192,12154676495512972820 + 1760231369278300310*2^64 + 938817824683553993*2^128 + 519763866*2^192,5169707406974613712 + 13995370363104403970*2^64 + 17078305289619529498*2^128 + 30837230090*2^192,5646680555669920484 + 8085103248760435378*2^64 + 11209266013717570203*2^128 + 7766377912*2^192,14917182184186544156 + 16602364574157111511*2^64 + 10139957493731387341*2^128 + 39903818721*2^192,15269229130426092336 + 1953282467791578976*2^64 + 11293778665363444205*2^128 + 42184859249*2^192,9250309634022688352 + 3719066803509775910*2^64 + 4707636548509402385*2^128 + 37717987907*2^192;\
5777654050662496864 + 13679938979309030123*2^64 + 17374953799297828405*2^128 + 14729388424*2^192,14168791648979225648 + 5133255940399232285*2^64 + 16012833207528026607*2^128 + 65042625229*2^192,4280644850946661504 + 7562177595396815851*2^64 + 16578234062298582122*2^128 + 27222771088*2^192,733490523654403584 + 2388782715481941238*2^64 + 16271718470743345838*2^128 + 14794670158*2^192,10877905578845100368 + 1974659794334103954*2^64 + 13636382452825450941*2^128 + 57330650566*2^192,9656279730396144128 + 5638973571088896750*2^64 + 11513346388294090439*2^128 + 64869690037*2^192,1574046515747948608 + 2514457032328477136*2^64 + 6393110302756955845*2^128 + 50390142178*2^192,4843877394969728224 + 12640017429787996577*2^64 + 14992272012729841913*2^128 + 56743170507*2^192,12254464399912634560 + 738391318460614160*2^64 + 14062719629644840865*2^128 + 63975585690*2^192,8365416998985433728 + 7465939147699521143*2^64 + 7144052819439348904*2^128 + 12773312813*2^192,4089174684151052640 + 6932319423635007689*2^64 + 1541251490128230318*2^128 + 43340409323*2^192,1370523572916369408 + 4689979227225819129*2^64 + 1838347925549856971*2^128 + 28859429699*2^192,5700082593269587744 + 13471013899115373228*2^64 + 14688904301543687487*2^128 + 11916460220*2^192,14405711748075355008 + 1102052921930799620*2^64 + 2010706504436211541*2^128 + 63299925787*2^192,13400305232822897056 + 12109871146350370710*2^64 + 754022731119772946*2^128 + 50918766387*2^192,12578778948039090784 + 7933520533847727028*2^64 + 5030353907824898747*2^128 + 13300021547*2^192,10603882487035903360 + 15551946189742082780*2^64 + 15030035923641079564*2^128 + 20127173043*2^192,642339062578023168 + 13405711650869873192*2^64 + 8842537252016484737*2^128 + 2740642523*2^192;\
14407631993487734016 + 4827635015864530843*2^64 + 2059506039822258147*2^128 + 28103597035*2^192,237872522459827712 + 8399192003036490291*2^64 + 17787100539776472941*2^128 + 51170965589*2^192,5942699588606347264 + 15572937945406762970*2^64 + 1302553589014756979*2^128 + 40264132736*2^192,7588078792086022400 + 9549530977114246923*2^64 + 16104659891398222471*2^128 + 5268435941*2^192,13247000984336091840 + 17345668128817945556*2^64 + 14301612798973355914*2^128 + 15761744992*2^192,5656638524796007168 + 6843635029919938705*2^64 + 12801034935008437295*2^128 + 47657217667*2^192,1311739010780672512 + 7285447575677138180*2^64 + 2328537448965138955*2^128 + 27233876195*2^192,633798731488131328 + 16889463258129040936*2^64 + 4941777328677772763*2^128 + 39207029748*2^192,3675437306991584512 + 2433477206922969138*2^64 + 16289742222023678632*2^128 + 47918822966*2^192,13740175202377372672 + 5079485820522136107*2^64 + 11175075781558650190*2^128 + 5666336356*2^192,7814217558058208512 + 13949258704992277877*2^64 + 10240335864113642604*2^128 + 56447109384*2^192,10302414529656713728 + 15100723698988330338*2^64 + 5193201639443190105*2^128 + 64722514975*2^192,17035839103577686272 + 5055831109380958970*2^64 + 2300347828489903793*2^128 + 16551353117*2^192,14006824713612710144 + 18383762162091745116*2^64 + 10471799678689998375*2^128 + 28510711056*2^192,4039634828436670720 + 5094148155083684836*2^64 + 14035917226419123854*2^128 + 37929106693*2^192,11803675690333007872 + 14316651700985752338*2^64 + 4731751312884028681*2^128 + 15596001596*2^192,3278789511391713792 + 5848003546737234431*2^64 + 963601722457851834*2^128 + 9259021230*2^192,17091714676430849536 + 4036913701851819160*2^64 + 1525849972531382495*2^128 + 66219087347*2^192;\
5196402639074289248 + 15434617777028638405*2^64 + 2321359030266748533*2^128 + 32770820158*2^192,9812690780169794416 + 2036624327072499709*2^64 + 9465777531621204413*2^128 + 19992423253*2^192,3321141999847678080 + 11112117403949538433*2^64 + 17745928544517154393*2^128 + 2790805705*2^192,9704120376984933952 + 3650652722168069448*2^64 + 4462146392803639937*2^128 + 33317255880*2^192,8861595209306105872 + 641387459137603956*2^64 + 8280898924274414644*2^128 + 6313778281*2^192,1095943198449107840 + 8900194894813267695*2^64 + 9340311837019931749*2^128 + 30174637663*2^192,10648696952385936576 + 7510596343748071302*2^64 + 8602955982348730581*2^128 + 32860218576*2^192,8252958184576773792 + 3839318583370845168*2^64 + 7374865767975652955*2^128 + 29055750734*2^192,18345381583169323456 + 5105683343740239343*2^64 + 13837022185728557801*2^128 + 13817450423*2^192,2142218275560428416 + 10633025873387711227*2^64 + 2014359633037139102*2^128 + 30795149671*2^192,1606247112908161824 + 14821727483649521654*2^64 + 11914352788370988092*2^128 + 2053795617*2^192,5609890778149847808 + 3430852080882059056*2^64 + 9160512683100993229*2^128 + 9363509928*2^192,2405284777144988768 + 13682412305523267670*2^64 + 12024676311538779507*2^128 + 15026381438*2^192,16082338668985160448 + 17820162176980452314*2^64 + 13732441235152447692*2^128 + 11379933943*2^192,12064278341541435872 + 6591341434425016342*2^64 + 13018592933711303291*2^128 + 34355301943*2^192,7912234098647512736 + 7093513804141663408*2^64 + 16989117856771976205*2^128 + 7892798476*2^192,3215732721431965568 + 17147538866233675028*2^64 + 16098958341112741033*2^128 + 22784721006*2^192,4682027009867950080 + 14761256083617506528*2^64 + 7457202242946161476*2^128 + 1458971076*2^192;\
11975023253722042624 + 17680326783132495948*2^64 + 11664694854758525792*2^128 + 7745395002*2^192,6002286400316603264 + 7725161959187540780*2^64 + 18038892282558741148*2^128 + 18080012765*2^192,4951131488391705600 + 14810329647347384316*2^64 + 9428494399514704127*2^128 + 4247488729*2^192,10075756963306445696 + 8732761167378731001*2^64 + 14635817838129860720*2^128 + 2568128953*2^192,11446673972744151680 + 17508401347439435050*2^64 + 3277846409644310468*2^128 + 24464977388*2^192,1404500554041120768 + 16883762653578914962*2^64 + 3277694804350165866*2^128 + 470508145*2^192,869580167217837056 + 981207360407331813*2^64 + 6085301102475409611*2^128 + 21453661759*2^192,1058600099546956544 + 12851288739039346560*2^64 + 12926449391171731900*2^128 + 19112122798*2^192,6265239349220338176 + 1215273539067072308*2^64 + 3191438351773498227*2^128 + 11625185470*2^192,2708826750387486720 + 1494508181529477875*2^64 + 1105437186522401537*2^128 + 23473520818*2^192,2039647304989062400 + 13858622477956383741*2^64 + 6864169413900387905*2^128 + 22623680996*2^192,8401197589896869888 + 1236030781427569281*2^64 + 550537123234478451*2^128 + 9141636368*2^192,5819788144301615360 + 11885730793903193480*2^64 + 3038036858807238245*2^128 + 3917953450*2^192,15923015975169737216 + 491086297064994935*2^64 + 8728166127004719634*2^128 + 32889528239*2^192,11882949474945689856 + 10975368920847627889*2^64 + 2515135941346493815*2^128 + 17184280809*2^192,8969249928698326016 + 15779913232230618035*2^64 + 1637079930880501772*2^128 + 30723516746*2^192,8601770155981711360 + 17896471603510346540*2^64 + 5078981618184816300*2^128 + 4896584489*2^192,18313292427169016832 + 981495901358327169*2^64 + 8907239316180951842*2^128 + 21513313787*2^192;\
11348232336837594368 + 13823473139164212719*2^64 + 8937320392865596116*2^128 + 27549553090*2^192,8516641624758615616 + 11121088071627591386*2^64 + 1706549058338673091*2^128 + 34647864209*2^192,13599560549107570432 + 17558125496193200340*2^64 + 4246989376885150611*2^128 + 29926387197*2^192,18353137892443155648 + 10750024762698743543*2^64 + 2447567503340231808*2^128 + 17101332527*2^192,16877601155376205184 + 18041601508904907483*2^64 + 15174444776906862864*2^128 + 67365236005*2^192,13551609515755418112 + 14739693182839374237*2^64 + 7936596552635237479*2^128 + 53201673932*2^192,15170441579042126592 + 10874630386154863275*2^64 + 9743375183960390640*2^128 + 53853505892*2^192,9918200669595707520 + 12152009387259827088*2^64 + 8361711752700095385*2^128 + 51858263869*2^192,17742670862716775808 + 14699827686797352682*2^64 + 10266318137378670977*2^128 + 53092448348*2^192,14828834222568045312 + 4992710072495420433*2^64 + 15738051371359017271*2^128 + 39652103067*2^192,4496446680104178944 + 7898795333533194553*2^64 + 12110271849402689600*2^128 + 37404466593*2^192,9755244377543533056 + 8586105659302513793*2^64 + 13126002444626985790*2^128 + 32113978873*2^192,907518198831809536 + 1328980419646338982*2^64 + 9894610272096217842*2^128 + 22189517352*2^192,9921378237587114112 + 3009021371371924530*2^64 + 14504826060732800205*2^128 + 37193928450*2^192,10191994863940100736 + 11928398093511748093*2^64 + 13944536728945613408*2^128 + 42705878659*2^192,469224120011504896 + 10617666246061779839*2^64 + 8564560141191827835*2^128 + 63189777046*2^192,13870418181131158272 + 9370684170979356644*2^64 + 18360860252678620142*2^128 + 2218362143*2^192,13355944426284514816 + 8488068392186610847*2^64 + 4852448956922236667*2^128 + 57921521589*2^192;\
1182501647364077176 + 11374526874157749785*2^64 + 10723589792704400706*2^128 + 45760494236*2^192,11474909123747328180 + 13284366294599331745*2^64 + 13372660298237095131*2^128 + 15887024425*2^192,1186047507095229472 + 18143994583808476745*2^64 + 15623242432795582948*2^128 + 12919827272*2^192,4571446083662619824 + 16860443481402219455*2^64 + 14075389347162909504*2^128 + 5892903061*2^192,7778423482871719932 + 10711105099759460144*2^64 + 17489334021096375186*2^128 + 20954583392*2^192,1358333384909212736 + 9452415878107190091*2^64 + 6564359430489786012*2^128 + 45927569725*2^192,2830474926439585008 + 10220249443359471359*2^64 + 5282760844086456098*2^128 + 30731261023*2^192,2586690485556815432 + 10639397386703290056*2^64 + 13510595543226695140*2^128 + 63174746413*2^192,10841728034123551760 + 642962057992908152*2^64 + 794638854693089440*2^128 + 68610713329*2^192,10654820627180085984 + 5488583611664645986*2^64 + 209309359787058485*2^128 + 54596649712*2^192,17471734277100367464 + 12828644954677151019*2^64 + 1638845717171914098*2^128 + 55263966352*2^192,9378543103647788800 + 5222715682038979452*2^64 + 2472800693435061994*2^128 + 56113825900*2^192,1440244594281228152 + 11035999852610269485*2^64 + 16901236844467597014*2^128 + 36708280121*2^192,2672594458060622048 + 17025303504985918348*2^64 + 17828761267293987156*2^128 + 27599274987*2^192,7775433860229566936 + 8460691788268304776*2^64 + 14711232478848980766*2^128 + 48570437734*2^192,9511776832818352616 + 8834450789249478817*2^64 + 3259167134748578486*2^128 + 10285402973*2^192,11912092276790834976 + 12571455027903736745*2^64 + 14674617057400661864*2^128 + 31650970454*2^192,8350806411780317376 + 15280460863987755327*2^64 + 7904936823198534505*2^128 + 66716769478*2^192;\
8728545267816008192 + 5122730924751147481*2^64 + 3448991577169083616*2^128 + 16879254469*2^192,8229801239355942080 + 8465065920963976186*2^64 + 1844562546704463003*2^128 + 41102494863*2^192,2450297968438016384 + 14659863303074174177*2^64 + 11792150370029022250*2^128 + 49677093741*2^192,11951126666320566752 + 12893197277438328363*2^64 + 1932391547125809663*2^128 + 34755697338*2^192,7815402442240909696 + 12579077951454644396*2^64 + 18200684924836013492*2^128 + 47497815788*2^192,2402131196973879040 + 9098432905307381197*2^64 + 15009038184039604795*2^128 + 46541316878*2^192,9662315274059424384 + 13312187062309071554*2^64 + 15406643748995342622*2^128 + 42655915224*2^192,3414798251863810944 + 14571181026548865979*2^64 + 15123241454584217766*2^128 + 32662456033*2^192,4269016217121598400 + 415902260495354057*2^64 + 6433841522717111937*2^128 + 59925061155*2^192,9422823907044691456 + 3467836294953896712*2^64 + 1134258534743058535*2^128 + 5846911743*2^192,5539905611884508416 + 14546570777264497954*2^64 + 16243329841883446642*2^128 + 25890369787*2^192,9785741140334924800 + 10220627141159149137*2^64 + 16888853616511379745*2^128 + 21357177185*2^192,12749541202652777344 + 689350868404878616*2^64 + 16669594562105161277*2^128 + 23012251571*2^192,16259420013212438464 + 14160429788847981818*2^64 + 18443073039818333974*2^128 + 36071905283*2^192,438791001564964288 + 15640770254544786089*2^64 + 7368611917865350805*2^128 + 31238235478*2^192,10098814068436719616 + 1898017401165106838*2^64 + 10020803474095823401*2^128 + 20166741861*2^192,8624404456086397824 + 10529216783343838302*2^64 + 16329674011457457999*2^128 + 4268806179*2^192,10791789660569092096 + 10922230370922499602*2^64 + 13154115674145418126*2^128 + 36257229932*2^192;\
9018325924654389632 + 18076331981670351754*2^64 + 14677195365544609022*2^128 + 33922402594*2^192,15363859244869609984 + 17256585007105815712*2^64 + 157310845072415130*2^128 + 63076943189*2^192,1776790536168718976 + 14910720438560466547*2^64 + 15956469155966760461*2^128 + 39982440992*2^192,15282333423158235328 + 7083769567234028281*2^64 + 8278436645407791245*2^128 + 40622432599*2^192,13337563474103948672 + 15651613530852551928*2^64 + 18014003230474314818*2^128 + 61292994302*2^192,15490537864940523520 + 7797551543214210558*2^64 + 15314676396457739682*2^128 + 38439456517*2^192,8543393210134622720 + 3637248450939538656*2^64 + 5000375825248516316*2^128 + 11453607791*2^192,17700278838448691456 + 5636859429531258523*2^64 + 16909449573768024420*2^128 + 39448148202*2^192,9006701978529182592 + 10996243993709077913*2^64 + 16761352704075696289*2^128 + 28952532643*2^192,9866583484463773440 + 4331682699157276721*2^64 + 17458182645790526856*2^128 + 11691434080*2^192,5563695845331557504 + 3589180540153885379*2^64 + 4737747347924194989*2^128 + 4126670980*2^192,17028414594493884928 + 8403651585758013865*2^64 + 16550322546656431746*2^128 + 1979820533*2^192,17667738459606585472 + 592495874192620375*2^64 + 15059999097114938942*2^128 + 6866921776*2^192,6613382286884836992 + 18076770038957492448*2^64 + 13963296436757315482*2^128 + 48891214007*2^192,15923067798691354112 + 2519558397063358046*2^64 + 1003442067901612880*2^128 + 9691030079*2^192,13893547867008164736 + 16498218848091497607*2^64 + 14581716247541560741*2^128 + 15342405528*2^192,18289102384482266112 + 4641924051118158293*2^64 + 5489919691564083061*2^128 + 35304130593*2^192,9178556832233328384 + 5443603836350221738*2^64 + 8708513949621276084*2^128 + 47562140239*2^192;\
11122922583124874706 + 4629463455227340709*2^64 + 3509170899147961477*2^128 + 68303671137*2^192,10476730332592480479 + 4423750954138528221*2^64 + 12257176604022757838*2^128 + 28245872146*2^192,4532769421538797176 + 16301571518285644377*2^64 + 5539861376822124888*2^128 + 36597964541*2^192,13977725351385031140 + 13718989264530296367*2^64 + 14866710423654529340*2^128 + 42583222409*2^192,14441764401932929085 + 3576160853318166065*2^64 + 2111938833250351035*2^128 + 30776725133*2^192,16751495384806749232 + 3506982362347146129*2^64 + 14474478586081232151*2^128 + 5389787318*2^192,7347306386426952676 + 9203896221058802642*2^64 + 15686570596582287664*2^128 + 52528524938*2^192,8278818781679231486 + 11299733580145577065*2^64 + 1402156773294593631*2^128 + 45589374387*2^192,7746947824242816620 + 11855978742621262653*2^64 + 6841393649241296625*2^128 + 28522531855*2^192,7727995551381898184 + 15509998623181673147*2^64 + 9728487597567305197*2^128 + 16921668531*2^192,10066829158151061366 + 11757858616045186031*2^64 + 8754439579787017651*2^128 + 29045886547*2^192,7384223927084777504 + 5706494165495353305*2^64 + 10352928850699262651*2^128 + 37596468202*2^192,6749064376238443986 + 11634730633236334218*2^64 + 17575421491183343165*2^128 + 3744090005*2^192,17107724145677071432 + 9473742462551434945*2^64 + 1082292921418773292*2^128 + 39308932003*2^192,3031241261262898906 + 10664717487772605815*2^64 + 11773289359621310773*2^128 + 29006043333*2^192,1015299533155110 + 17288398636053729548*2^64 + 10551799411220671611*2^128 + 44477384847*2^192,17060074310451014136 + 5528668047380107467*2^64 + 10207058508514201855*2^128 + 56873938631*2^192,5146060941719493104 + 10172622437670295966*2^64 + 9576768822572727504*2^128 + 19263858531*2^192;\
12387975114552417000 + 10967384404529618142*2^64 + 10278705298028127032*2^128 + 35434911823*2^192,8634077162224952508 + 3243172257382177133*2^64 + 11808636948319979144*2^128 + 10563055194*2^192,5175546838443424352 + 4268344305207134848*2^64 + 9138195625272123109*2^128 + 17638997643*2^192,1864605573572594800 + 12460351201894676612*2^64 + 6058156078447058084*2^128 + 32533288869*2^192,6298990746838023508 + 8843195940062713330*2^64 + 10990839289612703194*2^128 + 26550332588*2^192,6508343093636453184 + 278020016013503293*2^64 + 16884118665508491741*2^128 + 54497145698*2^192,6684088747298902032 + 17405726135243124923*2^64 + 17971636006372497387*2^128 + 24429299624*2^192,15906405417422187128 + 7082989862769802346*2^64 + 12341763068348072572*2^128 + 17624804568*2^192,8181100107419063344 + 6158828444148809153*2^64 + 8439863853306837650*2^128 + 2300136721*2^192,4690089991344180768 + 12455554882192526043*2^64 + 6285293667421918371*2^128 + 23447845767*2^192,3439212045314221784 + 4764514401591968094*2^64 + 4836398586104371393*2^128 + 57268332067*2^192,4809861527709975168 + 4082547961742075230*2^64 + 10110422462112664794*2^128 + 19682905002*2^192,7530684100106122824 + 2581133563696071152*2^64 + 17553856899333249643*2^128 + 19833507432*2^192,5569483209560089120 + 12051222754553364719*2^64 + 9005982444241929081*2^128 + 29933436101*2^192,17809354334627299816 + 12711612670816460426*2^64 + 16927008451587917177*2^128 + 37833158028*2^192,10114674625724673432 + 3014677576513857108*2^64 + 6316559947738683000*2^128 + 15563758899*2^192,1261448965485351904 + 8551299679967790974*2^64 + 13410213154826651710*2^128 + 27533640766*2^192,4329057330754779328 + 2901637050630776608*2^64 + 17626512713462427726*2^128 + 15254181572*2^192;\
9968038076694396416 + 9841916322616530767*2^64 + 16434094310510455566*2^128 + 21116942428*2^192,2491211698349018624 + 5678398890085961458*2^64 + 18394451433757658553*2^128 + 14637309422*2^192,5191746053606761472 + 11515569930036896497*2^64 + 1832803060552375420*2^128 + 19372818958*2^192,14814442467755365632 + 3332363851182033355*2^64 + 8246162683097778209*2^128 + 2202769927*2^192,13491645018742383104 + 1996327460327524214*2^64 + 18314838548303459594*2^128 + 23747186609*2^192,16881359232346466304 + 8854197072349237410*2^64 + 4739831981110023148*2^128 + 8064149040*2^192,10775635711195431936 + 9725704872605257808*2^64 + 6407606430772677368*2^128 + 3995594854*2^192,18006382338365143040 + 16897337549630418545*2^64 + 8857930171400262378*2^128 + 22650870509*2^192,457473004067134976 + 10484235917269989619*2^64 + 5346462898518360240*2^128 + 30785948824*2^192,4438868216323691520 + 18397164250891552439*2^64 + 11972342911530804378*2^128 + 24897417998*2^192,282584889858128896 + 15113668119337645453*2^64 + 12849013182644829980*2^128 + 20229509871*2^192,9361204001795385344 + 4749246007414651*2^64 + 14580194867139512612*2^128 + 6795966940*2^192,5039855905471787008 + 11707389449401059974*2^64 + 9850552845385281517*2^128 + 23723716180*2^192,4422468971615974656 + 12111484004946068382*2^64 + 5816341267877987889*2^128 + 25260273268*2^192,545998177165668864 + 16587780743067598429*2^64 + 14191284705578236119*2^128 + 19682649831*2^192,3437539428252649472 + 11914339981760241447*2^64 + 6486924540037438235*2^128 + 21361608277*2^192,7122564132744650752 + 2074667071464004016*2^64 + 634567219961393520*2^128 + 982189873*2^192,6805121700259944448 + 2181970557986314279*2^64 + 15946393182973193726*2^128 + 33490631384*2^192;\
7637518288418696192 + 16773911231668320671*2^64 + 15441864640124008153*2^128 + 51723014335*2^192,8403355528468639040 + 2560387211150907851*2^64 + 10778859084845608862*2^128 + 57171210433*2^192,2128893957286321152 + 14018963517547711370*2^64 + 13340729283945914504*2^128 + 37913165861*2^192,10905841077960288512 + 13252184409900463949*2^64 + 10054462874677624457*2^128 + 68030658471*2^192,2967519062378792512 + 13268166850886001526*2^64 + 16217171963768355210*2^128 + 61853240441*2^192,2336309245897100672 + 8215178976206725387*2^64 + 15910070121213682547*2^128 + 64224521375*2^192,13189039152331382784 + 7598610602862008215*2^64 + 2432187588683576752*2^128 + 17638261827*2^192,9148481203222215680 + 5197619999594868560*2^64 + 9324115531686692980*2^128 + 11167255757*2^192,7156661954428657664 + 10632136958099293732*2^64 + 3253381123534421767*2^128 + 55204370469*2^192,4896859861979968512 + 1122925691260191118*2^64 + 18388327086687472580*2^128 + 2167511300*2^192,15488224899644145664 + 218925427813151164*2^64 + 17727881118681443705*2^128 + 27571527564*2^192,15322451590116322304 + 4147736273975308716*2^64 + 2593727856526913276*2^128 + 44281234967*2^192,18439699274433046528 + 11988311516337234219*2^64 + 7253368315681257939*2^128 + 39403764308*2^192,7378962759392053248 + 3130694906465793048*2^64 + 13653469551677937887*2^128 + 35856503556*2^192,2201718296933394432 + 2235584762678922168*2^64 + 10910796743388326954*2^128 + 22774148039*2^192,16902358328237850112 + 1190576991629937775*2^64 + 15627497109438548746*2^128 + 57703698348*2^192,5440478546391158784 + 13983182591140273911*2^64 + 2192885071896442458*2^128 + 21917034552*2^192,883775121957637120 + 16114050295365615312*2^64 + 6722392115527822185*2^128 + 23994283758*2^192;\
5069586490608782328 + 7766239492811849669*2^64 + 16229750978765410739*2^128 + 14551912998*2^192,394668792530842292 + 12918842940130473321*2^64 + 10261430509428388740*2^128 + 23235165908*2^192,9795515825803052064 + 11834568772371140428*2^64 + 4460388564942776817*2^128 + 28315989302*2^192,16845580107657664048 + 15692792773952799587*2^64 + 16176724418549969302*2^128 + 57416699894*2^192,7226422684363632252 + 14075006481052532798*2^64 + 16893252666751235921*2^128 + 49889165073*2^192,7820157498384422080 + 1909824614000250605*2^64 + 7801380793820404905*2^128 + 57220948233*2^192,15208973807036356592 + 12984838563307908700*2^64 + 12852747044245243539*2^128 + 61138527894*2^192,17358117639185472968 + 11881874107038426642*2^64 + 6732062832643039619*2^128 + 50697933125*2^192,8447011115448248848 + 14736190175963989236*2^64 + 11242123371776873894*2^128 + 25137906651*2^192,4032769096601718496 + 850137048183118393*2^64 + 8021201253537292111*2^128 + 9472086845*2^192,17727325205299877352 + 11616604941129018650*2^64 + 3989051646339640034*2^128 + 61686236628*2^192,4225417765357959936 + 5680592455710719775*2^64 + 5595996970572836581*2^128 + 12847390571*2^192,16212623258815810552 + 455796013966023023*2^64 + 114215185350473739*2^128 + 49719732184*2^192,10179487908664346336 + 6079222485705562166*2^64 + 12311297901782819154*2^128 + 16950442159*2^192,10638780461378198360 + 11718096487163762111*2^64 + 8949031294792397952*2^128 + 45666012091*2^192,10193917203240729448 + 8131645191846952356*2^64 + 499863372332692291*2^128 + 17980023716*2^192,17285589807507763488 + 5789394673100243060*2^64 + 4578964049880235342*2^128 + 36797658281*2^192,12012967652136984768 + 4916895800539908449*2^64 + 14478536192281921494*2^128 + 51401527786*2^192;\
4446949751455945984 + 10676880142009351494*2^64 + 8496109320570904202*2^128 + 26648181902*2^192,4570590420718113408 + 8950136187451781583*2^64 + 6766918545718320750*2^128 + 17154769308*2^192,10455711870537213184 + 5310703490387819679*2^64 + 16386801709114920990*2^128 + 21641938377*2^192,12255657369683943680 + 507582938741436735*2^64 + 3318205011698609739*2^128 + 8754092436*2^192,7349496956181428224 + 15784876111799743795*2^64 + 11117693792710697968*2^128 + 22065075133*2^192,1502112496669494272 + 4004013024493454616*2^64 + 13375904733532698326*2^128 + 20435010407*2^192,4934693401949642240 + 6975529688790098300*2^64 + 18219616339897231643*2^128 + 13909315398*2^192,1493862968051022080 + 14985944843884368903*2^64 + 15834891199137064344*2^128 + 6601990994*2^192,16014056992277800448 + 10979523765733674599*2^64 + 10404101666466774634*2^128 + 18609178758*2^192,10038315416769330176 + 14121640729398901224*2^64 + 1554990546248906772*2^128 + 18950741928*2^192,1867890201878041856 + 13320610740652032856*2^64 + 1834354461838426733*2^128 + 15272774021*2^192,6409674862833084416 + 661419144091728598*2^64 + 13234792078617173173*2^128 + 20586968077*2^192,7639287694236519168 + 2822184220569716543*2^64 + 15621437020411233664*2^128 + 6247849823*2^192,14106472284372211712 + 13693020947272090437*2^64 + 111697610304609279*2^128 + 4490868352*2^192,16004574241202541312 + 8845400810269327142*2^64 + 16143725691066678049*2^128 + 5377235737*2^192,3498929680581812992 + 14074217898322307415*2^64 + 4005272839955702685*2^128 + 33339392335*2^192,4966634167267993856 + 13785036835847230110*2^64 + 12391781630938499515*2^128 + 7802701688*2^192,12016718053942728192 + 7914335731774500928*2^64 + 15952981766253969393*2^128 + 30890023284*2^192;\
3330661363719875914 + 12959545622525111624*2^64 + 13725424094175916149*2^128 + 57052756061*2^192,6220315390346332387 + 12919987981400335458*2^64 + 12623386198571050362*2^128 + 62845743831*2^192,131046361215929240 + 12413908672724915650*2^64 + 6888407336330542546*2^128 + 60178945558*2^192,467788322328827348 + 13103132164202782506*2^64 + 12126701601918575852*2^128 + 46626789238*2^192,16119221780312546953 + 7218517189867404293*2^64 + 18373483255310909090*2^128 + 2529305903*2^192,10753758247368907632 + 14577566629814076928*2^64 + 2997896904328106803*2^128 + 6340114556*2^192,7811979014932452564 + 7075672784105431596*2^64 + 14238851067753698634*2^128 + 24028310941*2^192,12108821455418287046 + 15912348741602669108*2^64 + 11141705175923936544*2^128 + 58427922489*2^192,15497841070159047100 + 4011520399951439776*2^64 + 10596181642692970457*2^128 + 18054606139*2^192,11882950949551176104 + 14906670632218984512*2^64 + 16187809825001694767*2^128 + 1746994906*2^192,1436886865321952862 + 3961388099863730640*2^64 + 1156033207280298432*2^128 + 67960419815*2^192,12452837935437138592 + 2032054314966171728*2^64 + 16500275613279024378*2^128 + 18100745515*2^192,15710005951285990090 + 8415403371260166231*2^64 + 1853739381521551670*2^128 + 21582906134*2^192,595461114696107176 + 5392852352778915096*2^64 + 17875225615530586038*2^128 + 43143495859*2^192,3583037939547162930 + 5975642474716484664*2^64 + 2334716438489705232*2^128 + 28558479737*2^192,7301745874896723022 + 15283800710894061637*2^64 + 10460499500418749496*2^128 + 47737834083*2^192,2838178521224861720 + 15073147447647064589*2^64 + 1873863512871734719*2^128 + 22976720337*2^192,5458951824754413360 + 13651732114071776509*2^64 + 9936567854991852958*2^128 + 35487274092*2^192]
/* 
This matrix times 2^(-6) should be the matrix of frobenius.
*/ 
B = 2^(-6) * A; 
/* Freed 4857 lists. */
The sign is: -1
The characteristic polynomial is: x^18 + 3*x^16 - 2*x^15 - 2*x^14 - 20*x^13 - 32*x^12 - 24*x^11 - 48*x^10 + 192*x^8 + 384*x^7 + 2048*x^6 + 5120*x^5 + 2048*x^4 + 8192*x^3 - 49152*x^2 - 262144
Its Newton polygon is: [2, 2, 3/2, 3/2, 4/3, 4/3, 4/3, 1, 1, 1, 1, 2/3, 2/3, 2/3, 1/2, 1/2, 0, 0]
Its factorization is: [x - 2, 1; x + 2, 1; x^4 + 2*x^3 + 6*x^2 + 8*x + 16, 1; x^12 - 2*x^11 + 5*x^10 - 8*x^9 + 12*x^8 - 12*x^7 + 8*x^6 - 48*x^5 + 192*x^4 - 512*x^3 + 1280*x^2 - 2048*x + 4096, 1]
The valuation of f-g is: 25
The valuation of subst(g,x,A) is: 20
