/* Comments begin... 
No set up needed.

Please input coefficients below.
Coefficient of   x^19                     = Coefficient of   x^6 * y^4 * z^1 * w^2   = Coefficient of   x^5 * y^1 * z^3 * w^2   = Coefficient of   x^3 * y^9 * z^1 * w^1   = Coefficient of   x^2 * y^6 * z^3 * w^1   = Coefficient of   x^1 * y^3 * z^5 * w^1   = Coefficient of   y^14 * z^1               = Coefficient of   y^1 * w^6               = Coefficient of   z^7 * w^1               = 
Here is the polynomial we're using this time:

1 + 0*2^64 + 0*2^128 + 0*2^192*x^19 + 1 + 0*2^64 + 0*2^128 + 0*2^192*x^6*y^4*z^1*w^2 + 1 + 0*2^64 + 0*2^128 + 0*2^192*x^5*y^1*z^3*w^2 + 1 + 0*2^64 + 0*2^128 + 0*2^192*x^3*y^9*z^1*w^1 + 1 + 0*2^64 + 0*2^128 + 0*2^192*x^2*y^6*z^3*w^1 + 1 + 0*2^64 + 0*2^128 + 0*2^192*y^14*z^1 + 1 + 0*2^64 + 0*2^128 + 0*2^192*y^1*w^6 + 1 + 0*2^64 + 0*2^128 + 0*2^192*z^7*w^1


Allocate G_len 20 elements and old = 0.
Allocate M_len = 400 elements.
Allocate G_len 40 elements and old = 20.
Allocate M_len = 800 elements.
Allocate G_len 80 elements and old = 40.
Allocate M_len = 1600 elements.
Allocate M_len = 3200 elements.
Allocate G_len 160 elements and old = 80.
Allocate M_len = 6400 elements.
Allocate M_len = 12800 elements.
Allocate G_len 320 elements and old = 160.
Allocate M_len = 25600 elements.
Allocate M_len = 51200 elements.
Allocate G_len 640 elements and old = 320.
Allocate M_len = 102400 elements.
Allocate M_len = 204800 elements.
Allocate G_len 1280 elements and old = 640.
Allocate M_len = 409600 elements.
Allocate M_len = 819200 elements.
The final length of G is 813
[6, 4, 0, 2, 0]  	518	6 
[18, 0, 0, 0, 0]  	558	5  <--- 1
[5, 1, 3, 2, 0]  	589	4 
[3, 9, 1, 1, 0]  	589	5 
[3, 14, 1, 0, 0]  	682	6 
[5, 0, 5, 2, 0]  	694	7 
[1, 4, 0, 6, 0]  	731	5 
[4, 6, 5, 2, 0]  	885	6 
[3, 3, 7, 2, 0]  	885	5 
[6, 3, 7, 1, 0]  	886	9 
[17, 1, 2, 2, 0]  	890	9 
[16, 9, 1, 0, 0]  	900	9 
[16, 9, 0, 1, 0]  	921	9 
[17, 0, 3, 2, 0]  	924	13 
[4, 0, 9, 2, 0]  	947	8 
[16, 8, 1, 1, 0]  	955	15 
[14, 6, 3, 1, 0]  	961	13 
[17, 6, 3, 0, 0]  	962	9 
[16, 0, 4, 2, 0]  	964	15 
[3, 8, 7, 1, 0]  	978	8 
[17, 6, 2, 1, 0]  	983	9 
[2, 17, 3, 1, 0]  	996	8 
[15, 12, 0, 1, 0]  	1001	12 
[5, 0, 3, 7, 0]  	1012	10 
[10, 19, 0, 0, 0]  	1013	15 
[16, 14, 0, 0, 0]  	1014	9 
[2, 20, 3, 0, 0]  	1015	7 
[15, 13, 1, 0, 0]  	1017	12 
[2, 14, 5, 1, 0]  	1027	8 
[13, 0, 0, 7, 0]  	1047	16 
[16, 0, 0, 6, 0]  	1048	12 
[2, 5, 10, 1, 0]  	1049	8 
[12, 1, 0, 7, 0]  	1053	16 
[10, 8, 5, 1, 0]  	1053	16 
[7, 13, 5, 0, 0]  	1053	15 
[15, 1, 0, 6, 0]  	1054	13 
[15, 16, 0, 0, 0]  	1057	14 
[3, 0, 11, 2, 0]  	1058	8 
[5, 3, 10, 1, 0]  	1068	9 
[5, 5, 9, 1, 0]  	1071	12 
[4, 3, 4, 6, 0]  	1071	12 
[13, 6, 5, 1, 0]  	1072	16 
[16, 6, 5, 0, 0]  	1073	14 
[8, 0, 4, 6, 0]  	1084	14 
[16, 0, 7, 1, 0]  	1085	8 
[15, 11, 3, 0, 0]  	1085	13 
[7, 0, 11, 1, 0]  	1090	13 
[6, 11, 7, 0, 0]  	1090	13 
[14, 12, 3, 0, 0]  	1091	13 
[11, 1, 1, 7, 0]  	1093	14 
[14, 3, 0, 6, 0]  	1097	15 
[2, 3, 4, 7, 0]  	1101	8 
[5, 2, 11, 1, 0]  	1102	11 
[4, 0, 6, 6, 0]  	1102	11 
[16, 3, 7, 0, 0]  	1104	12 
[2, 6, 9, 2, 0]  	1107	8 
[4, 3, 11, 1, 0]  	1108	11 
[3, 3, 5, 6, 0]  	1111	10 
[15, 8, 5, 0, 0]  	1116	13 
[2, 17, 6, 0, 0]  	1117	9 
[2, 19, 5, 0, 0]  	1120	9 
[5, 9, 9, 0, 0]  	1127	13 
[15, 2, 7, 1, 0]  	1128	14 
[2, 27, 1, 0, 0]  	1132	8 
[4, 12, 8, 0, 0]  	1136	11 
[4, 15, 0, 5, 0]  	1139	12 
[11, 12, 5, 0, 0]  	1140	14 
[3, 13, 8, 0, 0]  	1142	10 
[11, 3, 2, 6, 0]  	1146	14 
[11, 2, 9, 1, 0]  	1146	14 
[9, 10, 7, 0, 0]  	1146	14 
[3, 3, 12, 1, 0]  	1148	10 
[2, 17, 0, 5, 0]  	1151	9 
[9, 2, 10, 1, 0]  	1155	12 
[7, 10, 8, 0, 0]  	1155	12 
[1, 18, 0, 5, 0]  	1157	8 
[5, 6, 11, 0, 0]  	1158	13 
[15, 0, 2, 6, 0]  	1159	12 
[4, 1, 5, 7, 0]  	1160	8 
[4, 8, 4, 5, 0]  	1164	12 
[14, 1, 2, 6, 0]  	1165	13 
[12, 8, 7, 0, 0]  	1165	13 
[17, 0, 9, 0, 0]  	1166	11 
[13, 0, 3, 6, 0]  	1168	14 
[11, 9, 7, 0, 0]  	1171	13 
[2, 2, 12, 2, 0]  	1172	8 
[3, 10, 10, 0, 0]  	1173	10 
[4, 1, 13, 1, 0]  	1176	10 
[3, 12, 9, 0, 0]  	1176	10 
[3, 0, 1, 11, 0]  	1176	10 
[9, 7, 9, 0, 0]  	1177	13 
[3, 1, 7, 6, 0]  	1179	10 
[10, 12, 6, 0, 0]  	1180	12 
[3, 2, 13, 1, 0]  	1182	9 
[8, 8, 9, 0, 0]  	1183	12 
[7, 5, 11, 0, 0]  	1183	13 
[4, 19, 0, 4, 0]  	1195	12 
[4, 5, 6, 5, 0]  	1195	11 
[14, 11, 5, 0, 0]  	1196	12 
[12, 5, 9, 0, 0]  	1196	12 
[7, 24, 0, 1, 0]  	1197	10 
[6, 0, 13, 1, 0]  	1201	13 
[11, 6, 9, 0, 0]  	1202	12 
[9, 25, 0, 0, 0]  	1204	12 
[3, 8, 5, 5, 0]  	1204	11 
[11, 8, 8, 0, 0]  	1205	11 
[16, 0, 10, 0, 0]  	1206	9 
[3, 9, 11, 0, 0]  	1207	10 
[2, 21, 0, 4, 0]  	1207	10 
[9, 4, 11, 0, 0]  	1208	12 
[1, 28, 2, 0, 0]  	1209	8 
[4, 0, 14, 1, 0]  	1210	10 
[1, 30, 1, 0, 0]  	1212	8 
[3, 0, 8, 6, 0]  	1213	8 
[2, 11, 4, 5, 0]  	1213	8 
[2, 10, 11, 0, 0]  	1213	8 
[15, 3, 9, 0, 0]  	1215	13 
[8, 7, 10, 0, 0]  	1217	12 
[2, 15, 2, 5, 0]  	1219	10 
[2, 4, 13, 1, 0]  	1225	9 
[5, 4, 13, 0, 0]  	1226	11 
[4, 2, 8, 5, 0]  	1226	10 
[5, 24, 0, 2, 0]  	1227	10 
[14, 10, 6, 0, 0]  	1230	13 
[11, 3, 11, 0, 0]  	1233	12 
[3, 0, 7, 7, 0]  	1234	8 
[6, 1, 0, 11, 0]  	1235	11 
[11, 5, 10, 0, 0]  	1236	12 
[3, 2, 6, 7, 0]  	1237	8 
[2, 12, 9, 1, 0]  	1237	8 
[10, 6, 10, 0, 0]  	1242	11 
[8, 2, 13, 0, 0]  	1245	10 
[7, 1, 1, 10, 0]  	1245	10 
[15, 0, 11, 0, 0]  	1246	11 
[2, 10, 5, 5, 0]  	1247	9 
[3, 0, 15, 1, 0]  	1250	8 
[6, 0, 15, 0, 0]  	1251	10 
[2, 13, 10, 0, 0]  	1253	9 
[2, 15, 9, 0, 0]  	1256	9 
[2, 3, 1, 11, 0]  	1256	9 
[5, 3, 1, 10, 0]  	1257	10 
[5, 1, 15, 0, 0]  	1257	9 
[4, 0, 3, 10, 0]  	1257	10 
[8, 0, 0, 11, 0]  	1260	10 
[13, 4, 10, 0, 0]  	1261	11 
[4, 4, 14, 0, 0]  	1266	10 
[10, 1, 0, 10, 0]  	1267	9 
[2, 4, 11, 3, 0]  	1267	8 
[1, 29, 1, 1, 0]  	1267	8 
[4, 6, 13, 0, 0]  	1269	9 
[3, 3, 15, 0, 0]  	1269	9 
[2, 15, 4, 4, 0]  	1269	9 
[2, 1, 1, 12, 0]  	1274	7 
[2, 0, 8, 7, 0]  	1274	7 
[3, 7, 13, 0, 0]  	1275	8 
[2, 19, 2, 4, 0]  	1275	8 
[2, 5, 8, 5, 0]  	1275	8 
[2, 4, 15, 0, 0]  	1275	8 
[2, 7, 7, 5, 0]  	1278	9 
[8, 3, 0, 10, 0]  	1279	10 
[2, 0, 3, 11, 0]  	1287	8 
[4, 24, 0, 3, 0]  	1288	8 
[2, 4, 10, 4, 0]  	1288	8 
[1, 29, 0, 2, 0]  	1288	8 
[3, 0, 0, 13, 0]  	1289	10 
[7, 29, 0, 0, 0]  	1290	9 
[2, 2, 2, 11, 0]  	1290	8 
[2, 1, 9, 6, 0]  	1290	8 
[2, 3, 8, 6, 0]  	1293	9 
[2, 22, 2, 3, 0]  	1294	8 
[2, 13, 8, 2, 0]  	1295	9 
[6, 30, 0, 0, 0]  	1296	9 
[4, 1, 16, 0, 0]  	1297	8 
[3, 0, 4, 10, 0]  	1297	8 
[2, 2, 6, 8, 0]  	1298	8 
[3, 2, 3, 10, 0]  	1300	8 
[3, 1, 10, 5, 0]  	1300	8 
[3, 0, 17, 0, 0]  	1300	8 
[1, 3, 6, 8, 0]  	1304	7 
[2, 3, 3, 10, 0]  	1306	7 
[2, 2, 10, 5, 0]  	1306	7 
[2, 1, 17, 0, 0]  	1306	7 
[4, 27, 0, 2, 0]  	1307	9 
[4, 0, 5, 9, 0]  	1307	9 
[2, 0, 2, 12, 0]  	1308	8 
[3, 6, 14, 0, 0]  	1309	9 
[2, 4, 9, 5, 0]  	1309	9 
[2, 0, 15, 2, 0]  	1311	7 
[1, 17, 4, 4, 0]  	1312	7 
[2, 7, 14, 0, 0]  	1315	7 
[2, 9, 13, 0, 0]  	1318	7 
[2, 2, 5, 9, 0]  	1319	7 
[2, 0, 10, 6, 0]  	1324	7 
[1, 3, 5, 9, 0]  	1325	7 
[2, 0, 1, 13, 0]  	1329	8 
[2, 3, 15, 1, 0]  	1330	7 
[1, 15, 4, 5, 0]  	1330	7 
[1, 14, 11, 0, 0]  	1330	7 
[2, 2, 0, 13, 0]  	1332	8 
[2, 1, 7, 8, 0]  	1332	8 
[2, 25, 1, 3, 0]  	1334	7 
[1, 27, 3, 1, 0]  	1335	6 
[1, 4, 15, 1, 0]  	1336	6 
[2, 27, 0, 3, 0]  	1337	7 
[2, 0, 5, 10, 0]  	1337	6 
[1, 15, 8, 2, 0]  	1338	7 
[2, 2, 4, 10, 0]  	1340	7 
[2, 1, 11, 5, 0]  	1340	7 
[1, 28, 0, 3, 0]  	1343	6 
[1, 14, 6, 4, 0]  	1343	6 
[1, 5, 12, 3, 0]  	1344	7 
[1, 16, 5, 4, 0]  	1346	6 
[1, 3, 4, 10, 0]  	1346	6 
[1, 2, 11, 5, 0]  	1346	6 
[3, 0, 6, 9, 0]  	1347	7 
[1, 4, 10, 5, 0]  	1349	6 
[1, 3, 17, 0, 0]  	1349	6 
[2, 26, 2, 2, 0]  	1350	8 
[2, 12, 8, 3, 0]  	1350	8 
[2, 1, 6, 9, 0]  	1353	7 
[1, 8, 8, 5, 0]  	1355	6 
[1, 27, 2, 2, 0]  	1356	6 
[14, 0, 13, 0, 0]  	1357	10 
[1, 15, 7, 3, 0]  	1359	6 
[1, 6, 13, 2, 0]  	1360	7 
[2, 0, 17, 1, 0]  	1361	6 
[1, 26, 0, 4, 0]  	1361	7 
[1, 3, 12, 4, 0]  	1362	7 
[2, 2, 16, 1, 0]  	1364	7 
[1, 14, 5, 5, 0]  	1364	7 
[1, 13, 12, 0, 0]  	1364	7 
[1, 5, 11, 4, 0]  	1365	6 
[1, 10, 11, 2, 0]  	1366	6 
[1, 3, 3, 11, 0]  	1367	6 
[1, 21, 4, 3, 0]  	1368	6 
[2, 1, 14, 3, 0]  	1369	8 
[1, 2, 1, 13, 0]  	1372	6 
[2, 0, 12, 5, 0]  	1374	5 
[1, 25, 2, 3, 0]  	1374	5 
[1, 2, 14, 3, 0]  	1375	6 
[1, 13, 7, 4, 0]  	1377	5 
[1, 18, 7, 2, 0]  	1378	6 
[1, 4, 13, 3, 0]  	1378	7 
[1, 2, 5, 10, 0]  	1380	5 
[1, 1, 12, 5, 0]  	1380	5 
[1, 0, 19, 0, 0]  	1380	5 
[1, 34, 0, 1, 0]  	1381	8 
[1, 2, 18, 0, 0]  	1383	6 
[1, 27, 5, 0, 0]  	1385	7 
[1, 13, 11, 1, 0]  	1385	7 
[0, 30, 0, 3, 0]  	1386	5 
[2, 1, 0, 14, 0]  	1387	7 
[2, 0, 7, 9, 0]  	1387	6 
[1, 7, 9, 5, 0]  	1389	6 
[2, 1, 13, 4, 0]  	1390	5 
[1, 26, 3, 2, 0]  	1390	5 
[1, 3, 15, 2, 0]  	1391	7 
[1, 23, 2, 4, 0]  	1392	5 
[1, 8, 15, 0, 0]  	1392	5 
[1, 11, 7, 5, 0]  	1395	6 
[1, 2, 13, 4, 0]  	1396	6 
[1, 12, 13, 0, 0]  	1398	6 
[0, 29, 2, 2, 0]  	1399	5 
[0, 16, 1, 8, 0]  	1399	5 
[1, 9, 12, 2, 0]  	1400	7 
[1, 2, 4, 11, 0]  	1401	6 
[1, 1, 11, 6, 0]  	1401	6 
[1, 3, 10, 6, 0]  	1404	6 
[1, 2, 17, 1, 0]  	1404	6 
[2, 11, 8, 4, 0]  	1405	6 
[1, 1, 2, 13, 0]  	1406	6 
[1, 24, 3, 3, 0]  	1408	4 
[1, 10, 9, 4, 0]  	1408	4 
[1, 2, 8, 8, 0]  	1409	5 
[1, 1, 15, 3, 0]  	1409	5 
[0, 18, 4, 5, 0]  	1410	5 
[1, 12, 8, 4, 0]  	1411	5 
[0, 14, 1, 9, 0]  	1417	4 
[1, 21, 6, 2, 0]  	1418	7 
[4, 35, 0, 0, 0]  	1419	7 
[1, 12, 12, 1, 0]  	1419	7 
[0, 29, 1, 3, 0]  	1420	5 
[0, 16, 0, 9, 0]  	1420	5 
[1, 9, 11, 3, 0]  	1421	5 
[0, 34, 1, 1, 0]  	1421	5 
[1, 2, 3, 12, 0]  	1422	6 
[1, 1, 10, 7, 0]  	1422	6 
[2, 0, 14, 4, 0]  	1424	7 
[1, 7, 16, 0, 0]  	1426	5 
[1, 1, 1, 14, 0]  	1427	4 
[1, 0, 8, 9, 0]  	1427	4 
[0, 29, 5, 0, 0]  	1428	6 
[1, 3, 0, 14, 0]  	1430	4 
[1, 2, 7, 9, 0]  	1430	4 
[1, 1, 14, 4, 0]  	1430	4 
[0, 26, 4, 2, 0]  	1430	4 
[0, 15, 2, 8, 0]  	1433	5 
[1, 0, 12, 6, 0]  	1435	5 
[1, 38, 0, 0, 0]  	1437	6 
[0, 35, 2, 0, 0]  	1437	6 
[1, 1, 18, 1, 0]  	1438	6 
[0, 32, 1, 2, 0]  	1439	4 
[0, 19, 0, 8, 0]  	1439	4 
[1, 0, 3, 13, 0]  	1440	5 
[0, 37, 1, 0, 0]  	1440	5 
[0, 29, 0, 4, 0]  	1441	5 
[0, 15, 6, 5, 0]  	1441	5 
[2, 0, 0, 15, 0]  	1442	4 
[1, 9, 10, 4, 0]  	1442	4 
[0, 34, 0, 2, 0]  	1442	4 
[1, 1, 9, 8, 0]  	1443	6 
[0, 27, 5, 1, 0]  	1446	5 
[1, 1, 0, 15, 0]  	1448	4 
[0, 16, 3, 7, 0]  	1449	5 
[0, 18, 2, 7, 0]  	1452	5 
[1, 25, 7, 0, 0]  	1453	7 
[0, 14, 8, 4, 0]  	1454	4 
[1, 1, 17, 2, 0]  	1459	5 
[0, 27, 0, 5, 0]  	1459	5 
[1, 0, 15, 4, 0]  	1464	4 
[0, 14, 3, 8, 0]  	1467	4 
[0, 15, 9, 3, 0]  	1470	3 
[0, 3, 1, 14, 0]  	1470	3 
[0, 34, 3, 0, 0]  	1471	5 
[0, 21, 2, 6, 0]  	1471	5 
[0, 13, 1, 10, 0]  	1472	4 
[0, 15, 0, 10, 0]  	1475	5 
[0, 21, 6, 3, 0]  	1479	3 
[0, 40, 0, 0, 0]  	1480	5  <--- 2
[1, 0, 1, 15, 0]  	1482	3 
[0, 15, 4, 7, 0]  	1483	5 
[1, 22, 9, 0, 0]  	1484	5 
[1, 1, 7, 10, 0]  	1485	5 
[0, 32, 3, 1, 0]  	1489	5 
[0, 3, 0, 15, 0]  	1491	3 
[0, 21, 1, 7, 0]  	1492	4 
[0, 20, 8, 2, 0]  	1492	4 
[0, 6, 5, 10, 0]  	1497	3 
[0, 38, 0, 1, 0]  	1498	3 
[0, 24, 6, 2, 0]  	1498	3 
[0, 13, 4, 8, 0]  	1501	3 
[1, 0, 0, 16, 0]  	1503	3 
[0, 10, 3, 10, 0]  	1503	3 
[0, 18, 8, 3, 0]  	1510	3 
[0, 6, 0, 14, 0]  	1510	3 
[0, 20, 7, 3, 0]  	1513	3 
[0, 11, 4, 9, 0]  	1519	2 
[0, 15, 11, 2, 0]  	1520	3 
[0, 3, 3, 13, 0]  	1520	3 
[0, 13, 3, 9, 0]  	1522	2 
[0, 12, 10, 4, 0]  	1522	2 
[0, 17, 10, 2, 0]  	1523	4 
[0, 3, 7, 10, 0]  	1528	2 
[0, 5, 6, 10, 0]  	1531	3 
[0, 23, 7, 2, 0]  	1532	2 
[0, 10, 6, 8, 0]  	1532	2 
[0, 28, 7, 0, 0]  	1533	4 
[0, 20, 6, 4, 0]  	1534	3 
[0, 1, 3, 14, 0]  	1538	2 
[1, 0, 7, 11, 0]  	1540	3 
[0, 13, 15, 0, 0]  	1546	3 
[0, 8, 6, 9, 0]  	1550	2 
[0, 26, 7, 1, 0]  	1551	4 
[0, 5, 5, 11, 0]  	1552	3 
[0, 1, 2, 15, 0]  	1559	1 
[0, 0, 9, 10, 0]  	1559	1 
[0, 6, 2, 13, 0]  	1560	3 
[0, 2, 8, 10, 0]  	1562	2 
[0, 8, 1, 13, 0]  	1563	2 
[0, 7, 8, 8, 0]  	1563	2 
[0, 26, 2, 5, 0]  	1564	5 
[0, 5, 8, 9, 0]  	1581	2 
[0, 2, 7, 11, 0]  	1583	2 
[0, 26, 1, 6, 0]  	1585	5 
[0, 14, 6, 7, 0]  	1588	3 
[0, 13, 13, 2, 0]  	1588	3 
[0, 10, 12, 4, 0]  	1590	1 
[0, 0, 3, 15, 0]  	1593	1 
[0, 4, 10, 8, 0]  	1594	2 
[0, 0, 16, 5, 0]  	1596	1 
[0, 2, 10, 9, 0]  	1612	1 
[0, 1, 17, 4, 0]  	1612	1 
[0, 11, 17, 0, 0]  	1614	1 
[0, 0, 2, 16, 0]  	1614	1 
[0, 7, 14, 4, 0]  	1621	1 
[0, 14, 0, 12, 0]  	1622	4 
[0, 9, 13, 4, 0]  	1624	1 
[0, 2, 5, 13, 0]  	1625	2 
[0, 1, 12, 8, 0]  	1625	2 
[0, 19, 13, 0, 0]  	1626	3 
[0, 0, 23, 0, 0]  	1633	1  <--- 3
[0, 12, 13, 3, 0]  	1643	1 
[0, 0, 5, 14, 0]  	1643	1 
[0, 9, 12, 5, 0]  	1645	1 
[0, 8, 19, 0, 0]  	1645	1 
[0, 4, 16, 4, 0]  	1652	1 
[0, 6, 15, 4, 0]  	1655	1 
[0, 25, 9, 1, 0]  	1656	3 
[0, 11, 15, 2, 0]  	1656	2 
[0, 9, 15, 3, 0]  	1674	1 
[0, 6, 14, 5, 0]  	1676	1 
[0, 5, 21, 0, 0]  	1676	1 
[0, 0, 12, 9, 0]  	1680	1 
[0, 6, 17, 3, 0]  	1705	1 
[0, 25, 11, 0, 0]  	1706	1 
[0, 0, 19, 4, 0]  	1717	1 
[0, 2, 0, 18, 0]  	1730	2 
[0, 1, 7, 13, 0]  	1730	2 
[0, 3, 19, 3, 0]  	1736	1 
[0, 0, 0, 19, 0]  	1748	1  <--- 4
[0, 0, 21, 3, 0]  	1767	1 
[6, 4, 1, 1, 1]  	497	6 
[3, 1, 0, 7, 1]  	774	5 
[17, 1, 3, 1, 1]  	869	9 
[14, 2, 5, 1, 1]  	955	15 
[13, 3, 5, 1, 1]  	961	15 
[2, 19, 3, 0, 1]  	978	7 
[16, 1, 5, 1, 1]  	980	14 
[16, 3, 4, 1, 1]  	983	13 
[6, 2, 9, 1, 1]  	991	13 
[16, 1, 0, 5, 1]  	993	9 
[5, 1, 10, 1, 1]  	994	9 
[5, 3, 9, 1, 1]  	997	12 
[12, 2, 0, 6, 1]  	998	14 
[15, 15, 0, 0, 1]  	1020	14 
[13, 1, 7, 1, 1]  	1029	13 
[3, 6, 9, 1, 1]  	1046	9 
[15, 0, 7, 1, 1]  	1054	13 
[4, 13, 0, 5, 1]  	1065	12 
[4, 1, 5, 6, 1]  	1068	11 
[2, 5, 9, 2, 1]  	1070	8 
[4, 2, 11, 1, 1]  	1071	11 
[11, 1, 2, 6, 1]  	1072	16 
[2, 16, 6, 0, 1]  	1080	9 
[9, 3, 2, 6, 1]  	1084	15 
[9, 22, 0, 0, 1]  	1093	13 
[13, 13, 3, 0, 1]  	1097	14 
[4, 13, 7, 0, 1]  	1102	11 
[12, 0, 9, 1, 1]  	1103	15 
[11, 1, 9, 1, 1]  	1109	15 
[1, 17, 0, 5, 1]  	1120	8 
[13, 6, 7, 0, 1]  	1122	12 
[14, 0, 2, 6, 1]  	1128	13 
[4, 10, 9, 0, 1]  	1133	12 
[12, 11, 5, 0, 1]  	1134	14 
[12, 13, 4, 0, 1]  	1137	14 
[16, 2, 8, 0, 1]  	1138	11 
[2, 3, 11, 2, 1]  	1138	8 
[11, 0, 10, 1, 1]  	1143	13 
[3, 0, 6, 7, 1]  	1163	8 
[11, 11, 6, 0, 1]  	1174	12 
[2, 14, 2, 5, 1]  	1182	9 
[13, 10, 6, 0, 1]  	1199	12 
[2, 13, 8, 1, 1]  	1203	8 
[10, 9, 8, 0, 1]  	1211	11 
[7, 2, 13, 0, 1]  	1214	12 
[3, 1, 14, 1, 1]  	1216	10 
[2, 14, 9, 0, 1]  	1219	9 
[6, 3, 13, 0, 1]  	1220	12 
[3, 7, 6, 5, 1]  	1238	11 
[2, 2, 0, 12, 1]  	1240	8 
[2, 7, 13, 0, 1]  	1244	8 
[5, 22, 0, 3, 1]  	1245	9 
[8, 4, 12, 0, 1]  	1248	11 
[3, 24, 0, 3, 1]  	1257	9 
[2, 26, 2, 1, 1]  	1258	9 
[6, 29, 0, 0, 1]  	1259	10 
[4, 2, 15, 0, 1]  	1263	10 
[3, 2, 9, 5, 1]  	1266	9 
[1, 20, 7, 0, 1]  	1268	7 
[10, 3, 12, 0, 1]  	1273	10 
[3, 27, 0, 2, 1]  	1276	10 
[6, 27, 0, 1, 1]  	1277	10 
[1, 22, 1, 4, 1]  	1284	7 
[2, 1, 13, 3, 1]  	1298	7 
[11, 1, 13, 0, 1]  	1301	10 
[3, 2, 16, 0, 1]  	1303	8 
[1, 7, 13, 1, 1]  	1305	6 
[1, 19, 3, 4, 1]  	1315	7 
[2, 13, 7, 3, 1]  	1316	7 
[1, 21, 2, 4, 1]  	1318	7 
[1, 25, 0, 4, 1]  	1324	7 
[1, 16, 6, 3, 1]  	1325	7 
[1, 35, 0, 0, 1]  	1326	9 
[2, 1, 16, 1, 1]  	1327	8 
[1, 13, 9, 2, 1]  	1335	6 
[1, 18, 9, 0, 1]  	1336	6 
[1, 3, 0, 13, 1]  	1338	7 
[1, 19, 6, 2, 1]  	1344	7 
[1, 24, 6, 0, 1]  	1345	7 
[1, 13, 8, 3, 1]  	1356	6 
[1, 2, 6, 9, 1]  	1359	6 
[1, 12, 6, 5, 1]  	1361	6 
[1, 19, 5, 3, 1]  	1365	6 
[1, 2, 10, 6, 1]  	1367	6 
[2, 10, 8, 4, 1]  	1368	6 
[2, 12, 7, 4, 1]  	1371	6 
[1, 27, 1, 3, 1]  	1377	5 
[0, 29, 3, 1, 1]  	1378	6 
[1, 12, 9, 3, 1]  	1390	5 
[0, 27, 3, 2, 1]  	1396	5 
[0, 32, 3, 0, 1]  	1397	6 
[1, 23, 6, 1, 1]  	1400	7 
[0, 28, 0, 4, 1]  	1404	5 
[1, 8, 10, 4, 1]  	1405	5 
[1, 0, 0, 15, 1]  	1411	4 
[0, 28, 4, 1, 1]  	1412	6 
[0, 27, 2, 3, 1]  	1417	4 
[0, 27, 1, 4, 1]  	1438	5 
[0, 14, 13, 0, 1]  	1441	4 
[1, 0, 7, 10, 1]  	1448	4 
[0, 26, 3, 3, 1]  	1451	4 
[1, 1, 4, 12, 1]  	1456	7 
[0, 16, 7, 4, 1]  	1457	4 
[1, 24, 5, 2, 1]  	1458	4 
[0, 22, 0, 7, 1]  	1458	4 
[1, 0, 2, 14, 1]  	1461	5 
[0, 37, 0, 1, 1]  	1461	4 
[0, 20, 5, 4, 1]  	1463	4 
[0, 22, 4, 4, 1]  	1466	4 
[0, 26, 2, 4, 1]  	1472	4 
[0, 23, 5, 3, 1]  	1482	3 
[0, 14, 11, 2, 1]  	1483	4 
[0, 19, 11, 0, 1]  	1484	4 
[1, 0, 14, 5, 1]  	1485	3 
[0, 18, 9, 2, 1]  	1489	4 
[1, 0, 5, 12, 1]  	1490	6 
[0, 2, 7, 10, 1]  	1491	3 
[1, 0, 18, 2, 1]  	1493	6 
[0, 27, 7, 0, 1]  	1496	5 
[0, 19, 6, 4, 1]  	1497	3 
[0, 12, 15, 0, 1]  	1509	3 
[1, 0, 17, 3, 1]  	1514	4 
[0, 26, 0, 6, 1]  	1514	4 
[0, 2, 1, 15, 1]  	1525	3 
[0, 2, 14, 5, 1]  	1528	2 
[0, 26, 8, 0, 1]  	1530	5 
[0, 13, 11, 3, 1]  	1538	2 
[0, 22, 9, 1, 1]  	1545	4 
[0, 2, 0, 16, 1]  	1546	3 
[1, 0, 11, 8, 1]  	1548	6 
[0, 10, 5, 9, 1]  	1553	2 
[0, 1, 15, 5, 1]  	1562	2 
[0, 25, 9, 0, 1]  	1564	4 
[0, 1, 14, 6, 1]  	1583	2 
[0, 11, 0, 13, 1]  	1603	2 
[0, 1, 0, 18, 1]  	1693	2 
[6, 3, 1, 2, 2]  	552	6 
[3, 5, 9, 1, 2]  	1009	9 
[5, 0, 11, 1, 2]  	1028	12 
[6, 8, 9, 0, 2]  	1121	13 
[4, 0, 13, 1, 2]  	1139	11 
[3, 16, 0, 5, 2]  	1145	11 
[4, 7, 11, 0, 2]  	1164	12 
[1, 17, 6, 1, 2]  	1178	8 
[3, 8, 12, 0, 2]  	1241	10 
[2, 8, 6, 5, 2]  	1244	9 
[10, 1, 13, 0, 2]  	1270	12 
[2, 2, 15, 1, 2]  	1293	8 
[2, 1, 0, 13, 2]  	1295	8 
[1, 16, 7, 2, 2]  	1304	7 
[2, 3, 16, 0, 2]  	1309	8 
[2, 1, 12, 4, 2]  	1319	7 
[1, 18, 5, 3, 2]  	1328	7 
[2, 13, 6, 4, 2]  	1337	6 
[1, 26, 5, 0, 2]  	1348	7 
[2, 0, 0, 14, 2]  	1350	7 
[1, 24, 5, 1, 2]  	1366	6 
[1, 26, 4, 1, 2]  	1369	7 
[1, 2, 0, 14, 2]  	1393	6 
[1, 1, 6, 10, 2]  	1414	5 
[0, 21, 4, 4, 2]  	1429	4 
[1, 11, 14, 0, 2]  	1432	5 
[1, 1, 5, 11, 2]  	1435	5 
[0, 16, 8, 3, 2]  	1436	4 
[0, 24, 4, 3, 2]  	1448	3 
[0, 23, 2, 5, 2]  	1453	5 
[0, 9, 3, 10, 2]  	1466	3 
[1, 0, 6, 11, 2]  	1469	5 
[1, 0, 10, 8, 2]  	1477	5 
[0, 8, 4, 10, 2]  	1500	3 
[0, 12, 11, 3, 2]  	1501	2 
[0, 2, 2, 14, 2]  	1504	3 
[0, 24, 1, 6, 2]  	1511	5 
[0, 8, 3, 11, 2]  	1521	3 
[0, 6, 12, 5, 2]  	1534	2 
[0, 2, 9, 9, 2]  	1541	2 
[0, 1, 10, 9, 2]  	1575	2 
[0, 7, 7, 9, 2]  	1584	2 
[0, 12, 8, 7, 2]  	1656	2 
[5, 2, 2, 6, 3]  	923	10 
[13, 1, 0, 6, 3]  	992	12 
[12, 2, 8, 1, 3]  	1106	14 
[1, 16, 6, 1, 3]  	1141	8 
[3, 20, 0, 4, 3]  	1201	11 
[3, 4, 14, 0, 3]  	1235	10 
[3, 6, 13, 0, 3]  	1238	10 
[2, 1, 2, 11, 3]  	1253	8 
[1, 17, 9, 0, 3]  	1299	7 
[1, 23, 5, 1, 3]  	1329	7 
[1, 21, 5, 2, 3]  	1347	7 
[1, 24, 4, 2, 3]  	1387	6 
[0, 32, 2, 1, 3]  	1418	6 
[0, 18, 6, 4, 3]  	1460	4 
[0, 13, 10, 3, 3]  	1467	3 
[0, 12, 8, 5, 3]  	1472	3 
[0, 23, 9, 0, 3]  	1490	4 
[0, 13, 6, 7, 3]  	1551	3 
[0, 11, 1, 12, 3]  	1582	3 
[8, 1, 14, 0, 4]  	1279	10 
[1, 15, 9, 1, 4]  	1317	8 
[1, 3, 13, 3, 4]  	1341	7 
[1, 0, 5, 11, 4]  	1398	5 
[0, 25, 2, 4, 4]  	1435	4 
[0, 24, 3, 4, 4]  	1469	4 
[0, 13, 9, 4, 4]  	1488	3 
[0, 25, 8, 1, 4]  	1585	4 
[4, 5, 13, 0, 5]  	1232	10 
[0, 9, 10, 5, 5]  	1503	2 
[0, 9, 0, 13, 5]  	1529	3 
[0, 28, 3, 1, 250]  	1341	6 
[0, 8, 17, 0, 250]  	1503	1 
[2, 3, 9, 5, 251]  	1272	8 
[0, 8, 7, 8, 251]  	1529	2 
[3, 8, 4, 5, 252]  	1133	11 
[2, 17, 2, 4, 252]  	1201	8 
[3, 2, 15, 0, 252]  	1232	9 
[2, 0, 9, 6, 252]  	1253	6 
[2, 26, 1, 2, 252]  	1279	7 
[1, 3, 1, 12, 252]  	1317	7 
[0, 13, 0, 12, 252]  	1585	3 
[3, 3, 4, 6, 253]  	1040	9 
[4, 11, 8, 0, 253]  	1099	7 
[3, 10, 9, 0, 253]  	1102	8 
[1, 3, 5, 7, 253]  	1141	7 
[3, 2, 6, 6, 253]  	1145	9 
[4, 0, 4, 9, 253]  	1236	8 
[2, 12, 8, 2, 253]  	1258	8 
[1, 5, 11, 3, 253]  	1273	6 
[1, 3, 15, 1, 253]  	1299	6 
[1, 2, 13, 3, 253]  	1304	6 
[1, 28, 1, 2, 253]  	1322	4 
[1, 9, 11, 2, 253]  	1329	6 
[1, 1, 7, 9, 253]  	1393	4 
[0, 9, 15, 0, 253]  	1398	1 
[0, 19, 1, 7, 253]  	1418	5 
[0, 4, 0, 14, 253]  	1436	3 
[0, 5, 5, 10, 253]  	1460	2 
[0, 23, 6, 2, 253]  	1461	3 
[0, 1, 2, 14, 253]  	1467	2 
[0, 1, 1, 15, 253]  	1488	2 
[0, 1, 9, 9, 253]  	1504	2 
[0, 1, 0, 16, 253]  	1509	2 
[0, 12, 13, 2, 253]  	1551	1 
[0, 0, 17, 4, 253]  	1575	1 
[0, 0, 7, 13, 253]  	1693	1 
[5, 0, 3, 2, 254]  	552	5 
[5, 1, 9, 1, 254]  	923	9 
[4, 13, 5, 0, 254]  	960	9 
[13, 0, 7, 1, 254]  	992	12 
[2, 16, 5, 0, 254]  	1009	8 
[4, 12, 0, 5, 254]  	1028	9 
[2, 25, 1, 0, 254]  	1058	7 
[4, 12, 7, 0, 254]  	1065	7 
[1, 3, 4, 7, 254]  	1070	6 
[3, 3, 11, 1, 254]  	1077	8 
[7, 10, 7, 0, 254]  	1084	7 
[2, 8, 9, 1, 254]  	1089	6 
[11, 13, 4, 0, 254]  	1106	11 
[1, 3, 6, 6, 254]  	1120	6 
[5, 5, 11, 0, 254]  	1121	10 
[11, 8, 7, 0, 254]  	1134	9 
[3, 9, 10, 0, 254]  	1136	7 
[1, 28, 1, 0, 254]  	1138	3 
[3, 19, 0, 4, 254]  	1164	7 
[11, 5, 9, 0, 254]  	1165	10 
[3, 8, 11, 0, 254]  	1170	10 
[2, 20, 0, 4, 254]  	1170	8 
[9, 5, 10, 0, 254]  	1174	8 
[1, 3, 12, 2, 254]  	1178	7 
[1, 5, 11, 2, 254]  	1181	6 
[2, 16, 3, 4, 254]  	1235	9 
[2, 3, 2, 10, 254]  	1235	8 
[1, 19, 2, 4, 254]  	1244	7 
[2, 2, 4, 9, 254]  	1248	6 
[3, 0, 10, 5, 254]  	1263	5 
[2, 2, 11, 4, 254]  	1285	5 
[1, 14, 4, 5, 254]  	1293	5 
[2, 0, 7, 8, 254]  	1295	6 
[1, 26, 2, 2, 254]  	1319	4 
[1, 4, 11, 4, 254]  	1328	6 
[1, 24, 2, 3, 254]  	1337	5 
[1, 12, 11, 1, 254]  	1348	5 
[0, 34, 0, 1, 254]  	1350	4 
[0, 35, 1, 0, 254]  	1366	5 
[0, 28, 5, 0, 254]  	1391	5 
[0, 21, 0, 7, 254]  	1421	3 
[0, 12, 1, 10, 254]  	1435	3 
[0, 11, 3, 9, 254]  	1448	2 
[0, 22, 9, 0, 254]  	1453	3 
[0, 7, 17, 0, 254]  	1466	1 
[0, 11, 2, 10, 254]  	1469	3 
[0, 0, 8, 10, 254]  	1488	1 
[0, 11, 1, 11, 254]  	1490	3 
[0, 6, 18, 0, 254]  	1500	1 
[0, 0, 3, 14, 254]  	1501	1 
[0, 0, 16, 4, 254]  	1504	1 
[0, 0, 7, 11, 254]  	1509	1 
[0, 6, 17, 1, 254]  	1521	1 
[0, 5, 19, 0, 254]  	1534	1 
[0, 6, 14, 4, 254]  	1584	1 
[0, 0, 0, 18, 254]  	1656	1 
[3, 9, 1, 0, 255]  	497	3 
[3, 0, 7, 2, 255]  	774	2 
[3, 8, 5, 1, 255]  	836	3 
[2, 20, 1, 0, 255]  	873	4 
[3, 6, 7, 1, 255]  	904	5 
[5, 5, 7, 1, 255]  	929	7 
[2, 2, 9, 2, 255]  	959	3 
[2, 5, 9, 1, 255]  	978	5 
[1, 3, 4, 6, 255]  	978	4 
[2, 0, 4, 7, 255]  	990	3 
[11, 8, 5, 0, 255]  	992	6 
[16, 0, 7, 0, 255]  	993	3 
[4, 1, 4, 6, 255]  	997	8 
[15, 0, 0, 6, 255]  	1017	5 
[9, 3, 9, 0, 255]  	1029	5 
[4, 0, 12, 1, 255]  	1068	6 
[3, 14, 0, 5, 255]  	1071	5 
[2, 4, 11, 1, 255]  	1083	6 
[13, 0, 2, 6, 255]  	1097	11 
[1, 3, 11, 2, 255]  	1107	6 
[2, 15, 7, 0, 255]  	1114	5 
[2, 10, 10, 0, 255]  	1142	4 
[0, 15, 2, 5, 255]  	1157	5 
[0, 17, 1, 5, 255]  	1160	5 
[11, 7, 8, 0, 255]  	1168	8 
[1, 5, 7, 5, 255]  	1173	5 
[1, 1, 13, 2, 255]  	1175	3 
[2, 10, 4, 5, 255]  	1176	6 
[2, 1, 1, 11, 255]  	1182	5 
[4, 24, 0, 2, 255]  	1196	6 
[3, 6, 6, 5, 255]  	1201	9 
[2, 6, 13, 0, 255]  	1207	5 
[4, 22, 0, 3, 255]  	1214	7 
[2, 0, 2, 11, 255]  	1216	4 
[5, 0, 15, 0, 255]  	1220	6 
[3, 0, 3, 10, 255]  	1226	5 
[10, 0, 0, 10, 255]  	1230	6 
[2, 14, 4, 4, 255]  	1232	6 
[2, 0, 1, 12, 255]  	1237	4 
[1, 27, 3, 0, 255]  	1243	4 
[3, 1, 16, 0, 255]  	1266	4 
[1, 15, 7, 2, 255]  	1267	1 
[0, 5, 1, 11, 255]  	1268	1 
[9, 0, 1, 10, 255]  	1270	10 
[1, 19, 5, 2, 255]  	1273	7 
[7, 0, 2, 10, 255]  	1279	8 
[1, 2, 1, 12, 255]  	1280	5 
[0, 30, 0, 2, 255]  	1294	2 
[1, 12, 9, 2, 255]  	1298	5 
[1, 0, 1, 13, 255]  	1298	3 
[1, 2, 4, 10, 255]  	1309	5 
[1, 1, 11, 5, 255]  	1309	3 
[0, 9, 1, 10, 255]  	1324	1 
[1, 2, 12, 4, 255]  	1325	2 
[1, 12, 12, 0, 255]  	1327	4 
[0, 34, 1, 0, 255]  	1329	1 
[1, 7, 15, 0, 255]  	1355	2 
[1, 1, 0, 14, 255]  	1356	3 
[0, 15, 1, 8, 255]  	1362	4 
[1, 1, 17, 1, 255]  	1367	4 
[1, 23, 3, 3, 255]  	1371	3 
[1, 1, 8, 8, 255]  	1372	4 
[0, 11, 2, 9, 255]  	1377	1 
[1, 10, 10, 3, 255]  	1387	5 
[0, 5, 4, 10, 255]  	1389	1 
[0, 1, 1, 14, 255]  	1396	1 
[0, 24, 2, 4, 255]  	1398	3 
[0, 15, 8, 3, 255]  	1399	2 
[0, 14, 6, 5, 255]  	1404	3 
[0, 38, 0, 0, 255]  	1406	1 
[0, 9, 10, 4, 255]  	1411	1 
[1, 0, 13, 5, 255]  	1414	3 
[0, 1, 0, 15, 255]  	1417	2 
[0, 20, 7, 2, 255]  	1421	1 
[0, 11, 4, 8, 255]  	1427	2 
[0, 8, 3, 10, 255]  	1429	2 
[0, 6, 17, 0, 255]  	1429	1 
[0, 23, 3, 4, 255]  	1432	4 
[0, 11, 8, 5, 255]  	1435	2 
[0, 14, 0, 10, 255]  	1438	2 
[0, 24, 0, 6, 255]  	1440	4 
[0, 9, 13, 2, 255]  	1440	1 
[0, 2, 5, 11, 255]  	1441	2 
[0, 15, 10, 2, 255]  	1449	1 
[0, 3, 6, 10, 255]  	1457	2 
[0, 8, 6, 8, 255]  	1458	1 
[0, 8, 10, 5, 255]  	1466	2 
[0, 10, 9, 5, 255]  	1469	2 
[0, 0, 0, 16, 255]  	1472	1 
[0, 2, 3, 13, 255]  	1483	3 
[0, 10, 8, 6, 255]  	1490	2 
[0, 0, 21, 0, 255]  	1491	1 
[0, 4, 19, 0, 255]  	1497	1 
[0, 7, 11, 5, 255]  	1500	2 
[0, 23, 8, 1, 255]  	1511	3 
[0, 11, 0, 12, 255]  	1511	2 
[0, 25, 7, 1, 255]  	1514	2 
[0, 7, 10, 6, 255]  	1521	2 
[0, 3, 20, 0, 255]  	1531	1 
[0, 0, 10, 9, 255]  	1538	1 
[0, 3, 19, 1, 255]  	1552	1 
------
The gap is between 6 and 249.
Lengths: 5 5 8 9 5 6.
For 1536 = 3*d-d1-d2-d3-d4 you get 5 in char 0.
1 + 0*2^64 + 0*2^128 + 0*2^192*y^17*z^5*w^6
1 + 0*2^64 + 0*2^128 + 0*2^192*y^16*z^12*w^1
1 + 0*2^64 + 0*2^128 + 0*2^192*y^4*z^4*w^12
1 + 0*2^64 + 0*2^128 + 0*2^192*y^3*z^11*w^7
1 + 0*2^64 + 0*2^128 + 0*2^192*y^2*z^18*w^2

For 947 = 2*d-d1-d2-d3-d4 you get 8 in char 0.
1 + 0*2^64 + 0*2^128 + 0*2^192*x^14*y^2*z^1*w^4
1 + 0*2^64 + 0*2^128 + 0*2^192*x^2*y^22*z^1
1 + 0*2^64 + 0*2^128 + 0*2^192*x^2*y^8*z^7*w^1
1 + 0*2^64 + 0*2^128 + 0*2^192*x^1*y^19*z^3
1 + 0*2^64 + 0*2^128 + 0*2^192*x^1*y^5*z^9*w^1
1 + 0*2^64 + 0*2^128 + 0*2^192*y^16*z^5
1 + 0*2^64 + 0*2^128 + 0*2^192*y^3*z^4*w^6
1 + 0*2^64 + 0*2^128 + 0*2^192*y^2*z^11*w^1

For 358 = d-d1-d2-d3-d4 you get 5 in char 0.
1 + 0*2^64 + 0*2^128 + 0*2^192*x^5*y^3*w^1
1 + 0*2^64 + 0*2^128 + 0*2^192*x^4*z^2*w^1
1 + 0*2^64 + 0*2^128 + 0*2^192*x^2*y^8
1 + 0*2^64 + 0*2^128 + 0*2^192*x^1*y^5*z^2
1 + 0*2^64 + 0*2^128 + 0*2^192*y^2*z^4

Extra powers of p used 2.
The invariant extra is equal to 33.
Start computing 2^4 Delta^1 (x1x2x3x4)^1... Done.
Start computing 2^5 Delta^2 (x1x2x3x4)^1... Done.
Start computing 2^6 Delta^3 (x1x2x3x4)^1... Done.
Start computing 2^7 Delta^4 (x1x2x3x4)^1... Done.
Start computing 2^8 Delta^5 (x1x2x3x4)^1... Done.
Start computing 2^9 Delta^6 (x1x2x3x4)^1... Done.
Start computing 2^10 Delta^7 (x1x2x3x4)^1... Done.
Start computing 2^11 Delta^8 (x1x2x3x4)^1... Done.
Start computing 2^12 Delta^9 (x1x2x3x4)^1... Done.
Start computing 2^13 Delta^10 (x1x2x3x4)^1... Done.
Start computing 2^14 Delta^11 (x1x2x3x4)^1... Done.
Start computing 2^15 Delta^12 (x1x2x3x4)^1... Done.
Start computing 2^16 Delta^13 (x1x2x3x4)^1... Done.
Start computing 2^17 Delta^14 (x1x2x3x4)^1... Done.
Start computing 2^18 Delta^15 (x1x2x3x4)^1... Done.
Start computing 2^19 Delta^16 (x1x2x3x4)^1... Done.
Start computing 2^20 Delta^17 (x1x2x3x4)^1... Done.
Start computing 2^21 Delta^18 (x1x2x3x4)^1... Done.
Start computing 2^22 Delta^19 (x1x2x3x4)^1... Done.
Start computing 2^23 Delta^20 (x1x2x3x4)^1... Done.
Start computing 2^24 Delta^21 (x1x2x3x4)^1... Done.
Start computing 2^25 Delta^22 (x1x2x3x4)^1... Done.
Start computing 2^26 Delta^23 (x1x2x3x4)^1... Done.
Start computing 2^27 Delta^24 (x1x2x3x4)^1... Done.
Start computing 2^28 Delta^25 (x1x2x3x4)^1... Done.
Start computing 2^29 Delta^26 (x1x2x3x4)^1... Done.
Start computing 2^30 Delta^27 (x1x2x3x4)^1... Done.
Start computing 2^31 Delta^28 (x1x2x3x4)^1... Done.
Start computing 2^32 Delta^29 (x1x2x3x4)^1... Done.
Start computing 2^33 Delta^30 (x1x2x3x4)^1... Done.
Start computing 2^34 Delta^31 (x1x2x3x4)^1... Done.
Start computing 2^35 Delta^32 (x1x2x3x4)^1... Done.
Start computing 2^36 Delta^33 (x1x2x3x4)^1... Done.
Start computing 2^37 Delta^34 (x1x2x3x4)^1... Done.
Start computing 2^38 Delta^35 (x1x2x3x4)^1... Done.
Start computing aa.
1 2 3 4 5 6 7 8 9 10 11 12 13 14 15 16 17 18 
*/
A = \
[16326967718892987660 + 4100595663519203261*2^64 + 11190881993881195343*2^128 + 2055855767*2^192,6259007682878529146 + 8592165119243567960*2^64 + 12985613524820687358*2^128 + 2679908291*2^192,8611007952618937248 + 9425773253670160304*2^64 + 5503215457750572470*2^128 + 4156423747*2^192,12604263863142715166 + 11860675098337800893*2^64 + 15643881343875641288*2^128 + 609158906*2^192,8959761281919132580 + 9138808813835273846*2^64 + 9935527579632714028*2^128 + 3717325566*2^192,7698998139909895776 + 15421635538016257880*2^64 + 15772813219206283379*2^128 + 2702296786*2^192,10223024514552924104 + 16939620624586624781*2^64 + 14706549666731524474*2^128 + 1417403949*2^192,3466635832911391312 + 10561459370401545338*2^64 + 5392693759148890473*2^128 + 3478431888*2^192,16799795175109862712 + 5150859946178461705*2^64 + 17182352037683826500*2^128 + 1025861444*2^192,13137988748577960976 + 3325019926625505301*2^64 + 17076120680358959789*2^128 + 2826573928*2^192,15134796464683380296 + 3110295311794912313*2^64 + 11810396605884771758*2^128 + 2759173306*2^192,1945867096906049112 + 8770975274466285827*2^64 + 14970260947929030363*2^128 + 1642840582*2^192,16648805143330919520 + 14026071748391650857*2^64 + 9837123932586735286*2^128 + 3142284543*2^192,2849371851654857304 + 5092578746878503081*2^64 + 6647849212121139570*2^128 + 2201100438*2^192,10291215336423423056 + 10407707589384620698*2^64 + 4071090669292669671*2^128 + 1122844957*2^192,619803142279848784 + 1067028494336466187*2^64 + 233063332291105772*2^128 + 969964483*2^192,2279585809951091984 + 6960466710760576111*2^64 + 14717727230892704424*2^128 + 826398787*2^192,17505500409448802176 + 4814503045797372742*2^64 + 9811405843805583571*2^128 + 845184225*2^192;\
4681259397150104192 + 3511452500288465061*2^64 + 8480495661728070283*2^128 + 1913633684*2^192,17423045941206176902 + 14136118505720956694*2^64 + 1799825967740705532*2^128 + 1532900857*2^192,11116295343051293144 + 1843002688447091739*2^64 + 1593794063493541114*2^128 + 510154822*2^192,3956357817852432318 + 8739793694543829233*2^64 + 5369612509875034388*2^128 + 1118675296*2^192,2514608743147318148 + 12945748104128322937*2^64 + 18057702591904827082*2^128 + 1785002584*2^192,601573022124945200 + 2508737301769681388*2^64 + 7155329820497310654*2^128 + 2487632524*2^192,7363189658779135128 + 4479163520376443016*2^64 + 6239154784306640802*2^128 + 2350690923*2^192,10335092186652792944 + 9923566172088916989*2^64 + 14720292179765873293*2^128 + 2262328994*2^192,251856266077488680 + 12159833607256527201*2^64 + 3348811503412113869*2^128 + 2960146070*2^192,14832754143789856560 + 5951392834701332836*2^64 + 15437405100667001801*2^128 + 3546152453*2^192,17043832606827012744 + 2615516206347594741*2^64 + 14069793260564780345*2^128 + 1671867741*2^192,136041417735667528 + 11638218927842680150*2^64 + 4483967739148004937*2^128 + 910431161*2^192,14749697142847290464 + 6579308495726713871*2^64 + 2659855970359184889*2^128 + 1101763494*2^192,1642901914056567800 + 16334975357606238774*2^64 + 4749409287641103087*2^128 + 500557284*2^192,2941951389034281552 + 14734241625819394454*2^64 + 18041072618579838535*2^128 + 1680631194*2^192,3394021009530118320 + 13627349718981160716*2^64 + 14838221354597222438*2^128 + 2119271623*2^192,2067525291547437456 + 11793883277955509585*2^64 + 6483046602271898127*2^128 + 688118134*2^192,11794777473686093952 + 3009369648197936873*2^64 + 13604214859922261082*2^128 + 3307559172*2^192;\
15833046046934006496 + 3046726554804497067*2^64 + 3971760759596616959*2^128 + 3995125639*2^192,14650558224840274194 + 11618599279614028343*2^64 + 5502872957076822569*2^128 + 2490507179*2^192,13832079960623016908 + 12724288141206053633*2^64 + 8622731381725800224*2^128 + 2568981243*2^192,5764290237002764174 + 12114384824500085514*2^64 + 14479449513525764029*2^128 + 3106635865*2^192,15059080818378725380 + 13941299080156433258*2^64 + 9639233172614565705*2^128 + 2302470755*2^192,10813725715221399920 + 14924428969233658850*2^64 + 11591572376266808384*2^128 + 4206885861*2^192,850461435053808408 + 15166708572470805077*2^64 + 4537694776769837708*2^128 + 3825745082*2^192,15719490951405038208 + 8517970930935773445*2^64 + 10245655646197710520*2^128 + 1927435823*2^192,8713454533558328920 + 15143878599194012498*2^64 + 14269960707564330688*2^128 + 3898427648*2^192,6954469358178453184 + 720171424487470286*2^64 + 15624524759294611644*2^128 + 2586176637*2^192,11602447755813963624 + 13380033852095535557*2^64 + 2088988503858259718*2^128 + 3028226400*2^192,178838983530502744 + 1747377317234780504*2^64 + 2809425447819467433*2^128 + 1692127602*2^192,170680471516514272 + 16525691138991710671*2^64 + 14642921590933947951*2^128 + 2311582734*2^192,17240876129429624072 + 6310820842753532013*2^64 + 2919796788448913925*2^128 + 1404867542*2^192,10187505839987564224 + 11115842349994580252*2^64 + 7671203396973587389*2^128 + 1312243495*2^192,8818292659298201840 + 6205680105539242881*2^64 + 7539582078986453534*2^128 + 1635888605*2^192,11577888273537524560 + 15369806590830621318*2^64 + 9716555206552144062*2^128 + 1848752947*2^192,13474381528426484592 + 10388774821185749473*2^64 + 3236475407814635895*2^128 + 2571680064*2^192;\
2808981442246597188 + 6536212069874470056*2^64 + 11220562435397755431*2^128 + 708099041*2^192,18053763287030412070 + 9950317330875629976*2^64 + 12862100077689040027*2^128 + 4258576940*2^192,16800835134494886376 + 813508958765862681*2^64 + 15893078124202221483*2^128 + 4246566957*2^192,5551516690322899754 + 7826471232528112486*2^64 + 5730707162944109968*2^128 + 1232081367*2^192,1102639716586908148 + 7968621403871717160*2^64 + 12794884542370951151*2^128 + 1195744712*2^192,2014405648307676128 + 16579891836273246197*2^64 + 14745349216627236166*2^128 + 1438527220*2^192,7550647918611254008 + 3170448057506975277*2^64 + 17662629487435734039*2^128 + 2223491954*2^192,2046274162427632240 + 16893521174795908431*2^64 + 7220840555880626442*2^128 + 140451422*2^192,16630903933496001176 + 4806277542715171447*2^64 + 10938417641258512806*2^128 + 2537128582*2^192,578504781912411120 + 1160522026660932536*2^64 + 17139519058432578719*2^128 + 1844948501*2^192,5104648673005851624 + 6646832143345064877*2^64 + 6343103382711291589*2^128 + 1517285510*2^192,8203160895821033960 + 17823455498059284409*2^64 + 625473930414912938*2^128 + 399477276*2^192,11889840262748609664 + 16566965598271712689*2^64 + 15630506988853125552*2^128 + 3998131084*2^192,5479308748875271880 + 12235825626508481675*2^64 + 6321918373344292971*2^128 + 599225232*2^192,4505062092879066432 + 8040208775789425900*2^64 + 10236484896459245398*2^128 + 4109284999*2^192,16876146127588160176 + 9177991110921460633*2^64 + 73875437583948821*2^128 + 2494485560*2^192,13602924455513694160 + 6140527414150466312*2^64 + 10436838857495196222*2^128 + 3639056727*2^192,12256115549717833184 + 10134056409820348332*2^64 + 404308203502749749*2^128 + 2214655218*2^192;\
14280578254872533840 + 414997097773924191*2^64 + 8531534659420015068*2^128 + 2660338407*2^192,10970995200984520306 + 6688508287653696306*2^64 + 8987563664096157911*2^128 + 1405456834*2^192,14543544587730860176 + 8559485213692034509*2^64 + 15169437093316939778*2^128 + 3250357299*2^192,15810587893911355030 + 6941099872538201248*2^64 + 4988693486136318855*2^128 + 3131015719*2^192,13873684447116924728 + 3075538187859465065*2^64 + 4146399902506232947*2^128 + 97529221*2^192,12824560536397571120 + 8840090179496809132*2^64 + 15752029654534570623*2^128 + 4125961802*2^192,4303850819880339464 + 2631437971614125146*2^64 + 6645975030228688554*2^128 + 2660369394*2^192,13962995141477988528 + 15166356579820110776*2^64 + 355071020787844879*2^128 + 844359876*2^192,13992198253909977448 + 11829969977067078693*2^64 + 2000030348123565229*2^128 + 1298586190*2^192,7873638273545622256 + 4094632759693081798*2^64 + 8235779805722772710*2^128 + 2079247184*2^192,8821261447594541576 + 9535099815119999560*2^64 + 6889962088692377385*2^128 + 3618808237*2^192,7103535671649955496 + 3520659795255001000*2^64 + 8054114342609825021*2^128 + 3726245105*2^192,6315879894868265200 + 15935053882613784454*2^64 + 13560248360983577309*2^128 + 2871415110*2^192,2974988903129241032 + 14371145971678149860*2^64 + 5912595860306665725*2^128 + 594300058*2^192,8234777043954613664 + 16880255108682066834*2^64 + 12219338715948681122*2^128 + 3146051765*2^192,1418123920522809744 + 6389336256701618986*2^64 + 15099421380897772685*2^128 + 3498080680*2^192,359448973390177376 + 9154636712730570199*2^64 + 5749569027640169820*2^128 + 2323311991*2^192,6751099114613433424 + 9729997758628080566*2^64 + 11586519978746523254*2^128 + 674201226*2^192;\
14470161811984669818 + 11946433656203674769*2^64 + 6297493509802933320*2^128 + 916833199*2^192,1524576054584153588 + 10249658206583745006*2^64 + 11514458896047579165*2^128 + 966478964*2^192,120395867536472070 + 1390368057010983707*2^64 + 2328514910888983927*2^128 + 228153312*2^192,6003147272759526332 + 13936678760873292431*2^64 + 11733481913140224738*2^128 + 1446403432*2^192,15773627440432128768 + 14692547594962648843*2^64 + 3436758084649838812*2^128 + 930738156*2^192,8315226668941403736 + 17940330137790385215*2^64 + 15492295560713843123*2^128 + 708934338*2^192,1755691434979918240 + 8951249013892177156*2^64 + 1200813673578095721*2^128 + 214430600*2^192,10509535549913118008 + 9588285949794179445*2^64 + 6609271869143648824*2^128 + 1207653286*2^192,14481343276294692824 + 1391305663940070350*2^64 + 3340806924886437708*2^128 + 1176092505*2^192,15248592528630931768 + 8427819224270914168*2^64 + 9215170945148898874*2^128 + 409369220*2^192,2563807722649627024 + 1426838238779183117*2^64 + 11050827429607707765*2^128 + 554626777*2^192,17752428057530143088 + 1889297913882283551*2^64 + 7873569178037505995*2^128 + 781810844*2^192,9182809206914972872 + 2235392147022281758*2^64 + 13881309073626245854*2^128 + 1580085609*2^192,1048752056682549048 + 1616122688827102907*2^64 + 10788647450276924155*2^128 + 1288881454*2^192,1522994220608019120 + 2845355218676259348*2^64 + 8446724324556806653*2^128 + 284886829*2^192,1952593067387336736 + 3232580543160831948*2^64 + 2249863923096926431*2^128 + 608393499*2^192,13240266698827216960 + 4478458848632791099*2^64 + 18032754751410313337*2^128 + 459107236*2^192,18266164489109552520 + 9999751659508551307*2^64 + 16441745970071289616*2^128 + 2055023778*2^192;\
18363727139916219400 + 3404942684352818312*2^64 + 1861281800394296824*2^128 + 554808059*2^192,14286664686138135607 + 10710154436000273264*2^64 + 14558885919745096255*2^128 + 905447852*2^192,4344692823555785710 + 9174157246991579160*2^64 + 16517286399449268655*2^128 + 4160434328*2^192,17356712665025617457 + 7303808916641597830*2^64 + 10323548024163796499*2^128 + 160118097*2^192,5193973805242630850 + 9012292025718189974*2^64 + 14771595891186444151*2^128 + 2006640637*2^192,4901000938985873484 + 1627847961665586403*2^64 + 9516877546556643655*2^128 + 22338605*2^192,16164218862832234740 + 11135558009145154473*2^64 + 1488933948896069442*2^128 + 327502796*2^192,3283985321477197504 + 13998102599834820811*2^64 + 6287540036966300549*2^128 + 3522309091*2^192,8360083040307107476 + 11699790567654156671*2^64 + 6749723196935110508*2^128 + 3175395692*2^192,13237188242830877656 + 13528663911845262794*2^64 + 2820880038199751415*2^128 + 2156288256*2^192,13520064016552255132 + 1374041924740613823*2^64 + 1072954896550906998*2^128 + 1047785611*2^192,17972176736540850956 + 27461015733635726*2^64 + 323049794468989962*2^128 + 3538840038*2^192,14166339182421202584 + 5720165639386591658*2^64 + 3545267841298727796*2^128 + 3251542309*2^192,12111282048675193004 + 16685228037585145421*2^64 + 9045342103561568434*2^128 + 3813003658*2^192,18335066038000357824 + 14333588774053041138*2^64 + 5299687317730449362*2^128 + 1793733545*2^192,10699334682259423144 + 17697133877405085618*2^64 + 565008548721893523*2^128 + 3991639573*2^192,12144197213816454792 + 2192945495647020951*2^64 + 16711098356732452421*2^128 + 668619728*2^192,4482192412533622488 + 4908142265815419191*2^64 + 11918970440283347735*2^128 + 3557640538*2^192;\
10163546421786635522 + 17686574271396839882*2^64 + 14570592573024791652*2^128 + 2177997523*2^192,5365418974274927149 + 11023315903276478489*2^64 + 5276959301553389995*2^128 + 2622514547*2^192,17160524759262658738 + 11238434378795281424*2^64 + 8749731277959195525*2^128 + 4265149293*2^192,6908815875522779695 + 17558787993492765007*2^64 + 15409710879954370357*2^128 + 1422925722*2^192,8438483387344566016 + 742092927413867424*2^64 + 12516376871206006072*2^128 + 3470232673*2^192,7882675631933189444 + 18211309137062437457*2^64 + 2706835056045062513*2^128 + 1351919330*2^192,18057345880106912748 + 314436896222663217*2^64 + 6112623591429577214*2^128 + 309992440*2^192,3696637100512973824 + 1722935002151324676*2^64 + 8726114858044412641*2^128 + 3895464247*2^192,17282981006823213348 + 12150020753271954945*2^64 + 6885142544988586424*2^128 + 290639470*2^192,14570395704085321760 + 8080577308522819018*2^64 + 7666038541336841790*2^128 + 3136405644*2^192,13947154391317445916 + 13171379443259530266*2^64 + 17369690622392240711*2^128 + 974509901*2^192,8414841140176975332 + 6708544264053257923*2^64 + 10927355372318263117*2^128 + 1516141335*2^192,7007598490909198024 + 2051210799810489635*2^64 + 14406718946577951771*2^128 + 1768281558*2^192,3836954104896905196 + 5198018465021250886*2^64 + 8137523723089523586*2^128 + 1840284778*2^192,7003328879929821232 + 3324490568178295715*2^64 + 5157622018876234380*2^128 + 3024134030*2^192,5743453163590840936 + 15134965919029237628*2^64 + 374740305773721465*2^128 + 288280252*2^192,13336855472446669648 + 16210016576351629610*2^64 + 16460482046071336803*2^128 + 1993828232*2^192,5538706615048280352 + 16219744862491538404*2^64 + 16807927196836296084*2^128 + 1964395717*2^192;\
9214985137635297460 + 302592963310758100*2^64 + 895124726900735127*2^128 + 1356943742*2^192,11907944466447222457 + 16065271175398181734*2^64 + 18351091787156681667*2^128 + 1878570204*2^192,18110880858709265312 + 2134647564991951288*2^64 + 12651131511824523361*2^128 + 1520525549*2^192,15816273308232366411 + 11471942342811365529*2^64 + 10755976618431888718*2^128 + 2233480907*2^192,15573037715125031516 + 8420090924060787721*2^64 + 16187531151269073158*2^128 + 2841548020*2^192,8984503144015615488 + 9070567296379996524*2^64 + 10553845940525828565*2^128 + 3941595533*2^192,1346584244986472268 + 15857762654945768645*2^64 + 12057763886111404414*2^128 + 840429865*2^192,1375375952288873416 + 17285991212523242855*2^64 + 1850934099879658415*2^128 + 643392853*2^192,9042611208795900652 + 9325343642611344170*2^64 + 10806810209946199241*2^128 + 489917820*2^192,6142669530036556864 + 8955542691084235507*2^64 + 14844361356321251160*2^128 + 593505027*2^192,13289432821880176204 + 17802480493423245997*2^64 + 18118871628794485696*2^128 + 1167934402*2^192,7768325596159122180 + 3339950615445995408*2^64 + 41179368598946102*2^128 + 7049462*2^192,14499765814141636656 + 12351923535488615866*2^64 + 1664096703072977996*2^128 + 1497853823*2^192,16797891106526087364 + 10604103687638412719*2^64 + 5267231541828670539*2^128 + 505684511*2^192,9741733020194848432 + 13947813600134151187*2^64 + 4984205349955012932*2^128 + 1016811843*2^192,13030097942664669816 + 16135213733152660602*2^64 + 1398480029508625371*2^128 + 2421858266*2^192,14420724012859010032 + 756855606755369861*2^64 + 1299047601950409029*2^128 + 1929627501*2^192,7488292784871152088 + 16922054729671743367*2^64 + 15802937135553901409*2^128 + 2867776815*2^192;\
18003040561545708790 + 16686449572153538392*2^64 + 11465568175709455878*2^128 + 1900656619*2^192,6394210455418318932 + 2697382590676742035*2^64 + 14832582369275631305*2^128 + 3593970913*2^192,11433852173844714128 + 10108400984294736356*2^64 + 7308706871365861631*2^128 + 270880048*2^192,6848978330669204398 + 963951012285565768*2^64 + 1174562268207288408*2^128 + 1521045642*2^192,13995064313231323532 + 4059550313642019985*2^64 + 2246759957997838038*2^128 + 3048186230*2^192,8731467869278942616 + 14922548348646741101*2^64 + 16970967889989249395*2^128 + 1075875755*2^192,8405431113892796648 + 11371767194668102221*2^64 + 3632235141334311750*2^128 + 1389970764*2^192,5198371904488497896 + 15997031119103650177*2^64 + 7425267805758029027*2^128 + 763086782*2^192,12763422378707332560 + 34210188469944104*2^64 + 11972139043085274996*2^128 + 3412373868*2^192,10654281143013508896 + 3903146571950912525*2^64 + 5064038819629792569*2^128 + 624870443*2^192,15389441028387570984 + 2233483845875707681*2^64 + 8165067022865035637*2^128 + 615064713*2^192,15476591606664524312 + 3256704579773394949*2^64 + 5180750541911602093*2^128 + 240503777*2^192,11034946956350787384 + 6161511798682054774*2^64 + 1626457921970250807*2^128 + 3442293665*2^192,6997384214127864584 + 7071889232022930322*2^64 + 5534709892095616046*2^128 + 1932181225*2^192,11142365430282565032 + 11759540614429174564*2^64 + 3949390450788274244*2^128 + 407536277*2^192,4113913202694180400 + 10295892279442354028*2^64 + 918370984647857483*2^128 + 134546578*2^192,1554527923897661600 + 11380797011286987758*2^64 + 16372244017177751205*2^128 + 268114856*2^192,2330798444781476288 + 17431707479265553366*2^64 + 16713767093709667816*2^128 + 768538069*2^192;\
5132248552271499964 + 10261953002794963358*2^64 + 12238211608079607263*2^128 + 1642978278*2^192,3831572570276003389 + 160554088617771455*2^64 + 18066498884259885636*2^128 + 3447830457*2^192,4743493480156172118 + 2776176969116099985*2^64 + 10340207168046921767*2^128 + 3284796365*2^192,15628558125471252193 + 230880879616558250*2^64 + 18069610819628888831*2^128 + 3622956663*2^192,13745713645491650188 + 1395175165319379945*2^64 + 11442205589434480009*2^128 + 2835360021*2^192,5185954851650563288 + 2943375000405617764*2^64 + 17028366483314685946*2^128 + 3301246988*2^192,8801324267783999812 + 5536898260750515848*2^64 + 5136006309482450629*2^128 + 3706950267*2^192,3597894018955762888 + 2703426487058763673*2^64 + 13051678137225718092*2^128 + 1808751424*2^192,212566772700554236 + 15876277362489144447*2^64 + 16773219609912485741*2^128 + 200739411*2^192,14547221803918009528 + 11306847941173391861*2^64 + 9413304725577559672*2^128 + 3365206198*2^192,11006349212235399796 + 1239627297370246240*2^64 + 17815972596739376575*2^128 + 2263817124*2^192,7412968386823302780 + 4849476613802606188*2^64 + 14649814324745223770*2^128 + 59897569*2^192,7540450304044604384 + 18109691912939727261*2^64 + 10398080200047287960*2^128 + 1107823023*2^192,11256687936855037060 + 9139135658030745865*2^64 + 17735772157565635303*2^128 + 1548006824*2^192,11388843720067786968 + 7606943417209827871*2^64 + 7265290396447774764*2^128 + 2515682728*2^192,3411516944086919432 + 4613573020989483916*2^64 + 18215545447234439738*2^128 + 3898234018*2^192,584564105348905456 + 15344097384558196600*2^64 + 15727735923845605608*2^128 + 1675352268*2^192,11863488881570451376 + 8037070685043399141*2^64 + 2336261674891094987*2^128 + 1562098408*2^192;\
4818838714101107500 + 6501270519649846002*2^64 + 17140080864116909840*2^128 + 655113514*2^192,17967940426534474813 + 18181150948204916803*2^64 + 14101344551090917998*2^128 + 105493311*2^192,3121457400513756810 + 15241764739151997495*2^64 + 3880625217220138157*2^128 + 4080431985*2^192,13011223169346726535 + 576906059550204985*2^64 + 17391926712815202160*2^128 + 2908249762*2^192,4758018056839170174 + 9294071011183215780*2^64 + 2966127628080902018*2^128 + 1937565162*2^192,7573392885456104508 + 15810372774642602524*2^64 + 17796845356191732243*2^128 + 17758010*2^192,930556073288272572 + 11035483419260266237*2^64 + 15276193017260716873*2^128 + 3314743769*2^192,8179814169544728944 + 8785022343608276486*2^64 + 5957238758343971672*2^128 + 2043496502*2^192,8401959450464124556 + 15407797131524536352*2^64 + 8747471318872557107*2^128 + 2618318109*2^192,620730760037183736 + 16080337466376813083*2^64 + 2583496851919957059*2^128 + 645427263*2^192,4416405643832227260 + 199227766769201225*2^64 + 13349611634188342080*2^128 + 4058254763*2^192,16690930161141988892 + 8728745224239271410*2^64 + 9928835896051180718*2^128 + 2799616263*2^192,17159454486480336624 + 15906652150568008416*2^64 + 5397273978273819981*2^128 + 2547654988*2^192,14703075374115125956 + 16115986054512959234*2^64 + 17226649967222539557*2^128 + 3089165341*2^192,11751262667986365392 + 14791840884709251386*2^64 + 3718275339003522408*2^128 + 1803527687*2^192,4875417626344445096 + 17255447989389891505*2^64 + 14302573862183121870*2^128 + 683816229*2^192,4902032119443433080 + 1068580881524614351*2^64 + 1042547554501865454*2^128 + 3970475324*2^192,10887479213648093528 + 11793418904438182836*2^64 + 10842196734967550994*2^128 + 2700347625*2^192;\
4400114524893021808 + 15886435859476640381*2^64 + 2503022257520322091*2^128 + 167345502*2^192,1387029379809426622 + 9662991008355929431*2^64 + 8361158343981859845*2^128 + 482229855*2^192,1621178165770770692 + 1874826618045559469*2^64 + 778647050133239634*2^128 + 4211510790*2^192,7637795243119618272 + 16735615236792077835*2^64 + 6094754206912557449*2^128 + 3534640912*2^192,11007799923904936522 + 16364506408973563903*2^64 + 7499524048975578360*2^128 + 1551532613*2^192,7342243775223379700 + 15648208579916630589*2^64 + 11397068725698655018*2^128 + 4057679003*2^192,14820731195390425288 + 5523042723447711188*2^64 + 4310144159353523379*2^128 + 3329844789*2^192,6489446736525510120 + 2773393699884802397*2^64 + 11299234520596784944*2^128 + 4110064253*2^192,4121335091960583472 + 13946032369106183648*2^64 + 10250944715018941233*2^128 + 592003451*2^192,4125035015930668192 + 4252318750834241916*2^64 + 17947842222069678845*2^128 + 686897762*2^192,4270575738940411920 + 159136646202473313*2^64 + 12444016269109582402*2^128 + 4205863628*2^192,18401625766938053224 + 7607444609647899773*2^64 + 10358348004036193964*2^128 + 883394835*2^192,9288590679329255896 + 9046694867229603121*2^64 + 1732919633208363390*2^128 + 964549867*2^192,4382499583035109016 + 15303688717708023443*2^64 + 17665712145154109304*2^128 + 303488374*2^192,16357053705548127032 + 10645284916547361643*2^64 + 4010518115349963118*2^128 + 3273950407*2^192,15286642365805522464 + 7037459190487138913*2^64 + 1471480349341813831*2^128 + 1211050149*2^192,990867998034379144 + 15538394059704002483*2^64 + 12485191874136246122*2^128 + 247097636*2^192,10048857092249252328 + 598624079413025676*2^64 + 18285795160168811540*2^128 + 3496530919*2^192;\
5141927512881590840 + 7260569248702309279*2^64 + 4748645760021167107*2^128 + 1676933402*2^192,4775765603417979452 + 4685076779108732068*2^64 + 16505352620866269841*2^128 + 1566412554*2^192,3491136832915125876 + 15161424390508307145*2^64 + 2410790133271391997*2^128 + 2007571047*2^192,7179767791333594120 + 6433042174919952557*2^64 + 13277846464578513623*2^128 + 740315259*2^192,7068936476737593000 + 8008759600406924724*2^64 + 15715249370523920077*2^128 + 1903435135*2^192,8148469841927755952 + 12643946788338679000*2^64 + 8045673059298733440*2^128 + 1301017698*2^192,8181588042610010272 + 8531259726254819120*2^64 + 2759790738388104931*2^128 + 1683761767*2^192,7632996036382674112 + 3140902685034589869*2^64 + 4603412817485281528*2^128 + 1167103943*2^192,14564090231513112256 + 9487564176639944152*2^64 + 11429980212759552508*2^128 + 2093278311*2^192,186545530245560880 + 15834224177359574423*2^64 + 1908790587721721885*2^128 + 551290488*2^192,7926041925983123424 + 8657965660227534563*2^64 + 8657349686469567152*2^128 + 1639880536*2^192,13651003193860298176 + 3093845364639497610*2^64 + 13302111462035481463*2^128 + 1171923385*2^192,322838155064242656 + 16574137123815771227*2^64 + 10719169102419146662*2^128 + 781240544*2^192,18133052941099377152 + 6090367557592678684*2^64 + 18049294880214747572*2^128 + 1249550148*2^192,16102161701055000976 + 9920004164018070895*2^64 + 7006319156024705200*2^128 + 207886873*2^192,2073207896160376032 + 59757795487198428*2^64 + 2393145245754928861*2^128 + 2045982127*2^192,18425252078789349376 + 12681501668338110757*2^64 + 16882651158137870663*2^128 + 1880529714*2^192,14864579759573975600 + 11762789230905195345*2^64 + 7256348823086888574*2^128 + 1058857759*2^192;\
10448500778265466628 + 1023310166425286504*2^64 + 3541925531937863251*2^128 + 26982691*2^192,4296271736924093844 + 2111089164960215671*2^64 + 15045027040436364949*2^128 + 613172836*2^192,5202188283789893920 + 4008375389087404382*2^64 + 2781834973329273666*2^128 + 1251825549*2^192,10297794852154683452 + 13992417613994404522*2^64 + 17284986847351464632*2^128 + 1038208018*2^192,16663005405398181676 + 8338603779124733303*2^64 + 13551302314934489406*2^128 + 406671154*2^192,5592548220881966416 + 3145952900155764831*2^64 + 8268318443630227908*2^128 + 1635130944*2^192,9802565005209281200 + 7248629083854415040*2^64 + 7863077982645607319*2^128 + 1716544299*2^192,8945880351766588288 + 7607853808595285053*2^64 + 12490406290004940877*2^128 + 1582203126*2^192,9343690146941434080 + 228793844119985286*2^64 + 17418392076229322021*2^128 + 660599157*2^192,1893973220647401136 + 1140402827511970884*2^64 + 7545513386775350060*2^128 + 161132414*2^192,366482844830825616 + 14698867730678502409*2^64 + 14285458980617787469*2^128 + 1166881292*2^192,9601893275972562848 + 2125889972064616384*2^64 + 3107890786758164175*2^128 + 1389008038*2^192,17632212901862265328 + 2856059856661258614*2^64 + 6056100861726667653*2^128 + 1046658609*2^192,2308320754274947392 + 7788990750322644346*2^64 + 7976107410448006380*2^128 + 1838221884*2^192,8442114790891019632 + 2038235493837432239*2^64 + 2026623116078744405*2^128 + 28010531*2^192,15053751361306749024 + 5795636691066333016*2^64 + 5402086802633419090*2^128 + 1341749587*2^192,5114541774617381360 + 6119201169317498807*2^64 + 12951625720477460169*2^128 + 1874262354*2^192,17434211556259048912 + 13387939796394128005*2^64 + 7715490678896734106*2^128 + 1211810360*2^192;\
3478074449035041128 + 2193653121314869787*2^64 + 6827340190764632020*2^128 + 302943988*2^192,12965102181642637366 + 778567137729761626*2^64 + 907576540504660816*2^128 + 204982498*2^192,17506461845581852020 + 14238244017445668872*2^64 + 13845010709996522980*2^128 + 1410023660*2^192,17799072869739306538 + 4562332497772495579*2^64 + 1965294112470175573*2^128 + 64058482*2^192,15780437382307702692 + 12602057816521670146*2^64 + 16988845677494185486*2^128 + 458705709*2^192,18361565273663212568 + 12325025432560525058*2^64 + 8546602234980647795*2^128 + 152001750*2^192,1947899053780949544 + 5901657443580393004*2^64 + 14553868740144914467*2^128 + 3748875352*2^192,9965704507032091616 + 14341093499966232757*2^64 + 3758392204683945553*2^128 + 2359371403*2^192,17892993152979822504 + 4748560407091733141*2^64 + 4962341343102188634*2^128 + 1210542286*2^192,10290469801058747536 + 6997079033099786281*2^64 + 14990668191890530591*2^128 + 3195187613*2^192,7762835729484708184 + 14621899591749337929*2^64 + 5919880479696496738*2^128 + 1536001073*2^192,4803508788675739256 + 17185136271925214715*2^64 + 15084213924547757568*2^128 + 172733665*2^192,17995207247523426000 + 9432259611232922009*2^64 + 11957155104241700031*2^128 + 1286186050*2^192,8652515245832428328 + 1558896297913960837*2^64 + 5864083140618478732*2^128 + 3092303895*2^192,4711852554684787200 + 6174740513383747011*2^64 + 1271778285298205501*2^128 + 907663279*2^192,10205703411665681984 + 10711227082831349625*2^64 + 15846802045976248368*2^128 + 625262033*2^192,10999574064947828560 + 11345060409062718621*2^64 + 2990039702698192262*2^128 + 1766283457*2^192,16978035154618174160 + 11825382411965261064*2^64 + 12031460331747278638*2^128 + 940964327*2^192;\
1794625785682324338 + 14684705777969324638*2^64 + 17596059763100432278*2^128 + 2911557795*2^192,11869568425130075764 + 6149195861556742327*2^64 + 10423289367433124160*2^128 + 2802239440*2^192,11482891634095490832 + 9727419576688728637*2^64 + 15884549982164281968*2^128 + 532239654*2^192,4412162339668932994 + 10747863526152603762*2^64 + 10244856649198766364*2^128 + 3923154425*2^192,16898771374089025964 + 1549775594176569914*2^64 + 7366517987960813560*2^128 + 864792169*2^192,14418989533598995336 + 7208517224002916424*2^64 + 17831731805159226564*2^128 + 2616351588*2^192,7263777239544900696 + 17328427178094131071*2^64 + 6177806364195884941*2^128 + 3572559620*2^192,8092076476816682232 + 101914035428967503*2^64 + 1143133832986648120*2^128 + 1183174986*2^192,13524985262598975600 + 11220026522218697433*2^64 + 2267022784110316594*2^128 + 4271780442*2^192,8976718198794822848 + 14590310520692820347*2^64 + 11446202800522070507*2^128 + 3273261645*2^192,2067571614259722360 + 11456427762544482602*2^64 + 11344433325430083685*2^128 + 2104203550*2^192,10990863926874399864 + 8583425658720435160*2^64 + 9552335129019571720*2^128 + 3041230441*2^192,13477403195776779064 + 842097757471347661*2^64 + 4573317771336329283*2^128 + 628461479*2^192,3530480316485030168 + 7448698294104106259*2^64 + 17372683031640968747*2^128 + 2349796592*2^192,3822555734155188056 + 4352228228833754124*2^64 + 9672001778887397717*2^128 + 3220006042*2^192,14913563960971155568 + 8806861733526790010*2^64 + 9871271268377083360*2^128 + 43346422*2^192,4562589885025293984 + 8857239187227651791*2^64 + 8173056679407423223*2^128 + 107540437*2^192,2693054758705854160 + 10469868364965096778*2^64 + 17350057933508244641*2^128 + 17875538*2^192;\
17387857991261633762 + 190121212767254427*2^64 + 12151655695422983719*2^128 + 2801589313*2^192,13320708001680881258 + 11035582489851599738*2^64 + 964072606246660812*2^128 + 727842683*2^192,4100005947791404792 + 9220616208867505747*2^64 + 3824455724889501279*2^128 + 387698462*2^192,6634196165709665976 + 14671783009361767255*2^64 + 4770683253790451322*2^128 + 1831117912*2^192,5825871653846142112 + 8420923481409464371*2^64 + 9809074390026990343*2^128 + 2438330549*2^192,18056273191491779200 + 13190907049550128062*2^64 + 11871556606889268979*2^128 + 2232546062*2^192,5599731112779331088 + 14803640283173771629*2^64 + 6486779194168272223*2^128 + 1826472329*2^192,18142671234895176728 + 15221984563057974190*2^64 + 16888324204839400369*2^128 + 2675901916*2^192,7243552892079430776 + 1675571125067771393*2^64 + 4448759993232659608*2^128 + 3499509260*2^192,9620519486272336256 + 17881642472929767839*2^64 + 7223243842931979868*2^128 + 1742949816*2^192,9314622955494885120 + 9411782723506038484*2^64 + 9739713760055675802*2^128 + 727806291*2^192,13840590064194356656 + 11704574625502778394*2^64 + 9274317665327706536*2^128 + 2497007363*2^192,1192925999503963672 + 16097702699362378278*2^64 + 7965439826905438347*2^128 + 1038160579*2^192,17966960594570109552 + 2686568523511930856*2^64 + 16443536291071321204*2^128 + 1371506136*2^192,3088679877724696904 + 148314465699323893*2^64 + 7799774673194804523*2^128 + 315268749*2^192,1344982760995530816 + 17191963643113858383*2^64 + 12081041456169874639*2^128 + 2358907780*2^192,8995969754392476896 + 6173196120627109809*2^64 + 17140756035645340606*2^128 + 1153229474*2^192,14666846942513773616 + 5674781722332172146*2^64 + 14639763325774354238*2^128 + 344734433*2^192]
/* 
This matrix times 2^(-2) should be the matrix of frobenius.
*/ 
B = 2^(-2) * A; 
/* Freed 5121 lists. */
The sign is: 1
The characteristic polynomial is: x^18 + x^16 - 3*x^15 + 12*x^14 - 27*x^13 + 12*x^12 - 68*x^11 + 88*x^10 - 800*x^9 + 352*x^8 - 1088*x^7 + 768*x^6 - 6912*x^5 + 12288*x^4 - 12288*x^3 + 16384*x^2 + 262144
Its Newton polygon is: [2, 2, 2, 2, 2, 1, 1, 1, 1, 1, 1, 1, 1, 0, 0, 0, 0, 0]
Its factorization is: [x - 2, 2; x^16 + 4*x^15 + 13*x^14 + 33*x^13 + 92*x^12 + 209*x^11 + 480*x^10 + 1016*x^9 + 2232*x^8 + 4064*x^7 + 7680*x^6 + 13376*x^5 + 23552*x^4 + 33792*x^3 + 53248*x^2 + 65536*x + 65536, 1]
The valuation of f-g is: 27
The valuation of subst(g,x,A) is: 25
