/* Comments begin... 
No set up needed.

Please input coefficients below.
Coefficient of   x^19                     = Coefficient of   x^6 * y^4 * z^1 * w^2   = Coefficient of   x^5 * y^1 * z^3 * w^2   = Coefficient of   x^3 * y^9 * z^1 * w^1   = Coefficient of   x^2 * y^6 * z^3 * w^1   = Coefficient of   x^1 * y^3 * z^5 * w^1   = Coefficient of   y^14 * z^1               = Coefficient of   y^1 * w^6               = Coefficient of   z^7 * w^1               = 
Here is the polynomial we're using this time:

1 + 0*2^64 + 0*2^128 + 0*2^192*x^19 + 1 + 0*2^64 + 0*2^128 + 0*2^192*x^6*y^4*z^1*w^2 + 1 + 0*2^64 + 0*2^128 + 0*2^192*x^5*y^1*z^3*w^2 + 1 + 0*2^64 + 0*2^128 + 0*2^192*x^3*y^9*z^1*w^1 + 1 + 0*2^64 + 0*2^128 + 0*2^192*x^2*y^6*z^3*w^1 + 1 + 0*2^64 + 0*2^128 + 0*2^192*x^1*y^3*z^5*w^1 + 1 + 0*2^64 + 0*2^128 + 0*2^192*y^14*z^1 + 1 + 0*2^64 + 0*2^128 + 0*2^192*y^1*w^6 + 1 + 0*2^64 + 0*2^128 + 0*2^192*z^7*w^1


Allocate G_len 20 elements and old = 0.
Allocate M_len = 400 elements.
Allocate G_len 40 elements and old = 20.
Allocate M_len = 800 elements.
Allocate G_len 80 elements and old = 40.
Allocate M_len = 1600 elements.
Allocate M_len = 3200 elements.
Allocate G_len 160 elements and old = 80.
Allocate M_len = 6400 elements.
Allocate M_len = 12800 elements.
Allocate G_len 320 elements and old = 160.
Allocate M_len = 25600 elements.
Allocate M_len = 51200 elements.
Allocate G_len 640 elements and old = 320.
Allocate M_len = 102400 elements.
Allocate M_len = 204800 elements.
Allocate G_len 1280 elements and old = 640.
Allocate M_len = 409600 elements.
Allocate M_len = 819200 elements.
Allocate G_len 2560 elements and old = 1280.
Allocate M_len = 1638400 elements.
The final length of G is 981
[6, 4, 0, 2, 0]  	518	7 
[18, 0, 0, 0, 0]  	558	6  <--- 1
[5, 1, 3, 2, 0]  	589	5 
[3, 9, 1, 1, 0]  	589	6 
[5, 0, 5, 2, 0]  	694	7 
[4, 3, 5, 2, 0]  	774	7 
[5, 15, 1, 0, 0]  	781	9 
[3, 17, 1, 0, 0]  	793	8 
[5, 4, 0, 6, 0]  	855	6 
[2, 7, 0, 6, 0]  	873	7 
[3, 4, 0, 7, 0]  	885	8 
[17, 1, 2, 2, 0]  	890	11 
[16, 9, 1, 0, 0]  	900	10 
[16, 9, 0, 1, 0]  	921	10 
[17, 0, 3, 2, 0]  	924	15 
[4, 0, 9, 2, 0]  	947	8 
[16, 8, 1, 1, 0]  	955	14 
[14, 6, 3, 1, 0]  	961	17 
[12, 14, 1, 0, 0]  	961	13 
[17, 6, 3, 0, 0]  	962	12 
[16, 0, 4, 2, 0]  	964	18 
[2, 19, 3, 0, 0]  	978	8 
[2, 6, 2, 6, 0]  	978	7 
[17, 6, 2, 1, 0]  	983	12 
[17, 3, 5, 0, 0]  	993	11 
[2, 17, 3, 1, 0]  	996	9 
[15, 12, 0, 1, 0]  	1001	16 
[5, 0, 3, 7, 0]  	1012	10 
[10, 19, 0, 0, 0]  	1013	15 
[17, 3, 4, 1, 0]  	1014	10 
[16, 2, 5, 1, 0]  	1017	16 
[15, 13, 1, 0, 0]  	1017	15 
[3, 3, 9, 2, 0]  	1027	9 
[2, 14, 5, 1, 0]  	1027	9 
[4, 12, 0, 5, 0]  	1028	11 
[17, 14, 0, 0, 0]  	1045	10 
[2, 17, 5, 0, 0]  	1046	9 
[13, 0, 0, 7, 0]  	1047	16 
[12, 1, 0, 7, 0]  	1053	16 
[8, 3, 2, 6, 0]  	1053	15 
[7, 0, 4, 6, 0]  	1053	14 
[16, 5, 4, 1, 0]  	1057	15 
[3, 0, 11, 2, 0]  	1058	9 
[4, 1, 5, 6, 0]  	1068	10 
[2, 5, 9, 2, 0]  	1070	7 
[4, 16, 5, 0, 0]  	1071	11 
[4, 3, 4, 6, 0]  	1071	10 
[13, 6, 5, 1, 0]  	1072	17 
[11, 14, 3, 0, 0]  	1072	17 
[3, 4, 4, 6, 0]  	1077	10 
[17, 0, 0, 6, 0]  	1079	12 
[9, 2, 9, 1, 0]  	1084	14 
[16, 1, 0, 6, 0]  	1085	14 
[15, 11, 3, 0, 0]  	1085	15 
[14, 12, 3, 0, 0]  	1091	14 
[11, 1, 1, 7, 0]  	1093	17 
[15, 17, 0, 0, 0]  	1094	10 
[14, 3, 0, 6, 0]  	1097	15 
[13, 13, 3, 0, 0]  	1097	14 
[2, 3, 4, 7, 0]  	1101	8 
[5, 2, 11, 1, 0]  	1102	11 
[4, 0, 6, 6, 0]  	1102	10 
[3, 15, 0, 5, 0]  	1108	11 
[17, 0, 7, 1, 0]  	1116	10 
[13, 2, 9, 0, 0]  	1116	13 
[2, 5, 11, 1, 0]  	1120	8 
[8, 14, 5, 0, 0]  	1121	15 
[14, 9, 5, 0, 0]  	1122	13 
[4, 7, 4, 5, 0]  	1127	12 
[2, 27, 1, 0, 0]  	1132	8 
[12, 13, 4, 0, 0]  	1137	16 
[2, 3, 11, 2, 0]  	1138	8 
[4, 14, 7, 0, 0]  	1139	12 
[11, 12, 5, 0, 0]  	1140	14 
[4, 2, 12, 1, 0]  	1142	10 
[14, 0, 10, 0, 0]  	1144	10 
[10, 13, 5, 0, 0]  	1146	15 
[3, 3, 12, 1, 0]  	1148	10 
[5, 6, 11, 0, 0]  	1158	12 
[14, 0, 9, 1, 0]  	1165	11 
[10, 2, 11, 0, 0]  	1165	13 
[17, 0, 9, 0, 0]  	1166	12 
[13, 0, 3, 6, 0]  	1168	13 
[2, 2, 12, 2, 0]  	1172	9 
[6, 7, 9, 1, 0]  	1176	12 
[3, 12, 9, 0, 0]  	1176	11 
[1, 4, 5, 7, 0]  	1178	8 
[3, 14, 8, 0, 0]  	1179	11 
[5, 8, 9, 1, 0]  	1182	10 
[3, 16, 7, 0, 0]  	1182	9 
[3, 3, 6, 6, 0]  	1182	9 
[3, 2, 13, 1, 0]  	1182	10 
[12, 6, 7, 1, 0]  	1183	17 
[7, 5, 11, 0, 0]  	1183	11 
[16, 0, 2, 6, 0]  	1190	10 
[6, 10, 9, 0, 0]  	1195	13 
[12, 5, 9, 0, 0]  	1196	14 
[9, 3, 1, 8, 0]  	1197	12 
[4, 6, 12, 0, 0]  	1198	11 
[4, 8, 11, 0, 0]  	1201	11 
[2, 13, 8, 1, 0]  	1203	9 
[9, 25, 0, 0, 0]  	1204	16 
[3, 7, 12, 0, 0]  	1204	11 
[9, 2, 12, 0, 0]  	1205	11 
[9, 4, 11, 0, 0]  	1208	11 
[1, 15, 1, 6, 0]  	1209	8 
[1, 17, 0, 6, 0]  	1212	8 
[3, 0, 8, 6, 0]  	1213	9 
[2, 11, 4, 5, 0]  	1213	9 
[9, 8, 9, 0, 0]  	1214	11 
[7, 2, 13, 0, 0]  	1214	11 
[5, 7, 10, 1, 0]  	1216	13 
[2, 15, 2, 5, 0]  	1219	9 
[2, 14, 9, 0, 0]  	1219	9 
[9, 12, 7, 0, 0]  	1220	11 
[8, 9, 9, 0, 0]  	1220	11 
[6, 3, 13, 0, 0]  	1220	11 
[2, 4, 13, 1, 0]  	1225	9 
[5, 19, 0, 4, 0]  	1226	11 
[5, 4, 13, 0, 0]  	1226	10 
[4, 3, 1, 10, 0]  	1226	10 
[4, 2, 8, 5, 0]  	1226	11 
[7, 3, 1, 9, 0]  	1227	12 
[12, 4, 10, 0, 0]  	1230	11 
[13, 9, 7, 0, 0]  	1233	12 
[7, 25, 0, 1, 0]  	1234	11 
[3, 0, 7, 7, 0]  	1234	10 
[8, 5, 10, 1, 0]  	1235	14 
[3, 4, 14, 0, 0]  	1235	10 
[2, 12, 9, 1, 0]  	1237	9 
[5, 0, 1, 11, 0]  	1238	13 
[3, 6, 13, 0, 0]  	1238	11 
[3, 10, 11, 0, 0]  	1244	10 
[2, 7, 13, 0, 0]  	1244	9 
[5, 22, 0, 3, 0]  	1245	11 
[4, 3, 0, 11, 0]  	1247	12 
[2, 9, 12, 0, 0]  	1247	9 
[9, 7, 10, 0, 0]  	1248	12 
[8, 4, 12, 0, 0]  	1248	9 
[1, 31, 1, 0, 0]  	1249	9 
[3, 0, 15, 1, 0]  	1250	8 
[2, 14, 3, 5, 0]  	1253	9 
[2, 13, 10, 0, 0]  	1253	9 
[2, 3, 1, 11, 0]  	1256	9 
[5, 1, 15, 0, 0]  	1257	11 
[2, 26, 2, 1, 0]  	1258	10 
[6, 29, 0, 0, 0]  	1259	11 
[2, 5, 0, 11, 0]  	1259	9 
[8, 12, 8, 0, 0]  	1260	12 
[4, 2, 15, 0, 0]  	1263	11 
[5, 25, 0, 2, 0]  	1264	9 
[7, 13, 8, 0, 0]  	1266	11 
[3, 3, 2, 10, 0]  	1266	9 
[3, 2, 9, 5, 0]  	1266	10 
[1, 29, 1, 1, 0]  	1267	8 
[1, 16, 0, 7, 0]  	1267	8 
[7, 1, 13, 1, 0]  	1269	9 
[3, 4, 8, 5, 0]  	1269	9 
[3, 3, 15, 0, 0]  	1269	9 
[2, 15, 4, 4, 0]  	1269	9 
[1, 6, 4, 8, 0]  	1273	7 
[1, 24, 5, 0, 0]  	1274	7 
[3, 8, 6, 5, 0]  	1275	8 
[2, 19, 2, 4, 0]  	1275	9 
[2, 6, 1, 10, 0]  	1275	8 
[2, 4, 15, 0, 0]  	1275	8 
[4, 3, 3, 9, 0]  	1276	12 
[2, 12, 11, 0, 0]  	1287	9 
[3, 7, 8, 4, 0]  	1288	8 
[2, 5, 3, 9, 0]  	1288	8 
[2, 4, 10, 4, 0]  	1288	8 
[1, 29, 0, 2, 0]  	1288	8 
[9, 0, 0, 11, 0]  	1291	9 
[2, 3, 8, 6, 0]  	1293	8 
[2, 2, 15, 1, 0]  	1293	8 
[9, 0, 13, 1, 0]  	1294	9 
[3, 25, 0, 3, 0]  	1294	10 
[4, 1, 16, 0, 0]  	1297	9 
[11, 1, 0, 10, 0]  	1298	7 
[2, 2, 6, 8, 0]  	1298	8 
[2, 1, 13, 3, 0]  	1298	8 
[2, 21, 0, 5, 0]  	1299	10 
[3, 1, 10, 5, 0]  	1300	9 
[3, 0, 17, 0, 0]  	1300	8 
[7, 2, 0, 11, 0]  	1303	10 
[3, 2, 16, 0, 0]  	1303	9 
[1, 21, 7, 0, 0]  	1305	7 
[1, 7, 13, 1, 0]  	1305	6 
[2, 3, 3, 10, 0]  	1306	7 
[2, 1, 17, 0, 0]  	1306	7 
[4, 27, 0, 2, 0]  	1307	10 
[3, 3, 0, 12, 0]  	1308	9 
[2, 5, 2, 10, 0]  	1309	8 
[2, 4, 9, 5, 0]  	1309	8 
[2, 3, 16, 0, 0]  	1309	8 
[2, 6, 8, 5, 0]  	1312	9 
[3, 28, 0, 2, 0]  	1313	9 
[2, 4, 0, 12, 0]  	1314	7 
[2, 22, 1, 4, 0]  	1315	8 
[2, 8, 7, 5, 0]  	1315	9 
[2, 13, 7, 3, 0]  	1316	8 
[2, 10, 6, 5, 0]  	1318	9 
[2, 1, 12, 4, 0]  	1319	8 
[2, 0, 10, 6, 0]  	1324	8 
[1, 3, 5, 9, 0]  	1325	7 
[1, 35, 0, 0, 0]  	1326	9 
[6, 1, 0, 12, 0]  	1327	8 
[2, 2, 9, 6, 0]  	1327	9 
[1, 5, 4, 9, 0]  	1328	7 
[1, 10, 4, 7, 0]  	1329	7 
[1, 15, 4, 5, 0]  	1330	7 
[1, 14, 11, 0, 0]  	1330	7 
[2, 1, 7, 8, 0]  	1332	9 
[1, 27, 3, 1, 0]  	1335	6 
[1, 14, 2, 7, 0]  	1335	6 
[1, 13, 9, 2, 0]  	1335	6 
[1, 18, 9, 0, 0]  	1336	8 
[1, 6, 1, 11, 0]  	1336	7 
[2, 27, 0, 3, 0]  	1337	7 
[2, 13, 6, 4, 0]  	1337	7 
[2, 0, 5, 10, 0]  	1337	6 
[10, 1, 1, 10, 0]  	1338	7 
[1, 15, 8, 2, 0]  	1338	8 
[1, 8, 0, 11, 0]  	1339	7 
[2, 1, 11, 5, 0]  	1340	8 
[10, 3, 0, 10, 0]  	1341	9 
[1, 17, 7, 2, 0]  	1341	7 
[1, 3, 13, 3, 0]  	1341	7 
[2, 3, 10, 5, 0]  	1343	6 
[1, 28, 0, 3, 0]  	1343	6 
[1, 14, 6, 4, 0]  	1343	6 
[9, 0, 15, 0, 0]  	1344	9 
[1, 5, 12, 3, 0]  	1344	7 
[2, 0, 9, 7, 0]  	1345	8 
[1, 3, 4, 10, 0]  	1346	6 
[1, 2, 11, 5, 0]  	1346	6 
[2, 1, 15, 2, 0]  	1348	7 
[1, 13, 4, 6, 0]  	1348	7 
[4, 0, 3, 11, 0]  	1349	6 
[1, 18, 4, 4, 0]  	1349	6 
[1, 5, 3, 10, 0]  	1349	6 
[1, 4, 10, 5, 0]  	1349	6 
[1, 3, 17, 0, 0]  	1349	6 
[3, 2, 5, 9, 0]  	1350	8 
[2, 12, 8, 3, 0]  	1350	8 
[8, 0, 0, 12, 0]  	1352	8 
[2, 0, 13, 4, 0]  	1353	7 
[2, 25, 0, 4, 0]  	1355	8 
[1, 27, 2, 2, 0]  	1356	6 
[1, 14, 1, 8, 0]  	1356	6 
[1, 15, 7, 3, 0]  	1359	7 
[1, 6, 13, 2, 0]  	1360	7 
[2, 2, 3, 11, 0]  	1361	6 
[2, 0, 17, 1, 0]  	1361	7 
[1, 26, 0, 4, 0]  	1361	6 
[1, 13, 12, 0, 0]  	1364	7 
[2, 0, 8, 8, 0]  	1366	6 
[1, 10, 11, 2, 0]  	1366	6 
[1, 3, 3, 11, 0]  	1367	7 
[2, 24, 2, 3, 0]  	1368	6 
[2, 10, 8, 4, 0]  	1368	6 
[1, 8, 3, 9, 0]  	1368	6 
[2, 3, 0, 13, 0]  	1369	7 
[1, 26, 4, 1, 0]  	1369	7 
[1, 13, 3, 7, 0]  	1369	7 
[2, 12, 7, 4, 0]  	1371	7 
[2, 0, 12, 5, 0]  	1374	5 
[1, 25, 2, 3, 0]  	1374	5 
[1, 12, 1, 9, 0]  	1374	5 
[1, 4, 0, 13, 0]  	1375	6 
[1, 3, 7, 8, 0]  	1375	6 
[1, 2, 14, 3, 0]  	1375	6 
[1, 27, 1, 3, 0]  	1377	5 
[1, 14, 0, 9, 0]  	1377	5 
[1, 13, 7, 4, 0]  	1377	5 
[0, 29, 3, 1, 0]  	1378	6 
[1, 2, 5, 10, 0]  	1380	5 
[1, 1, 12, 5, 0]  	1380	6 
[1, 34, 0, 1, 0]  	1381	8 
[6, 0, 0, 13, 0]  	1382	10 
[1, 17, 5, 4, 0]  	1383	6 
[1, 2, 18, 0, 0]  	1383	6 
[1, 13, 11, 1, 0]  	1385	7 
[2, 0, 7, 9, 0]  	1387	6 
[1, 24, 4, 2, 0]  	1387	6 
[1, 11, 3, 8, 0]  	1387	6 
[1, 26, 3, 2, 0]  	1390	5 
[1, 13, 2, 8, 0]  	1390	5 
[1, 3, 15, 2, 0]  	1391	7 
[1, 23, 2, 4, 0]  	1392	5 
[1, 10, 1, 10, 0]  	1392	5 
[1, 8, 15, 0, 0]  	1392	5 
[1, 12, 0, 10, 0]  	1395	6 
[1, 2, 13, 4, 0]  	1396	6 
[1, 13, 6, 5, 0]  	1398	6 
[1, 12, 13, 0, 0]  	1398	6 
[1, 4, 12, 4, 0]  	1399	6 
[0, 29, 2, 2, 0]  	1399	5 
[1, 1, 11, 6, 0]  	1401	6 
[2, 0, 15, 3, 0]  	1403	6 
[1, 3, 10, 6, 0]  	1404	5 
[1, 2, 17, 1, 0]  	1404	5 
[0, 28, 0, 4, 0]  	1404	5 
[1, 24, 3, 3, 0]  	1408	5 
[1, 11, 2, 9, 0]  	1408	4 
[1, 3, 1, 13, 0]  	1409	5 
[1, 1, 15, 3, 0]  	1409	5 
[1, 6, 15, 1, 0]  	1410	5 
[0, 18, 4, 5, 0]  	1410	5 
[2, 0, 19, 0, 0]  	1411	4 
[1, 12, 8, 4, 0]  	1411	4 
[1, 0, 0, 15, 0]  	1411	4 
[4, 0, 0, 14, 0]  	1412	6 
[0, 28, 4, 1, 0]  	1412	6 
[1, 1, 19, 0, 0]  	1417	5 
[1, 12, 12, 1, 0]  	1419	7 
[0, 29, 1, 3, 0]  	1420	6 
[1, 9, 11, 3, 0]  	1421	6 
[1, 2, 3, 12, 0]  	1422	7 
[1, 9, 2, 10, 0]  	1426	5 
[1, 7, 16, 0, 0]  	1426	5 
[1, 3, 0, 14, 0]  	1430	4 
[1, 1, 14, 4, 0]  	1430	4 
[0, 26, 4, 2, 0]  	1430	4 
[0, 28, 3, 2, 0]  	1433	5 
[0, 15, 2, 8, 0]  	1433	5 
[0, 25, 2, 4, 0]  	1435	4 
[0, 16, 8, 3, 0]  	1436	4 
[1, 1, 18, 1, 0]  	1438	5 
[0, 27, 1, 4, 0]  	1438	5 
[1, 7, 11, 4, 0]  	1439	5 
[0, 37, 1, 0, 0]  	1440	5 
[0, 15, 6, 5, 0]  	1441	5 
[1, 0, 7, 10, 0]  	1448	3 
[0, 24, 4, 3, 0]  	1448	3 
[1, 0, 20, 0, 0]  	1451	4 
[1, 12, 6, 6, 0]  	1453	5 
[0, 28, 2, 3, 0]  	1454	5 
[0, 35, 1, 1, 0]  	1458	5 
[1, 1, 17, 2, 0]  	1459	5 
[0, 27, 0, 5, 0]  	1459	5 
[1, 0, 2, 14, 0]  	1461	4 
[0, 37, 0, 1, 0]  	1461	4 
[0, 9, 3, 10, 0]  	1466	3 
[0, 14, 3, 8, 0]  	1467	4 
[0, 24, 3, 4, 0]  	1469	4 
[0, 15, 9, 3, 0]  	1470	3 
[0, 3, 1, 14, 0]  	1470	3 
[1, 0, 19, 1, 0]  	1472	3 
[0, 13, 1, 10, 0]  	1472	3 
[0, 12, 8, 5, 0]  	1472	3 
[0, 15, 0, 10, 0]  	1475	5 
[1, 0, 10, 8, 0]  	1477	5 
[1, 10, 10, 4, 0]  	1479	5 
[0, 40, 0, 0, 0]  	1480	5  <--- 2
[0, 15, 4, 7, 0]  	1483	4 
[0, 14, 11, 2, 0]  	1483	4 
[1, 9, 8, 6, 0]  	1484	5 
[1, 0, 14, 5, 0]  	1485	3 
[0, 14, 2, 9, 0]  	1488	3 
[0, 13, 9, 4, 0]  	1488	3 
[1, 0, 5, 12, 0]  	1490	5 
[0, 24, 2, 5, 0]  	1490	4 
[0, 16, 1, 9, 0]  	1491	4 
[0, 15, 8, 4, 0]  	1491	3 
[0, 3, 0, 15, 0]  	1491	3 
[0, 20, 8, 2, 0]  	1492	4 
[1, 0, 18, 2, 0]  	1493	6 
[0, 27, 7, 0, 0]  	1496	5 
[0, 6, 5, 10, 0]  	1497	3 
[0, 24, 6, 2, 0]  	1498	3 
[0, 8, 4, 10, 0]  	1500	3 
[0, 13, 4, 8, 0]  	1501	3 
[0, 23, 4, 4, 0]  	1503	3 
[0, 2, 2, 14, 0]  	1504	3 
[0, 6, 0, 14, 0]  	1510	3 
[1, 0, 17, 3, 0]  	1514	4 
[0, 26, 0, 6, 0]  	1514	4 
[0, 11, 4, 9, 0]  	1519	2 
[0, 8, 3, 11, 0]  	1521	3 
[0, 13, 3, 9, 0]  	1522	2 
[0, 12, 10, 4, 0]  	1522	2 
[0, 17, 10, 2, 0]  	1523	4 
[0, 2, 1, 15, 0]  	1525	3 
[1, 0, 12, 7, 0]  	1527	5 
[0, 3, 7, 10, 0]  	1528	2 
[0, 9, 0, 13, 0]  	1529	3 
[0, 26, 8, 0, 0]  	1530	5 
[0, 5, 6, 10, 0]  	1531	3 
[0, 24, 0, 7, 0]  	1532	2 
[0, 23, 7, 2, 0]  	1532	2 
[0, 10, 6, 8, 0]  	1532	2 
[0, 6, 12, 5, 0]  	1534	2 
[1, 0, 16, 4, 0]  	1535	3 
[0, 13, 11, 3, 0]  	1538	2 
[0, 1, 3, 14, 0]  	1538	2 
[0, 36, 3, 0, 0]  	1545	5 
[0, 13, 15, 0, 0]  	1546	3 
[0, 2, 0, 16, 0]  	1546	3 
[0, 26, 7, 1, 0]  	1551	3 
[0, 5, 5, 11, 0]  	1552	3 
[0, 10, 5, 9, 0]  	1553	2 
[0, 1, 2, 15, 0]  	1559	1 
[0, 0, 9, 10, 0]  	1559	1 
[0, 6, 2, 13, 0]  	1560	3 
[0, 2, 8, 10, 0]  	1562	2 
[0, 8, 1, 13, 0]  	1563	3 
[0, 25, 9, 0, 0]  	1564	3 
[0, 33, 5, 0, 0]  	1576	4 
[0, 5, 8, 9, 0]  	1581	2 
[0, 11, 1, 12, 0]  	1582	3 
[0, 2, 7, 11, 0]  	1583	3 
[0, 7, 7, 9, 0]  	1584	2 
[0, 10, 12, 4, 0]  	1590	1 
[0, 0, 3, 15, 0]  	1593	1 
[0, 5, 3, 13, 0]  	1594	2 
[0, 4, 10, 8, 0]  	1594	2 
[0, 22, 11, 0, 0]  	1595	3 
[0, 0, 16, 5, 0]  	1596	1 
[0, 2, 10, 9, 0]  	1612	1 
[0, 1, 17, 4, 0]  	1612	1 
[0, 11, 17, 0, 0]  	1614	1 
[0, 0, 2, 16, 0]  	1614	1 
[0, 22, 1, 8, 0]  	1621	1 
[0, 7, 14, 4, 0]  	1621	1 
[0, 14, 0, 12, 0]  	1622	3 
[0, 9, 13, 4, 0]  	1624	1 
[0, 1, 12, 8, 0]  	1625	2 
[0, 0, 23, 0, 0]  	1633	1  <--- 3
[0, 12, 13, 3, 0]  	1643	1 
[0, 0, 5, 14, 0]  	1643	1 
[0, 8, 19, 0, 0]  	1645	1 
[0, 4, 16, 4, 0]  	1652	1 
[0, 6, 15, 4, 0]  	1655	1 
[0, 11, 15, 2, 0]  	1656	2 
[0, 9, 15, 3, 0]  	1674	1 
[0, 5, 21, 0, 0]  	1676	1 
[0, 0, 12, 9, 0]  	1680	1 
[0, 1, 0, 18, 0]  	1693	2 
[0, 6, 17, 3, 0]  	1705	1 
[0, 0, 19, 4, 0]  	1717	1 
[0, 3, 19, 3, 0]  	1736	1 
[0, 0, 0, 19, 0]  	1748	1  <--- 4
[0, 0, 21, 3, 0]  	1767	1 
[6, 4, 1, 1, 1]  	497	7 
[4, 3, 5, 1, 1]  	682	8 
[2, 6, 5, 1, 1]  	731	6 
[4, 1, 0, 7, 1]  	805	8 
[17, 1, 3, 1, 1]  	869	11 
[16, 1, 5, 1, 1]  	980	13 
[13, 1, 0, 6, 1]  	992	12 
[12, 2, 0, 6, 1]  	998	15 
[3, 5, 9, 1, 1]  	1009	9 
[16, 14, 0, 0, 1]  	1014	14 
[15, 15, 0, 0, 1]  	1020	15 
[17, 1, 0, 5, 1]  	1024	11 
[3, 16, 5, 0, 1]  	1040	10 
[16, 0, 0, 6, 1]  	1048	15 
[15, 0, 7, 1, 1]  	1054	16 
[3, 1, 4, 7, 1]  	1058	8 
[7, 14, 5, 0, 1]  	1090	13 
[5, 8, 9, 0, 1]  	1090	12 
[9, 22, 0, 0, 1]  	1093	14 
[2, 2, 11, 2, 1]  	1101	8 
[12, 1, 2, 6, 1]  	1103	14 
[11, 2, 2, 6, 1]  	1109	16 
[2, 4, 5, 6, 1]  	1117	9 
[7, 13, 6, 0, 1]  	1124	12 
[6, 12, 7, 0, 1]  	1127	13 
[14, 0, 2, 6, 1]  	1128	13 
[12, 11, 5, 0, 1]  	1134	15 
[3, 1, 0, 11, 1]  	1142	10 
[3, 15, 7, 0, 1]  	1145	11 
[2, 17, 0, 5, 1]  	1151	9 
[1, 18, 0, 5, 1]  	1157	8 
[8, 1, 11, 1, 1]  	1158	13 
[3, 0, 6, 7, 1]  	1163	8 
[17, 2, 8, 0, 1]  	1169	11 
[11, 9, 7, 0, 1]  	1171	13 
[4, 1, 13, 1, 1]  	1176	11 
[10, 10, 7, 0, 1]  	1177	15 
[2, 14, 2, 5, 1]  	1182	9 
[10, 0, 11, 1, 1]  	1183	14 
[7, 24, 0, 1, 1]  	1197	11 
[13, 10, 6, 0, 1]  	1199	13 
[4, 0, 1, 11, 1]  	1207	12 
[10, 7, 9, 0, 1]  	1208	12 
[1, 30, 1, 0, 1]  	1212	8 
[2, 16, 8, 0, 1]  	1222	10 
[2, 4, 0, 11, 1]  	1222	9 
[5, 24, 0, 2, 1]  	1227	11 
[1, 17, 8, 0, 1]  	1228	9 
[1, 5, 0, 11, 1]  	1228	8 
[3, 21, 0, 4, 1]  	1238	11 
[2, 2, 0, 12, 1]  	1240	9 
[6, 0, 15, 0, 1]  	1251	12 
[4, 0, 3, 10, 1]  	1257	10 
[8, 0, 0, 11, 1]  	1260	11 
[12, 1, 12, 0, 1]  	1261	10 
[3, 0, 1, 12, 1]  	1268	8 
[1, 20, 7, 0, 1]  	1268	7 
[1, 7, 6, 6, 1]  	1268	7 
[1, 19, 5, 2, 1]  	1273	7 
[2, 0, 8, 7, 1]  	1274	7 
[2, 5, 8, 5, 1]  	1275	8 
[3, 27, 0, 2, 1]  	1276	10 
[6, 27, 0, 1, 1]  	1277	12 
[2, 6, 14, 0, 1]  	1278	9 
[1, 16, 8, 1, 1]  	1283	9 
[1, 4, 0, 12, 1]  	1283	8 
[1, 9, 0, 10, 1]  	1284	7 
[4, 24, 0, 3, 1]  	1288	8 
[3, 0, 0, 13, 1]  	1289	10 
[2, 2, 2, 11, 1]  	1290	9 
[2, 1, 0, 13, 1]  	1295	9 
[2, 0, 7, 8, 1]  	1295	8 
[3, 0, 4, 10, 1]  	1297	8 
[1, 4, 8, 6, 1]  	1299	7 
[3, 2, 3, 10, 1]  	1300	9 
[11, 1, 13, 0, 1]  	1301	10 
[1, 16, 7, 2, 1]  	1304	8 
[2, 2, 10, 5, 1]  	1306	7 
[2, 0, 15, 2, 1]  	1311	7 
[1, 17, 4, 4, 1]  	1312	8 
[1, 4, 3, 10, 1]  	1312	7 
[1, 6, 2, 10, 1]  	1315	7 
[1, 15, 9, 1, 1]  	1317	8 
[3, 0, 3, 11, 1]  	1318	9 
[2, 24, 0, 4, 1]  	1318	9 
[1, 8, 1, 10, 1]  	1318	7 
[2, 2, 5, 9, 1]  	1319	8 
[2, 1, 3, 11, 1]  	1324	8 
[1, 18, 5, 3, 1]  	1328	7 
[2, 0, 1, 13, 1]  	1329	7 
[2, 0, 14, 3, 1]  	1332	8 
[1, 24, 2, 3, 1]  	1337	6 
[1, 3, 0, 13, 1]  	1338	7 
[1, 11, 5, 6, 1]  	1345	7 
[1, 16, 5, 4, 1]  	1346	6 
[2, 0, 0, 14, 1]  	1350	8 
[1, 13, 8, 3, 1]  	1356	6 
[2, 0, 4, 11, 1]  	1358	9 
[1, 12, 6, 5, 1]  	1361	6 
[1, 14, 5, 5, 1]  	1364	7 
[1, 21, 4, 3, 1]  	1368	6 
[1, 2, 1, 13, 1]  	1372	6 
[2, 0, 3, 12, 1]  	1379	7 
[1, 0, 19, 0, 1]  	1380	5 
[1, 7, 9, 5, 1]  	1389	6 
[1, 12, 9, 3, 1]  	1390	5 
[1, 9, 8, 5, 1]  	1392	5 
[1, 2, 0, 14, 1]  	1393	6 
[1, 11, 7, 5, 1]  	1395	6 
[0, 16, 1, 8, 1]  	1399	5 
[1, 2, 4, 11, 1]  	1401	6 
[1, 8, 10, 4, 1]  	1405	5 
[1, 2, 8, 8, 1]  	1409	5 
[1, 1, 6, 10, 1]  	1414	5 
[0, 27, 2, 3, 1]  	1417	4 
[1, 1, 1, 14, 1]  	1427	5 
[0, 21, 4, 4, 1]  	1429	4 
[1, 2, 7, 9, 1]  	1430	4 
[1, 11, 14, 0, 1]  	1432	5 
[1, 1, 5, 11, 1]  	1435	5 
[1, 0, 12, 6, 1]  	1435	4 
[0, 32, 1, 2, 1]  	1439	4 
[0, 19, 0, 8, 1]  	1439	4 
[1, 0, 3, 13, 1]  	1440	5 
[0, 27, 5, 1, 1]  	1446	5 
[0, 26, 3, 3, 1]  	1451	4 
[0, 17, 0, 9, 1]  	1457	5 
[0, 16, 7, 4, 1]  	1457	4 
[0, 22, 0, 7, 1]  	1458	4 
[1, 2, 10, 7, 1]  	1459	5 
[0, 32, 0, 3, 1]  	1460	5 
[0, 18, 6, 4, 1]  	1460	4 
[0, 20, 5, 4, 1]  	1463	4 
[1, 1, 8, 9, 1]  	1464	5 
[1, 0, 15, 4, 1]  	1464	4 
[0, 21, 6, 3, 1]  	1479	3 
[0, 19, 2, 7, 1]  	1489	5 
[0, 18, 9, 2, 1]  	1489	4 
[0, 2, 7, 10, 1]  	1491	3 
[0, 21, 1, 7, 1]  	1492	4 
[1, 0, 9, 9, 1]  	1498	3 
[0, 12, 15, 0, 1]  	1509	3 
[0, 20, 7, 3, 1]  	1513	3 
[0, 3, 3, 13, 1]  	1520	3 
[0, 2, 9, 9, 1]  	1541	2 
[0, 8, 6, 9, 1]  	1550	2 
[0, 13, 6, 7, 1]  	1551	3 
[0, 1, 10, 9, 1]  	1575	2 
[0, 2, 5, 13, 1]  	1625	2 
[0, 1, 7, 13, 1]  	1730	2 
[6, 3, 1, 2, 2]  	552	7 
[3, 3, 7, 2, 2]  	885	7 
[5, 14, 3, 0, 2]  	886	8 
[5, 2, 2, 6, 2]  	923	11 
[14, 2, 5, 1, 2]  	955	15 
[16, 3, 4, 1, 2]  	983	15 
[5, 13, 5, 0, 2]  	991	13 
[4, 12, 6, 0, 2]  	994	10 
[2, 4, 2, 7, 2]  	996	7 
[4, 14, 5, 0, 2]  	997	10 
[11, 1, 2, 6, 2]  	1072	16 
[2, 16, 6, 0, 2]  	1080	9 
[1, 17, 6, 0, 2]  	1086	8 
[1, 17, 5, 1, 2]  	1107	7 
[3, 3, 5, 6, 2]  	1111	10 
[8, 0, 11, 1, 2]  	1121	14 
[1, 16, 6, 1, 2]  	1141	8 
[3, 13, 8, 0, 2]  	1142	10 
[12, 0, 10, 1, 2]  	1174	15 
[9, 7, 9, 0, 2]  	1177	14 
[3, 1, 7, 6, 2]  	1179	10 
[11, 1, 10, 1, 2]  	1180	14 
[9, 11, 7, 0, 2]  	1183	13 
[4, 4, 13, 0, 2]  	1195	11 
[6, 0, 13, 1, 2]  	1201	13 
[2, 1, 0, 12, 2]  	1203	8 
[1, 28, 2, 0, 2]  	1209	8 
[3, 1, 14, 1, 2]  	1216	10 
[9, 10, 8, 0, 2]  	1217	13 
[8, 7, 10, 0, 2]  	1217	11 
[4, 0, 4, 9, 2]  	1236	9 
[2, 0, 1, 12, 2]  	1237	8 
[2, 22, 0, 4, 2]  	1244	10 
[3, 24, 0, 3, 2]  	1257	9 
[10, 1, 13, 0, 2]  	1270	12 
[1, 22, 1, 4, 2]  	1284	8 
[2, 1, 9, 6, 2]  	1290	8 
[1, 26, 3, 1, 2]  	1298	7 
[1, 19, 3, 4, 2]  	1315	8 
[1, 21, 2, 4, 2]  	1318	8 
[2, 1, 16, 1, 2]  	1327	8 
[2, 2, 4, 10, 2]  	1340	8 
[2, 0, 18, 0, 2]  	1340	7 
[1, 8, 8, 5, 2]  	1355	6 
[1, 2, 6, 9, 2]  	1359	6 
[1, 5, 11, 4, 2]  	1365	6 
[0, 32, 3, 0, 2]  	1397	6 
[1, 0, 5, 11, 2]  	1398	5 
[1, 10, 9, 4, 2]  	1408	4 
[0, 14, 1, 9, 2]  	1417	4 
[0, 32, 2, 1, 2]  	1418	6 
[0, 16, 0, 9, 2]  	1420	5 
[0, 34, 1, 1, 2]  	1421	5 
[1, 0, 8, 9, 2]  	1427	4 
[0, 35, 2, 0, 2]  	1437	6 
[0, 14, 13, 0, 2]  	1441	4 
[1, 1, 9, 8, 2]  	1443	6 
[0, 23, 2, 5, 2]  	1453	5 
[1, 1, 4, 12, 2]  	1456	7 
[0, 35, 0, 2, 2]  	1479	3 
[0, 23, 5, 3, 2]  	1482	3 
[0, 19, 11, 0, 2]  	1484	4 
[0, 23, 9, 0, 2]  	1490	4 
[0, 31, 5, 0, 2]  	1502	5 
[0, 14, 10, 3, 2]  	1504	3 
[0, 22, 9, 1, 2]  	1545	4 
[3, 1, 2, 7, 3]  	916	9 
[4, 2, 11, 1, 3]  	1071	10 
[14, 1, 2, 5, 3]  	1073	12 
[6, 11, 7, 0, 3]  	1090	12 
[4, 11, 8, 0, 3]  	1099	10 
[12, 0, 9, 1, 3]  	1103	15 
[12, 2, 8, 1, 3]  	1106	16 
[11, 1, 9, 1, 3]  	1109	15 
[6, 10, 8, 0, 3]  	1124	12 
[4, 10, 9, 0, 3]  	1133	11 
[3, 9, 10, 0, 3]  	1136	10 
[1, 28, 1, 0, 3]  	1138	8 
[4, 0, 13, 1, 3]  	1139	11 
[11, 11, 6, 0, 3]  	1174	13 
[1, 17, 1, 5, 3]  	1191	9 
[1, 16, 8, 0, 3]  	1191	8 
[10, 9, 8, 0, 3]  	1211	11 
[2, 10, 11, 0, 3]  	1213	8 
[2, 21, 1, 4, 3]  	1278	10 
[2, 22, 2, 3, 3]  	1294	8 
[1, 25, 0, 4, 3]  	1324	7 
[2, 25, 1, 3, 3]  	1334	7 
[1, 4, 15, 1, 3]  	1336	6 
[1, 3, 12, 4, 3]  	1362	7 
[0, 30, 0, 3, 3]  	1386	5 
[1, 9, 12, 2, 3]  	1400	7 
[0, 34, 0, 2, 3]  	1442	4 
[0, 18, 2, 7, 3]  	1452	5 
[0, 14, 8, 4, 3]  	1454	4 
[0, 12, 11, 3, 3]  	1501	2 
[0, 2, 14, 5, 3]  	1528	2 
[0, 1, 15, 5, 3]  	1562	2 
[0, 7, 8, 8, 3]  	1563	2 
[0, 1, 14, 6, 3]  	1583	2 
[13, 1, 7, 1, 4]  	1029	14 
[2, 5, 10, 1, 4]  	1049	8 
[1, 17, 0, 5, 4]  	1120	8 
[11, 0, 10, 1, 4]  	1143	14 
[3, 0, 1, 11, 4]  	1176	10 
[4, 19, 0, 4, 4]  	1195	12 
[3, 20, 0, 4, 4]  	1201	11 
[2, 18, 2, 4, 4]  	1238	10 
[2, 26, 1, 2, 4]  	1279	8 
[2, 0, 3, 11, 4]  	1287	8 
[1, 3, 6, 8, 4]  	1304	7 
[1, 23, 4, 2, 4]  	1350	7 
[0, 27, 3, 2, 4]  	1396	5 
[0, 13, 10, 3, 4]  	1467	3 
[0, 21, 2, 6, 4]  	1471	5 
[0, 24, 1, 6, 4]  	1511	5 
[0, 13, 13, 2, 4]  	1588	3 
[9, 10, 7, 0, 5]  	1146	14 
[1, 27, 2, 0, 5]  	1172	8 
[2, 21, 0, 4, 5]  	1207	10 
[1, 19, 2, 4, 5]  	1244	8 
[1, 23, 3, 3, 5]  	1371	6 
[1, 1, 2, 13, 5]  	1406	6 
[0, 29, 5, 0, 5]  	1428	6 
[0, 16, 3, 7, 5]  	1449	5 
[0, 9, 10, 5, 5]  	1503	2 
[0, 25, 8, 1, 5]  	1585	4 
[2, 1, 4, 7, 6]  	1027	8 
[2, 1, 2, 11, 6]  	1253	8 
[2, 0, 6, 9, 6]  	1316	7 
[1, 1, 10, 7, 6]  	1422	6 
[1, 26, 2, 2, 7]  	1319	7 
[1, 2, 10, 6, 7]  	1367	6 
[4, 7, 11, 0, 8]  	1164	12 
[1, 13, 1, 8, 248]  	1319	6 
[1, 1, 17, 1, 249]  	1367	5 
[1, 10, 2, 9, 249]  	1371	5 
[3, 3, 1, 10, 250]  	1195	10 
[3, 2, 15, 0, 250]  	1232	8 
[1, 14, 2, 6, 250]  	1243	7 
[2, 0, 12, 4, 250]  	1282	7 
[1, 2, 13, 3, 250]  	1304	6 
[0, 16, 4, 5, 250]  	1336	5 
[1, 0, 17, 2, 250]  	1422	5 
[2, 0, 11, 2, 251]  	1027	7 
[3, 19, 0, 4, 251]  	1164	11 
[1, 14, 1, 6, 251]  	1172	7 
[7, 4, 12, 0, 251]  	1217	10 
[1, 6, 1, 10, 251]  	1244	6 
[2, 3, 10, 4, 251]  	1251	6 
[1, 11, 2, 8, 251]  	1316	5 
[1, 15, 0, 8, 251]  	1322	7 
[1, 7, 15, 0, 251]  	1355	5 
[0, 28, 2, 2, 251]  	1362	5 
[0, 15, 10, 2, 251]  	1449	4 
[0, 2, 0, 15, 251]  	1454	3 
[0, 8, 17, 0, 251]  	1503	1 
[0, 11, 0, 12, 251]  	1511	3 
[3, 2, 9, 2, 252]  	990	6 
[12, 12, 3, 0, 252]  	1029	13 
[3, 14, 0, 5, 252]  	1071	9 
[4, 6, 4, 5, 252]  	1090	8 
[2, 5, 12, 0, 252]  	1099	6 
[3, 2, 12, 1, 252]  	1111	8 
[5, 5, 11, 0, 252]  	1121	9 
[8, 7, 9, 0, 252]  	1146	13 
[3, 4, 13, 0, 252]  	1164	8 
[8, 2, 12, 0, 252]  	1174	9 
[1, 16, 0, 6, 252]  	1175	6 
[8, 4, 11, 0, 252]  	1177	10 
[6, 2, 13, 0, 252]  	1183	10 
[1, 4, 0, 11, 252]  	1191	6 
[1, 5, 1, 10, 252]  	1207	6 
[2, 16, 4, 3, 252]  	1214	5 
[2, 14, 4, 4, 252]  	1232	6 
[2, 16, 3, 4, 252]  	1235	9 
[1, 5, 4, 8, 252]  	1236	3 
[2, 0, 9, 6, 252]  	1253	7 
[3, 0, 10, 5, 252]  	1263	7 
[2, 3, 9, 5, 252]  	1272	7 
[1, 10, 2, 8, 252]  	1279	5 
[1, 4, 12, 3, 252]  	1307	7 
[1, 6, 16, 0, 252]  	1389	4 
[0, 14, 2, 8, 252]  	1396	4 
[0, 1, 2, 14, 252]  	1467	1 
[0, 0, 3, 14, 252]  	1501	1 
[0, 6, 15, 3, 252]  	1563	1 
[0, 1, 5, 13, 252]  	1588	2 
[3, 0, 9, 2, 253]  	916	5 
[5, 0, 4, 6, 253]  	991	7 
[4, 11, 0, 5, 253]  	991	8 
[2, 3, 9, 2, 253]  	996	5 
[4, 2, 12, 0, 253]  	1050	8 
[14, 0, 9, 0, 253]  	1073	9 
[5, 7, 10, 0, 253]  	1124	10 
[2, 4, 13, 0, 253]  	1133	6 
[9, 2, 11, 0, 253]  	1134	9 
[12, 0, 3, 6, 253]  	1137	10 
[1, 15, 0, 6, 253]  	1138	4 
[2, 2, 13, 1, 253]  	1151	6 
[2, 4, 12, 1, 253]  	1154	8 
[3, 2, 14, 0, 253]  	1161	8 
[1, 8, 2, 8, 253]  	1205	5 
[1, 8, 6, 5, 253]  	1213	5 
[1, 5, 8, 5, 253]  	1244	5 
[1, 8, 0, 10, 253]  	1247	6 
[1, 6, 13, 1, 253]  	1268	3 
[1, 19, 4, 3, 253]  	1294	7 
[1, 3, 15, 1, 253]  	1299	5 
[1, 12, 0, 9, 253]  	1303	4 
[1, 24, 3, 2, 253]  	1316	6 
[1, 10, 12, 1, 253]  	1345	5 
[0, 34, 2, 0, 253]  	1400	4 
[1, 0, 9, 8, 253]  	1406	4 
[0, 20, 9, 1, 253]  	1471	4 
[0, 8, 0, 13, 253]  	1492	2 
[0, 5, 2, 13, 253]  	1523	2 
[0, 1, 21, 0, 253]  	1528	1 
[0, 7, 13, 4, 253]  	1550	1 
[0, 0, 22, 0, 253]  	1562	1 
[0, 0, 21, 1, 253]  	1583	1 
[5, 0, 3, 2, 254]  	552	6 
[2, 14, 3, 1, 254]  	885	5 
[3, 9, 0, 5, 254]  	886	6 
[13, 13, 1, 0, 254]  	955	6 
[5, 2, 11, 0, 254]  	1010	6 
[1, 12, 0, 6, 254]  	1027	3 
[3, 3, 4, 6, 254]  	1040	8 
[1, 16, 6, 0, 254]  	1049	7 
[1, 2, 12, 1, 254]  	1049	4 
[5, 8, 2, 5, 254]  	1053	10 
[1, 9, 2, 6, 254]  	1058	3 
[2, 3, 5, 6, 254]  	1080	7 
[2, 5, 4, 6, 254]  	1083	7 
[1, 6, 4, 6, 254]  	1089	3 
[1, 4, 0, 10, 254]  	1099	6 
[9, 5, 9, 0, 254]  	1103	11 
[11, 13, 4, 0, 254]  	1106	12 
[1, 4, 4, 7, 254]  	1107	6 
[3, 14, 7, 0, 254]  	1108	8 
[10, 12, 5, 0, 254]  	1109	8 
[1, 3, 6, 6, 254]  	1120	3 
[3, 4, 6, 5, 254]  	1127	9 
[2, 5, 6, 5, 254]  	1133	8 
[10, 4, 10, 0, 254]  	1168	6 
[2, 10, 4, 5, 254]  	1176	6 
[3, 2, 8, 5, 254]  	1195	9 
[2, 12, 10, 0, 254]  	1216	8 
[1, 15, 9, 0, 254]  	1225	7 
[4, 1, 15, 0, 254]  	1226	6 
[2, 3, 15, 0, 254]  	1238	6 
[1, 3, 0, 12, 254]  	1246	6 
[3, 1, 16, 0, 254]  	1266	5 
[2, 2, 16, 0, 254]  	1272	4 
[1, 3, 3, 10, 254]  	1275	4 
[1, 23, 3, 2, 254]  	1279	6 
[1, 2, 1, 12, 254]  	1280	5 
[1, 27, 1, 2, 254]  	1285	5 
[0, 15, 4, 5, 254]  	1299	4 
[0, 6, 1, 11, 254]  	1305	2 
[1, 27, 0, 3, 254]  	1306	3 
[1, 3, 10, 5, 254]  	1312	6 
[1, 1, 15, 2, 254]  	1317	4 
[1, 9, 11, 2, 254]  	1329	4 
[1, 22, 3, 3, 254]  	1334	5 
[0, 6, 4, 9, 254]  	1334	2 
[1, 1, 13, 4, 254]  	1359	4 
[0, 30, 1, 2, 254]  	1365	4 
[0, 16, 6, 4, 254]  	1386	4 
[1, 10, 14, 0, 254]  	1395	5 
[0, 9, 2, 10, 254]  	1395	2 
[0, 24, 2, 4, 254]  	1398	4 
[0, 15, 8, 3, 254]  	1399	3 
[0, 8, 0, 12, 254]  	1400	3 
[0, 38, 0, 0, 254]  	1406	3 
[0, 5, 3, 11, 254]  	1410	2 
[0, 13, 8, 4, 254]  	1417	3 
[0, 19, 1, 7, 254]  	1418	4 
[0, 21, 0, 7, 254]  	1421	4 
[0, 19, 5, 4, 254]  	1426	4 
[0, 24, 5, 2, 254]  	1427	2 
[0, 12, 1, 10, 254]  	1435	2 
[0, 4, 0, 14, 254]  	1436	1 
[0, 5, 6, 9, 254]  	1439	2 
[0, 20, 6, 3, 254]  	1442	3 
[0, 17, 9, 2, 254]  	1452	3 
[0, 5, 1, 13, 254]  	1452	1 
[1, 0, 11, 7, 254]  	1456	4 
[0, 3, 19, 0, 254]  	1460	1 
[0, 7, 17, 0, 254]  	1466	1 
[0, 6, 15, 2, 254]  	1471	1 
[0, 6, 18, 0, 254]  	1500	1 
[0, 6, 13, 4, 254]  	1513	1 
[0, 6, 17, 1, 254]  	1521	1 
[3, 9, 1, 0, 255]  	497	4 
[1, 4, 0, 6, 255]  	731	3 
[4, 0, 7, 2, 255]  	805	5 
[2, 19, 1, 0, 255]  	836	3 
[2, 16, 3, 0, 255]  	867	5 
[5, 1, 2, 6, 255]  	886	7 
[3, 3, 2, 6, 255]  	898	3 
[2, 14, 5, 0, 255]  	935	2 
[2, 6, 3, 5, 255]  	957	6 
[1, 3, 5, 5, 255]  	957	5 
[1, 2, 12, 0, 255]  	957	2 
[2, 3, 2, 7, 255]  	959	6 
[4, 0, 4, 6, 255]  	960	8 
[2, 11, 7, 0, 255]  	966	2 
[1, 3, 4, 6, 255]  	978	3 
[1, 2, 11, 1, 255]  	978	2 
[5, 6, 2, 5, 255]  	979	8 
[4, 3, 4, 5, 255]  	979	7 
[15, 14, 0, 0, 255]  	983	14 
[9, 2, 9, 0, 255]  	992	5 
[1, 0, 11, 2, 255]  	996	2 
[2, 8, 9, 0, 255]  	997	2 
[3, 0, 4, 7, 255]  	1021	4 
[17, 0, 7, 0, 255]  	1024	4 
[3, 7, 10, 0, 255]  	1062	3 
[2, 6, 11, 0, 255]  	1065	2 
[6, 7, 9, 0, 255]  	1084	9 
[4, 5, 11, 0, 255]  	1090	9 
[13, 0, 2, 6, 255]  	1097	8 
[2, 16, 0, 5, 255]  	1114	8 
[1, 3, 1, 10, 255]  	1133	3 
[5, 19, 0, 3, 255]  	1134	7 
[1, 18, 1, 4, 255]  	1136	2 
[3, 0, 7, 6, 255]  	1142	7 
[8, 5, 10, 0, 255]  	1143	10 
[3, 1, 13, 1, 255]  	1145	8 
[2, 13, 2, 5, 255]  	1145	7 
[3, 1, 8, 5, 255]  	1158	6 
[4, 0, 3, 9, 255]  	1165	7 
[0, 30, 1, 0, 255]  	1181	3 
[4, 0, 15, 0, 255]  	1189	4 
[4, 24, 0, 2, 255]  	1196	9 
[2, 1, 9, 5, 255]  	1198	5 
[2, 17, 2, 4, 255]  	1201	6 
[3, 25, 0, 2, 255]  	1202	8 
[1, 26, 3, 0, 255]  	1206	6 
[8, 1, 13, 0, 255]  	1208	9 
[7, 0, 1, 10, 255]  	1208	7 
[1, 2, 0, 12, 255]  	1209	4 
[3, 0, 16, 0, 255]  	1229	2 
[0, 29, 1, 1, 255]  	1236	5 
[0, 6, 4, 8, 255]  	1242	1 
[2, 0, 5, 9, 255]  	1245	6 
[1, 24, 2, 2, 255]  	1245	4 
[7, 1, 14, 0, 255]  	1248	7 
[6, 0, 2, 10, 255]  	1248	6 
[0, 28, 3, 0, 255]  	1249	3 
[1, 18, 4, 3, 255]  	1257	6 
[1, 4, 10, 4, 255]  	1257	5 
[11, 0, 0, 10, 255]  	1261	8 
[2, 25, 0, 3, 255]  	1263	4 
[1, 15, 7, 2, 255]  	1267	6 
[0, 5, 1, 11, 255]  	1268	1 
[0, 16, 7, 2, 255]  	1273	2 
[2, 0, 16, 1, 255]  	1290	6 
[0, 19, 2, 5, 255]  	1305	5 
[1, 0, 18, 0, 255]  	1309	2 
[0, 18, 4, 4, 255]  	1318	1 
[1, 26, 1, 3, 255]  	1340	6 
[0, 19, 0, 7, 255]  	1347	3 
[0, 5, 6, 8, 255]  	1347	1 
[0, 0, 19, 0, 255]  	1349	1 
[0, 24, 4, 2, 255]  	1356	1 
[0, 17, 0, 8, 255]  	1365	3 
[0, 15, 9, 2, 255]  	1378	2 
[0, 26, 2, 3, 255]  	1380	2 
[0, 12, 8, 4, 255]  	1380	1 
[0, 21, 1, 6, 255]  	1400	4 
[0, 12, 11, 2, 255]  	1409	1 
[0, 17, 11, 0, 255]  	1410	4 
[0, 1, 0, 15, 255]  	1417	2 
[0, 2, 6, 10, 255]  	1420	2 
[0, 8, 3, 10, 255]  	1429	2 
[0, 6, 17, 0, 255]  	1429	1 
[0, 13, 3, 8, 255]  	1430	2 
[0, 24, 0, 6, 255]  	1440	1 
[0, 2, 5, 11, 255]  	1441	2 
[0, 6, 12, 4, 255]  	1442	1 
[0, 26, 7, 0, 255]  	1459	2 
[0, 1, 9, 9, 255]  	1504	2 
[0, 0, 16, 4, 255]  	1504	1 
[0, 2, 10, 8, 255]  	1520	1 
[0, 0, 12, 8, 255]  	1588	1 
------
The gap is between 9 and 247.
Lengths: 5 5 8 10 5 7.
For 1536 = 3*d-d1-d2-d3-d4 you get 5 in char 0.
1 + 0*2^64 + 0*2^128 + 0*2^192*y^17*z^5*w^6
1 + 0*2^64 + 0*2^128 + 0*2^192*y^16*z^12*w^1
1 + 0*2^64 + 0*2^128 + 0*2^192*y^4*z^4*w^12
1 + 0*2^64 + 0*2^128 + 0*2^192*y^3*z^11*w^7
1 + 0*2^64 + 0*2^128 + 0*2^192*y^2*z^18*w^2

For 947 = 2*d-d1-d2-d3-d4 you get 8 in char 0.
1 + 0*2^64 + 0*2^128 + 0*2^192*x^14*y^2*z^1*w^4
1 + 0*2^64 + 0*2^128 + 0*2^192*x^2*y^22*z^1
1 + 0*2^64 + 0*2^128 + 0*2^192*x^1*y^19*z^3
1 + 0*2^64 + 0*2^128 + 0*2^192*x^1*y^6*z^2*w^6
1 + 0*2^64 + 0*2^128 + 0*2^192*x^1*y^5*z^9*w^1
1 + 0*2^64 + 0*2^128 + 0*2^192*y^16*z^5
1 + 0*2^64 + 0*2^128 + 0*2^192*y^3*z^4*w^6
1 + 0*2^64 + 0*2^128 + 0*2^192*y^2*z^11*w^1

For 358 = d-d1-d2-d3-d4 you get 5 in char 0.
1 + 0*2^64 + 0*2^128 + 0*2^192*x^5*y^3*w^1
1 + 0*2^64 + 0*2^128 + 0*2^192*x^4*z^2*w^1
1 + 0*2^64 + 0*2^128 + 0*2^192*x^2*y^8
1 + 0*2^64 + 0*2^128 + 0*2^192*x^1*y^5*z^2
1 + 0*2^64 + 0*2^128 + 0*2^192*y^2*z^4

Extra powers of p used 7.
The invariant extra is equal to 33.
Start computing 2^4 Delta^1 (x1x2x3x4)^1... Done.
Start computing 2^5 Delta^2 (x1x2x3x4)^1... Done.
Start computing 2^6 Delta^3 (x1x2x3x4)^1... Done.
Start computing 2^7 Delta^4 (x1x2x3x4)^1... Done.
Start computing 2^8 Delta^5 (x1x2x3x4)^1... Done.
Start computing 2^9 Delta^6 (x1x2x3x4)^1... Done.
Start computing 2^10 Delta^7 (x1x2x3x4)^1... Done.
Start computing 2^11 Delta^8 (x1x2x3x4)^1... Done.
Start computing 2^12 Delta^9 (x1x2x3x4)^1... Done.
Start computing 2^13 Delta^10 (x1x2x3x4)^1... Done.
Start computing 2^14 Delta^11 (x1x2x3x4)^1... Done.
Start computing 2^15 Delta^12 (x1x2x3x4)^1... Done.
Start computing 2^16 Delta^13 (x1x2x3x4)^1... Done.
Start computing 2^17 Delta^14 (x1x2x3x4)^1... Done.
Start computing 2^18 Delta^15 (x1x2x3x4)^1... Done.
Start computing 2^19 Delta^16 (x1x2x3x4)^1... Done.
Start computing 2^20 Delta^17 (x1x2x3x4)^1... Done.
Start computing 2^21 Delta^18 (x1x2x3x4)^1... Done.
Start computing 2^22 Delta^19 (x1x2x3x4)^1... Done.
Start computing 2^23 Delta^20 (x1x2x3x4)^1... Done.
Start computing 2^24 Delta^21 (x1x2x3x4)^1... Done.
Start computing 2^25 Delta^22 (x1x2x3x4)^1... Done.
Start computing 2^26 Delta^23 (x1x2x3x4)^1... Done.
Start computing 2^27 Delta^24 (x1x2x3x4)^1... Done.
Start computing 2^28 Delta^25 (x1x2x3x4)^1... Done.
Start computing 2^29 Delta^26 (x1x2x3x4)^1... Done.
Start computing 2^30 Delta^27 (x1x2x3x4)^1... Done.
Start computing 2^31 Delta^28 (x1x2x3x4)^1... Done.
Start computing 2^32 Delta^29 (x1x2x3x4)^1... Done.
Start computing 2^33 Delta^30 (x1x2x3x4)^1... Done.
Start computing 2^34 Delta^31 (x1x2x3x4)^1... Done.
Start computing 2^35 Delta^32 (x1x2x3x4)^1... Done.
Start computing 2^36 Delta^33 (x1x2x3x4)^1... Done.
Start computing 2^37 Delta^34 (x1x2x3x4)^1... Done.
Start computing 2^38 Delta^35 (x1x2x3x4)^1... Done.
Start computing aa.
1 2 3 4 5 6 7 8 9 10 11 12 13 14 15 16 17 18 
*/
A = \
[14398478108763219864 + 13982784546548410327*2^64 + 748602882428250025*2^128 + 2547986645*2^192,13412034961224837032 + 11727407722241779319*2^64 + 6061461403869790153*2^128 + 14921851326*2^192,2549891573210088090 + 6248649336343230006*2^64 + 17492167480467219170*2^128 + 55146001615*2^192,2182187987623703500 + 16232006189501682204*2^64 + 1071134485698459237*2^128 + 4258953872*2^192,3577295381697395294 + 6744427600736577124*2^64 + 18388514914728530390*2^128 + 65481367954*2^192,13630349217549634348 + 12094250359600624547*2^64 + 16555110039161116302*2^128 + 53415468826*2^192,4320529305654164864 + 16949407222938421462*2^64 + 1130216635429059189*2^128 + 64150357111*2^192,11837924403017967984 + 13504369677472322976*2^64 + 17921225076114083927*2^128 + 48721773994*2^192,2222303762574814356 + 3580232971171383643*2^64 + 17002680732414022658*2^128 + 35270734341*2^192,16763900456199922864 + 17372906875857383904*2^64 + 13026598791277149350*2^128 + 26076519881*2^192,17135340574587494432 + 3406133665594863567*2^64 + 12977743829014561651*2^128 + 41393091045*2^192,9629693396680923860 + 3271515711868772886*2^64 + 11730427810073118236*2^128 + 31803370907*2^192,3778425884344655208 + 12185656270485333917*2^64 + 5760538128059135596*2^128 + 4697670895*2^192,8048916849261951440 + 11242515048830470293*2^64 + 1037139619920077869*2^128 + 57435284271*2^192,17795732471252522024 + 8946516245546084588*2^64 + 6414146006163034643*2^128 + 41393477001*2^192,17392563826387992544 + 10583009070355265659*2^64 + 16499829023221859032*2^128 + 66947601026*2^192,4294254865775921536 + 742283117814758398*2^64 + 2651480648614321878*2^128 + 19174783396*2^192,10065117392126262048 + 9162584905554307214*2^64 + 12065935250127124222*2^128 + 43834940687*2^192;\
8731592555729870832 + 2906672519950871398*2^64 + 10242742534691458258*2^128 + 47216788672*2^192,10774696742207424272 + 16886763909194717361*2^64 + 8618572360922544323*2^128 + 48791397233*2^192,18089550188012897188 + 6137122131786784282*2^64 + 17123991343067307891*2^128 + 37795191520*2^192,12678436969797952888 + 507425440660958522*2^64 + 15151706510065703607*2^128 + 33022849682*2^192,18228658829190059916 + 7705935877273815277*2^64 + 4637198907409794625*2^128 + 48250313262*2^192,7991103304535819128 + 8158242306326849050*2^64 + 9401355434610708299*2^128 + 339837856*2^192,12038381619901393920 + 15019709869223486653*2^64 + 2179243057893335701*2^128 + 57807774487*2^192,7514917028409072736 + 6237562383158558016*2^64 + 10779617589622240804*2^128 + 16759954446*2^192,17398583401732015624 + 13635048664376476415*2^64 + 15895399957959402549*2^128 + 29989078461*2^192,2072745029798884576 + 6290735802839051752*2^64 + 4043679383245427117*2^128 + 65919764436*2^192,4073029016291640896 + 1159236543074711900*2^64 + 8134148232173226566*2^128 + 7627821837*2^192,15712885482272097160 + 10544274254499160969*2^64 + 15497828763851401975*2^128 + 13579260736*2^192,16244509596622057872 + 4316314439677603517*2^64 + 4378872362418552456*2^128 + 65764471831*2^192,13992315885594908192 + 2138552283357140129*2^64 + 16213922115420301440*2^128 + 60748095742*2^192,117787129489327888 + 10725192116104664482*2^64 + 8004963196269510112*2^128 + 17762827975*2^192,6222758703078249152 + 7267596367815520892*2^64 + 1930465901957454145*2^128 + 10794085651*2^192,2913741536165990656 + 9412761652471292906*2^64 + 17208404575019489583*2^128 + 60603119299*2^192,16615335090746257216 + 17316117964064781126*2^64 + 7811193084671895306*2^128 + 63636076855*2^192;\
4026720312566534504 + 12246441150778054953*2^64 + 13079388444341241119*2^128 + 49225345086*2^192,17784164287672795800 + 678909771869923497*2^64 + 17276434399556611505*2^128 + 7699842273*2^192,16197929111246020886 + 1089640371413158654*2^64 + 6848252996395881974*2^128 + 24821191872*2^192,9721891849832147412 + 4253286007027648283*2^64 + 1500310305940181148*2^128 + 3280242579*2^192,8645971013198120050 + 3209724014990321000*2^64 + 8369671490014540108*2^128 + 19205926361*2^192,17940482072136092148 + 10409964410216804650*2^64 + 11825897804781585886*2^128 + 7132943601*2^192,1738770404314090368 + 17079418752481925410*2^64 + 3708067080848666081*2^128 + 22357366806*2^192,13602474174668028176 + 16342100979050158490*2^64 + 17023196059542015931*2^128 + 44622359541*2^192,1213211307925663052 + 9632658375126461103*2^64 + 3190199691115193152*2^128 + 41275197725*2^192,4722965019619447248 + 15805646301095542765*2^64 + 7379140516884859478*2^128 + 67361460183*2^192,18087053675337655264 + 9119181968450255295*2^64 + 17372984172764069212*2^128 + 64913617899*2^192,8101634646898677004 + 15213166725435129431*2^64 + 14731390839217836317*2^128 + 23831989665*2^192,16059498676974959704 + 16580985163309034779*2^64 + 15742629382538394419*2^128 + 11257595574*2^192,14740337491698031024 + 1279651841211801020*2^64 + 15992815133634914315*2^128 + 20170577565*2^192,13994045841140843416 + 7486362564626356796*2^64 + 17583341838209009592*2^128 + 39968816847*2^192,11257932745808092704 + 12669215773328748131*2^64 + 10326255942950648678*2^128 + 68325967864*2^192,5138086191639463552 + 8363423114125968800*2^64 + 9793210777801398225*2^128 + 38541781857*2^192,138901353141262048 + 731926402304467638*2^64 + 10756173802647173609*2^128 + 48166713704*2^192;\
4541673344797289008 + 8609790142188919837*2^64 + 3536267046519646949*2^128 + 22113473785*2^192,1208533992161665488 + 9576432128855901685*2^64 + 2314150787786594920*2^128 + 42728386800*2^192,1034126053290624852 + 8485577221224533794*2^64 + 783045828922186409*2^128 + 46772530541*2^192,2619346099618476888 + 1420125247214529768*2^64 + 1510828501395971230*2^128 + 46596593375*2^192,5683998232597116956 + 4841192189874285642*2^64 + 13591336598282937830*2^128 + 37069432497*2^192,12635646903728869144 + 8804634460208731120*2^64 + 6725515475280812953*2^128 + 47605121896*2^192,2450079263855288576 + 15718298962254646842*2^64 + 6777396303789128425*2^128 + 35290006202*2^192,7654840207699545056 + 7122168621316495493*2^64 + 930581256351171621*2^128 + 19020220576*2^192,3232537847516668264 + 5823178729759259028*2^64 + 3904503118097078160*2^128 + 44491710751*2^192,11303647908098557024 + 12473863428324931369*2^64 + 11946280549621833507*2^128 + 23504223890*2^192,6658487715874972224 + 13279017675649520059*2^64 + 51599972198375771*2^128 + 11232682583*2^192,63184047755780072 + 15050506391184502469*2^64 + 15039875265500416128*2^128 + 8159057308*2^192,1305490702250627920 + 5525101998607787324*2^64 + 13776722443764289277*2^128 + 51748886328*2^192,5667824893779658400 + 17685842623808624592*2^64 + 1317926998784733102*2^128 + 26086230896*2^192,13833745574672772304 + 7675185786513840355*2^64 + 2962468626221444849*2^128 + 3486112634*2^192,7675832672968224192 + 3454544242312106903*2^64 + 1352778585586130222*2^128 + 44541661566*2^192,16342455543045808384 + 16458870254481299508*2^64 + 12087144341008731444*2^128 + 26826585759*2^192,17731904856308586560 + 11802041874991081455*2^64 + 12433029521403275686*2^128 + 9769403098*2^192;\
8671882695718756960 + 13960703390255331558*2^64 + 6613456012095270775*2^128 + 3425982263*2^192,17112142754075138272 + 14882625171751508187*2^64 + 5586813151669678441*2^128 + 27327735547*2^192,17273985023174992904 + 2499649554917944008*2^64 + 10350966153613233089*2^128 + 34022918717*2^192,5786811827804219440 + 4727928777066575745*2^64 + 3358692892994147817*2^128 + 15258133811*2^192,11286888360590429848 + 15568022592666469756*2^64 + 15789116321262063481*2^128 + 13290637016*2^192,8355160908381182064 + 12018529329418922121*2^64 + 761546014887333757*2^128 + 24743046511*2^192,6286536388530201344 + 11389829565379218775*2^64 + 3161523184119677889*2^128 + 42360725016*2^192,12181265313950222272 + 14107372230687101339*2^64 + 2023152796125914480*2^128 + 1207304706*2^192,8539853594792165264 + 15804769302170769233*2^64 + 17326383423941356574*2^128 + 50393670968*2^192,14906773452165380544 + 1110103105052407940*2^64 + 16904829553282877398*2^128 + 45773210191*2^192,5978800622041101184 + 2535552193940377781*2^64 + 10650903520089580811*2^128 + 14254835224*2^192,2387227221156783248 + 949780359179841521*2^64 + 14440969466282265370*2^128 + 24199977964*2^192,9389450620284765984 + 10098629176383634827*2^64 + 1692424444093004688*2^128 + 44233273459*2^192,5248842500438007360 + 4075761449434295180*2^64 + 9624688308904520448*2^128 + 28505286680*2^192,11202427245186904608 + 2774036772611043808*2^64 + 7419088999671392868*2^128 + 19033858502*2^192,11499829421900469632 + 500291469090407204*2^64 + 6654297896076705471*2^128 + 39397364962*2^192,13142964864458034432 + 2985878156264102134*2^64 + 2029404273885050395*2^128 + 22709239285*2^192,13482214371793083008 + 3270413686705927566*2^64 + 724776533811723628*2^128 + 44934302430*2^192;\
13197174842995843876 + 4848824866278577406*2^64 + 7503364537621166003*2^128 + 11958187030*2^192,11775595623984608668 + 11256419100147279236*2^64 + 2789704478920042949*2^128 + 29595773861*2^192,10810023636752042751 + 11256754341010986795*2^64 + 14470062325066099245*2^128 + 5281119141*2^192,4268088816425305634 + 17699437714810493369*2^64 + 11624064894575969123*2^128 + 31821188397*2^192,16951970946391277237 + 6307546878556416783*2^64 + 768842890375259606*2^128 + 8764341835*2^192,16877494324482927058 + 4938728035518811216*2^64 + 14703324833958673924*2^128 + 21149316970*2^192,3711587974131559616 + 7485212693480808917*2^64 + 6306625601471739229*2^128 + 13244447523*2^192,18426566844038390888 + 16461140393560676470*2^64 + 10683395043099808397*2^128 + 15785794552*2^192,15943641456190128462 + 8162834540704737670*2^64 + 10853290570471373956*2^128 + 15893854049*2^192,6833293004396807496 + 13680618562525148947*2^64 + 4229599694493205786*2^128 + 23395842204*2^192,12145876041955146800 + 9965449313043643225*2^64 + 11737777244515839660*2^128 + 6680624717*2^192,17499654566056867246 + 2376866505154184569*2^64 + 17736129061858403134*2^128 + 4130084505*2^192,6496638093536696828 + 4022753434258130018*2^64 + 5145940584168845178*2^128 + 19541559564*2^192,2538015523817559032 + 4156381163880664387*2^64 + 14967295616943323676*2^128 + 17980949375*2^192,10428900429708032412 + 16765541908570401154*2^64 + 10114717107846496023*2^128 + 5372282135*2^192,13191798789284723664 + 6257619207613224590*2^64 + 468328051529869557*2^128 + 7320237149*2^192,10298297045661600576 + 13384402140109692184*2^64 + 13248544842113544694*2^128 + 3965502026*2^192,863080435120530096 + 16211282216037991758*2^64 + 15041688156618917883*2^128 + 28516452556*2^192;\
16495363614222363284 + 4395209721758669299*2^64 + 16302612945983720181*2^128 + 18651200688*2^192,17258597485851443564 + 704277355503801665*2^64 + 16814518726676414361*2^128 + 8162497264*2^192,10049997769601024499 + 1038347603894256324*2^64 + 1553570045170294161*2^128 + 32853428679*2^192,3908097636659853786 + 303654754878202315*2^64 + 15011423699681856116*2^128 + 9949690811*2^192,14499987614209381809 + 15553809902525337748*2^64 + 17682945253865268263*2^128 + 19576647502*2^192,572926495489117354 + 15012834301288630691*2^64 + 3552011032327254793*2^128 + 35487052427*2^192,79471226095290432 + 10947167811765256058*2^64 + 18253737427262537005*2^128 + 18969110877*2^192,4937385541289840712 + 9991748592225949201*2^64 + 3212874838357422912*2^128 + 64944333419*2^192,3424619641067232694 + 1319135189817052999*2^64 + 14872226961767876419*2^128 + 13065012456*2^192,12525477161748560168 + 13773765917213980904*2^64 + 17162711492677520834*2^128 + 12141695633*2^192,14078946890830826224 + 16470939363619037960*2^64 + 17070055964416389324*2^128 + 36916336503*2^192,2736589637551973526 + 2513108418892043648*2^64 + 15245192887208780692*2^128 + 31963341815*2^192,8886406753295042252 + 6234344438073908179*2^64 + 4868551170813483276*2^128 + 16596174102*2^192,17108627328100131096 + 12398425843285826151*2^64 + 12794947917466566160*2^128 + 46478654829*2^192,4557615476797749612 + 10874495236390959003*2^64 + 16707735711675659755*2^128 + 26938994599*2^192,18022495133747586192 + 9051683651246350357*2^64 + 10049599379442170296*2^128 + 62574818957*2^192,9467934443596677312 + 4965166339316810599*2^64 + 4926201835045055505*2^128 + 52291169507*2^192,7250988846874083312 + 15718038723915939744*2^64 + 909811292353004161*2^128 + 2500596684*2^192;\
3692299504073286760 + 12180937427186890456*2^64 + 4410412821956867960*2^128 + 13284569618*2^192,363171062637689432 + 17122817091621229347*2^64 + 3940105514314880333*2^128 + 50661422626*2^192,16524130943519724150 + 11404818285886617302*2^64 + 8331186116125430279*2^128 + 44743776109*2^192,6983745824761052084 + 1948770725507922705*2^64 + 5794857803314596425*2^128 + 52219151235*2^192,11282584215982023314 + 16882729618462038016*2^64 + 10151012612962234801*2^128 + 47621472807*2^192,11473921413707363892 + 13540087868837225379*2^64 + 15194043895721073474*2^128 + 34614384232*2^192,3842237221077965312 + 4783551445383374163*2^64 + 11366163330786270848*2^128 + 61333730053*2^192,17502348428175702288 + 3039619535851417990*2^64 + 444740909591931939*2^128 + 40447869681*2^192,13209968392788424972 + 7585511789000683359*2^64 + 7368164983674257295*2^128 + 37542937445*2^192,2666036568737208400 + 15313930202067570050*2^64 + 545462142032118967*2^128 + 58888897306*2^192,14617986131095818848 + 15365809610442695800*2^64 + 734472626026034511*2^128 + 25555581762*2^192,7840354197554087244 + 2890255843439185470*2^64 + 7935408903403304664*2^128 + 30940523739*2^192,17767730072580594776 + 4945277056345394454*2^64 + 13525371293898026000*2^128 + 56583617239*2^192,7695791762704886576 + 3869184531901504943*2^64 + 13953606029611523299*2^128 + 36539511144*2^192,848933817133483416 + 13604013330622649622*2^64 + 14491772838281893053*2^128 + 30355810982*2^192,5695539106650912 + 3303812267501217890*2^64 + 1553564176852132218*2^128 + 26925113607*2^192,2940675558385600640 + 7164749205365283469*2^64 + 140446947608709999*2^128 + 58895500562*2^192,2543202592909295584 + 2986257149128696940*2^64 + 12991689115043943871*2^128 + 23839032701*2^192;\
17536965158551725960 + 12843736523317092159*2^64 + 13781648105715457356*2^128 + 2570848005*2^192,11176388410529233272 + 13452852010385092771*2^64 + 8392456124534885796*2^128 + 59125675403*2^192,595965824664056602 + 11205857369653010655*2^64 + 2343946153071976306*2^128 + 42593600599*2^192,7070432818113136364 + 1211210031529553571*2^64 + 1344374096322072880*2^128 + 15290195647*2^192,12288044756971105518 + 14954706835526687181*2^64 + 5699361417068013809*2^128 + 13449893626*2^192,6302759792659652876 + 12401218628713040432*2^64 + 9025869188880372216*2^128 + 30584365355*2^192,12034179124117278080 + 13140800410775675395*2^64 + 14237983166078175432*2^128 + 27357377712*2^192,17610737496492585200 + 1090664502776895761*2^64 + 6051028698579424514*2^128 + 36407676222*2^192,11771328958298198004 + 1285851525240979686*2^64 + 9024714871197497589*2^128 + 54473328066*2^192,10106729083537817776 + 770606316250169033*2^64 + 15879617048778777997*2^128 + 37615336449*2^192,14832480385308134944 + 10517584046635137409*2^64 + 15742454252655582375*2^128 + 38237462513*2^192,297116761682933236 + 9541411622366912916*2^64 + 6651048435780990689*2^128 + 67430141137*2^192,8502463101575537768 + 11981096488287334387*2^64 + 7952815179317288318*2^128 + 57616838298*2^192,6036671180084893072 + 17093068080613743941*2^64 + 3891711178455874522*2^128 + 23517742472*2^192,8120520928542184552 + 8408046675116906066*2^64 + 12295627629441995865*2^128 + 61362451008*2^192,9066200233750988192 + 16214642127904281734*2^64 + 10496352630073042180*2^128 + 48225842968*2^192,3033024356050064128 + 17686693658639731107*2^64 + 11369855698061619265*2^128 + 36631574394*2^192,3861942260947354208 + 9859267729387941865*2^64 + 13351377949812795423*2^128 + 60964895343*2^192;\
16131934704380749336 + 14335841931406437984*2^64 + 9803238215654762547*2^128 + 67840224268*2^192,2869979002159025192 + 14797118594662327930*2^64 + 198723918594060081*2^128 + 60822277042*2^192,15100141843031830314 + 11078929576559884254*2^64 + 5146277203553867190*2^128 + 17678887014*2^192,160114439659893996 + 7415702320558413972*2^64 + 2942779567955294191*2^128 + 64831863105*2^192,13606139589278065806 + 14899138339232344464*2^64 + 8796466796548064575*2^128 + 59911625280*2^192,16802449165443077772 + 425401843954451234*2^64 + 3022384557087820974*2^128 + 387680546*2^192,15470863729454030976 + 2430735269710112726*2^64 + 1096556531643584254*2^128 + 68627911739*2^192,107904421370090480 + 16178979353983074061*2^64 + 3944720258469536074*2^128 + 66957072585*2^192,12661279882677703348 + 899197956970103319*2^64 + 17309674879287302400*2^128 + 40399877811*2^192,12711696583247458352 + 1725913317235058016*2^64 + 12585207871275513997*2^128 + 44448583724*2^192,9934085689292715552 + 30388738682406407*2^64 + 2549652241765932158*2^128 + 43622239000*2^192,14346861351370347252 + 6843089587398038147*2^64 + 1121961830637580344*2^128 + 3541899632*2^192,18008637510037216168 + 6616688608558867025*2^64 + 9378772944116696217*2^128 + 51750335738*2^192,17605326200262843216 + 4655136084697347393*2^64 + 3823628660243696151*2^128 + 14207640142*2^192,2494917167458649192 + 15794492516832152572*2^64 + 1382164478689511419*2^128 + 34474618251*2^192,10802116744303015136 + 10436299962683268996*2^64 + 14705432461253572415*2^128 + 38034447168*2^192,15776235006205160576 + 1543283588288461655*2^64 + 9606902781623142972*2^128 + 55895453059*2^192,12053428801955097632 + 2223803889090963410*2^64 + 1732165762415948005*2^128 + 7180481031*2^192;\
3668617827115627728 + 5710523234382902554*2^64 + 7904489327770876170*2^128 + 57354595670*2^192,13487837428317369808 + 7074902025787038459*2^64 + 12077060988791138204*2^128 + 41712217580*2^192,5721141946219309248 + 16300469759895449601*2^64 + 1532746561241941812*2^128 + 12303434230*2^192,2080832854094605696 + 6303294338287737098*2^64 + 10856489738542068766*2^128 + 4142455368*2^192,14619960099794553424 + 10237978788082134965*2^64 + 16298312953410629829*2^128 + 45671362540*2^192,10258547899655620256 + 3036980598916725760*2^64 + 11442851243274572575*2^128 + 46777032869*2^192,981615314829622912 + 2894734804991917500*2^64 + 4968493992582823548*2^128 + 50549611987*2^192,2579956458173254272 + 8391713321923048909*2^64 + 3890248251334374774*2^128 + 27894532286*2^192,254458711656917344 + 6144740008388055343*2^64 + 4369919069814897821*2^128 + 63178681247*2^192,17424091342502247040 + 7601463059734434990*2^64 + 17850356513564052950*2^128 + 14204444531*2^192,10109450815072186496 + 6948874709278441960*2^64 + 3774231009198243857*2^128 + 27938645696*2^192,17606287881484658976 + 14129790131611366391*2^64 + 6210458051605054498*2^128 + 10375809642*2^192,14584173569656287488 + 15684852147526539380*2^64 + 3804826274856901251*2^128 + 3085785910*2^192,3673908138722603584 + 17801377885150993491*2^64 + 1977961348640290511*2^128 + 58038870045*2^192,15013745399645547328 + 11196129357089953700*2^64 + 12367530897767624364*2^128 + 15746574065*2^192,7005429694024120896 + 7008198656132148255*2^64 + 13134815456545554322*2^128 + 52427774298*2^192,17682793917283596160 + 18031829006514453605*2^64 + 1094483179418563697*2^128 + 13102084041*2^192,1097752114380387776 + 8790616688471617844*2^64 + 16124702271923549680*2^128 + 51804004136*2^192;\
10871500000324291288 + 16449510035115182552*2^64 + 14736283026446971655*2^128 + 7131927746*2^192,10332867318989920168 + 11893520662904158855*2^64 + 11451152626953229279*2^128 + 1022109501*2^192,6395944859380192438 + 1393975410994778095*2^64 + 9123170353646741466*2^128 + 4581103397*2^192,15549215604311443284 + 5411810061478871171*2^64 + 17372150042901086876*2^128 + 38087545513*2^192,8914456313080675938 + 10625661834868627832*2^64 + 12872983005298525698*2^128 + 18307463153*2^192,12808696476191820436 + 3658484542962704728*2^64 + 450629781347255825*2^128 + 272291134*2^192,895768677439504896 + 6943762403468474065*2^64 + 10917608364595602531*2^128 + 11758229132*2^192,7186945646032456464 + 4877811897128201949*2^64 + 1801808610680375231*2^128 + 17169725988*2^192,13692926851667213676 + 2254657677451517511*2^64 + 10128818880067690717*2^128 + 57979095963*2^192,2460164949659490256 + 223819188719252044*2^64 + 14695893087773591206*2^128 + 27036834056*2^192,3340744312191370592 + 11067605300396401823*2^64 + 4537304319622590564*2^128 + 66382904676*2^192,4465987855264579692 + 9053752193625566943*2^64 + 17953889230308914572*2^128 + 41905885425*2^192,13757712474333298904 + 1843796279012900514*2^64 + 10137209266181879824*2^128 + 25651261268*2^192,6571368988313355760 + 14706802981358234327*2^64 + 6627072202198546917*2^128 + 49785834522*2^192,15274948177869853912 + 2814999450068175359*2^64 + 9254510901520810949*2^128 + 55250285894*2^192,13748651919434963936 + 17434024626197319341*2^64 + 5322549379788319704*2^128 + 49917360199*2^192,18309452225349202944 + 9398537020714947085*2^64 + 6555375981507900585*2^128 + 64424920766*2^192,5666098622226218016 + 14034014879149985063*2^64 + 13611771143089493449*2^128 + 60022389662*2^192;\
137759098610912208 + 4687639034362086580*2^64 + 5374393211665315563*2^128 + 6321330185*2^192,10312739800255391984 + 8425395142760609407*2^64 + 5705470408448206796*2^128 + 910234069*2^192,12716001225349213036 + 6042671450635773569*2^64 + 8549209649641059247*2^128 + 34685789496*2^192,13301118507700694632 + 10532690911023482237*2^64 + 7551239584489709471*2^128 + 30168607950*2^192,8604736358993211172 + 12323657264433744420*2^64 + 13332245789935450238*2^128 + 40052362492*2^192,8906964558811691368 + 8480451268646982910*2^64 + 11369660733672680473*2^128 + 36796703595*2^192,1483211829372418304 + 15877300691003211708*2^64 + 11001095309219262587*2^128 + 62593368016*2^192,9980508972228717856 + 10690215390415456635*2^64 + 14708363729335103767*2^128 + 60772522529*2^192,1727501169352903704 + 10298711470696259751*2^64 + 14087671050673381974*2^128 + 45842899004*2^192,7516174538416612256 + 12574467143756249024*2^64 + 10768818722964575531*2^128 + 61003784770*2^192,7503979729356470208 + 3941831042697288220*2^64 + 9880064572072917993*2^128 + 66824858713*2^192,12005824275572854168 + 3531002917984149182*2^64 + 14836687957507223125*2^128 + 37117818320*2^192,18189544470676938672 + 5621657763121920543*2^64 + 8490434192611380010*2^128 + 44512029345*2^192,17733399070098553952 + 5463210230979945811*2^64 + 10057369629702148812*2^128 + 22493490079*2^192,6315323147315150640 + 17249761689526482888*2^64 + 2674037819575855262*2^128 + 18412038670*2^192,10738031776157499712 + 14390964656003517154*2^64 + 3386263120239198295*2^128 + 14410486695*2^192,14153257448081909248 + 10052115876126759217*2^64 + 1437368484771489214*2^128 + 2856679508*2^192,16971034085960228544 + 11908007380595657606*2^64 + 11675226626348958400*2^128 + 10630992359*2^192;\
16964848534507321280 + 4137214598314554545*2^64 + 10787787720943452276*2^128 + 26117193629*2^192,11933695153975013120 + 13608937221404866295*2^64 + 13162223156527481292*2^128 + 19870870796*2^192,4718230211362597600 + 18114690220140016201*2^64 + 14941735069966862843*2^128 + 22498837669*2^192,9231234935104098432 + 1052362469034499882*2^64 + 8236447582941650317*2^128 + 6555700807*2^192,14321290650957986720 + 16968952738824799234*2^64 + 13428526703716756494*2^128 + 22506258984*2^192,2545175468810234560 + 364536119734018237*2^64 + 8485146768266964904*2^128 + 12880892958*2^192,4502694430681367808 + 10154287233258064285*2^64 + 8639852858897499716*2^128 + 7003314910*2^192,9013300546194044416 + 12385402279107705425*2^64 + 10534792555320049642*2^128 + 13013338883*2^192,18284872285596358976 + 3570670607758081246*2^64 + 16928851006218360508*2^128 + 27847857111*2^192,8966032128811845120 + 18043900384320734031*2^64 + 11487410137093484510*2^128 + 31228876026*2^192,11043296877816390912 + 12094599372661770743*2^64 + 6351829773909843346*2^128 + 33331569831*2^192,15921655079079322688 + 3782130787142803684*2^64 + 16147841844759000011*2^128 + 11971420285*2^192,583795941317938304 + 5820200799856169988*2^64 + 14181626992748561616*2^128 + 20552075954*2^192,11587922242043943168 + 15805293266480249079*2^64 + 6961385332258705680*2^128 + 1438084034*2^192,16045490987851590016 + 5677002789031700902*2^64 + 171522843758775107*2^128 + 6870169418*2^192,15220403468436020480 + 6963964177402625954*2^64 + 7737562109725861359*2^128 + 28944412057*2^192,1615492950861912832 + 12724062037927096123*2^64 + 12462981593023596524*2^128 + 15449308070*2^192,5042791173500860160 + 3900219071363231384*2^64 + 4903536866981995560*2^128 + 9330614539*2^192;\
15054232810592041248 + 8249759352446964211*2^64 + 5037850159513258850*2^128 + 17243135529*2^192,2263606011467070368 + 4819914424332182709*2^64 + 14055123293346400684*2^128 + 15468882158*2^192,8422805284914722472 + 7899684046169765733*2^64 + 1259647458374263149*2^128 + 26766475582*2^192,9461466765668871472 + 12089732991163614056*2^64 + 8307930647762076939*2^128 + 8904086154*2^192,17371036671217577400 + 4344796287834446709*2^64 + 11017022384785945399*2^128 + 33207451753*2^192,10471709629704490928 + 5320195803226648773*2^64 + 15153527155856088520*2^128 + 14933712454*2^192,15413642803406979072 + 12938888719811408806*2^64 + 12316537540182457363*2^128 + 26937907468*2^192,5119493937630661056 + 16483626769687595163*2^64 + 9559615790118297977*2^128 + 20997786936*2^192,1144630357194003280 + 2373163004124887370*2^64 + 14214758462929930264*2^128 + 26925516775*2^192,14046993081412246464 + 1550690548990029876*2^64 + 18148084764628480073*2^128 + 19177630265*2^192,800176851708426368 + 6238969497221136124*2^64 + 17937824801828355288*2^128 + 15438286397*2^192,9694167610549098064 + 12986568741043505674*2^64 + 7795526070764986527*2^128 + 32215758947*2^192,16128576245891973536 + 800317200417597882*2^64 + 16366143569058343485*2^128 + 4935992682*2^192,11645201797819424064 + 17297463407942910677*2^64 + 8514313719667021237*2^128 + 14681087247*2^192,2472629796020393888 + 17444076669642205587*2^64 + 15086414571916596514*2^128 + 5485773244*2^192,9784238860572124288 + 15416341218322202599*2^64 + 13075357763659363267*2^128 + 13897357457*2^192,6115550227403037952 + 2543798930069716979*2^64 + 13520945808537801466*2^128 + 24341072715*2^192,9878852504985052032 + 10765596456841781797*2^64 + 2321554611777518251*2^128 + 19172921759*2^192;\
11319013272235788120 + 12785024800534232060*2^64 + 12276886203883101496*2^128 + 55136848799*2^192,15925678822769698472 + 13491287506578909517*2^64 + 17394197358121112194*2^128 + 27663301165*2^192,17486100509245073914 + 13612126239666549906*2^64 + 16976103477862625013*2^128 + 54160722427*2^192,10625948714748691724 + 15342730956153314108*2^64 + 5318308919304000923*2^128 + 11795439693*2^192,17044901748851212350 + 18186826709828630298*2^64 + 3802721238099373238*2^128 + 11484145053*2^192,6482925653015983852 + 11392246669861547030*2^64 + 11051396622619950153*2^128 + 10525625111*2^192,16506160363246478208 + 987282815472411473*2^64 + 11622223049397455993*2^128 + 50069698989*2^192,9490973916223556720 + 9337299210217685559*2^64 + 7995679048037155615*2^128 + 20178565393*2^192,14948000835268862292 + 2987284151689721479*2^64 + 10798531204790108567*2^128 + 24394281358*2^192,4148128462053723312 + 14722647244993600622*2^64 + 12515334665048779924*2^128 + 14256737091*2^192,17148852567575388704 + 18190858481868326030*2^64 + 6221010552213411618*2^128 + 52869196824*2^192,10245240281844279188 + 4738066697123149792*2^64 + 397732282793299501*2^128 + 1565991405*2^192,4436484033038946792 + 6430706018633245166*2^64 + 7419010526332649985*2^128 + 68140133899*2^192,5876024363718407120 + 9378236057343549770*2^64 + 3778937003572961469*2^128 + 24525269467*2^192,3361966674176306856 + 17436300389396509716*2^64 + 7582554967865195180*2^128 + 50098828993*2^192,11788663546554949600 + 2565450705487130710*2^64 + 14211654252567143044*2^128 + 24762384627*2^192,5635167487757851776 + 6437901007268538547*2^64 + 696183656865118423*2^128 + 54162794418*2^192,18246004206899101216 + 161880306522388721*2^64 + 10425440102461282393*2^128 + 44659222289*2^192;\
8895391767157003156 + 1122589028346877426*2^64 + 6178515763549621388*2^128 + 54996574540*2^192,15516033076677969292 + 15450641818084722083*2^64 + 11843033498575097814*2^128 + 5732445923*2^192,9110284674085918679 + 6379809922111252050*2^64 + 9467346365814999876*2^128 + 4452639169*2^192,4488213887468753266 + 7285676386467442344*2^64 + 7484387162290742460*2^128 + 26891619579*2^192,1682842293162784333 + 4147950132752308506*2^64 + 14761498538449897179*2^128 + 52971076234*2^192,17854222897547195202 + 14778170375880905852*2^64 + 3803159899000362864*2^128 + 41941876995*2^192,16324309577877883456 + 7929679022778358055*2^64 + 5417082307998678806*2^128 + 7034838471*2^192,12199892730977148328 + 15670684072952418952*2^64 + 2758783449747827774*2^128 + 51804835042*2^192,12111346936943177374 + 8274736979664548879*2^64 + 9495474592639660543*2^128 + 29070992209*2^192,8016667586387846152 + 5831247552515783063*2^64 + 2694803380342308588*2^128 + 33380839228*2^192,17998224246122523696 + 6323822190203706981*2^64 + 8910376054446222262*2^128 + 6294534713*2^192,13687459004789882430 + 5331748005813878187*2^64 + 7804050158038380055*2^128 + 23577773059*2^192,14906975911776094172 + 15007926340659353112*2^64 + 4065651736309068758*2^128 + 6782110180*2^192,15401160720348600568 + 12160393856926915554*2^64 + 15628114034548284465*2^128 + 23034742795*2^192,15634423121714811964 + 10951165653396760175*2^64 + 4782985891127109795*2^128 + 6493700032*2^192,10564158185129399184 + 15957760542926740514*2^64 + 9728984598763967005*2^128 + 35017820523*2^192,15490225918925886784 + 13323945746099244653*2^64 + 10760274255315820448*2^128 + 22588743935*2^192,16932687443775235824 + 4695253859000830351*2^64 + 15859110334959760096*2^128 + 17630035757*2^192;\
15309746853413372980 + 16529972502559545647*2^64 + 10672098141807328101*2^128 + 43092591925*2^192,11210608007054252524 + 6136309662218511919*2^64 + 5001957505565982772*2^128 + 61415199139*2^192,14292247670792282399 + 14096775522124242810*2^64 + 1665889005617767770*2^128 + 22906441333*2^192,295085199349214754 + 7563619657228113796*2^64 + 839029105325380566*2^128 + 23206346410*2^192,7910280541127976357 + 4488348648206158261*2^64 + 15809609710545071958*2^128 + 51610700273*2^192,9866297040602504882 + 1317672279513379991*2^64 + 2761578113472097213*2^128 + 28605946264*2^192,13181992799071784512 + 8211848593588559393*2^64 + 7837174241499338767*2^128 + 54690265182*2^192,11398431299682821992 + 15664758880351775991*2^64 + 3047075359573879438*2^128 + 14455776153*2^192,9788948671959717294 + 8517461850767342847*2^64 + 15699621741118480109*2^128 + 39587485228*2^192,6483785844904076744 + 11497044170015223047*2^64 + 16462156709418495945*2^128 + 53145819311*2^192,13849395102240239792 + 10514372304276448778*2^64 + 18299780399129269081*2^128 + 40958838463*2^192,11731400921270161230 + 10701891407452780671*2^64 + 15400683500456189075*2^128 + 50928443237*2^192,8817399604249641468 + 4659881020480172323*2^64 + 5449226629000296965*2^128 + 25295306612*2^192,8108847660749423160 + 2267118801283744778*2^64 + 5830998123564204778*2^128 + 44031076729*2^192,18247802185323923036 + 4298437458355258269*2^64 + 8449404448398401369*2^128 + 44487875422*2^192,9461612823316465936 + 7794505955997264842*2^64 + 16765370471793219918*2^128 + 2328459095*2^192,2538677862950803776 + 7154745370774715087*2^64 + 14959063719953526125*2^128 + 42093304984*2^192,12705080181962214512 + 8586618427483529796*2^64 + 13076442440473098711*2^128 + 30328599360*2^192]
/* 
This matrix times 2^(-6) should be the matrix of frobenius.
*/ 
B = 2^(-6) * A; 
/* Freed 5139 lists. */
The sign is: -1
The characteristic polynomial is: x^18 + x^17 + x^16 + 5*x^15 + 2*x^14 + 28*x^13 + 22*x^12 - 8*x^11 + 24*x^10 - 96*x^8 + 128*x^7 - 1408*x^6 - 7168*x^5 - 2048*x^4 - 20480*x^3 - 16384*x^2 - 65536*x - 262144
Its Newton polygon is: [2, 2, 2, 5/3, 5/3, 5/3, 1, 1, 1, 1, 1, 1, 1/3, 1/3, 1/3, 0, 0, 0]
Its factorization is: [x - 2, 1; x + 2, 1; x^16 + x^15 + 5*x^14 + 9*x^13 + 22*x^12 + 64*x^11 + 110*x^10 + 248*x^9 + 464*x^8 + 992*x^7 + 1760*x^6 + 4096*x^5 + 5632*x^4 + 9216*x^3 + 20480*x^2 + 16384*x + 65536, 1]
The valuation of f-g is: 23
The valuation of subst(g,x,A) is: 17
