/* Comments begin... 
No set up needed.

Please input coefficients below.
Coefficient of   x^19                     = Coefficient of   x^6 * y^4 * z^1 * w^2   = Coefficient of   x^5 * y^1 * z^3 * w^2   = Coefficient of   x^3 * y^9 * z^1 * w^1   = Coefficient of   x^2 * y^6 * z^3 * w^1   = Coefficient of   x^1 * y^3 * z^5 * w^1   = Coefficient of   y^14 * z^1               = Coefficient of   y^1 * w^6               = Coefficient of   z^7 * w^1               = 
Here is the polynomial we're using this time:

1 + 0*2^64 + 0*2^128 + 0*2^192*x^19 + 1 + 0*2^64 + 0*2^128 + 0*2^192*x^6*y^4*z^1*w^2 + 1 + 0*2^64 + 0*2^128 + 0*2^192*x^3*y^9*z^1*w^1 + 1 + 0*2^64 + 0*2^128 + 0*2^192*x^2*y^6*z^3*w^1 + 1 + 0*2^64 + 0*2^128 + 0*2^192*x^1*y^3*z^5*w^1 + 1 + 0*2^64 + 0*2^128 + 0*2^192*y^14*z^1 + 1 + 0*2^64 + 0*2^128 + 0*2^192*y^1*w^6 + 1 + 0*2^64 + 0*2^128 + 0*2^192*z^7*w^1


Allocate G_len 20 elements and old = 0.
Allocate M_len = 400 elements.
Allocate G_len 40 elements and old = 20.
Allocate M_len = 800 elements.
Allocate G_len 80 elements and old = 40.
Allocate M_len = 1600 elements.
Allocate M_len = 3200 elements.
Allocate G_len 160 elements and old = 80.
Allocate M_len = 6400 elements.
Allocate M_len = 12800 elements.
Allocate G_len 320 elements and old = 160.
Allocate M_len = 25600 elements.
Allocate M_len = 51200 elements.
Allocate G_len 640 elements and old = 320.
Allocate M_len = 102400 elements.
Allocate M_len = 204800 elements.
Allocate G_len 1280 elements and old = 640.
Allocate M_len = 409600 elements.
Allocate M_len = 819200 elements.
The final length of G is 758
[6, 4, 0, 2, 0]  	518	6 
[18, 0, 0, 0, 0]  	558	5  <--- 1
[3, 9, 1, 1, 0]  	589	5 
[2, 6, 3, 1, 0]  	589	4 
[1, 4, 0, 6, 0]  	731	4 
[4, 3, 5, 2, 0]  	774	7 
[5, 15, 1, 0, 0]  	781	9 
[3, 17, 1, 0, 0]  	793	7 
[4, 1, 0, 7, 0]  	805	6 
[15, 9, 1, 0, 0]  	869	9 
[5, 1, 7, 2, 0]  	873	6 
[5, 1, 2, 6, 0]  	886	11 
[15, 9, 0, 1, 0]  	890	9 
[15, 8, 1, 1, 0]  	924	13 
[4, 0, 9, 2, 0]  	947	7 
[12, 14, 1, 0, 0]  	961	14 
[17, 6, 3, 0, 0]  	962	9 
[2, 19, 3, 0, 0]  	978	4 
[13, 3, 4, 2, 0]  	982	15 
[17, 6, 2, 1, 0]  	983	9 
[17, 3, 5, 0, 0]  	993	9 
[2, 3, 9, 2, 0]  	996	6 
[4, 1, 4, 6, 0]  	997	11 
[2, 16, 5, 0, 0]  	1009	8 
[17, 3, 4, 1, 0]  	1014	10 
[13, 2, 5, 2, 0]  	1016	15 
[16, 2, 5, 1, 0]  	1017	15 
[12, 1, 6, 2, 0]  	1019	15 
[3, 3, 4, 6, 0]  	1040	9 
[17, 14, 0, 0, 0]  	1045	9 
[8, 2, 9, 1, 0]  	1053	15 
[7, 13, 5, 0, 0]  	1053	15 
[16, 5, 4, 1, 0]  	1057	15 
[3, 1, 4, 7, 0]  	1058	7 
[3, 0, 11, 2, 0]  	1058	7 
[4, 13, 0, 5, 0]  	1065	10 
[13, 3, 0, 6, 0]  	1066	14 
[12, 13, 3, 0, 0]  	1066	14 
[3, 14, 0, 5, 0]  	1071	10 
[11, 14, 3, 0, 0]  	1072	15 
[17, 0, 0, 6, 0]  	1079	12 
[2, 3, 5, 6, 0]  	1080	8 
[16, 1, 0, 6, 0]  	1085	12 
[12, 0, 1, 7, 0]  	1087	14 
[14, 12, 3, 0, 0]  	1091	14 
[11, 0, 8, 2, 0]  	1093	15 
[15, 17, 0, 0, 0]  	1094	13 
[2, 3, 4, 7, 0]  	1101	7 
[2, 2, 11, 2, 0]  	1101	7 
[4, 0, 6, 6, 0]  	1102	9 
[10, 12, 5, 0, 0]  	1109	14 
[17, 0, 7, 1, 0]  	1116	7 
[5, 9, 9, 0, 0]  	1127	12 
[9, 23, 0, 0, 0]  	1130	12 
[2, 27, 1, 0, 0]  	1132	7 
[2, 1, 12, 2, 0]  	1135	7 
[4, 0, 0, 11, 0]  	1136	10 
[17, 0, 6, 2, 0]  	1137	16 
[1, 28, 1, 0, 0]  	1138	7 
[1, 3, 5, 7, 0]  	1141	6 
[7, 0, 4, 7, 0]  	1145	10 
[3, 2, 6, 6, 0]  	1145	10 
[13, 3, 9, 0, 0]  	1153	10 
[1, 18, 0, 5, 0]  	1157	7 
[3, 0, 6, 7, 0]  	1163	7 
[4, 7, 11, 0, 0]  	1164	10 
[14, 0, 9, 1, 0]  	1165	11 
[13, 11, 5, 0, 0]  	1165	12 
[11, 5, 9, 0, 0]  	1165	12 
[2, 7, 12, 0, 0]  	1173	4 
[3, 2, 0, 11, 0]  	1179	9 
[3, 1, 7, 6, 0]  	1179	9 
[9, 11, 7, 0, 0]  	1183	12 
[16, 0, 2, 6, 0]  	1190	9 
[11, 2, 11, 0, 0]  	1196	11 
[3, 0, 0, 12, 0]  	1197	7 
[6, 14, 7, 0, 0]  	1201	12 
[12, 9, 7, 0, 0]  	1202	12 
[2, 1, 0, 12, 0]  	1203	7 
[3, 9, 11, 0, 0]  	1207	10 
[12, 0, 4, 6, 0]  	1208	12 
[11, 10, 7, 0, 0]  	1208	13 
[10, 7, 9, 0, 0]  	1208	11 
[8, 2, 6, 5, 0]  	1208	9 
[3, 1, 1, 11, 0]  	1213	8 
[3, 0, 8, 6, 0]  	1213	8 
[2, 10, 11, 0, 0]  	1213	8 
[9, 8, 9, 0, 0]  	1214	13 
[12, 3, 4, 5, 0]  	1227	11 
[12, 4, 10, 0, 0]  	1230	9 
[7, 0, 13, 1, 0]  	1232	9 
[2, 0, 1, 12, 0]  	1237	7 
[6, 1, 13, 1, 0]  	1238	12 
[9, 5, 11, 0, 0]  	1245	11 
[7, 0, 8, 5, 0]  	1245	10 
[1, 3, 0, 12, 0]  	1246	7 
[2, 1, 2, 11, 0]  	1253	7 
[2, 0, 9, 6, 0]  	1253	7 
[2, 3, 1, 11, 0]  	1256	8 
[2, 2, 8, 6, 0]  	1256	8 
[6, 4, 13, 0, 0]  	1257	9 
[4, 0, 3, 10, 0]  	1257	9 
[12, 2, 5, 5, 0]  	1261	9 
[11, 1, 6, 5, 0]  	1264	10 
[3, 3, 2, 10, 0]  	1266	8 
[3, 2, 9, 5, 0]  	1266	8 
[4, 21, 0, 4, 0]  	1269	10 
[3, 4, 8, 5, 0]  	1269	9 
[2, 0, 8, 7, 0]  	1274	7 
[2, 19, 2, 4, 0]  	1275	8 
[2, 5, 8, 5, 0]  	1275	8 
[2, 21, 1, 4, 0]  	1278	9 
[7, 0, 2, 10, 0]  	1279	7 
[8, 3, 13, 0, 0]  	1282	9 
[5, 23, 0, 3, 0]  	1282	8 
[1, 22, 1, 4, 0]  	1284	7 
[3, 15, 9, 0, 0]  	1287	8 
[2, 0, 3, 11, 0]  	1287	8 
[6, 1, 15, 0, 0]  	1288	8 
[4, 24, 0, 3, 0]  	1288	8 
[6, 0, 4, 9, 0]  	1298	7 
[3, 2, 3, 10, 0]  	1300	8 
[3, 1, 10, 5, 0]  	1300	8 
[10, 0, 1, 10, 0]  	1301	9 
[1, 7, 13, 1, 0]  	1305	6 
[2, 3, 3, 10, 0]  	1306	7 
[2, 2, 10, 5, 0]  	1306	7 
[2, 1, 17, 0, 0]  	1306	7 
[10, 2, 13, 0, 0]  	1307	10 
[2, 0, 15, 2, 0]  	1311	6 
[3, 28, 0, 2, 0]  	1313	8 
[6, 28, 0, 1, 0]  	1314	9 
[1, 19, 3, 4, 0]  	1315	7 
[2, 0, 6, 9, 0]  	1316	6 
[1, 21, 2, 4, 0]  	1318	7 
[2, 29, 0, 2, 0]  	1319	8 
[14, 1, 12, 0, 0]  	1323	8 
[1, 11, 6, 5, 0]  	1324	6 
[4, 0, 17, 0, 0]  	1331	8 
[1, 13, 9, 2, 0]  	1335	6 
[2, 27, 0, 3, 0]  	1337	7 
[5, 0, 5, 9, 0]  	1338	7 
[4, 6, 14, 0, 0]  	1340	8 
[6, 0, 15, 1, 0]  	1343	6 
[1, 28, 0, 3, 0]  	1343	6 
[1, 14, 6, 4, 0]  	1343	6 
[9, 0, 15, 0, 0]  	1344	8 
[1, 16, 5, 4, 0]  	1346	6 
[1, 3, 4, 10, 0]  	1346	6 
[1, 21, 5, 2, 0]  	1347	6 
[2, 6, 15, 0, 0]  	1349	7 
[1, 18, 4, 4, 0]  	1349	7 
[2, 0, 13, 4, 0]  	1353	6 
[1, 27, 2, 2, 0]  	1356	6 
[14, 0, 13, 0, 0]  	1357	8 
[1, 10, 7, 5, 0]  	1358	6 
[1, 2, 6, 9, 0]  	1359	6 
[1, 1, 4, 11, 0]  	1364	6 
[1, 5, 11, 4, 0]  	1365	6 
[1, 3, 3, 11, 0]  	1367	6 
[3, 0, 5, 10, 0]  	1368	7 
[1, 21, 4, 3, 0]  	1368	6 
[3, 0, 18, 0, 0]  	1371	7 
[1, 2, 1, 13, 0]  	1372	6 
[2, 0, 12, 5, 0]  	1374	5 
[1, 27, 1, 3, 0]  	1377	5 
[1, 13, 7, 4, 0]  	1377	5 
[1, 18, 7, 2, 0]  	1378	7 
[1, 2, 5, 10, 0]  	1380	6 
[1, 34, 0, 1, 0]  	1381	8 
[1, 2, 18, 0, 0]  	1383	6 
[1, 1, 3, 12, 0]  	1385	6 
[1, 5, 10, 5, 0]  	1386	5 
[1, 4, 17, 0, 0]  	1386	5 
[0, 30, 0, 3, 0]  	1386	5 
[1, 24, 4, 2, 0]  	1387	6 
[1, 12, 9, 3, 0]  	1390	5 
[3, 0, 17, 1, 0]  	1392	7 
[1, 2, 0, 14, 0]  	1393	6 
[1, 2, 13, 4, 0]  	1396	6 
[0, 32, 3, 0, 0]  	1397	6 
[1, 12, 13, 0, 0]  	1398	5 
[1, 0, 5, 11, 0]  	1398	5 
[1, 32, 0, 2, 0]  	1399	7 
[1, 4, 12, 4, 0]  	1399	5 
[0, 29, 2, 2, 0]  	1399	5 
[1, 15, 5, 5, 0]  	1401	6 
[1, 1, 11, 6, 0]  	1401	6 
[1, 3, 10, 6, 0]  	1404	5 
[1, 2, 17, 1, 0]  	1404	5 
[0, 28, 0, 4, 0]  	1404	5 
[1, 8, 10, 4, 0]  	1405	5 
[1, 1, 2, 13, 0]  	1406	6 
[6, 33, 0, 0, 0]  	1407	7 
[1, 6, 15, 1, 0]  	1410	5 
[1, 12, 8, 4, 0]  	1411	4 
[1, 0, 0, 15, 0]  	1411	4 
[1, 1, 6, 10, 0]  	1414	5 
[1, 2, 12, 5, 0]  	1417	5 
[1, 1, 19, 0, 0]  	1417	5 
[1, 0, 4, 12, 0]  	1419	6 
[0, 29, 1, 3, 0]  	1420	5 
[0, 16, 0, 9, 0]  	1420	5 
[0, 34, 1, 1, 0]  	1421	5 
[1, 1, 10, 7, 0]  	1422	6 
[1, 8, 9, 5, 0]  	1426	6 
[1, 1, 1, 14, 0]  	1427	4 
[1, 0, 8, 9, 0]  	1427	4 
[1, 9, 15, 0, 0]  	1429	4 
[0, 26, 4, 2, 0]  	1430	4 
[0, 28, 3, 2, 0]  	1433	5 
[1, 0, 12, 6, 0]  	1435	5 
[1, 38, 0, 0, 0]  	1437	6 
[0, 35, 2, 0, 0]  	1437	6 
[1, 1, 18, 1, 0]  	1438	5 
[0, 32, 1, 2, 0]  	1439	4 
[1, 12, 11, 2, 0]  	1440	6 
[1, 0, 3, 13, 0]  	1440	6 
[0, 15, 6, 5, 0]  	1441	5 
[1, 1, 13, 5, 0]  	1451	6 
[1, 6, 13, 3, 0]  	1452	5 
[0, 31, 3, 1, 0]  	1452	5 
[0, 28, 2, 3, 0]  	1454	5 
[0, 15, 1, 9, 0]  	1454	5 
[1, 0, 11, 7, 0]  	1456	6 
[0, 22, 0, 7, 0]  	1458	4 
[1, 1, 17, 2, 0]  	1459	6 
[1, 0, 2, 14, 0]  	1461	4 
[0, 37, 0, 1, 0]  	1461	4 
[1, 8, 16, 0, 0]  	1463	4 
[1, 0, 15, 4, 0]  	1464	4 
[0, 9, 3, 10, 0]  	1466	3 
[0, 3, 1, 14, 0]  	1470	3 
[1, 0, 19, 1, 0]  	1472	4 
[0, 13, 1, 10, 0]  	1472	4 
[1, 0, 10, 8, 0]  	1477	6 
[2, 0, 20, 0, 0]  	1482	5 
[0, 14, 11, 2, 0]  	1483	4 
[1, 22, 9, 0, 0]  	1484	4 
[0, 14, 2, 9, 0]  	1488	4 
[0, 19, 2, 7, 0]  	1489	5 
[0, 23, 9, 0, 0]  	1490	4 
[0, 3, 0, 15, 0]  	1491	3 
[0, 2, 7, 10, 0]  	1491	3 
[0, 21, 1, 7, 0]  	1492	5 
[0, 6, 5, 10, 0]  	1497	3 
[0, 24, 6, 2, 0]  	1498	3 
[0, 8, 4, 10, 0]  	1500	3 
[0, 31, 5, 0, 0]  	1502	5 
[0, 9, 10, 5, 0]  	1503	2 
[0, 14, 10, 3, 0]  	1504	3 
[0, 13, 8, 5, 0]  	1509	4 
[0, 6, 0, 14, 0]  	1510	3 
[1, 0, 17, 3, 0]  	1514	4 
[0, 39, 1, 0, 0]  	1514	4 
[0, 11, 4, 9, 0]  	1519	2 
[0, 29, 5, 1, 0]  	1520	5 
[0, 8, 3, 11, 0]  	1521	3 
[0, 13, 3, 9, 0]  	1522	2 
[0, 12, 10, 4, 0]  	1522	2 
[0, 17, 10, 2, 0]  	1523	4 
[0, 2, 1, 15, 0]  	1525	3 
[0, 2, 14, 5, 0]  	1528	2 
[0, 21, 8, 2, 0]  	1529	3 
[0, 9, 0, 13, 0]  	1529	3 
[0, 5, 6, 10, 0]  	1531	3 
[0, 23, 7, 2, 0]  	1532	2 
[0, 10, 6, 8, 0]  	1532	2 
[0, 28, 7, 0, 0]  	1533	4 
[0, 1, 3, 14, 0]  	1538	2 
[0, 2, 9, 9, 0]  	1541	2 
[0, 22, 9, 1, 0]  	1545	4 
[0, 2, 0, 16, 0]  	1546	3 
[0, 8, 6, 9, 0]  	1550	2 
[0, 5, 5, 11, 0]  	1552	3 
[0, 10, 5, 9, 0]  	1553	2 
[0, 42, 0, 0, 0]  	1554	5  <--- 2
[0, 1, 2, 15, 0]  	1559	1 
[0, 0, 9, 10, 0]  	1559	1 
[0, 6, 2, 13, 0]  	1560	3 
[0, 1, 15, 5, 0]  	1562	2 
[0, 20, 9, 2, 0]  	1563	2 
[0, 8, 1, 13, 0]  	1563	2 
[0, 7, 8, 8, 0]  	1563	2 
[0, 1, 10, 9, 0]  	1575	2 
[0, 5, 8, 9, 0]  	1581	2 
[0, 1, 14, 6, 0]  	1583	2 
[0, 7, 7, 9, 0]  	1584	2 
[0, 14, 6, 7, 0]  	1588	3 
[0, 13, 13, 2, 0]  	1588	3 
[0, 10, 12, 4, 0]  	1590	1 
[1, 0, 22, 0, 0]  	1593	1 
[0, 0, 3, 15, 0]  	1593	1 
[0, 18, 4, 7, 0]  	1594	2 
[0, 5, 3, 13, 0]  	1594	2 
[0, 22, 11, 0, 0]  	1595	2 
[0, 0, 16, 5, 0]  	1596	1 
[0, 16, 4, 8, 0]  	1612	1 
[0, 1, 17, 4, 0]  	1612	1 
[0, 11, 17, 0, 0]  	1614	1 
[0, 0, 2, 16, 0]  	1614	1 
[0, 7, 14, 4, 0]  	1621	1 
[0, 9, 13, 4, 0]  	1624	1 
[0, 2, 5, 13, 0]  	1625	2 
[0, 0, 23, 0, 0]  	1633	1  <--- 3
[0, 12, 13, 3, 0]  	1643	1 
[0, 0, 5, 14, 0]  	1643	1 
[0, 23, 6, 4, 0]  	1645	1 
[0, 8, 19, 0, 0]  	1645	1 
[0, 4, 16, 4, 0]  	1652	1 
[0, 6, 15, 4, 0]  	1655	1 
[0, 12, 8, 7, 0]  	1656	2 
[0, 9, 15, 3, 0]  	1674	1 
[0, 20, 8, 4, 0]  	1676	1 
[0, 5, 21, 0, 0]  	1676	1 
[0, 0, 12, 9, 0]  	1680	1 
[0, 12, 15, 2, 0]  	1693	2 
[0, 1, 0, 18, 0]  	1693	2 
[0, 6, 17, 3, 0]  	1705	1 
[0, 0, 19, 4, 0]  	1717	1 
[0, 1, 7, 13, 0]  	1730	2 
[0, 4, 12, 8, 0]  	1736	1 
[0, 3, 19, 3, 0]  	1736	1 
[0, 0, 0, 19, 0]  	1748	1  <--- 4
[0, 0, 21, 3, 0]  	1767	1 
[0, 19, 15, 0, 0]  	1768	1 
[6, 4, 1, 1, 1]  	497	6 
[4, 3, 5, 1, 1]  	682	8 
[4, 14, 1, 0, 1]  	713	9 
[5, 2, 0, 6, 1]  	781	9 
[5, 1, 9, 1, 1]  	923	10 
[13, 2, 5, 1, 1]  	924	15 
[12, 1, 0, 6, 1]  	961	14 
[16, 3, 4, 1, 1]  	983	13 
[12, 1, 7, 1, 1]  	998	14 
[2, 18, 4, 0, 1]  	1012	8 
[15, 15, 0, 0, 1]  	1020	15 
[17, 1, 0, 5, 1]  	1024	7 
[1, 16, 6, 0, 1]  	1049	5 
[4, 2, 11, 1, 1]  	1071	10 
[11, 0, 9, 1, 1]  	1072	15 
[14, 1, 2, 5, 1]  	1073	12 
[3, 15, 6, 0, 1]  	1074	10 
[3, 3, 11, 1, 1]  	1077	9 
[7, 0, 11, 1, 1]  	1090	13 
[6, 11, 7, 0, 1]  	1090	12 
[4, 13, 7, 0, 1]  	1102	8 
[11, 11, 5, 0, 1]  	1103	14 
[1, 15, 6, 1, 1]  	1104	6 
[4, 1, 12, 1, 1]  	1105	10 
[11, 13, 4, 0, 1]  	1106	13 
[1, 17, 5, 1, 1]  	1107	6 
[3, 14, 7, 0, 1]  	1108	10 
[2, 16, 0, 5, 1]  	1114	9 
[13, 3, 2, 5, 1]  	1116	12 
[13, 2, 9, 0, 1]  	1116	11 
[2, 5, 11, 1, 1]  	1120	8 
[1, 17, 0, 5, 1]  	1120	7 
[14, 9, 5, 0, 1]  	1122	14 
[14, 0, 2, 6, 1]  	1128	13 
[2, 2, 5, 7, 1]  	1135	7 
[4, 12, 8, 0, 1]  	1136	8 
[4, 0, 13, 1, 1]  	1139	9 
[10, 9, 7, 0, 1]  	1140	14 
[3, 13, 8, 0, 1]  	1142	10 
[3, 1, 0, 11, 1]  	1142	9 
[10, 0, 4, 6, 1]  	1146	15 
[2, 15, 1, 5, 1]  	1148	9 
[1, 16, 1, 5, 1]  	1154	8 
[2, 26, 2, 0, 1]  	1166	7 
[17, 2, 8, 0, 1]  	1169	10 
[4, 11, 9, 0, 1]  	1170	10 
[3, 12, 9, 0, 1]  	1176	10 
[1, 3, 12, 2, 1]  	1178	6 
[3, 2, 13, 1, 1]  	1182	10 
[2, 14, 2, 5, 1]  	1182	8 
[2, 13, 9, 0, 1]  	1182	8 
[8, 8, 9, 0, 1]  	1183	13 
[4, 19, 0, 4, 1]  	1195	11 
[13, 10, 6, 0, 1]  	1199	12 
[1, 14, 8, 1, 1]  	1209	7 
[3, 1, 14, 1, 1]  	1216	9 
[4, 5, 13, 0, 1]  	1232	9 
[3, 6, 13, 0, 1]  	1238	10 
[3, 0, 15, 1, 1]  	1250	8 
[8, 6, 11, 0, 1]  	1251	11 
[5, 1, 15, 0, 1]  	1257	9 
[3, 5, 14, 0, 1]  	1272	8 
[2, 0, 16, 1, 1]  	1290	7 
[2, 2, 15, 1, 1]  	1293	8 
[3, 25, 0, 3, 1]  	1294	8 
[4, 3, 15, 0, 1]  	1300	8 
[3, 2, 16, 0, 1]  	1303	7 
[2, 3, 16, 0, 1]  	1309	8 
[3, 23, 0, 4, 1]  	1312	7 
[2, 5, 15, 0, 1]  	1312	8 
[1, 17, 4, 4, 1]  	1312	7 
[1, 25, 0, 4, 1]  	1324	6 
[1, 30, 0, 2, 1]  	1325	7 
[1, 15, 4, 5, 1]  	1330	7 
[1, 14, 11, 0, 1]  	1330	7 
[2, 0, 5, 10, 1]  	1337	6 
[2, 1, 11, 5, 1]  	1340	7 
[1, 10, 12, 1, 1]  	1345	6 
[1, 2, 11, 5, 1]  	1346	6 
[1, 7, 11, 3, 1]  	1347	6 
[1, 12, 11, 1, 1]  	1348	6 
[1, 4, 10, 5, 1]  	1349	7 
[1, 13, 8, 3, 1]  	1356	6 
[1, 10, 11, 2, 1]  	1366	6 
[1, 2, 10, 6, 1]  	1367	6 
[2, 24, 2, 3, 1]  	1368	6 
[1, 25, 2, 3, 1]  	1374	5 
[0, 21, 2, 5, 1]  	1379	5 
[1, 7, 9, 5, 1]  	1389	6 
[1, 26, 3, 2, 1]  	1390	5 
[1, 10, 14, 0, 1]  	1395	5 
[0, 27, 3, 2, 1]  	1396	5 
[0, 16, 1, 8, 1]  	1399	5 
[1, 27, 4, 1, 1]  	1406	6 
[1, 24, 3, 3, 1]  	1408	5 
[1, 10, 9, 4, 1]  	1408	4 
[1, 2, 8, 8, 1]  	1409	6 
[0, 18, 4, 5, 1]  	1410	5 
[2, 0, 19, 0, 1]  	1411	4 
[0, 28, 4, 1, 1]  	1412	6 
[0, 27, 2, 3, 1]  	1417	5 
[0, 32, 2, 1, 1]  	1418	6 
[0, 21, 4, 4, 1]  	1429	4 
[1, 1, 14, 4, 1]  	1430	4 
[0, 25, 2, 4, 1]  	1435	4 
[0, 19, 0, 8, 1]  	1439	4 
[0, 14, 13, 0, 1]  	1441	4 
[1, 0, 7, 10, 1]  	1448	4 
[0, 16, 3, 7, 1]  	1449	5 
[1, 0, 20, 0, 1]  	1451	4 
[0, 26, 3, 3, 1]  	1451	4 
[0, 18, 2, 7, 1]  	1452	5 
[0, 16, 7, 4, 1]  	1457	4 
[0, 18, 6, 4, 1]  	1460	4 
[0, 20, 5, 4, 1]  	1463	4 
[0, 14, 3, 8, 1]  	1467	4 
[0, 13, 10, 3, 1]  	1467	3 
[0, 24, 3, 4, 1]  	1469	4 
[0, 12, 8, 5, 1]  	1472	3 
[0, 15, 0, 10, 1]  	1475	5 
[0, 21, 6, 3, 1]  	1479	3 
[1, 1, 16, 3, 1]  	1480	6 
[0, 15, 4, 7, 1]  	1483	4 
[0, 19, 11, 0, 1]  	1484	4 
[1, 0, 14, 5, 1]  	1485	4 
[0, 15, 8, 4, 1]  	1491	3 
[1, 0, 18, 2, 1]  	1493	6 
[0, 13, 4, 8, 1]  	1501	3 
[0, 2, 2, 14, 1]  	1504	3 
[0, 24, 1, 6, 1]  	1511	5 
[0, 20, 7, 3, 1]  	1513	3 
[0, 26, 0, 6, 1]  	1514	4 
[0, 41, 0, 0, 1]  	1517	6 
[0, 27, 1, 5, 1]  	1530	6 
[0, 6, 12, 5, 1]  	1534	2 
[0, 13, 6, 7, 1]  	1551	3 
[0, 27, 8, 0, 1]  	1567	6 
[0, 11, 1, 12, 1]  	1582	3 
[0, 25, 8, 1, 1]  	1585	4 
[0, 4, 10, 8, 1]  	1594	2 
[0, 14, 0, 12, 1]  	1622	4 
[0, 1, 12, 8, 1]  	1625	2 
[0, 11, 15, 2, 1]  	1656	2 
[6, 3, 1, 2, 2]  	552	6 
[5, 0, 7, 2, 2]  	836	8 
[2, 1, 2, 7, 2]  	885	5 
[6, 2, 8, 1, 2]  	920	11 
[2, 5, 9, 1, 2]  	978	5 
[12, 0, 6, 2, 2]  	982	16 
[3, 4, 10, 1, 2]  	1043	9 
[15, 0, 7, 1, 2]  	1054	14 
[9, 22, 0, 0, 2]  	1093	14 
[3, 2, 12, 1, 2]  	1111	9 
[12, 0, 3, 6, 2]  	1137	13 
[1, 27, 2, 0, 2]  	1172	7 
[9, 7, 9, 0, 2]  	1177	12 
[2, 15, 8, 0, 2]  	1185	9 
[2, 2, 1, 11, 2]  	1219	8 
[7, 6, 11, 0, 2]  	1220	11 
[11, 0, 6, 5, 2]  	1227	10 
[3, 5, 7, 5, 2]  	1235	10 
[2, 22, 0, 4, 2]  	1244	8 
[5, 22, 0, 3, 2]  	1245	9 
[4, 4, 14, 0, 2]  	1266	8 
[3, 27, 0, 2, 2]  	1276	9 
[6, 27, 0, 1, 2]  	1277	9 
[1, 24, 0, 4, 2]  	1287	7 
[1, 14, 4, 5, 2]  	1293	7 
[4, 1, 16, 0, 2]  	1297	8 
[3, 4, 15, 0, 2]  	1306	7 
[1, 26, 5, 0, 2]  	1348	6 
[1, 3, 17, 0, 2]  	1349	6 
[2, 0, 0, 14, 2]  	1350	7 
[1, 13, 12, 0, 2]  	1364	6 
[6, 32, 0, 0, 2]  	1370	7 
[1, 2, 14, 3, 2]  	1375	6 
[0, 29, 3, 1, 2]  	1378	6 
[1, 1, 12, 5, 2]  	1380	6 
[1, 9, 8, 5, 2]  	1392	6 
[1, 37, 0, 0, 2]  	1400	7 
[0, 14, 1, 9, 2]  	1417	4 
[0, 29, 5, 0, 2]  	1428	6 
[0, 16, 8, 3, 2]  	1436	4 
[0, 27, 1, 4, 2]  	1438	5 
[0, 37, 1, 0, 2]  	1440	5 
[1, 1, 9, 8, 2]  	1443	6 
[0, 15, 9, 3, 2]  	1470	3 
[0, 35, 0, 2, 2]  	1479	3 
[0, 23, 5, 3, 2]  	1482	3 
[0, 27, 7, 0, 2]  	1496	5 
[0, 12, 11, 3, 2]  	1501	2 
[0, 14, 9, 4, 2]  	1525	3 
[0, 26, 8, 0, 2]  	1530	5 
[0, 13, 15, 0, 2]  	1546	3 
[0, 26, 7, 1, 2]  	1551	4 
[1, 16, 5, 1, 3]  	1070	6 
[2, 3, 12, 1, 3]  	1117	8 
[4, 10, 9, 0, 3]  	1133	11 
[9, 10, 7, 0, 3]  	1146	14 
[4, 4, 13, 0, 3]  	1195	10 
[7, 3, 13, 0, 3]  	1251	10 
[2, 4, 15, 0, 3]  	1275	8 
[1, 13, 5, 5, 3]  	1327	7 
[1, 4, 15, 1, 3]  	1336	6 
[1, 0, 19, 0, 3]  	1380	5 
[1, 8, 15, 0, 3]  	1392	5 
[1, 7, 16, 0, 3]  	1426	5 
[0, 15, 2, 8, 3]  	1433	5 
[0, 14, 8, 4, 3]  	1454	4 
[0, 13, 9, 4, 3]  	1488	3 
[0, 18, 9, 2, 3]  	1489	4 
[0, 12, 15, 0, 3]  	1509	3 
[0, 3, 3, 13, 3]  	1520	3 
[5, 0, 11, 1, 4]  	1028	11 
[8, 5, 11, 0, 4]  	1214	11 
[3, 21, 0, 4, 4]  	1238	10 
[1, 26, 4, 1, 4]  	1369	7 
[2, 26, 1, 3, 4]  	1371	6 
[0, 24, 4, 3, 4]  	1448	3 
[0, 27, 0, 5, 4]  	1459	5 
[0, 40, 0, 0, 4]  	1480	5 
[1, 1, 15, 3, 5]  	1409	5 
[0, 20, 8, 2, 5]  	1492	4 
[5, 13, 5, 0, 6]  	991	12 
[2, 4, 11, 1, 6]  	1083	8 
[3, 20, 0, 4, 6]  	1201	10 
[1, 24, 5, 0, 6]  	1274	6 
[1, 8, 8, 5, 6]  	1355	6 
[7, 0, 4, 6, 7]  	1053	14 
[0, 34, 0, 2, 7]  	1442	4 
[0, 27, 5, 1, 7]  	1446	5 
[3, 19, 0, 4, 8]  	1164	11 
[3, 5, 6, 5, 249]  	1164	10 
[6, 10, 7, 0, 250]  	1053	12 
[7, 2, 6, 5, 250]  	1177	9 
[3, 5, 13, 0, 250]  	1201	9 
[6, 0, 2, 10, 250]  	1248	7 
[0, 20, 4, 4, 250]  	1392	4 
[0, 20, 6, 3, 250]  	1442	3 
[0, 14, 4, 7, 250]  	1446	4 
[4, 11, 0, 5, 251]  	991	11 
[1, 16, 0, 5, 251]  	1083	7 
[2, 18, 2, 4, 251]  	1238	9 
[1, 10, 11, 1, 251]  	1274	5 
[1, 7, 15, 0, 251]  	1355	5 
[0, 8, 0, 13, 251]  	1492	2 
[2, 2, 9, 2, 252]  	959	5 
[5, 8, 2, 5, 252]  	1053	9 
[4, 10, 8, 0, 252]  	1062	10 
[4, 22, 0, 3, 252]  	1214	7 
[2, 1, 8, 6, 252]  	1219	7 
[2, 1, 10, 5, 252]  	1269	7 
[1, 3, 3, 10, 252]  	1275	4 
[1, 27, 1, 2, 252]  	1285	5 
[1, 0, 4, 11, 252]  	1327	4 
[2, 0, 18, 0, 252]  	1340	6 
[1, 0, 11, 6, 252]  	1364	5 
[1, 12, 10, 2, 252]  	1369	6 
[0, 13, 4, 7, 252]  	1409	3 
[0, 11, 3, 9, 252]  	1448	2 
[0, 2, 10, 8, 252]  	1520	2 
[11, 13, 3, 0, 253]  	1035	13 
[1, 3, 4, 7, 253]  	1070	4 
[5, 5, 4, 5, 253]  	1084	8 
[5, 2, 6, 5, 253]  	1115	8 
[3, 3, 0, 10, 253]  	1124	5 
[3, 0, 7, 6, 253]  	1142	5 
[8, 7, 9, 0, 253]  	1146	12 
[4, 2, 7, 5, 253]  	1155	7 
[2, 9, 11, 0, 253]  	1176	7 
[4, 0, 2, 10, 253]  	1186	6 
[1, 19, 2, 4, 253]  	1244	6 
[1, 21, 1, 4, 253]  	1247	5 
[3, 0, 10, 5, 253]  	1263	7 
[1, 10, 6, 5, 253]  	1287	5 
[3, 0, 4, 10, 253]  	1297	6 
[1, 14, 7, 3, 253]  	1322	5 
[0, 29, 0, 3, 253]  	1349	5 
[1, 23, 4, 2, 253]  	1350	5 
[0, 19, 4, 4, 253]  	1355	4 
[0, 31, 3, 0, 253]  	1360	6 
[1, 11, 13, 0, 253]  	1361	2 
[1, 23, 3, 3, 253]  	1371	5 
[0, 26, 2, 3, 253]  	1380	4 
[0, 1, 0, 15, 253]  	1417	2 
[0, 23, 3, 4, 253]  	1432	3 
[0, 6, 1, 13, 253]  	1489	2 
[0, 0, 3, 14, 253]  	1501	1 
[0, 12, 13, 2, 253]  	1551	2 
[3, 8, 1, 1, 254]  	552	5 
[5, 2, 5, 1, 254]  	676	9 
[1, 3, 0, 6, 254]  	694	3 
[4, 2, 7, 2, 254]  	879	6 
[2, 0, 9, 2, 254]  	885	4 
[4, 0, 2, 7, 254]  	910	6 
[5, 0, 3, 6, 254]  	920	7 
[4, 0, 4, 6, 254]  	960	8 
[3, 0, 4, 7, 254]  	1021	6 
[14, 11, 3, 0, 254]  	1054	9 
[11, 0, 1, 7, 254]  	1056	10 
[2, 5, 5, 5, 254]  	1062	7 
[12, 2, 9, 0, 254]  	1085	9 
[2, 7, 11, 0, 254]  	1102	6 
[9, 5, 9, 0, 254]  	1103	9 
[3, 0, 0, 11, 254]  	1105	6 
[3, 1, 6, 6, 254]  	1108	9 
[2, 1, 0, 11, 254]  	1111	4 
[1, 15, 1, 5, 254]  	1117	7 
[2, 13, 2, 5, 254]  	1145	8 
[2, 0, 1, 11, 254]  	1145	6 
[1, 19, 1, 4, 254]  	1173	4 
[1, 18, 2, 4, 254]  	1207	5 
[1, 8, 6, 5, 254]  	1213	4 
[2, 12, 10, 0, 254]  	1216	8 
[6, 3, 13, 0, 254]  	1220	10 
[2, 4, 8, 5, 254]  	1238	7 
[1, 6, 13, 1, 254]  	1268	5 
[1, 13, 11, 0, 254]  	1293	4 
[1, 1, 3, 11, 254]  	1293	3 
[1, 12, 9, 2, 254]  	1298	3 
[1, 13, 6, 4, 254]  	1306	4 
[1, 15, 5, 4, 254]  	1309	5 
[1, 2, 4, 10, 254]  	1309	3 
[0, 28, 0, 3, 254]  	1312	3 
[1, 7, 8, 5, 254]  	1318	5 
[1, 1, 1, 13, 254]  	1335	4 
[0, 16, 4, 5, 254]  	1336	4 
[1, 1, 18, 0, 254]  	1346	2 
[1, 0, 3, 12, 254]  	1348	3 
[0, 28, 2, 2, 254]  	1362	4 
[0, 13, 6, 5, 254]  	1367	3 
[0, 16, 2, 7, 254]  	1378	5 
[1, 0, 10, 7, 254]  	1385	4 
[0, 34, 2, 0, 254]  	1400	3 
[1, 0, 18, 1, 254]  	1401	3 
[0, 8, 4, 9, 254]  	1408	2 
[0, 6, 0, 13, 254]  	1418	2 
[1, 0, 17, 2, 254]  	1422	3 
[0, 1, 8, 9, 254]  	1433	2 
[0, 3, 7, 9, 254]  	1436	1 
[0, 24, 0, 6, 254]  	1440	3 
[0, 1, 3, 13, 254]  	1446	2 
[0, 15, 10, 2, 254]  	1449	2 
[0, 22, 9, 0, 254]  	1453	3 
[0, 26, 7, 0, 254]  	1459	4 
[0, 0, 9, 9, 254]  	1467	1 
[0, 0, 0, 16, 254]  	1472	1 
[0, 26, 1, 5, 254]  	1493	5 
[0, 10, 11, 4, 254]  	1519	1 
[0, 5, 19, 0, 254]  	1534	1 
[0, 1, 7, 11, 254]  	1546	2 
[0, 4, 15, 4, 254]  	1581	1 
[0, 10, 8, 7, 254]  	1582	1 
[3, 9, 1, 0, 255]  	497	4 
[5, 5, 3, 1, 255]  	645	8 
[4, 2, 5, 1, 255]  	645	7 
[4, 1, 0, 6, 255]  	713	7 
[5, 0, 9, 1, 255]  	886	9 
[8, 2, 9, 0, 255]  	961	3 
[4, 0, 11, 1, 255]  	997	9 
[0, 0, 0, 11, 255]  	1012	1 
[17, 0, 7, 0, 255]  	1024	2 
[2, 14, 0, 5, 255]  	1040	3 
[2, 2, 5, 6, 255]  	1043	5 
[3, 0, 6, 6, 255]  	1071	7 
[14, 0, 9, 0, 255]  	1073	3 
[1, 14, 1, 5, 255]  	1080	5 
[4, 5, 11, 0, 255]  	1090	6 
[2, 0, 8, 5, 255]  	1090	4 
[2, 5, 12, 0, 255]  	1099	3 
[1, 17, 1, 4, 255]  	1099	2 
[0, 28, 1, 0, 255]  	1107	3 
[6, 4, 11, 0, 255]  	1115	9 
[4, 4, 12, 0, 255]  	1124	7 
[2, 10, 10, 0, 255]  	1142	4 
[1, 15, 8, 0, 255]  	1154	5 
[1, 11, 5, 4, 255]  	1161	2 
[1, 13, 8, 1, 255]  	1172	5 
[1, 21, 0, 4, 255]  	1176	5 
[3, 0, 14, 1, 255]  	1179	7 
[0, 8, 6, 5, 255]  	1182	2 
[3, 22, 0, 3, 255]  	1183	7 
[1, 8, 7, 4, 255]  	1192	3 
[0, 2, 3, 10, 255]  	1207	2 
[7, 2, 13, 0, 255]  	1214	9 
[1, 10, 5, 5, 255]  	1216	2 
[1, 5, 9, 4, 255]  	1223	2 
[3, 0, 3, 10, 255]  	1226	5 
[2, 1, 16, 0, 255]  	1235	4 
[1, 9, 11, 1, 255]  	1237	4 
[0, 7, 6, 6, 255]  	1237	2 
[1, 5, 8, 5, 255]  	1244	5 
[1, 6, 14, 0, 255]  	1247	3 
[6, 0, 15, 0, 255]  	1251	8 
[1, 10, 12, 0, 255]  	1253	5 
[1, 2, 11, 4, 255]  	1254	2 
[1, 12, 11, 0, 255]  	1256	3 
[0, 12, 0, 9, 255]  	1272	1 
[1, 2, 10, 5, 255]  	1275	4 
[1, 1, 17, 0, 255]  	1275	2 
[0, 15, 5, 4, 255]  	1278	3 
[1, 9, 13, 0, 255]  	1287	2 
[2, 22, 2, 3, 255]  	1294	7 
[0, 15, 4, 5, 255]  	1299	3 
[0, 0, 17, 1, 255]  	1299	1 
[3, 0, 17, 0, 255]  	1300	4 
[0, 9, 2, 9, 255]  	1303	1 
[1, 1, 6, 9, 255]  	1322	3 
[0, 22, 2, 4, 255]  	1324	4 
[1, 1, 10, 6, 255]  	1330	5 
[0, 6, 4, 9, 255]  	1334	1 
[0, 7, 10, 4, 255]  	1337	1 
[1, 2, 7, 8, 255]  	1338	3 
[0, 12, 10, 2, 255]  	1338	1 
[0, 8, 2, 10, 255]  	1358	3 
[0, 3, 6, 9, 255]  	1365	1 
[0, 4, 12, 4, 255]  	1368	1 
[0, 14, 3, 7, 255]  	1375	3 
[0, 0, 8, 9, 255]  	1396	1 
[0, 2, 7, 9, 255]  	1399	2 
[0, 38, 0, 0, 255]  	1406	1 
[0, 4, 18, 0, 255]  	1426	1 
[0, 14, 9, 3, 255]  	1433	4 
[0, 2, 14, 4, 255]  	1436	1 
[1, 0, 16, 3, 255]  	1443	4 
[0, 1, 20, 0, 255]  	1457	1 
[0, 7, 17, 0, 255]  	1466	1 
[0, 1, 15, 4, 255]  	1470	1 
[0, 1, 14, 5, 255]  	1491	2 
[0, 0, 16, 4, 255]  	1504	1 
[0, 0, 22, 0, 255]  	1562	1 
[0, 9, 15, 2, 255]  	1582	1 
------
The gap is between 9 and 248.
Lengths: 5 5 8 8 5 8.
For 1536 = 3*d-d1-d2-d3-d4 you get 5 in char 0.
1 + 0*2^64 + 0*2^128 + 0*2^192*y^17*z^5*w^6
1 + 0*2^64 + 0*2^128 + 0*2^192*y^16*z^12*w^1
1 + 0*2^64 + 0*2^128 + 0*2^192*y^4*z^4*w^12
1 + 0*2^64 + 0*2^128 + 0*2^192*y^3*z^11*w^7
1 + 0*2^64 + 0*2^128 + 0*2^192*y^2*z^18*w^2

For 947 = 2*d-d1-d2-d3-d4 you get 8 in char 0.
1 + 0*2^64 + 0*2^128 + 0*2^192*x^14*y^2*z^1*w^4
1 + 0*2^64 + 0*2^128 + 0*2^192*x^9*y^1*z^5*w^3
1 + 0*2^64 + 0*2^128 + 0*2^192*x^2*y^22*z^1
1 + 0*2^64 + 0*2^128 + 0*2^192*x^1*y^19*z^3
1 + 0*2^64 + 0*2^128 + 0*2^192*x^1*y^5*z^9*w^1
1 + 0*2^64 + 0*2^128 + 0*2^192*y^16*z^5
1 + 0*2^64 + 0*2^128 + 0*2^192*y^3*z^4*w^6
1 + 0*2^64 + 0*2^128 + 0*2^192*y^2*z^11*w^1

For 358 = d-d1-d2-d3-d4 you get 5 in char 0.
1 + 0*2^64 + 0*2^128 + 0*2^192*x^5*y^3*w^1
1 + 0*2^64 + 0*2^128 + 0*2^192*x^4*z^2*w^1
1 + 0*2^64 + 0*2^128 + 0*2^192*x^2*y^8
1 + 0*2^64 + 0*2^128 + 0*2^192*x^1*y^5*z^2
1 + 0*2^64 + 0*2^128 + 0*2^192*y^2*z^4

Extra powers of p used 4.
The invariant extra is equal to 33.
Start computing 2^4 Delta^1 (x1x2x3x4)^1... Done.
Start computing 2^5 Delta^2 (x1x2x3x4)^1... Done.
Start computing 2^6 Delta^3 (x1x2x3x4)^1... Done.
Start computing 2^7 Delta^4 (x1x2x3x4)^1... Done.
Start computing 2^8 Delta^5 (x1x2x3x4)^1... Done.
Start computing 2^9 Delta^6 (x1x2x3x4)^1... Done.
Start computing 2^10 Delta^7 (x1x2x3x4)^1... Done.
Start computing 2^11 Delta^8 (x1x2x3x4)^1... Done.
Start computing 2^12 Delta^9 (x1x2x3x4)^1... Done.
Start computing 2^13 Delta^10 (x1x2x3x4)^1... Done.
Start computing 2^14 Delta^11 (x1x2x3x4)^1... Done.
Start computing 2^15 Delta^12 (x1x2x3x4)^1... Done.
Start computing 2^16 Delta^13 (x1x2x3x4)^1... Done.
Start computing 2^17 Delta^14 (x1x2x3x4)^1... Done.
Start computing 2^18 Delta^15 (x1x2x3x4)^1... Done.
Start computing 2^19 Delta^16 (x1x2x3x4)^1... Done.
Start computing 2^20 Delta^17 (x1x2x3x4)^1... Done.
Start computing 2^21 Delta^18 (x1x2x3x4)^1... Done.
Start computing 2^22 Delta^19 (x1x2x3x4)^1... Done.
Start computing 2^23 Delta^20 (x1x2x3x4)^1... Done.
Start computing 2^24 Delta^21 (x1x2x3x4)^1... Done.
Start computing 2^25 Delta^22 (x1x2x3x4)^1... Done.
Start computing 2^26 Delta^23 (x1x2x3x4)^1... Done.
Start computing 2^27 Delta^24 (x1x2x3x4)^1... Done.
Start computing 2^28 Delta^25 (x1x2x3x4)^1... Done.
Start computing 2^29 Delta^26 (x1x2x3x4)^1... Done.
Start computing 2^30 Delta^27 (x1x2x3x4)^1... Done.
Start computing 2^31 Delta^28 (x1x2x3x4)^1... Done.
Start computing 2^32 Delta^29 (x1x2x3x4)^1... Done.
Start computing 2^33 Delta^30 (x1x2x3x4)^1... Done.
Start computing 2^34 Delta^31 (x1x2x3x4)^1... Done.
Start computing 2^35 Delta^32 (x1x2x3x4)^1... Done.
Start computing 2^36 Delta^33 (x1x2x3x4)^1... Done.
Start computing 2^37 Delta^34 (x1x2x3x4)^1... Done.
Start computing 2^38 Delta^35 (x1x2x3x4)^1... Done.
Start computing aa.
1 2 3 4 5 6 7 8 9 10 11 12 13 14 15 16 17 18 
*/
A = \
[17142906956157490332 + 3778954133168850463*2^64 + 14957084580736090886*2^128 + 16675232297*2^192,782611988278610504 + 2887524080144798757*2^64 + 8308020951468314811*2^128 + 2823673956*2^192,7228355190080916808 + 11369741932903276859*2^64 + 9355436615113465172*2^128 + 937504469*2^192,5651368382370080020 + 245898008167561860*2^64 + 14731474458793966780*2^128 + 6035341026*2^192,16641865482969967176 + 12435370217063323684*2^64 + 6856012911650865885*2^128 + 10586221659*2^192,3330385097548753408 + 11436236005837353690*2^64 + 1557953277432189887*2^128 + 13412611012*2^192,10387970003425857840 + 16316070389395749671*2^64 + 9951550914675181324*2^128 + 9059824448*2^192,5585905472796817632 + 1017574635932455732*2^64 + 8954907643317558609*2^128 + 14668032430*2^192,15308532675583803568 + 9348016592616428863*2^64 + 5827561064670542139*2^128 + 5193774113*2^192,17715150492528090752 + 5215032877221295908*2^64 + 14430886941481564765*2^128 + 9096735086*2^192,18135666404808229632 + 17675783847092586368*2^64 + 6442822369250370173*2^128 + 8340874433*2^192,12263252009340572448 + 5241671539685509083*2^64 + 4276696265039776700*2^128 + 4635334992*2^192,141182564206286080 + 17630988331979356158*2^64 + 11386212748422037926*2^128 + 2894019021*2^192,15477932206940361296 + 11482263344025252611*2^64 + 5303464116385575217*2^128 + 10834771117*2^192,16559073291222112944 + 2914389100108078599*2^64 + 14694904684067874997*2^128 + 13806475663*2^192,5608794909457102256 + 12704838947006130437*2^64 + 18389028999439586301*2^128 + 15213418425*2^192,13631837244732653920 + 14012158387426760828*2^64 + 10301724154115473235*2^128 + 10407321780*2^192,3228439272193249424 + 17308510237564441228*2^64 + 6652462785262801557*2^128 + 1107137272*2^192;\
12863512764421004800 + 14741290076117076937*2^64 + 1188895435050197801*2^128 + 7892731445*2^192,17527167066775008176 + 1919473366476718356*2^64 + 13688990205550128583*2^128 + 1763756196*2^192,396513224276007936 + 1146421452145796135*2^64 + 3634809706523242252*2^128 + 3667685852*2^192,11298985959798474464 + 2133049923764862479*2^64 + 17025148795505188447*2^128 + 8838282863*2^192,2049506175436432416 + 8016855440888543698*2^64 + 5530901901108474236*2^128 + 6349866258*2^192,7471585823097099840 + 4628030491312737626*2^64 + 14271389582368563669*2^128 + 4242618312*2^192,10301193755231494528 + 7870948645952645181*2^64 + 11892053309657204294*2^128 + 16568836289*2^192,17061876546384515968 + 8426806638441818710*2^64 + 648434731311127735*2^128 + 13148572751*2^192,2125414192474349184 + 2743438705309255353*2^64 + 5255904883502587608*2^128 + 8866982620*2^192,14942977883506287360 + 15252890222377694325*2^64 + 11277809154367360623*2^128 + 15647354246*2^192,17143859825643900928 + 5524199087373089479*2^64 + 15482074157288952550*2^128 + 15945550711*2^192,6507249146137750656 + 12019606851727312247*2^64 + 6531287471119673677*2^128 + 7411885380*2^192,1631686015551722112 + 12544749143612648866*2^64 + 6951699463566753658*2^128 + 1623856442*2^192,13592777994308271232 + 17228522994592613165*2^64 + 14898505193569488442*2^128 + 2667799561*2^192,12794529293397022528 + 4764515923678141896*2^64 + 2893009675027952661*2^128 + 4090988153*2^192,6220261373527375360 + 8625738167384522601*2^64 + 12244386862359733515*2^128 + 3178665955*2^192,13842571026333026560 + 10035426962742376703*2^64 + 5962335575996138706*2^128 + 10317319444*2^192,12759112532174733312 + 10005427214707518583*2^64 + 1260072394847894236*2^128 + 4979731415*2^192;\
13296413562075975746 + 14291076920483846025*2^64 + 6977538244445966042*2^128 + 840628953*2^192,13650595486531967604 + 7440453711788867266*2^64 + 11937254430278370501*2^128 + 3782769418*2^192,6157065601770125004 + 16001135259746071365*2^64 + 12512203361882377470*2^128 + 13428616633*2^192,2966991280038957238 + 8685535169048578471*2^64 + 1418052035261016063*2^128 + 5095426304*2^192,12994346487575838460 + 8501190169473009378*2^64 + 9495255766943789749*2^128 + 15355179064*2^192,3401090277921702048 + 3520677533640696630*2^64 + 14380410685336249464*2^128 + 7155504931*2^192,4196830992619030216 + 6854503154469038623*2^64 + 16230066416466113887*2^128 + 2614263763*2^192,3760305393620633104 + 17562048096891729104*2^64 + 12953725655768628143*2^128 + 12950630893*2^192,17107126541066764392 + 17175262531727005804*2^64 + 11416250596696788291*2^128 + 381772591*2^192,12553776072779092736 + 14187062701583085488*2^64 + 2063080664479606525*2^128 + 6602889128*2^192,1090385047150057472 + 15677301541793327803*2^64 + 8868740349224601613*2^128 + 6390534946*2^192,13413818177467982256 + 9047441321338797554*2^64 + 4426810570377401494*2^128 + 9734859755*2^192,10163735711769845312 + 982041748246426456*2^64 + 14784496027826637018*2^128 + 1055791933*2^192,7241176204925361144 + 11969743555025326080*2^64 + 6599371360291100012*2^128 + 15900694930*2^192,12616663334825902152 + 15651655010457167996*2^64 + 16882334817246124830*2^128 + 5445100264*2^192,18103919897061631400 + 2763717060125958169*2^64 + 11546569281180611879*2^128 + 1424521708*2^192,5328744724142601104 + 2370035650505221782*2^64 + 6355601138677176430*2^128 + 16961085425*2^192,18116591839337285560 + 3957921548627884016*2^64 + 14146551330531722594*2^128 + 10819024274*2^192;\
2965592539517228552 + 16592200015070186940*2^64 + 5209607783604038417*2^128 + 8725995148*2^192,17249054984030554768 + 3406272938336248555*2^64 + 16448362473054221992*2^128 + 2315480766*2^192,5654130247859341104 + 1442169151181174121*2^64 + 17047553552316888774*2^128 + 2373216130*2^192,18374324995100968536 + 1480958207319985803*2^64 + 6389981839233162678*2^128 + 6391837581*2^192,16990795480634150640 + 16226671239319475183*2^64 + 4270840379939361985*2^128 + 8407959920*2^192,8071661227899953344 + 8301971852889805094*2^64 + 8579481350772396286*2^128 + 1515383912*2^192,15010251344430758240 + 5459642385257290936*2^64 + 13030262037530878055*2^128 + 3226416767*2^192,2766025475417341248 + 2892212364258885235*2^64 + 2941469904684369858*2^128 + 16754311491*2^192,17590461698657537696 + 4577054511384881715*2^64 + 6159708895855148406*2^128 + 198336238*2^192,2125114705788983744 + 14131300832033057004*2^64 + 10334828520761343988*2^128 + 7961362193*2^192,414483358463187520 + 16754311563044934259*2^64 + 16684395666288636253*2^128 + 6847880961*2^192,18163043363595837952 + 7435588192610815120*2^64 + 2884550649294663250*2^128 + 15101120766*2^192,8717485531939556160 + 9995243181009344144*2^64 + 5751923526911862469*2^128 + 15424652154*2^192,9719516743404268128 + 11073799331316452029*2^64 + 13693647511154996132*2^128 + 11830026063*2^192,3589736158538621856 + 5886109858718087491*2^64 + 2197409758726740150*2^128 + 5824987284*2^192,17365103043541082400 + 7714863831724782725*2^64 + 12261064723368487323*2^128 + 15684757624*2^192,10662167185465859776 + 6156711265718280257*2^64 + 9686196207399461012*2^128 + 13916716182*2^192,15942174189837505504 + 11893378901633737323*2^64 + 15403591593298063996*2^128 + 8888520421*2^192;\
4085166667185715910 + 7977680290345455804*2^64 + 8143695333453504995*2^128 + 5209469943*2^192,553563596523677644 + 14916511760719173098*2^64 + 2422045902207555769*2^128 + 840252132*2^192,4118704133820319108 + 18023493301505989891*2^64 + 3920548657595078950*2^128 + 13525464284*2^192,3788164346438402162 + 7171085923166845669*2^64 + 13915899068199558093*2^128 + 15989371966*2^192,11713753223569693540 + 13499014246111684317*2^64 + 13920546184025605979*2^128 + 1551245080*2^192,16803617402347768288 + 169438908636661354*2^64 + 2380066378855446958*2^128 + 5743427423*2^192,3294848961884971288 + 1138967037143140007*2^64 + 10178982602572618351*2^128 + 3011607852*2^192,17390758195047568080 + 18145062747138347706*2^64 + 17183377828632847086*2^128 + 10258242203*2^192,16922129851477153304 + 18435081229657716386*2^64 + 13134238128053236280*2^128 + 1502885269*2^192,3757193284615033024 + 1335607065159857272*2^64 + 13048346022811634118*2^128 + 5127304793*2^192,3128260673049936672 + 14838257199069869022*2^64 + 18093311064730682934*2^128 + 16499612019*2^192,9353946577180319824 + 5169096661093236019*2^64 + 6224512166931211111*2^128 + 15914465997*2^192,6269034915410399616 + 9993931711228642547*2^64 + 5850455050046129143*2^128 + 115484731*2^192,13275521597448717672 + 6028635818544167315*2^64 + 3991279444031041*2^128 + 1719658769*2^192,2412244722832435672 + 12463478309141521298*2^64 + 5371106210658192329*2^128 + 15978657580*2^192,11883270500739707448 + 10914394826113958686*2^64 + 10347539173541895263*2^128 + 3537187829*2^192,7731932755998720304 + 6912477066899714800*2^64 + 6482973918259187573*2^128 + 10189329242*2^192,2038434012514596328 + 7339762611357199819*2^64 + 1103583525971615079*2^128 + 16939291759*2^192;\
696917142660049277 + 14037409983615405722*2^64 + 14326534642230764323*2^128 + 3855896064*2^192,1481686428292589378 + 5135169245408680388*2^64 + 2604811738581726879*2^128 + 146542731*2^192,1030756831356362126 + 880133337200886560*2^64 + 16959068768866180160*2^128 + 6370204518*2^192,1173405724908980455 + 2018035628592562084*2^64 + 5577805547557180728*2^128 + 7467642981*2^192,3456002603242664814 + 9640315839221253993*2^64 + 13945326691043912592*2^128 + 8475017002*2^192,10977376869730363120 + 7088100180455250629*2^64 + 8218090734212780530*2^128 + 1363290537*2^192,223298771004704180 + 16897727818139506151*2^64 + 10857684904410938192*2^128 + 6019625392*2^192,9425676113454374776 + 12188670302964705974*2^64 + 15725003558134881174*2^128 + 784964195*2^192,7877762190628527028 + 6766443622294446297*2^64 + 12111068636512593444*2^128 + 780754796*2^192,11997697830401858144 + 16264358584947576656*2^64 + 14179881217867098247*2^128 + 4468210402*2^192,16174905405173206544 + 13859301898062777594*2^64 + 15801013898765579169*2^128 + 1035630277*2^192,8250165283063260568 + 16058752914043627533*2^64 + 18321335415768018423*2^128 + 7030241054*2^192,3158301621678306976 + 16520169605589276059*2^64 + 17512132180195712532*2^128 + 5308545939*2^192,4432310602716660396 + 7757445564637606452*2^64 + 3414762966081753643*2^128 + 3981788725*2^192,295698982807599476 + 2475505079855036776*2^64 + 4552686756685230821*2^128 + 1310902615*2^192,15096516433417027428 + 2184668235388435158*2^64 + 9922348463887888849*2^128 + 6411003632*2^192,5992354188514568616 + 11912066729381178573*2^64 + 15701881682703900193*2^128 + 6926788159*2^192,11177067716431479020 + 14096443132937253563*2^64 + 13381070584007364347*2^128 + 7387357334*2^192;\
3523482159696479784 + 402569268691772342*2^64 + 7390593951955707730*2^128 + 7572881788*2^192,6227149082289966400 + 11427968386610441638*2^64 + 6484268978323334661*2^128 + 8356465508*2^192,11863282540528823184 + 6468450773918629712*2^64 + 17026715640027686032*2^128 + 5729799131*2^192,17339901495581207704 + 16624892197434627375*2^64 + 11552065319934929123*2^128 + 1357212673*2^192,9873663072205873904 + 6238276276041805212*2^64 + 16291184176207161713*2^128 + 4010711454*2^192,13460422719891627840 + 10900198611085409553*2^64 + 7432928260588790071*2^128 + 3778486857*2^192,7143075212314387616 + 11111132575128577857*2^64 + 12314513704350462273*2^128 + 1480664762*2^192,12272448568332241024 + 15042758380294279473*2^64 + 6362881696091291470*2^128 + 2766116193*2^192,4544519062156100192 + 14223861589401537978*2^64 + 442118848031107654*2^128 + 4770035248*2^192,11575693797019772160 + 16136999847842211408*2^64 + 4191885601450180095*2^128 + 7469186517*2^192,6500210358611366720 + 17243435879107374832*2^64 + 6874696276578773119*2^128 + 6449189001*2^192,878860723223673792 + 10107273226091358584*2^64 + 5255042359883610835*2^128 + 8286098116*2^192,14023575583583964544 + 6674922834185928587*2^64 + 5976063157962111144*2^128 + 7757603336*2^192,16672014772756454688 + 16878717861237106341*2^64 + 5043534098919626538*2^128 + 7641729733*2^192,15393448754546444832 + 6137437944919072864*2^64 + 11776021710771762912*2^128 + 7567676714*2^192,17463425676078863776 + 6225892091480261521*2^64 + 7880541113322873964*2^128 + 1182507608*2^192,16437282746746158784 + 6074549427975146265*2^64 + 8044754426023998764*2^128 + 2175668725*2^192,1982415695770055968 + 9448108297188503327*2^64 + 12201689262520378851*2^128 + 7312497676*2^192;\
5953055090345441845 + 5149400466957370882*2^64 + 4788646195501021073*2^128 + 518029966*2^192,5426418083191943218 + 16173211616160366777*2^64 + 538447821342717708*2^128 + 1696745508*2^192,15919191638335559326 + 14099300389422116587*2^64 + 16841217852385106523*2^128 + 10543388696*2^192,6621723153061113711 + 12232289229595893205*2^64 + 11853198881102701285*2^128 + 3373031801*2^192,16840547982530255102 + 13727016464302384763*2^64 + 14290067816994718744*2^128 + 8822973189*2^192,12427221386470816400 + 17891520690512723804*2^64 + 3333375016842957054*2^128 + 6033471860*2^192,11646248422320385556 + 11239725173001159787*2^64 + 8265553945911745829*2^128 + 13914823970*2^192,13752915369828175832 + 1421502098567261369*2^64 + 8962012513453450203*2^128 + 11911598400*2^192,13147565970006773204 + 240794256609907039*2^64 + 5390543919093437970*2^128 + 4929956973*2^192,2671305450734372960 + 875702358350617758*2^64 + 18296544263471208720*2^128 + 13244139927*2^192,4948147691940887504 + 5196120960617694263*2^64 + 18275226582312690265*2^128 + 5577402169*2^192,16280438479335590936 + 14664446481246568550*2^64 + 2654517742606001073*2^128 + 14134908579*2^192,12160235702935044960 + 14257718146972425795*2^64 + 11016196298839571261*2^128 + 11662368109*2^192,10407172891356030540 + 17437700479635454072*2^64 + 2107102350664615465*2^128 + 10078498285*2^192,5050477438482159252 + 7784681411097350501*2^64 + 6114628699959613711*2^128 + 3713246969*2^192,8999764031313728324 + 12078248242577152348*2^64 + 11202319637737293131*2^128 + 15889701076*2^192,671856128723391592 + 12937212977816985876*2^64 + 15656951181672932730*2^128 + 14911156863*2^192,10686521682176747148 + 4182530564574602524*2^64 + 7975704229054912585*2^128 + 6583027705*2^192;\
3756532259944044072 + 6340922273851884809*2^64 + 1785492467886008730*2^128 + 3021160761*2^192,4910513661269996168 + 12033278512733707953*2^64 + 15062784799725831869*2^128 + 15625288576*2^192,16953066979645069680 + 9881608360319988463*2^64 + 11395349440047651981*2^128 + 618218067*2^192,17802705635505281264 + 15796469912481508148*2^64 + 11392018230207780295*2^128 + 14804274784*2^192,15998441242829552192 + 3080461750486512068*2^64 + 9485494949854738489*2^128 + 493272034*2^192,7057693059309927904 + 14672289561944609731*2^64 + 6310705763170319522*2^128 + 1652879745*2^192,5176421327136035264 + 514833792143858289*2^64 + 3802994910812908945*2^128 + 5724047062*2^192,12267145129881830560 + 4505219763699452321*2^64 + 4155326386083062658*2^128 + 34741767*2^192,12656291797986784320 + 17004689725492053118*2^64 + 18190043652509808685*2^128 + 7764304043*2^192,13305921076701901952 + 3542232495805713766*2^64 + 17479138364189908610*2^128 + 13187310921*2^192,7171036478489598176 + 16629541052337509327*2^64 + 13195001514681637338*2^128 + 1177994626*2^192,291117011186842048 + 2111496503248336641*2^64 + 14837565165624083900*2^128 + 2974828521*2^192,3497626844116692608 + 6895531377307093665*2^64 + 6095714020000354219*2^128 + 9902729423*2^192,5139954225722322816 + 216059041650314980*2^64 + 2764651790892773291*2^128 + 4288251353*2^192,6325243850634548160 + 1691330894436305038*2^64 + 14950744691103043987*2^128 + 4499930542*2^192,16893314477982010688 + 6861591551136223287*2^64 + 2753916611735428774*2^128 + 3561998938*2^192,15606857676983429376 + 5332043164783896983*2^64 + 6660423259320256808*2^128 + 11422970849*2^192,1756986889536055424 + 15005728885083988940*2^64 + 4830500462180834910*2^128 + 10700566638*2^192;\
13354449981762408820 + 16453837634474149464*2^64 + 286781896189075511*2^128 + 2294072091*2^192,1487893329707797592 + 15087532840716788496*2^64 + 471173798193965711*2^128 + 13345065337*2^192,849512316085562648 + 12863299064295641767*2^64 + 3746024562103838914*2^128 + 10291256254*2^192,4587658140978394332 + 524097823166944482*2^64 + 2007495266737080181*2^128 + 3379199867*2^192,5367521375696823672 + 5360680521174895193*2^64 + 6651074043824503191*2^128 + 8096017712*2^192,17448192049564649152 + 16897195062410704222*2^64 + 8673502527838036769*2^128 + 3418200569*2^192,483772567556365136 + 16755583889408254065*2^64 + 12481290941744270819*2^128 + 14761657248*2^192,9714637558445574112 + 1959280128438737338*2^64 + 17276573341859331247*2^128 + 3002552888*2^192,3583821684374199376 + 14165218192560894714*2^64 + 14155857552664753152*2^128 + 9316089342*2^192,1093239190221128768 + 3952258529821301132*2^64 + 3653377201288743873*2^128 + 14671368527*2^192,18210398765129145216 + 3833386783174428555*2^64 + 15375829845141866650*2^128 + 11316222292*2^192,3489012802501401568 + 15995173787523619327*2^64 + 12096633811037472078*2^128 + 16506903979*2^192,12849322360003814720 + 462255742649983261*2^64 + 9244783065428003448*2^128 + 3495668915*2^192,14772263968611023024 + 14068599158320736201*2^64 + 16841851132739454552*2^128 + 12811287363*2^192,9785115754842384 + 4506533926200979241*2^64 + 15554418822299609028*2^128 + 11224660594*2^192,9077635006289284432 + 9379547709868869074*2^64 + 4851170295114007823*2^128 + 1622895024*2^192,5235744907608390752 + 5371736207843107023*2^64 + 6795850937113395640*2^128 + 3721755334*2^192,5157015074982119472 + 8632828966035689131*2^64 + 10802537637968007372*2^128 + 3944261698*2^192;\
14520816179437674628 + 6248080756171862811*2^64 + 12443374044091042759*2^128 + 16490453713*2^192,14504369416824351520 + 7110032037207452834*2^64 + 13998860694758473707*2^128 + 3460510012*2^192,10098029505179675896 + 11393908840470942992*2^64 + 540460563129945659*2^128 + 9316046412*2^192,5056271184355944724 + 15267657294165129734*2^64 + 592752306699495656*2^128 + 601127195*2^192,15432039594415359048 + 11942204311078762509*2^64 + 14987335758139399496*2^128 + 14365882826*2^192,15354394691446006336 + 3231534078907719644*2^64 + 14742310887803701896*2^128 + 12308195371*2^192,9648064426868470320 + 494239847936106397*2^64 + 1706872924008135331*2^128 + 8557862629*2^192,8183938071356813600 + 10080470473779123336*2^64 + 12661265119367049903*2^128 + 6121465528*2^192,1507765052702551888 + 12254480587808696633*2^64 + 13121089757935551149*2^128 + 1387966950*2^192,14095101997537134336 + 391221983146488116*2^64 + 16860380257109265925*2^128 + 4040086024*2^192,5519364031932842912 + 10240763566525929627*2^64 + 17205500031666538501*2^128 + 2258908572*2^192,6858685924518201120 + 9386368971003102227*2^64 + 14233070556864718430*2^128 + 14622620823*2^192,5274599557659041792 + 15756067508613697492*2^64 + 12080843799928083229*2^128 + 2990862552*2^192,4013920284444328016 + 1209633883207534814*2^64 + 5505937196570458009*2^128 + 7437817796*2^192,170565929829017136 + 315830967295056412*2^64 + 11097815578453843510*2^128 + 15022465575*2^192,15594510790264566448 + 18375255647368605156*2^64 + 9838224513149267362*2^128 + 14115639865*2^192,6261611187445601632 + 7796934779436429225*2^64 + 14997179410961689204*2^128 + 14334022592*2^192,15374072569639404752 + 8252907224449359125*2^64 + 9693640439285326944*2^128 + 7213889573*2^192;\
17449302796823665061 + 6251005989232143584*2^64 + 2054623409870260565*2^128 + 8655995423*2^192,17153794242057666490 + 1086313300521732460*2^64 + 18173911884583544022*2^128 + 6482547969*2^192,18233438668214399342 + 7841602581187455089*2^64 + 7282964622888891248*2^128 + 14615322243*2^192,5675627421788730607 + 13584529509893577105*2^64 + 17011492714149984927*2^128 + 10401065326*2^192,10953794572073844446 + 14259342233563226072*2^64 + 16522873061996997229*2^128 + 13768994714*2^192,4342530648011177424 + 13088539872381646357*2^64 + 4533884453009860543*2^128 + 14739619743*2^192,16913421492176051028 + 16701958515939695265*2^64 + 757753440785057615*2^128 + 5630478323*2^192,1423319909899407192 + 8954262342076590420*2^64 + 9057138802985632181*2^128 + 11342698115*2^192,16809134711742347252 + 2829721777693058167*2^64 + 3977877705740628761*2^128 + 12264436032*2^192,14824969374579222368 + 8581348931126683021*2^64 + 10826590264315416510*2^128 + 10934817934*2^192,4044944102407737072 + 6741834200998121680*2^64 + 7487117163288210891*2^128 + 15724180127*2^192,2312734951941549912 + 2905084696856786118*2^64 + 3492327528219900523*2^128 + 10934180572*2^192,390380947420031200 + 8371344072978057503*2^64 + 4580166582436162286*2^128 + 13952900891*2^192,2313007490727286316 + 17286660400196598834*2^64 + 1114525148692842874*2^128 + 8560032222*2^192,4865083850132327988 + 7643114848190381732*2^64 + 4484350798792533519*2^128 + 1304473182*2^192,7261018142442786628 + 12332474969694363809*2^64 + 12927363029818891744*2^128 + 5341821111*2^192,11838874781308077032 + 16087382176474891086*2^64 + 14837563966908671548*2^128 + 7419054161*2^192,15735682438089215724 + 3334886708170926455*2^64 + 2101971051217577006*2^128 + 1867242290*2^192;\
6948291815424501504 + 1191998926014430812*2^64 + 12976727128031252067*2^128 + 14379844066*2^192,8491450239729014496 + 8337308913334534731*2^64 + 16634181872159549971*2^128 + 15010941226*2^192,9784541569849237440 + 15743026174687101589*2^64 + 11247657254059125094*2^128 + 2274056128*2^192,2557027952142607440 + 14378639490536715739*2^64 + 11647370245656959223*2^128 + 12875786599*2^192,13704781401823293808 + 10471690932445884306*2^64 + 6003789438306476984*2^128 + 8771366476*2^192,9691625651859426432 + 6719617068186676186*2^64 + 18419741776363591974*2^128 + 2631409493*2^192,7111670401842884352 + 18013401778475031116*2^64 + 17255006247576789396*2^128 + 1023490409*2^192,16969395075395704960 + 17277327476502557183*2^64 + 6162726591037702817*2^128 + 1580526283*2^192,7037193276385390208 + 8599097466206496586*2^64 + 13119585295118596677*2^128 + 14199867686*2^192,1733933977615620416 + 8653888622254050540*2^64 + 2497257971862759463*2^128 + 12161978979*2^192,17932250061616679648 + 15331280299199174438*2^64 + 10313475540825506923*2^128 + 15370888488*2^192,14768809617237611680 + 18316104064291802530*2^64 + 13425021270002276841*2^128 + 518633209*2^192,5831686249910307712 + 12982728094802447456*2^64 + 9571288117830789966*2^128 + 9235253958*2^192,1011869655730125824 + 7083657544834194408*2^64 + 16829039258672649901*2^128 + 15404685160*2^192,10590640320398168384 + 1934145212785788489*2^64 + 255958138706710205*2^128 + 2454432*2^192,4091302360722544128 + 6446693026589553286*2^64 + 12501883633669072277*2^128 + 16291677960*2^192,14298187970388878208 + 5650102934858241093*2^64 + 8626739922362483949*2^128 + 7087921309*2^192,8375345528199688768 + 9809180540891952290*2^64 + 13528330378039368926*2^128 + 2839551512*2^192;\
607834505873599224 + 1976939828326821075*2^64 + 18146687800816012532*2^128 + 5151974555*2^192,15104164943105237088 + 7453013878784497048*2^64 + 790763046538633457*2^128 + 7297027261*2^192,9580718770766174896 + 14307460156241176041*2^64 + 6714029955519154677*2^128 + 4225596663*2^192,14167809370732818312 + 13641421691372156078*2^64 + 6545853139315251945*2^128 + 2301322229*2^192,1661185860147595312 + 10411743389510368981*2^64 + 9931105932840432187*2^128 + 1697963485*2^192,12085726947414776256 + 7996319192271138960*2^64 + 4260047019379837367*2^128 + 7905958760*2^192,7636120411734784352 + 11729522796777163995*2^64 + 7299280159406627018*2^128 + 5303162066*2^192,14002548348575315776 + 9354126074246351625*2^64 + 8057924230138495099*2^128 + 2271888860*2^192,12742105422373125600 + 14654204520723200301*2^64 + 1173944527778648224*2^128 + 6787955090*2^192,3148486598272277184 + 15086204312958341185*2^64 + 8295933372776266292*2^128 + 649891367*2^192,2608914738828410368 + 3169780499117372792*2^64 + 3637443741120177465*2^128 + 6408873447*2^192,9508595839878808384 + 6969348149242638693*2^64 + 12358896940652631599*2^128 + 7516072343*2^192,16077640004742146368 + 4413490366867278583*2^64 + 10983187960952247129*2^128 + 7020229590*2^192,15516882683452000416 + 16452410306916550084*2^64 + 16449053290224095625*2^128 + 2019585522*2^192,16636031929741173536 + 3583453049991196827*2^64 + 6748169297073603481*2^128 + 3300407539*2^192,2021063908927177440 + 17474370196233919223*2^64 + 16904394543923978511*2^128 + 4668718282*2^192,2782548873454904768 + 10412523113123439421*2^64 + 5393556929211406730*2^128 + 7405390418*2^192,16188782580834836960 + 12527980498444913359*2^64 + 15252315350361652896*2^128 + 1438852813*2^192;\
4945112852100736816 + 13883487520580784362*2^64 + 16028124183628570873*2^128 + 5578674436*2^192,12171060493556250096 + 6833269676935356728*2^64 + 1411306542351448550*2^128 + 16320026860*2^192,14265262716589914720 + 13615611267160422214*2^64 + 13826948131055579107*2^128 + 3788407140*2^192,7036755946777755120 + 4548777085021627048*2^64 + 6106082751542180459*2^128 + 5236942088*2^192,12457432434410320816 + 17085260643153852625*2^64 + 6568383396690794049*2^128 + 1677351827*2^192,16606984508156789920 + 3688515226035394131*2^64 + 1820562304530201941*2^128 + 8917493494*2^192,1070596229903940800 + 12463249141141840956*2^64 + 6894006598770253236*2^128 + 7183268751*2^192,11322693576635888832 + 5313516514054669312*2^64 + 3447914729834626524*2^128 + 14492051457*2^192,4484501703209100800 + 3659607224586618464*2^64 + 8365813326457655139*2^128 + 8611215764*2^192,3536190975985110976 + 2351103589801671115*2^64 + 12424134167549258568*2^128 + 5298154318*2^192,13322653194999194176 + 14534771174297029195*2^64 + 17040284453843110258*2^128 + 12168548416*2^192,7446141056345534400 + 14583836470586696715*2^64 + 10812987148700010025*2^128 + 1435264723*2^192,11752436519262485248 + 14491101486513811364*2^64 + 12043844260253364962*2^128 + 2120551848*2^192,8230958162102504128 + 7848328332216598257*2^64 + 2449789322283839286*2^128 + 16175276252*2^192,2577878404615707392 + 7199803432396911760*2^64 + 7744569904746564710*2^128 + 3375347877*2^192,9952705358808178240 + 15995805239101449103*2^64 + 594686797605047572*2^128 + 631435765*2^192,746292471348235392 + 15966948414203064127*2^64 + 1821927090014290669*2^128 + 14249167326*2^192,15674712431924920256 + 6427442769537104007*2^64 + 16752382684307867433*2^128 + 4859414765*2^192;\
11261476093054869158 + 15913955289996317060*2^64 + 14057875518192287009*2^128 + 904592473*2^192,938318085972714940 + 9170801781584056645*2^64 + 5642535893460546163*2^128 + 4804698878*2^192,3656981766633974948 + 5638806014752920614*2^64 + 17773396233591117743*2^128 + 5558557037*2^192,9643455408477041554 + 17458910222160297689*2^64 + 176731111765521924*2^128 + 9687689880*2^192,17555669725657703780 + 2492115643888568241*2^64 + 1517442328183552855*2^128 + 3456533093*2^192,543767450419780192 + 10419011886788304211*2^64 + 7631742444222574492*2^128 + 13291515487*2^192,4909542243589213464 + 12721227006731151722*2^64 + 5793725931120406419*2^128 + 10791800494*2^192,18369268544705124304 + 4021591920572657475*2^64 + 3414996539273312280*2^128 + 2473131045*2^192,4372852110578933400 + 13510410490053306979*2^64 + 10335107165368057646*2^128 + 16033383549*2^192,10508164423070780480 + 6531191418463873242*2^64 + 12148992782505241857*2^128 + 3171318157*2^192,505043230928719712 + 10667645399744153195*2^64 + 5371860808426425271*2^128 + 4594023125*2^192,9786436328338317136 + 10037628231909190969*2^64 + 8890715259972990629*2^128 + 4709857447*2^192,18385703913730932800 + 4300122018419581316*2^64 + 1363019555857446929*2^128 + 14660169733*2^192,14510867906172535656 + 10740725532502723245*2^64 + 6611688776768082883*2^128 + 8646948729*2^192,728965141438222872 + 2316040850305219339*2^64 + 17176611500576719358*2^128 + 4613049415*2^192,7829725647128168056 + 9969127282214777030*2^64 + 9111088404861845066*2^128 + 8350091217*2^192,13490543703682866864 + 17512462597221242197*2^64 + 9855516770607645154*2^128 + 12703721902*2^192,6822974206135789480 + 11055032722837757861*2^64 + 11717719532017427093*2^128 + 16673648809*2^192;\
12871843433633308827 + 3040186269222031804*2^64 + 5272121118067933745*2^128 + 11703003802*2^192,11444779156760503718 + 13296125843314080946*2^64 + 1030423591010327002*2^128 + 4992791872*2^192,1076120257014890130 + 10160787595634593468*2^64 + 10284176139931806097*2^128 + 15955657692*2^192,10580406329893872689 + 6173603687466128348*2^64 + 9465268936473450279*2^128 + 12416979312*2^192,3953481072211482146 + 3015858834121111088*2^64 + 9780185776702579731*2^128 + 10510559097*2^192,941333542470178064 + 16476902254142258565*2^64 + 16128810288622844430*2^128 + 9862197576*2^192,12300643801620550380 + 1775230481403625622*2^64 + 11345708936228822428*2^128 + 1042603465*2^192,1401436166361199304 + 7946086517321397266*2^64 + 9415272984883130303*2^128 + 16812645468*2^192,2735627156818719980 + 5453572049441298306*2^64 + 9489403155446048997*2^128 + 10992995706*2^192,4230194829552485248 + 9029205274455314283*2^64 + 3862815597018209495*2^128 + 635102064*2^192,16946206151957337712 + 14784016397656523471*2^64 + 18335940786149830541*2^128 + 7399563466*2^192,7728578265547513064 + 13514998921056094433*2^64 + 9168403910874104371*2^128 + 3422443568*2^192,7432317770879557824 + 2569329888475204361*2^64 + 7248651352077188156*2^128 + 13078938898*2^192,10781206219265791508 + 12294087606394043188*2^64 + 13327458293091830395*2^128 + 17101773871*2^192,6723012841923305228 + 3171253125770251777*2^64 + 9366026363005980286*2^128 + 8619967592*2^192,2645472818361033340 + 7672242109883261818*2^64 + 12096513693081601377*2^128 + 791651844*2^192,15439830020199973784 + 3775528648282561066*2^64 + 6036306105684658770*2^128 + 15523762386*2^192,9614585702160256724 + 1459481508158832158*2^64 + 7202008810835002909*2^128 + 13557401359*2^192;\
1480925960109798057 + 198739654873833476*2^64 + 5416870765631316187*2^128 + 8118823332*2^192,3236434878756758914 + 5571003673371948627*2^64 + 15529787073972245341*2^128 + 1281092863*2^192,12358350096304201478 + 5623774062862634254*2^64 + 9934048583829533435*2^128 + 3978676582*2^192,17545865996247507979 + 15776957376543145080*2^64 + 16873321349348611337*2^128 + 14437878627*2^192,8174571749838937382 + 4539339723157475544*2^64 + 13294967890418750805*2^128 + 7243361597*2^192,921301692312381168 + 5504721709358246942*2^64 + 9557385132356741840*2^128 + 10222343723*2^192,6144758961765393380 + 6039783492902855202*2^64 + 9648658031737538703*2^128 + 12036982684*2^192,2632520767931437624 + 13333123094230958000*2^64 + 16534554939973782289*2^128 + 4319741872*2^192,12791234687216340612 + 1388873287303156019*2^64 + 12596433032514642279*2^128 + 5367780657*2^192,9440604690543920448 + 10616850999712499281*2^64 + 12407439231556123667*2^128 + 5633365864*2^192,7724136548988821488 + 17860056966862328399*2^64 + 59621509956413931*2^128 + 2080639928*2^192,5781170638914381880 + 13230989104234227086*2^64 + 5130287642064163257*2^128 + 6988090361*2^192,7194034280579574464 + 14843729222048749654*2^64 + 13873239525159221745*2^128 + 16715943900*2^192,16013117472934400220 + 16350622794032055274*2^64 + 3446149847883972622*2^128 + 6479625455*2^192,13383210256824603076 + 11107494010834655243*2^64 + 3905980800778778414*2^128 + 13581767561*2^192,2327165381022967892 + 4088456646260517730*2^64 + 4893755065310207172*2^128 + 1405751412*2^192,4314589818620239816 + 13409400778789932694*2^64 + 8500503220438443623*2^128 + 8535803747*2^192,3766017472771809052 + 14802713390143990518*2^64 + 11409566643751756404*2^128 + 10434311363*2^192]
/* 
This matrix times 2^(-4) should be the matrix of frobenius.
*/ 
B = 2^(-4) * A; 
/* Freed 5050 lists. */
The sign is: -1
The characteristic polynomial is: x^18 + x^16 - 6*x^15 + 8*x^14 - 10*x^13 + 44*x^12 - 44*x^11 - 24*x^10 + 96*x^8 + 704*x^7 - 2816*x^6 + 2560*x^5 - 8192*x^4 + 24576*x^3 - 16384*x^2 - 262144
Its Newton polygon is: [2, 2, 5/3, 5/3, 5/3, 3/2, 3/2, 1, 1, 1, 1, 1/2, 1/2, 1/3, 1/3, 1/3, 0, 0]
Its factorization is: [x - 2, 1; x + 2, 1; x^16 + 5*x^14 - 6*x^13 + 28*x^12 - 34*x^11 + 156*x^10 - 180*x^9 + 600*x^8 - 720*x^7 + 2496*x^6 - 2176*x^5 + 7168*x^4 - 6144*x^3 + 20480*x^2 + 65536, 1]
The valuation of f-g is: 25
The valuation of subst(g,x,A) is: 21
