/* Comments begin... 
No set up needed.

Please input coefficients below.
Coefficient of   x^19                     = Coefficient of   x^6 * y^4 * z^1 * w^2   = Coefficient of   x^5 * y^1 * z^3 * w^2   = Coefficient of   x^3 * y^9 * z^1 * w^1   = Coefficient of   x^2 * y^6 * z^3 * w^1   = Coefficient of   x^1 * y^3 * z^5 * w^1   = Coefficient of   y^14 * z^1               = Coefficient of   y^1 * w^6               = Coefficient of   z^7 * w^1               = 
Here is the polynomial we're using this time:

1 + 0*2^64 + 0*2^128 + 0*2^192*x^19 + 1 + 0*2^64 + 0*2^128 + 0*2^192*x^6*y^4*z^1*w^2 + 1 + 0*2^64 + 0*2^128 + 0*2^192*x^5*y^1*z^3*w^2 + 1 + 0*2^64 + 0*2^128 + 0*2^192*x^3*y^9*z^1*w^1 + 1 + 0*2^64 + 0*2^128 + 0*2^192*x^1*y^3*z^5*w^1 + 1 + 0*2^64 + 0*2^128 + 0*2^192*y^14*z^1 + 1 + 0*2^64 + 0*2^128 + 0*2^192*y^1*w^6 + 1 + 0*2^64 + 0*2^128 + 0*2^192*z^7*w^1


Allocate G_len 20 elements and old = 0.
Allocate M_len = 400 elements.
Allocate G_len 40 elements and old = 20.
Allocate M_len = 800 elements.
Allocate G_len 80 elements and old = 40.
Allocate M_len = 1600 elements.
Allocate M_len = 3200 elements.
Allocate G_len 160 elements and old = 80.
Allocate M_len = 6400 elements.
Allocate M_len = 12800 elements.
Allocate G_len 320 elements and old = 160.
Allocate M_len = 25600 elements.
Allocate M_len = 51200 elements.
Allocate G_len 640 elements and old = 320.
Allocate M_len = 102400 elements.
Allocate M_len = 204800 elements.
Allocate G_len 1280 elements and old = 640.
Allocate M_len = 409600 elements.
Allocate M_len = 819200 elements.
Allocate G_len 2560 elements and old = 1280.
The final length of G is 885
[6, 4, 0, 2, 0]  	518	6 
[18, 0, 0, 0, 0]  	558	5  <--- 1
[5, 1, 3, 2, 0]  	589	4 
[3, 9, 1, 1, 0]  	589	5 
[5, 0, 5, 2, 0]  	694	7 
[4, 3, 5, 2, 0]  	774	6 
[5, 15, 1, 0, 0]  	781	10 
[3, 17, 1, 0, 0]  	793	9 
[4, 4, 0, 6, 0]  	824	8 
[2, 7, 0, 6, 0]  	873	8 
[3, 4, 0, 7, 0]  	885	7 
[3, 3, 7, 2, 0]  	885	7 
[6, 3, 7, 1, 0]  	886	12 
[5, 14, 3, 0, 0]  	886	12 
[17, 1, 2, 2, 0]  	890	9 
[16, 9, 1, 0, 0]  	900	9 
[16, 9, 0, 1, 0]  	921	9 
[17, 0, 3, 2, 0]  	924	9 
[4, 0, 9, 2, 0]  	947	8 
[16, 8, 1, 1, 0]  	955	9 
[12, 14, 1, 0, 0]  	961	15 
[16, 3, 5, 0, 0]  	962	10 
[16, 0, 4, 2, 0]  	964	16 
[3, 8, 7, 1, 0]  	978	7 
[2, 6, 2, 6, 0]  	978	8 
[16, 3, 4, 1, 0]  	983	10 
[12, 2, 0, 6, 0]  	998	14 
[15, 12, 0, 1, 0]  	1001	15 
[3, 5, 9, 1, 0]  	1009	9 
[5, 0, 3, 7, 0]  	1012	11 
[10, 19, 0, 0, 0]  	1013	16 
[16, 2, 5, 1, 0]  	1017	14 
[15, 13, 1, 0, 0]  	1017	15 
[3, 16, 5, 0, 0]  	1040	10 
[17, 14, 0, 0, 0]  	1045	11 
[13, 0, 0, 7, 0]  	1047	15 
[2, 19, 4, 0, 0]  	1049	8 
[2, 5, 10, 1, 0]  	1049	8 
[12, 1, 0, 7, 0]  	1053	16 
[10, 8, 5, 1, 0]  	1053	17 
[7, 13, 5, 0, 0]  	1053	15 
[15, 1, 0, 6, 0]  	1054	15 
[3, 0, 11, 2, 0]  	1058	8 
[5, 3, 10, 1, 0]  	1068	12 
[4, 14, 6, 0, 0]  	1068	11 
[11, 1, 2, 6, 0]  	1072	16 
[3, 4, 4, 6, 0]  	1077	10 
[17, 0, 0, 6, 0]  	1079	14 
[2, 16, 6, 0, 0]  	1080	9 
[7, 0, 11, 1, 0]  	1090	13 
[6, 11, 7, 0, 0]  	1090	13 
[11, 1, 1, 7, 0]  	1093	17 
[13, 13, 3, 0, 0]  	1097	14 
[2, 3, 4, 7, 0]  	1101	8 
[2, 2, 11, 2, 0]  	1101	8 
[5, 2, 11, 1, 0]  	1102	13 
[3, 3, 5, 6, 0]  	1111	10 
[17, 0, 7, 1, 0]  	1116	10 
[15, 8, 5, 0, 0]  	1116	13 
[2, 4, 5, 6, 0]  	1117	9 
[1, 17, 0, 5, 0]  	1120	8 
[6, 8, 9, 0, 0]  	1121	12 
[5, 9, 9, 0, 0]  	1127	13 
[2, 27, 1, 0, 0]  	1132	8 
[3, 8, 4, 5, 0]  	1133	11 
[4, 12, 8, 0, 0]  	1136	11 
[4, 15, 0, 5, 0]  	1139	12 
[4, 2, 12, 1, 0]  	1142	10 
[3, 13, 8, 0, 0]  	1142	6 
[11, 0, 10, 1, 0]  	1143	14 
[3, 16, 0, 5, 0]  	1145	11 
[3, 15, 7, 0, 0]  	1145	11 
[9, 10, 7, 0, 0]  	1146	15 
[14, 6, 7, 0, 0]  	1153	12 
[7, 10, 8, 0, 0]  	1155	12 
[4, 1, 5, 7, 0]  	1160	9 
[13, 11, 5, 0, 0]  	1165	13 
[12, 8, 7, 0, 0]  	1165	14 
[17, 0, 9, 0, 0]  	1166	12 
[13, 0, 3, 6, 0]  	1168	13 
[3, 10, 10, 0, 0]  	1173	10 
[4, 2, 6, 6, 0]  	1176	11 
[4, 1, 13, 1, 0]  	1176	10 
[3, 12, 9, 0, 0]  	1176	10 
[11, 0, 4, 6, 0]  	1177	13 
[9, 7, 9, 0, 0]  	1177	13 
[3, 2, 13, 1, 0]  	1182	10 
[7, 5, 11, 0, 0]  	1183	14 
[16, 0, 2, 6, 0]  	1190	13 
[4, 0, 6, 7, 0]  	1194	9 
[4, 19, 0, 4, 0]  	1195	12 
[7, 24, 0, 1, 0]  	1197	11 
[13, 10, 6, 0, 0]  	1199	14 
[6, 0, 13, 1, 0]  	1201	11 
[3, 20, 0, 4, 0]  	1201	12 
[11, 6, 9, 0, 0]  	1202	13 
[2, 13, 8, 1, 0]  	1203	9 
[9, 25, 0, 0, 0]  	1204	13 
[12, 11, 6, 0, 0]  	1205	12 
[11, 8, 8, 0, 0]  	1205	11 
[16, 0, 10, 0, 0]  	1206	10 
[4, 0, 1, 11, 0]  	1207	10 
[3, 9, 11, 0, 0]  	1207	10 
[2, 21, 0, 4, 0]  	1207	11 
[16, 2, 9, 0, 0]  	1209	13 
[1, 15, 1, 6, 0]  	1209	8 
[4, 0, 14, 1, 0]  	1210	10 
[10, 9, 8, 0, 0]  	1211	11 
[1, 30, 1, 0, 0]  	1212	9 
[3, 1, 1, 11, 0]  	1213	8 
[3, 0, 8, 6, 0]  	1213	8 
[2, 11, 4, 5, 0]  	1213	8 
[2, 10, 11, 0, 0]  	1213	8 
[3, 2, 7, 6, 0]  	1216	11 
[8, 7, 10, 0, 0]  	1217	13 
[2, 14, 9, 0, 0]  	1219	9 
[2, 4, 0, 11, 0]  	1222	9 
[2, 4, 13, 1, 0]  	1225	9 
[6, 7, 11, 0, 0]  	1226	11 
[4, 2, 8, 5, 0]  	1226	10 
[16, 0, 9, 1, 0]  	1227	9 
[5, 24, 0, 2, 0]  	1227	10 
[13, 7, 8, 0, 0]  	1230	12 
[3, 0, 7, 7, 0]  	1234	9 
[6, 1, 0, 11, 0]  	1235	11 
[3, 4, 14, 0, 0]  	1235	10 
[3, 2, 6, 7, 0]  	1237	9 
[2, 26, 3, 0, 0]  	1237	9 
[2, 12, 9, 1, 0]  	1237	9 
[3, 6, 13, 0, 0]  	1238	10 
[2, 18, 2, 4, 0]  	1238	10 
[10, 6, 10, 0, 0]  	1242	10 
[2, 8, 6, 5, 0]  	1244	9 
[2, 7, 13, 0, 0]  	1244	8 
[8, 2, 13, 0, 0]  	1245	12 
[7, 1, 1, 10, 0]  	1245	12 
[15, 0, 11, 0, 0]  	1246	11 
[2, 10, 5, 5, 0]  	1247	10 
[3, 0, 15, 1, 0]  	1250	8 
[6, 2, 1, 10, 0]  	1251	13 
[2, 14, 3, 5, 0]  	1253	8 
[2, 13, 10, 0, 0]  	1253	8 
[2, 1, 2, 11, 0]  	1253	8 
[2, 16, 2, 5, 0]  	1256	9 
[6, 4, 13, 0, 0]  	1257	10 
[5, 3, 1, 10, 0]  	1257	11 
[5, 1, 15, 0, 0]  	1257	10 
[4, 0, 3, 10, 0]  	1257	10 
[2, 26, 2, 1, 0]  	1258	10 
[8, 0, 0, 11, 0]  	1260	12 
[12, 3, 11, 0, 0]  	1264	10 
[3, 3, 2, 10, 0]  	1266	9 
[3, 2, 9, 5, 0]  	1266	9 
[3, 0, 1, 12, 0]  	1268	9 
[3, 3, 15, 0, 0]  	1269	9 
[2, 15, 4, 4, 0]  	1269	9 
[10, 3, 12, 0, 0]  	1273	11 
[2, 1, 1, 12, 0]  	1274	7 
[2, 0, 8, 7, 0]  	1274	8 
[2, 6, 1, 10, 0]  	1275	9 
[2, 5, 8, 5, 0]  	1275	9 
[2, 7, 7, 5, 0]  	1278	10 
[9, 4, 12, 0, 0]  	1279	9 
[7, 0, 15, 0, 0]  	1282	9 
[2, 0, 3, 11, 0]  	1287	8 
[4, 24, 0, 3, 0]  	1288	8 
[2, 18, 4, 3, 0]  	1288	8 
[2, 5, 3, 9, 0]  	1288	9 
[2, 4, 10, 4, 0]  	1288	9 
[3, 0, 0, 13, 0]  	1289	10 
[7, 29, 0, 0, 0]  	1290	9 
[2, 1, 9, 6, 0]  	1290	8 
[2, 3, 8, 6, 0]  	1293	8 
[2, 2, 15, 1, 0]  	1293	8 
[2, 22, 2, 3, 0]  	1294	8 
[2, 1, 0, 13, 0]  	1295	9 
[6, 30, 0, 0, 0]  	1296	9 
[3, 0, 4, 10, 0]  	1297	8 
[11, 1, 0, 10, 0]  	1298	7 
[2, 15, 7, 2, 0]  	1298	8 
[2, 2, 6, 8, 0]  	1298	8 
[2, 1, 13, 3, 0]  	1298	8 
[3, 2, 3, 10, 0]  	1300	8 
[3, 1, 10, 5, 0]  	1300	8 
[3, 0, 17, 0, 0]  	1300	8 
[3, 2, 16, 0, 0]  	1303	10 
[1, 16, 7, 2, 0]  	1304	7 
[1, 8, 6, 6, 0]  	1305	7 
[2, 3, 3, 10, 0]  	1306	7 
[2, 2, 10, 5, 0]  	1306	8 
[4, 27, 0, 2, 0]  	1307	10 
[4, 0, 5, 9, 0]  	1307	10 
[2, 0, 2, 12, 0]  	1308	9 
[2, 5, 2, 10, 0]  	1309	9 
[2, 4, 9, 5, 0]  	1309	9 
[2, 0, 15, 2, 0]  	1311	8 
[1, 17, 4, 4, 0]  	1312	8 
[2, 13, 7, 3, 0]  	1316	8 
[1, 29, 3, 0, 0]  	1317	8 
[1, 8, 1, 10, 0]  	1318	7 
[2, 29, 0, 2, 0]  	1319	9 
[2, 15, 6, 3, 0]  	1319	9 
[2, 1, 12, 4, 0]  	1319	8 
[2, 0, 10, 6, 0]  	1324	8 
[1, 30, 0, 2, 0]  	1325	8 
[1, 3, 5, 9, 0]  	1325	7 
[2, 1, 16, 1, 0]  	1327	8 
[2, 21, 3, 3, 0]  	1328	8 
[2, 7, 9, 4, 0]  	1328	9 
[2, 0, 1, 13, 0]  	1329	8 
[1, 15, 4, 5, 0]  	1330	8 
[2, 0, 14, 3, 0]  	1332	8 
[2, 25, 1, 3, 0]  	1334	7 
[1, 27, 3, 1, 0]  	1335	6 
[1, 14, 2, 7, 0]  	1335	7 
[1, 6, 1, 11, 0]  	1336	6 
[1, 5, 8, 6, 0]  	1336	6 
[1, 4, 15, 1, 0]  	1336	6 
[2, 27, 0, 3, 0]  	1337	7 
[2, 13, 6, 4, 0]  	1337	7 
[2, 0, 5, 10, 0]  	1337	7 
[1, 15, 8, 2, 0]  	1338	7 
[2, 1, 11, 5, 0]  	1340	7 
[2, 0, 18, 0, 0]  	1340	7 
[1, 4, 6, 8, 0]  	1341	7 
[1, 3, 13, 3, 0]  	1341	7 
[2, 2, 17, 0, 0]  	1343	8 
[1, 6, 5, 8, 0]  	1344	7 
[1, 5, 12, 3, 0]  	1344	7 
[1, 11, 5, 6, 0]  	1345	7 
[2, 4, 16, 0, 0]  	1346	7 
[1, 16, 5, 4, 0]  	1346	7 
[1, 2, 11, 5, 0]  	1346	6 
[3, 0, 6, 9, 0]  	1347	8 
[2, 24, 3, 2, 0]  	1347	8 
[2, 10, 9, 3, 0]  	1347	8 
[1, 26, 5, 0, 0]  	1348	7 
[1, 13, 4, 6, 0]  	1348	7 
[2, 6, 15, 0, 0]  	1349	6 
[1, 5, 3, 10, 0]  	1349	6 
[1, 4, 10, 5, 0]  	1349	6 
[1, 3, 17, 0, 0]  	1349	6 
[3, 2, 5, 9, 0]  	1350	8 
[2, 12, 8, 3, 0]  	1350	8 
[2, 0, 0, 14, 0]  	1350	8 
[2, 0, 13, 4, 0]  	1353	7 
[1, 27, 2, 2, 0]  	1356	6 
[1, 14, 1, 8, 0]  	1356	7 
[14, 0, 13, 0, 0]  	1357	10 
[1, 16, 0, 8, 0]  	1359	7 
[1, 15, 7, 3, 0]  	1359	7 
[1, 6, 13, 2, 0]  	1360	7 
[2, 0, 17, 1, 0]  	1361	6 
[1, 26, 0, 4, 0]  	1361	6 
[1, 12, 6, 5, 0]  	1361	6 
[1, 3, 12, 4, 0]  	1362	7 
[1, 14, 5, 5, 0]  	1364	7 
[1, 19, 5, 3, 0]  	1365	6 
[1, 6, 4, 9, 0]  	1365	6 
[1, 5, 11, 4, 0]  	1365	6 
[1, 10, 11, 2, 0]  	1366	6 
[1, 15, 11, 0, 0]  	1367	6 
[1, 2, 10, 6, 0]  	1367	6 
[2, 10, 8, 4, 0]  	1368	6 
[1, 21, 4, 3, 0]  	1368	6 
[1, 8, 3, 9, 0]  	1368	6 
[1, 26, 4, 1, 0]  	1369	7 
[1, 13, 3, 7, 0]  	1369	7 
[1, 23, 3, 3, 0]  	1371	6 
[2, 0, 12, 5, 0]  	1374	6 
[1, 12, 1, 9, 0]  	1374	5 
[1, 4, 0, 13, 0]  	1375	7 
[1, 2, 14, 3, 0]  	1375	6 
[1, 9, 0, 11, 0]  	1376	7 
[1, 27, 1, 3, 0]  	1377	6 
[1, 14, 0, 9, 0]  	1377	6 
[0, 29, 3, 1, 0]  	1378	6 
[1, 29, 0, 3, 0]  	1380	5 
[1, 15, 6, 4, 0]  	1380	5 
[1, 2, 5, 10, 0]  	1380	5 
[1, 1, 12, 5, 0]  	1380	5 
[1, 0, 19, 0, 0]  	1380	5 
[1, 34, 0, 1, 0]  	1381	8 
[1, 4, 4, 10, 0]  	1383	6 
[0, 30, 0, 3, 0]  	1386	5 
[2, 0, 7, 9, 0]  	1387	6 
[1, 24, 4, 2, 0]  	1387	6 
[1, 11, 3, 8, 0]  	1387	6 
[1, 7, 9, 5, 0]  	1389	6 
[1, 26, 3, 2, 0]  	1390	5 
[1, 13, 2, 8, 0]  	1390	6 
[1, 3, 15, 2, 0]  	1391	7 
[1, 23, 2, 4, 0]  	1392	7 
[1, 12, 0, 10, 0]  	1395	7 
[1, 2, 13, 4, 0]  	1396	5 
[0, 27, 3, 2, 0]  	1396	5 
[1, 12, 13, 0, 0]  	1398	5 
[1, 0, 5, 11, 0]  	1398	5 
[1, 18, 6, 3, 0]  	1399	6 
[0, 29, 2, 2, 0]  	1399	6 
[1, 10, 5, 7, 0]  	1400	7 
[1, 9, 12, 2, 0]  	1400	7 
[1, 14, 12, 0, 0]  	1401	6 
[1, 1, 11, 6, 0]  	1401	6 
[1, 4, 3, 11, 0]  	1404	6 
[1, 2, 17, 1, 0]  	1404	5 
[1, 8, 10, 4, 0]  	1405	5 
[1, 13, 10, 2, 0]  	1406	6 
[1, 11, 2, 9, 0]  	1408	4 
[1, 10, 9, 4, 0]  	1408	4 
[1, 2, 8, 8, 0]  	1409	5 
[1, 1, 15, 3, 0]  	1409	5 
[1, 12, 8, 4, 0]  	1411	4 
[1, 0, 0, 15, 0]  	1411	4 
[0, 28, 4, 1, 0]  	1412	6 
[1, 1, 6, 10, 0]  	1414	5 
[0, 27, 2, 3, 0]  	1417	4 
[0, 14, 1, 9, 0]  	1417	4 
[0, 32, 2, 1, 0]  	1418	6 
[4, 35, 0, 0, 0]  	1419	7 
[1, 12, 12, 1, 0]  	1419	7 
[0, 29, 1, 3, 0]  	1420	5 
[0, 16, 0, 9, 0]  	1420	5 
[1, 23, 5, 2, 0]  	1421	5 
[1, 10, 4, 8, 0]  	1421	6 
[1, 9, 11, 3, 0]  	1421	6 
[1, 1, 10, 7, 0]  	1422	6 
[1, 1, 1, 14, 0]  	1427	4 
[1, 0, 8, 9, 0]  	1427	4 
[0, 29, 5, 0, 0]  	1428	6 
[1, 9, 15, 0, 0]  	1429	5 
[1, 3, 0, 14, 0]  	1430	4 
[1, 1, 14, 4, 0]  	1430	4 
[0, 26, 4, 2, 0]  	1430	4 
[1, 0, 12, 6, 0]  	1435	5 
[1, 38, 0, 0, 0]  	1437	6 
[1, 1, 18, 1, 0]  	1438	5 
[0, 27, 1, 4, 0]  	1438	5 
[0, 32, 1, 2, 0]  	1439	5 
[0, 29, 0, 4, 0]  	1441	5 
[0, 15, 6, 5, 0]  	1441	5 
[0, 34, 0, 2, 0]  	1442	4 
[1, 1, 9, 8, 0]  	1443	6 
[0, 27, 5, 1, 0]  	1446	5 
[1, 0, 7, 10, 0]  	1448	4 
[0, 26, 3, 3, 0]  	1451	4 
[1, 25, 7, 0, 0]  	1453	5 
[1, 11, 13, 1, 0]  	1453	6 
[1, 1, 17, 2, 0]  	1459	5 
[1, 12, 10, 3, 0]  	1461	5 
[1, 0, 2, 14, 0]  	1461	4 
[1, 0, 15, 4, 0]  	1464	4 
[1, 11, 8, 5, 0]  	1466	4 
[0, 9, 3, 10, 0]  	1466	3 
[0, 14, 3, 8, 0]  	1467	4 
[0, 16, 2, 8, 0]  	1470	3 
[0, 3, 1, 14, 0]  	1470	3 
[0, 26, 2, 4, 0]  	1472	3 
[0, 13, 1, 10, 0]  	1472	3 
[0, 12, 8, 5, 0]  	1472	3 
[0, 21, 6, 3, 0]  	1479	3 
[0, 40, 0, 0, 0]  	1480	5  <--- 2
[1, 22, 9, 0, 0]  	1484	5 
[1, 0, 14, 5, 0]  	1485	4 
[0, 24, 2, 5, 0]  	1490	5 
[0, 3, 0, 15, 0]  	1491	3 
[0, 2, 7, 10, 0]  	1491	3 
[0, 21, 1, 7, 0]  	1492	5 
[1, 0, 18, 2, 0]  	1493	6 
[0, 27, 7, 0, 0]  	1496	5 
[0, 24, 6, 2, 0]  	1498	3 
[0, 8, 4, 10, 0]  	1500	3 
[0, 13, 4, 8, 0]  	1501	3 
[0, 9, 10, 5, 0]  	1503	2 
[0, 2, 2, 14, 0]  	1504	3 
[0, 6, 0, 14, 0]  	1510	3 
[0, 21, 0, 8, 0]  	1513	4 
[1, 0, 17, 3, 0]  	1514	5 
[0, 11, 4, 9, 0]  	1519	2 
[0, 15, 11, 2, 0]  	1520	3 
[0, 21, 4, 5, 0]  	1521	4 
[0, 8, 3, 11, 0]  	1521	3 
[0, 13, 3, 9, 0]  	1522	2 
[0, 12, 10, 4, 0]  	1522	2 
[0, 17, 10, 2, 0]  	1523	4 
[0, 21, 8, 2, 0]  	1529	3 
[0, 24, 0, 7, 0]  	1532	3 
[0, 23, 7, 2, 0]  	1532	3 
[0, 20, 6, 4, 0]  	1534	3 
[0, 7, 5, 10, 0]  	1534	2 
[0, 1, 3, 14, 0]  	1538	2 
[0, 15, 10, 3, 0]  	1541	3 
[0, 36, 3, 0, 0]  	1545	4 
[0, 23, 2, 6, 0]  	1545	5 
[1, 0, 11, 8, 0]  	1548	6 
[0, 8, 6, 9, 0]  	1550	2 
[0, 27, 0, 6, 0]  	1551	4 
[0, 13, 6, 7, 0]  	1551	3 
[0, 1, 2, 15, 0]  	1559	1 
[0, 0, 9, 10, 0]  	1559	1 
[0, 20, 9, 2, 0]  	1563	2 
[0, 8, 1, 13, 0]  	1563	2 
[0, 7, 8, 8, 0]  	1563	2 
[0, 25, 9, 0, 0]  	1564	3 
[0, 1, 10, 9, 0]  	1575	2 
[0, 5, 8, 9, 0]  	1581	2 
[0, 11, 1, 12, 0]  	1582	3 
[0, 7, 7, 9, 0]  	1584	2 
[0, 39, 2, 0, 0]  	1585	5 
[0, 26, 1, 6, 0]  	1585	5 
[0, 13, 13, 2, 0]  	1588	3 
[0, 10, 12, 4, 0]  	1590	1 
[0, 0, 3, 15, 0]  	1593	1 
[0, 5, 3, 13, 0]  	1594	2 
[0, 4, 10, 8, 0]  	1594	2 
[0, 0, 16, 5, 0]  	1596	1 
[0, 1, 17, 4, 0]  	1612	1 
[0, 11, 17, 0, 0]  	1614	1 
[0, 0, 2, 16, 0]  	1614	1 
[0, 7, 14, 4, 0]  	1621	1 
[0, 26, 8, 1, 0]  	1622	4 
[0, 9, 13, 4, 0]  	1624	1 
[0, 1, 12, 8, 0]  	1625	2 
[0, 19, 13, 0, 0]  	1626	3 
[0, 0, 23, 0, 0]  	1633	1  <--- 3
[0, 12, 13, 3, 0]  	1643	1 
[0, 0, 5, 14, 0]  	1643	1 
[0, 8, 19, 0, 0]  	1645	1 
[0, 4, 16, 4, 0]  	1652	1 
[0, 6, 15, 4, 0]  	1655	1 
[0, 11, 15, 2, 0]  	1656	2 
[0, 15, 0, 12, 0]  	1659	3 
[0, 9, 15, 3, 0]  	1674	1 
[0, 6, 14, 5, 0]  	1676	1 
[0, 5, 21, 0, 0]  	1676	1 
[0, 0, 12, 9, 0]  	1680	1 
[0, 1, 0, 18, 0]  	1693	2 
[0, 6, 17, 3, 0]  	1705	1 
[0, 14, 0, 13, 0]  	1714	1 
[0, 0, 19, 4, 0]  	1717	1 
[0, 1, 7, 13, 0]  	1730	2 
[0, 3, 19, 3, 0]  	1736	1 
[0, 0, 0, 19, 0]  	1748	1  <--- 4
[0, 0, 21, 3, 0]  	1767	1 
[6, 4, 1, 1, 1]  	497	6 
[5, 6, 3, 1, 1]  	682	8 
[2, 6, 5, 1, 1]  	731	6 
[4, 1, 0, 7, 1]  	805	7 
[17, 1, 3, 1, 1]  	869	9 
[13, 3, 5, 1, 1]  	961	16 
[2, 19, 3, 0, 1]  	978	8 
[16, 1, 5, 1, 1]  	980	16 
[13, 1, 0, 6, 1]  	992	14 
[4, 14, 5, 0, 1]  	997	12 
[16, 14, 0, 0, 1]  	1014	13 
[15, 15, 0, 0, 1]  	1020	14 
[17, 1, 0, 5, 1]  	1024	11 
[2, 1, 4, 7, 1]  	1027	8 
[13, 1, 7, 1, 1]  	1029	13 
[16, 0, 0, 6, 1]  	1048	14 
[15, 0, 7, 1, 1]  	1054	15 
[4, 13, 0, 5, 1]  	1065	12 
[2, 5, 9, 2, 1]  	1070	7 
[4, 3, 4, 6, 1]  	1071	11 
[9, 3, 2, 6, 1]  	1084	16 
[8, 0, 4, 6, 1]  	1084	14 
[15, 11, 3, 0, 1]  	1085	15 
[14, 12, 3, 0, 1]  	1091	14 
[9, 22, 0, 0, 1]  	1093	16 
[4, 13, 7, 0, 1]  	1102	10 
[4, 0, 6, 6, 1]  	1102	10 
[4, 3, 11, 1, 1]  	1108	11 
[3, 15, 0, 5, 1]  	1108	11 
[13, 0, 9, 1, 1]  	1134	16 
[12, 13, 4, 0, 1]  	1137	14 
[1, 28, 1, 0, 1]  	1138	8 
[9, 2, 10, 1, 1]  	1155	12 
[3, 0, 6, 7, 1]  	1163	9 
[4, 7, 11, 0, 1]  	1164	12 
[17, 2, 8, 0, 1]  	1169	10 
[3, 8, 11, 0, 1]  	1170	11 
[11, 11, 6, 0, 1]  	1174	14 
[3, 0, 1, 11, 1]  	1176	10 
[1, 4, 5, 7, 1]  	1178	8 
[3, 2, 0, 11, 1]  	1179	11 
[3, 1, 7, 6, 1]  	1179	10 
[1, 16, 8, 0, 1]  	1191	8 
[15, 3, 9, 0, 1]  	1215	13 
[6, 3, 13, 0, 1]  	1220	12 
[13, 5, 9, 0, 1]  	1227	12 
[1, 5, 0, 11, 1]  	1228	8 
[11, 3, 11, 0, 1]  	1233	12 
[3, 1, 0, 12, 1]  	1234	8 
[11, 5, 10, 0, 1]  	1236	12 
[1, 19, 2, 4, 1]  	1244	8 
[5, 22, 0, 3, 1]  	1245	10 
[2, 9, 12, 0, 1]  	1247	9 
[8, 4, 12, 0, 1]  	1248	11 
[2, 3, 1, 11, 1]  	1256	9 
[3, 24, 0, 3, 1]  	1257	9 
[6, 29, 0, 0, 1]  	1259	10 
[4, 2, 15, 0, 1]  	1263	10 
[1, 16, 0, 7, 1]  	1267	8 
[1, 7, 6, 6, 1]  	1268	7 
[10, 1, 13, 0, 1]  	1270	12 
[3, 27, 0, 2, 1]  	1276	10 
[6, 27, 0, 1, 1]  	1277	10 
[8, 1, 14, 0, 1]  	1279	11 
[1, 22, 1, 4, 1]  	1284	8 
[1, 29, 0, 2, 1]  	1288	8 
[2, 0, 7, 8, 1]  	1295	8 
[4, 1, 16, 0, 1]  	1297	8 
[1, 26, 3, 1, 1]  	1298	7 
[1, 21, 7, 0, 1]  	1305	7 
[2, 1, 17, 0, 1]  	1306	7 
[2, 3, 16, 0, 1]  	1309	8 
[2, 5, 15, 0, 1]  	1312	8 
[1, 6, 2, 10, 1]  	1315	7 
[2, 0, 6, 9, 1]  	1316	7 
[1, 25, 0, 4, 1]  	1324	7 
[1, 35, 0, 0, 1]  	1326	10 
[1, 10, 4, 7, 1]  	1329	7 
[1, 14, 11, 0, 1]  	1330	7 
[1, 3, 0, 13, 1]  	1338	7 
[1, 28, 0, 3, 1]  	1343	7 
[1, 24, 6, 0, 1]  	1345	7 
[1, 8, 4, 8, 1]  	1347	7 
[1, 23, 4, 2, 1]  	1350	7 
[1, 13, 8, 3, 1]  	1356	6 
[1, 13, 12, 0, 1]  	1364	7 
[1, 2, 1, 13, 1]  	1372	6 
[1, 25, 2, 3, 1]  	1374	5 
[1, 3, 7, 8, 1]  	1375	6 
[1, 2, 18, 0, 1]  	1383	6 
[1, 13, 11, 1, 1]  	1385	7 
[1, 12, 9, 3, 1]  	1390	5 
[1, 2, 0, 14, 1]  	1393	6 
[1, 23, 6, 1, 1]  	1400	7 
[0, 28, 0, 4, 1]  	1404	5 
[0, 18, 4, 5, 1]  	1410	5 
[0, 34, 1, 1, 1]  	1421	5 
[1, 2, 3, 12, 1]  	1422	6 
[1, 2, 7, 9, 1]  	1430	4 
[0, 15, 2, 8, 1]  	1433	5 
[0, 25, 2, 4, 1]  	1435	4 
[0, 35, 2, 0, 1]  	1437	6 
[0, 37, 1, 0, 1]  	1440	5 
[0, 24, 4, 3, 1]  	1448	3 
[0, 18, 2, 7, 1]  	1452	5 
[0, 23, 2, 5, 1]  	1453	5 
[0, 27, 0, 5, 1]  	1459	5 
[0, 18, 6, 4, 1]  	1460	4 
[0, 37, 0, 1, 1]  	1461	4 
[0, 22, 4, 4, 1]  	1466	3 
[0, 13, 10, 3, 1]  	1467	3 
[0, 24, 3, 4, 1]  	1469	4 
[0, 15, 9, 3, 1]  	1470	3 
[0, 34, 3, 0, 1]  	1471	6 
[0, 21, 2, 6, 1]  	1471	5 
[0, 15, 0, 10, 1]  	1475	5 
[1, 0, 10, 8, 1]  	1477	5 
[0, 23, 5, 3, 1]  	1482	3 
[0, 15, 4, 7, 1]  	1483	5 
[0, 13, 9, 4, 1]  	1488	3 
[0, 23, 9, 0, 1]  	1490	4 
[0, 15, 8, 4, 1]  	1491	3 
[0, 21, 5, 4, 1]  	1500	3 
[0, 12, 11, 3, 1]  	1501	2 
[0, 12, 15, 0, 1]  	1509	3 
[0, 18, 8, 3, 1]  	1510	3 
[1, 0, 4, 13, 1]  	1511	7 
[0, 20, 7, 3, 1]  	1513	3 
[0, 26, 0, 6, 1]  	1514	4 
[0, 3, 3, 13, 1]  	1520	3 
[0, 20, 11, 0, 1]  	1521	3 
[0, 2, 1, 15, 1]  	1525	3 
[0, 2, 14, 5, 1]  	1528	2 
[0, 9, 0, 13, 1]  	1529	3 
[0, 26, 8, 0, 1]  	1530	5 
[0, 6, 12, 5, 1]  	1534	2 
[0, 2, 9, 9, 1]  	1541	2 
[0, 22, 9, 1, 1]  	1545	4 
[0, 2, 0, 16, 1]  	1546	3 
[0, 26, 7, 1, 1]  	1551	3 
[0, 17, 13, 0, 1]  	1552	4 
[0, 10, 5, 9, 1]  	1553	2 
[0, 6, 2, 13, 1]  	1560	3 
[0, 1, 15, 5, 1]  	1562	2 
[0, 1, 14, 6, 1]  	1583	2 
[0, 25, 8, 1, 1]  	1585	4 
[0, 14, 0, 12, 1]  	1622	3 
[0, 2, 5, 13, 1]  	1625	2 
[6, 3, 1, 2, 2]  	552	6 
[5, 3, 5, 1, 2]  	713	9 
[5, 2, 2, 6, 2]  	923	12 
[6, 2, 9, 1, 2]  	991	14 
[5, 1, 10, 1, 2]  	994	11 
[2, 17, 3, 1, 2]  	996	8 
[2, 4, 2, 7, 2]  	996	7 
[5, 0, 11, 1, 2]  	1028	12 
[4, 1, 5, 6, 2]  	1068	11 
[4, 2, 11, 1, 2]  	1071	11 
[1, 17, 6, 0, 2]  	1086	8 
[12, 0, 9, 1, 2]  	1103	15 
[12, 2, 8, 1, 2]  	1106	13 
[1, 17, 5, 1, 2]  	1107	7 
[14, 9, 5, 0, 2]  	1122	13 
[14, 0, 2, 6, 2]  	1128	13 
[4, 0, 13, 1, 2]  	1139	11 
[3, 1, 0, 11, 2]  	1142	10 
[3, 3, 12, 1, 2]  	1148	10 
[11, 9, 7, 0, 2]  	1171	14 
[10, 12, 6, 0, 2]  	1180	14 
[4, 4, 13, 0, 2]  	1195	11 
[12, 5, 9, 0, 2]  	1196	14 
[2, 1, 0, 12, 2]  	1203	8 
[3, 7, 12, 0, 2]  	1204	11 
[9, 4, 11, 0, 2]  	1208	13 
[7, 2, 13, 0, 2]  	1214	12 
[3, 1, 14, 1, 2]  	1216	10 
[6, 0, 15, 0, 2]  	1251	12 
[13, 4, 10, 0, 2]  	1261	12 
[1, 24, 5, 0, 2]  	1274	7 
[2, 4, 15, 0, 2]  	1275	8 
[1, 4, 0, 12, 2]  	1283	8 
[1, 3, 6, 8, 2]  	1304	7 
[1, 15, 9, 1, 2]  	1317	8 
[1, 5, 4, 9, 2]  	1328	7 
[1, 13, 9, 2, 2]  	1335	6 
[1, 24, 2, 3, 2]  	1337	6 
[1, 3, 4, 10, 2]  	1346	6 
[1, 8, 8, 5, 2]  	1355	6 
[1, 3, 3, 11, 2]  	1367	6 
[1, 11, 7, 5, 2]  	1395	6 
[1, 2, 4, 11, 2]  	1401	6 
[1, 1, 2, 13, 2]  	1406	6 
[1, 14, 7, 4, 2]  	1414	5 
[1, 7, 16, 0, 2]  	1426	5 
[1, 11, 14, 0, 2]  	1432	5 
[0, 19, 0, 8, 2]  	1439	4 
[0, 14, 13, 0, 2]  	1441	4 
[0, 16, 3, 7, 2]  	1449	5 
[0, 16, 7, 4, 2]  	1457	4 
[0, 22, 0, 7, 2]  	1458	4 
[0, 20, 5, 4, 2]  	1463	4 
[0, 18, 9, 2, 2]  	1489	4 
[0, 6, 5, 10, 2]  	1497	3 
[0, 24, 1, 6, 2]  	1511	5 
[0, 5, 6, 10, 2]  	1531	3 
[0, 10, 6, 8, 2]  	1532	2 
[0, 5, 5, 11, 2]  	1552	3 
[3, 1, 2, 7, 3]  	916	8 
[14, 2, 5, 1, 3]  	955	15 
[2, 17, 5, 0, 3]  	1046	9 
[11, 1, 9, 1, 3]  	1109	15 
[12, 11, 5, 0, 3]  	1134	14 
[16, 1, 2, 5, 3]  	1135	13 
[11, 12, 5, 0, 3]  	1140	14 
[1, 16, 6, 1, 3]  	1141	8 
[5, 6, 11, 0, 3]  	1158	12 
[2, 14, 2, 5, 3]  	1182	9 
[2, 0, 1, 12, 3]  	1237	8 
[1, 9, 0, 10, 3]  	1284	7 
[1, 4, 8, 6, 3]  	1299	7 
[1, 7, 13, 1, 3]  	1305	6 
[1, 13, 7, 4, 3]  	1377	5 
[1, 8, 15, 0, 3]  	1392	5 
[0, 32, 3, 0, 3]  	1397	6 
[0, 16, 1, 8, 3]  	1399	5 
[0, 16, 8, 3, 3]  	1436	4 
[1, 0, 3, 13, 3]  	1440	5 
[0, 19, 11, 0, 3]  	1484	4 
[1, 27, 2, 0, 4]  	1172	8 
[1, 26, 2, 2, 4]  	1319	7 
[1, 14, 6, 4, 4]  	1343	6 
[1, 2, 6, 9, 4]  	1359	6 
[0, 14, 8, 4, 4]  	1454	4 
[1, 1, 4, 12, 4]  	1456	7 
[0, 20, 8, 2, 5]  	1492	4 
[2, 6, 14, 0, 6]  	1278	9 
[0, 14, 11, 2, 6]  	1483	4 
[1, 4, 3, 10, 8]  	1312	7 
[0, 21, 4, 4, 10]  	1429	4 
[0, 8, 3, 10, 245]  	1429	3 
[1, 3, 10, 5, 247]  	1312	6 
[10, 6, 9, 0, 250]  	1171	11 
[3, 0, 10, 5, 250]  	1263	8 
[1, 18, 3, 4, 250]  	1278	8 
[1, 14, 2, 6, 251]  	1243	7 
[1, 3, 15, 1, 251]  	1299	6 
[0, 4, 0, 14, 251]  	1436	3 
[0, 2, 3, 13, 251]  	1483	3 
[2, 3, 9, 2, 252]  	996	7 
[2, 4, 4, 6, 252]  	1046	8 
[13, 6, 7, 0, 252]  	1122	12 
[11, 8, 7, 0, 252]  	1134	12 
[10, 9, 7, 0, 252]  	1140	11 
[1, 14, 1, 6, 252]  	1172	7 
[3, 1, 9, 5, 252]  	1229	8 
[1, 13, 1, 8, 252]  	1319	6 
[1, 15, 0, 8, 252]  	1322	7 
[1, 4, 11, 4, 252]  	1328	6 
[1, 1, 5, 10, 252]  	1343	5 
[0, 26, 3, 2, 252]  	1359	4 
[1, 0, 11, 7, 252]  	1456	6 
[0, 8, 0, 13, 252]  	1492	3 
[3, 0, 9, 2, 253]  	916	6 
[4, 16, 3, 0, 253]  	929	10 
[13, 13, 1, 0, 253]  	955	11 
[3, 9, 9, 0, 253]  	1065	8 
[3, 11, 8, 0, 253]  	1068	8 
[7, 10, 7, 0, 253]  	1084	10 
[1, 3, 11, 2, 253]  	1107	6 
[9, 9, 7, 0, 253]  	1109	12 
[16, 0, 9, 0, 253]  	1135	11 
[8, 7, 9, 0, 253]  	1146	12 
[1, 6, 4, 7, 253]  	1181	7 
[2, 13, 9, 0, 253]  	1182	8 
[3, 0, 3, 10, 253]  	1226	8 
[1, 15, 7, 2, 253]  	1267	5 
[1, 14, 0, 8, 253]  	1285	6 
[0, 19, 2, 5, 253]  	1305	5 
[1, 2, 12, 4, 253]  	1325	5 
[1, 0, 6, 10, 253]  	1377	4 
[0, 28, 5, 0, 253]  	1391	6 
[0, 7, 3, 10, 253]  	1392	2 
[0, 2, 0, 15, 253]  	1454	3 
[0, 21, 7, 2, 253]  	1458	3 
[0, 23, 8, 1, 253]  	1511	4 
[0, 9, 13, 3, 253]  	1532	1 
[5, 0, 3, 2, 254]  	552	5 
[4, 14, 1, 0, 254]  	713	7 
[3, 6, 0, 6, 254]  	867	8 
[4, 13, 5, 0, 254]  	960	7 
[2, 5, 9, 1, 254]  	978	6 
[3, 9, 8, 0, 254]  	994	6 
[3, 12, 0, 5, 254]  	997	9 
[1, 4, 4, 6, 254]  	1015	6 
[6, 9, 7, 0, 254]  	1016	9 
[2, 0, 11, 2, 254]  	1027	7 
[2, 25, 1, 0, 254]  	1058	5 
[1, 2, 11, 2, 254]  	1070	5 
[14, 8, 5, 0, 254]  	1085	10 
[1, 19, 5, 0, 254]  	1089	7 
[13, 9, 5, 0, 254]  	1091	10 
[1, 14, 0, 6, 254]  	1101	6 
[10, 8, 7, 0, 254]  	1103	12 
[9, 6, 9, 0, 254]  	1140	11 
[2, 14, 8, 0, 254]  	1148	7 
[4, 18, 0, 4, 254]  	1158	10 
[2, 10, 4, 5, 254]  	1176	6 
[4, 1, 8, 5, 254]  	1189	6 
[3, 3, 1, 10, 254]  	1195	8 
[4, 24, 0, 2, 254]  	1196	10 
[8, 1, 13, 0, 254]  	1208	10 
[4, 22, 0, 3, 254]  	1214	7 
[2, 2, 1, 11, 254]  	1219	8 
[4, 3, 14, 0, 254]  	1229	8 
[3, 2, 15, 0, 254]  	1232	9 
[1, 21, 1, 4, 254]  	1247	8 
[2, 0, 0, 13, 254]  	1258	8 
[0, 18, 2, 5, 254]  	1268	5 
[1, 16, 4, 4, 254]  	1275	5 
[1, 8, 7, 5, 254]  	1284	6 
[1, 13, 2, 7, 254]  	1298	5 
[1, 5, 9, 5, 254]  	1315	6 
[1, 0, 8, 8, 254]  	1335	4 
[1, 11, 1, 9, 254]  	1337	5 
[0, 30, 2, 1, 254]  	1344	5 
[0, 28, 2, 2, 254]  	1362	4 
[0, 35, 1, 0, 254]  	1366	5 
[1, 1, 17, 1, 254]  	1367	3 
[0, 15, 8, 3, 254]  	1399	2 
[1, 0, 18, 1, 254]  	1401	5 
[1, 0, 13, 5, 254]  	1414	3 
[0, 22, 1, 6, 254]  	1437	5 
[0, 24, 0, 6, 254]  	1440	3 
[0, 15, 10, 2, 254]  	1449	4 
[0, 20, 9, 1, 254]  	1471	2 
[0, 5, 8, 8, 254]  	1489	2 
[0, 5, 12, 5, 254]  	1497	2 
[0, 5, 7, 9, 254]  	1510	2 
[0, 11, 13, 2, 254]  	1514	1 
[0, 1, 8, 10, 254]  	1525	2 
[0, 1, 21, 0, 254]  	1528	1 
[0, 4, 13, 5, 254]  	1531	2 
[0, 1, 7, 11, 254]  	1546	2 
[0, 4, 12, 6, 254]  	1552	2 
[0, 0, 22, 0, 254]  	1562	1 
[0, 0, 21, 1, 254]  	1583	1 
[3, 9, 1, 0, 255]  	497	3 
[1, 4, 0, 6, 255]  	731	5 
[4, 0, 7, 2, 255]  	805	3 
[2, 19, 1, 0, 255]  	836	7 
[4, 5, 7, 1, 255]  	898	7 
[2, 17, 3, 0, 255]  	904	5 
[3, 10, 0, 5, 255]  	923	7 
[2, 14, 5, 0, 255]  	935	4 
[2, 16, 3, 1, 255]  	959	5 
[12, 1, 0, 6, 255]  	961	7 
[3, 1, 4, 6, 255]  	966	3 
[2, 0, 4, 7, 255]  	990	7 
[13, 0, 7, 1, 255]  	992	11 
[11, 8, 5, 0, 255]  	992	6 
[1, 0, 11, 2, 255]  	996	2 
[1, 17, 5, 0, 255]  	1015	7 
[17, 0, 7, 0, 255]  	1024	7 
[10, 6, 7, 0, 255]  	1029	6 
[1, 3, 4, 7, 255]  	1070	6 
[2, 10, 9, 0, 255]  	1071	4 
[1, 16, 0, 5, 255]  	1083	3 
[6, 7, 9, 0, 255]  	1084	6 
[2, 8, 4, 5, 255]  	1102	5 
[1, 2, 13, 1, 255]  	1120	4 
[9, 2, 11, 0, 255]  	1134	7 
[2, 11, 3, 5, 255]  	1142	7 
[3, 2, 1, 10, 255]  	1158	8 
[1, 5, 12, 1, 255]  	1160	4 
[2, 16, 2, 4, 255]  	1164	5 
[2, 20, 0, 4, 255]  	1170	8 
[2, 7, 12, 0, 255]  	1173	9 
[1, 19, 1, 4, 255]  	1173	8 
[0, 26, 3, 0, 255]  	1175	4 
[8, 4, 11, 0, 255]  	1177	9 
[6, 0, 1, 10, 255]  	1177	7 
[2, 13, 4, 4, 255]  	1195	4 
[2, 5, 7, 5, 255]  	1204	6 
[2, 6, 13, 0, 255]  	1207	5 
[14, 0, 11, 0, 255]  	1215	8 
[2, 0, 2, 11, 255]  	1216	5 
[2, 1, 8, 6, 255]  	1219	6 
[5, 0, 15, 0, 255]  	1220	7 
[2, 5, 14, 0, 255]  	1241	8 
[0, 30, 2, 0, 255]  	1252	4 
[4, 0, 16, 0, 255]  	1260	7 
[12, 1, 12, 0, 255]  	1261	9 
[11, 0, 0, 10, 255]  	1261	4 
[0, 5, 1, 11, 255]  	1268	1 
[1, 2, 1, 12, 255]  	1280	5 
[0, 19, 3, 4, 255]  	1284	2 
[0, 6, 2, 10, 255]  	1284	1 
[1, 27, 1, 2, 255]  	1285	7 
[1, 19, 4, 3, 255]  	1294	4 
[0, 0, 17, 1, 255]  	1299	1 
[1, 0, 5, 10, 255]  	1306	3 
[0, 5, 3, 10, 255]  	1318	2 
[1, 0, 0, 14, 255]  	1319	4 
[1, 11, 6, 5, 255]  	1324	4 
[0, 21, 0, 6, 255]  	1329	2 
[1, 1, 18, 0, 255]  	1346	5 
[0, 27, 1, 3, 255]  	1346	4 
[0, 4, 17, 0, 255]  	1355	1 
[1, 11, 8, 4, 255]  	1374	3 
[1, 0, 10, 7, 255]  	1385	2 
[1, 1, 7, 9, 255]  	1393	4 
[1, 10, 14, 0, 255]  	1395	5 
[0, 1, 14, 4, 255]  	1399	1 
[0, 14, 6, 5, 255]  	1404	3 
[0, 9, 10, 4, 255]  	1411	1 
[0, 6, 0, 13, 255]  	1418	3 
[0, 5, 7, 8, 255]  	1418	2 
[0, 25, 7, 0, 255]  	1422	1 
[0, 11, 4, 8, 255]  	1427	2 
[0, 13, 3, 8, 255]  	1430	3 
[0, 2, 1, 14, 255]  	1433	2 
[0, 12, 1, 10, 255]  	1435	1 
[0, 14, 0, 10, 255]  	1438	4 
[0, 13, 7, 5, 255]  	1438	3 
[0, 18, 7, 3, 255]  	1439	2 
[0, 5, 6, 9, 255]  	1439	1 
[0, 23, 7, 1, 255]  	1440	2 
[0, 9, 13, 2, 255]  	1440	1 
[0, 2, 5, 11, 255]  	1441	3 
[0, 1, 7, 10, 255]  	1454	2 
[0, 3, 6, 10, 255]  	1457	3 
[0, 1, 20, 0, 255]  	1457	1 
[0, 13, 6, 6, 255]  	1459	3 
[0, 23, 6, 2, 255]  	1461	1 
[0, 1, 2, 14, 255]  	1467	1 
[0, 1, 10, 8, 255]  	1483	1 
[0, 1, 1, 15, 255]  	1488	2 
[0, 0, 3, 14, 255]  	1501	1 
[0, 0, 16, 4, 255]  	1504	1 
[0, 1, 0, 16, 255]  	1509	2 
[0, 0, 10, 9, 255]  	1538	1 
------
The gap is between 11 and 244.
Lengths: 5 5 8 10 5 6.
For 1536 = 3*d-d1-d2-d3-d4 you get 5 in char 0.
1 + 0*2^64 + 0*2^128 + 0*2^192*y^17*z^5*w^6
1 + 0*2^64 + 0*2^128 + 0*2^192*y^16*z^12*w^1
1 + 0*2^64 + 0*2^128 + 0*2^192*y^4*z^4*w^12
1 + 0*2^64 + 0*2^128 + 0*2^192*y^3*z^11*w^7
1 + 0*2^64 + 0*2^128 + 0*2^192*y^2*z^18*w^2

For 947 = 2*d-d1-d2-d3-d4 you get 8 in char 0.
1 + 0*2^64 + 0*2^128 + 0*2^192*x^14*y^2*z^1*w^4
1 + 0*2^64 + 0*2^128 + 0*2^192*x^2*y^22*z^1
1 + 0*2^64 + 0*2^128 + 0*2^192*x^1*y^19*z^3
1 + 0*2^64 + 0*2^128 + 0*2^192*x^1*y^6*z^2*w^6
1 + 0*2^64 + 0*2^128 + 0*2^192*x^1*y^5*z^9*w^1
1 + 0*2^64 + 0*2^128 + 0*2^192*y^16*z^5
1 + 0*2^64 + 0*2^128 + 0*2^192*y^3*z^4*w^6
1 + 0*2^64 + 0*2^128 + 0*2^192*y^2*z^11*w^1

For 358 = d-d1-d2-d3-d4 you get 5 in char 0.
1 + 0*2^64 + 0*2^128 + 0*2^192*x^5*y^3*w^1
1 + 0*2^64 + 0*2^128 + 0*2^192*x^4*z^2*w^1
1 + 0*2^64 + 0*2^128 + 0*2^192*x^2*y^8
1 + 0*2^64 + 0*2^128 + 0*2^192*x^1*y^5*z^2
1 + 0*2^64 + 0*2^128 + 0*2^192*y^2*z^4

Extra powers of p used 2.
The invariant extra is equal to 33.
Start computing 2^4 Delta^1 (x1x2x3x4)^1... Done.
Start computing 2^5 Delta^2 (x1x2x3x4)^1... Done.
Start computing 2^6 Delta^3 (x1x2x3x4)^1... Done.
Start computing 2^7 Delta^4 (x1x2x3x4)^1... Done.
Start computing 2^8 Delta^5 (x1x2x3x4)^1... Done.
Start computing 2^9 Delta^6 (x1x2x3x4)^1... Done.
Start computing 2^10 Delta^7 (x1x2x3x4)^1... Done.
Start computing 2^11 Delta^8 (x1x2x3x4)^1... Done.
Start computing 2^12 Delta^9 (x1x2x3x4)^1... Done.
Start computing 2^13 Delta^10 (x1x2x3x4)^1... Done.
Start computing 2^14 Delta^11 (x1x2x3x4)^1... Done.
Start computing 2^15 Delta^12 (x1x2x3x4)^1... Done.
Start computing 2^16 Delta^13 (x1x2x3x4)^1... Done.
Start computing 2^17 Delta^14 (x1x2x3x4)^1... Done.
Start computing 2^18 Delta^15 (x1x2x3x4)^1... Done.
Start computing 2^19 Delta^16 (x1x2x3x4)^1... Done.
Start computing 2^20 Delta^17 (x1x2x3x4)^1... Done.
Start computing 2^21 Delta^18 (x1x2x3x4)^1... Done.
Start computing 2^22 Delta^19 (x1x2x3x4)^1... Done.
Start computing 2^23 Delta^20 (x1x2x3x4)^1... Done.
Start computing 2^24 Delta^21 (x1x2x3x4)^1... Done.
Start computing 2^25 Delta^22 (x1x2x3x4)^1... Done.
Start computing 2^26 Delta^23 (x1x2x3x4)^1... Done.
Start computing 2^27 Delta^24 (x1x2x3x4)^1... Done.
Start computing 2^28 Delta^25 (x1x2x3x4)^1... Done.
Start computing 2^29 Delta^26 (x1x2x3x4)^1... Done.
Start computing 2^30 Delta^27 (x1x2x3x4)^1... Done.
Start computing 2^31 Delta^28 (x1x2x3x4)^1... Done.
Start computing 2^32 Delta^29 (x1x2x3x4)^1... Done.
Start computing 2^33 Delta^30 (x1x2x3x4)^1... Done.
Start computing 2^34 Delta^31 (x1x2x3x4)^1... Done.
Start computing 2^35 Delta^32 (x1x2x3x4)^1... Done.
Start computing 2^36 Delta^33 (x1x2x3x4)^1... Done.
Start computing 2^37 Delta^34 (x1x2x3x4)^1... Done.
Start computing 2^38 Delta^35 (x1x2x3x4)^1... Done.
Start computing aa.
1 2 3 4 5 6 7 8 9 10 11 12 13 14 15 16 17 18 
*/
A = \
[2127396642465823144 + 15963177543973423579*2^64 + 18109785222828700908*2^128 + 944241860*2^192,12557581334056070228 + 11575672464718773574*2^64 + 3901648220318285583*2^128 + 1824624409*2^192,13892105300694835800 + 15754023208325209221*2^64 + 16754979069602470446*2^128 + 1802887271*2^192,14210381815490174808 + 11766089671740502169*2^64 + 15855315680401509864*2^128 + 1084192269*2^192,10663543463503037912 + 17589779639890885287*2^64 + 2625736334825320110*2^128 + 4093546574*2^192,16272310545653280224 + 10514942555718135888*2^64 + 12128481764519674988*2^128 + 2926148936*2^192,11135940496809420336 + 566790402065406992*2^64 + 6898234138516482118*2^128 + 3702738768*2^192,597759805622077744 + 10476724004413261195*2^64 + 5864008490140947433*2^128 + 243409784*2^192,5916630255690618848 + 2753803403112447724*2^64 + 1731159330121522064*2^128 + 1086201710*2^192,11109053203334380000 + 17365928657168428988*2^64 + 13787924383035019312*2^128 + 4048093283*2^192,14704799049711606816 + 14818716120007309962*2^64 + 6795277921081134782*2^128 + 2618132879*2^192,17482199447020157088 + 14148843472741301620*2^64 + 11555927762794192885*2^128 + 2446605659*2^192,12925860110522071776 + 17925581201584729239*2^64 + 16453006998642103120*2^128 + 1185313657*2^192,3092089080951886480 + 9071228543592891309*2^64 + 4572547732356085246*2^128 + 4226510041*2^192,4986511709962832928 + 710513734616265342*2^64 + 7871243270835840120*2^128 + 753164307*2^192,3682627628495242960 + 12613652416974069581*2^64 + 17493588306249593550*2^128 + 1869988452*2^192,356733305563012672 + 4115595693792591221*2^64 + 7123636307064096820*2^128 + 1807169657*2^192,10988781730981258512 + 7333871664740329616*2^64 + 13062964496572453097*2^128 + 2176177336*2^192;\
1941528794044051456 + 5189551601411135997*2^64 + 3354660821210384818*2^128 + 1498267999*2^192,15402321406929230180 + 7346913203601601320*2^64 + 5645398672764927636*2^128 + 3201608759*2^192,5554294590322491664 + 11572620392612138825*2^64 + 472925228351462370*2^128 + 2440858954*2^192,14313155846854027900 + 7791991224430232629*2^64 + 5859223371058211362*2^128 + 2816006228*2^192,9331165830239316536 + 15443245435628519382*2^64 + 12546025548446589086*2^128 + 1592760749*2^192,18116191466662501488 + 6712894289847976515*2^64 + 9814982626273578396*2^128 + 1464691750*2^192,3437595661190505968 + 10440516698430653841*2^64 + 13716832261279867713*2^128 + 4199976964*2^192,2248491613257588944 + 13339124066990668385*2^64 + 4361030411154607365*2^128 + 3390572314*2^192,5583503816537807168 + 14091046380928349286*2^64 + 11427865016961225046*2^128 + 2412094226*2^192,5108198696606106240 + 6681490413990800858*2^64 + 11883540681388348148*2^128 + 669347065*2^192,13397115774110144576 + 14346447851760300643*2^64 + 15013938413547324291*2^128 + 3478596077*2^192,8309919104684910240 + 18326522484408394123*2^64 + 12366188225674327905*2^128 + 1564423385*2^192,6488786873834694176 + 499899020306243030*2^64 + 1191568760285507363*2^128 + 3166990939*2^192,12420720334054650496 + 3227245544042655266*2^64 + 9333867322736987365*2^128 + 857959878*2^192,2067720958569825248 + 11649198538636386210*2^64 + 9515555826820880024*2^128 + 1278635144*2^192,6568935026498417104 + 11814102893069365034*2^64 + 2134228696257415838*2^128 + 2902752641*2^192,18435459063376999456 + 3072820173245073820*2^64 + 5081168220201493956*2^128 + 4059271423*2^192,9724792117009705552 + 15335423176172052530*2^64 + 14845801372400748032*2^128 + 1193011306*2^192;\
14075057194458922844 + 6496359479149521503*2^64 + 3240297122456629690*2^128 + 886371778*2^192,6469639572065123604 + 9956258812542207606*2^64 + 7243156584022995045*2^128 + 4078278770*2^192,4753314721441822668 + 3118034969505824204*2^64 + 15469765676396222057*2^128 + 88514611*2^192,17612417279547588288 + 14232405751165854244*2^64 + 10520234160612165281*2^128 + 3073754429*2^192,12345110830222299488 + 8928269047190370750*2^64 + 2278632912854595238*2^128 + 320353354*2^192,3652871556565410768 + 5646009344802479098*2^64 + 998480878444929020*2^128 + 3257535580*2^192,16981373126058906144 + 10527548570066523110*2^64 + 17047494105893924324*2^128 + 620479402*2^192,16939078889742033600 + 12068440026702742207*2^64 + 11047617594913866133*2^128 + 2915407709*2^192,2962091990845632768 + 16612552700598102307*2^64 + 2050251027435953977*2^128 + 536599986*2^192,9223896079448151920 + 3775164018241333933*2^64 + 14636334774945945338*2^128 + 2262686726*2^192,6686007042542585856 + 3381815852903884360*2^64 + 2842249092328727072*2^128 + 862045928*2^192,10213210961583078592 + 4420038335843045174*2^64 + 1082189751969653410*2^128 + 675428582*2^192,15028562147789696000 + 18247129200506351645*2^64 + 4827436902385342487*2^128 + 1769383487*2^192,16228427605204619872 + 14048871032831131106*2^64 + 10705609448113833462*2^128 + 3240278887*2^192,2801651757138925856 + 16582087879938628648*2^64 + 231162635570833094*2^128 + 3375587536*2^192,1198139907576132288 + 7770596483369023169*2^64 + 555592195120649453*2^128 + 1981664451*2^192,10990039448156569040 + 18180421939466634886*2^64 + 13471317866329878103*2^128 + 3927389651*2^192,10484502519587345536 + 5180048555530871592*2^64 + 10815679090565835487*2^128 + 2122265364*2^192;\
2022848675426881428 + 2509725740926127303*2^64 + 6783038249929982028*2^128 + 3649569361*2^192,12145808498050735692 + 16612184836170141101*2^64 + 11643616808376108690*2^128 + 2104128470*2^192,7047898184976869760 + 5366390169866542910*2^64 + 8242206270400715997*2^128 + 2919544315*2^192,15372668264896391620 + 847722433115457146*2^64 + 280580201749934161*2^128 + 1656177111*2^192,5394047111189501624 + 1151061982903813021*2^64 + 8871464916832082313*2^128 + 179714306*2^192,18044163744296637104 + 6735358897213060235*2^64 + 16208099482073554452*2^128 + 3240533273*2^192,10197153811232143744 + 5332673073087890300*2^64 + 11936156136590506458*2^128 + 780490052*2^192,8792544825706552480 + 15367904111758458091*2^64 + 8277222846849338725*2^128 + 19288107*2^192,18395264229591815392 + 5901068614485324047*2^64 + 10024671130092610316*2^128 + 3868695696*2^192,11256794823241792800 + 14798229718098013637*2^64 + 14016045548121197083*2^128 + 2956171605*2^192,10261687815969991552 + 3916386358046021639*2^64 + 1853875277261454589*2^128 + 354720643*2^192,11256783061374429344 + 7108242982257292049*2^64 + 13659051982457062376*2^128 + 1511353817*2^192,10315318044484752800 + 11660450005088166529*2^64 + 17479605124021988579*2^128 + 2643388486*2^192,10076281758358159680 + 9724650224658434362*2^64 + 15339004139965078216*2^128 + 265878938*2^192,14444234644295417648 + 5351646737708426527*2^64 + 2494345368364909083*2^128 + 372701028*2^192,16416166726072596800 + 5709479582803721970*2^64 + 18348934643768067158*2^128 + 1869753228*2^192,18291588155653687744 + 7872977732032288307*2^64 + 2206400163562112311*2^128 + 90144935*2^192,9941874063541866464 + 15520322177968784720*2^64 + 2323582158896097766*2^128 + 1489753438*2^192;\
5760894881719626996 + 14579976089345588965*2^64 + 15984310269271109591*2^128 + 130680201*2^192,15778719611415170504 + 2933901462425703136*2^64 + 13770855965526584170*2^128 + 1749523017*2^192,10654806455117351468 + 7934589511234157643*2^64 + 17445932775949581808*2^128 + 3934034258*2^192,14383811258961261680 + 15718584735007995189*2^64 + 4344406239936217447*2^128 + 3344089375*2^192,2105116519457108572 + 3981379945422377888*2^64 + 739683486139950295*2^128 + 3274790638*2^192,2937893041333931824 + 10079317306495037838*2^64 + 17855574081108898342*2^128 + 4278421546*2^192,7894141154574137328 + 10393526629031555349*2^64 + 6271701080658699883*2^128 + 1569544149*2^192,12739680433805676608 + 11453405571597129324*2^64 + 9361839723450745489*2^128 + 4103103651*2^192,17003012392730191232 + 16275189711871346536*2^64 + 12529117584627151423*2^128 + 1385444613*2^192,12068922158036995280 + 8037896915019750050*2^64 + 6662178768033382245*2^128 + 2055906314*2^192,14867638759769945088 + 8714865731867453678*2^64 + 2977726159773463120*2^128 + 174571944*2^192,12416127791242480864 + 15693690011039843919*2^64 + 11413449914866071120*2^128 + 3176367429*2^192,13359351498735844688 + 9187362199924929087*2^64 + 11545553649056432914*2^128 + 3445731378*2^192,13633695844650701936 + 12478343712510476065*2^64 + 3297729778770750143*2^128 + 3594721195*2^192,14508279762994665552 + 12850607178183916211*2^64 + 3226377544599956363*2^128 + 2893928040*2^192,16347013662958678208 + 5231611100562268009*2^64 + 6840575699774092692*2^128 + 769487021*2^192,11845089984708759456 + 18014997046364406700*2^64 + 18131375743829870800*2^128 + 2788597340*2^192,1797953582374577056 + 12364709801551892086*2^64 + 13292322634440563138*2^128 + 4234951944*2^192;\
7308278173316408934 + 17821006659636149429*2^64 + 9898072134722419344*2^128 + 544811534*2^192,18093807725795816344 + 13121893354294298259*2^64 + 4339286271160457620*2^128 + 1885224838*2^192,1799984948551949396 + 12645055884813232974*2^64 + 9731810726056441520*2^128 + 1984630915*2^192,11173448157531897090 + 1660829024042403460*2^64 + 14644883225301283665*2^128 + 986674408*2^192,11840340465285342518 + 5437770556748079714*2^64 + 8048733600560798814*2^128 + 1062169251*2^192,16122157994591315752 + 7162172076414071816*2^64 + 1659285831737025494*2^128 + 181458380*2^192,17963703396059346896 + 12127778490264456401*2^64 + 13361868050484208457*2^128 + 919001752*2^192,4238220834181221976 + 11615266872427704527*2^64 + 8309087847145323652*2^128 + 1914060602*2^192,17538956392390681584 + 13830209182591492074*2^64 + 13909148170778031617*2^128 + 876660517*2^192,3175376904427990912 + 16822475007090472155*2^64 + 5669865763691621138*2^128 + 581901546*2^192,4282941377460364816 + 8298865539279448307*2^64 + 10075388099164744817*2^128 + 746876659*2^192,7340714859749472936 + 13977627230603307319*2^64 + 7861289263407055868*2^128 + 1683751682*2^192,9129056365959202416 + 3811053159999082079*2^64 + 7783695366757257200*2^128 + 1517033766*2^192,10802325697975404328 + 14467295988279000014*2^64 + 8982630970646788348*2^128 + 1290833198*2^192,4031199082929337312 + 12783306675633017354*2^64 + 350685227564063605*2^128 + 152360065*2^192,8887790273333365680 + 17860149422563554184*2^64 + 4758349913388226636*2^128 + 1424194138*2^192,7178025424833596312 + 6294144800153471296*2^64 + 4046739434244083760*2^128 + 1036623544*2^192,13686863601283932400 + 13278973514045679593*2^64 + 387836966448393567*2^128 + 2067090035*2^192;\
3902034199398943968 + 17981587141506354358*2^64 + 2429762837435486213*2^128 + 2911746206*2^192,4867060590604747864 + 14545807781116724250*2^64 + 4638053717630827239*2^128 + 2079754482*2^192,3086170698389268062 + 14971874522498871883*2^64 + 7019743931427510144*2^128 + 3626094262*2^192,8358850659768913914 + 305685049697805822*2^64 + 9515799451072203607*2^128 + 3927770274*2^192,12412563205972438446 + 9561121053890206748*2^64 + 11207582871435541747*2^128 + 171510005*2^192,8988042517811443300 + 9360962381366440495*2^64 + 1797172132381386509*2^128 + 2176449977*2^192,7747614861413174728 + 5540719489468342382*2^64 + 7883975902183322363*2^128 + 2302421295*2^192,1375874963797045320 + 6300785291089935744*2^64 + 14404630666365379126*2^128 + 569882529*2^192,17259413236537907104 + 3188158533783324709*2^64 + 4707247118472031257*2^128 + 2162024792*2^192,4463343406919372776 + 499472983941329765*2^64 + 10453436111705557937*2^128 + 4213087489*2^192,17819157220984667904 + 7426728790657488411*2^64 + 4204141704995902357*2^128 + 626403549*2^192,17315196861493536704 + 5741258144667038101*2^64 + 6361438000457734050*2^128 + 403076544*2^192,10809230720703978320 + 13197667733701416843*2^64 + 15175921118217517553*2^128 + 4054281953*2^192,7086723275532117928 + 14675060918928272597*2^64 + 15366380453610954602*2^128 + 2297529779*2^192,6469841425560433184 + 4948631540656706343*2^64 + 2086138334817379992*2^128 + 281803981*2^192,13130627895358925696 + 95625573717267393*2^64 + 847584945992746335*2^128 + 2328600646*2^192,5704851728004119800 + 13037285593437100917*2^64 + 12282292630428809238*2^128 + 3139189698*2^192,10711270897697363008 + 50959777745917587*2^64 + 13482114085367734773*2^128 + 3958442183*2^192;\
9371968278273801460 + 7038439353587326962*2^64 + 9302808666266632514*2^128 + 114219596*2^192,8455286741321381954 + 11854060457285265467*2^64 + 15768295265289369164*2^128 + 3042443240*2^192,8581127793532999532 + 10232401796290361771*2^64 + 7652208294595910764*2^128 + 1760487914*2^192,13164021115934205150 + 911779809320434917*2^64 + 9712019230181540686*2^128 + 1034431190*2^192,12025032165569013522 + 11258389921598208262*2^64 + 363259063447238213*2^128 + 834095056*2^192,2188645065140339388 + 875245201889448321*2^64 + 13373097052934469688*2^128 + 818157916*2^192,14472369862471369392 + 136186858284496596*2^64 + 17214183865398628076*2^128 + 3404110957*2^192,13159189977268944432 + 12139399960248539280*2^64 + 6560995640200758747*2^128 + 948436813*2^192,10415169181684363920 + 4923558994873238428*2^64 + 7040831850494751813*2^128 + 2999999321*2^192,741551144079195528 + 3146892671601021549*2^64 + 16927595226660710875*2^128 + 1788759553*2^192,8823919796619142888 + 16477488210753982195*2^64 + 15961515758588085096*2^128 + 1170324822*2^192,5576775765603761320 + 16911366189871550843*2^64 + 7021206704838436487*2^128 + 3934053888*2^192,14039747836638692472 + 16277794271205615333*2^64 + 10873137453013594922*2^128 + 3198330513*2^192,2670613079068947368 + 12528827540249198678*2^64 + 2033918055935795178*2^128 + 371504905*2^192,17754837305872798920 + 13749047790788577535*2^64 + 14427714949923645961*2^128 + 3552228399*2^192,3233314334765884616 + 14783820248030613006*2^64 + 14750924113454749014*2^128 + 1727414401*2^192,16774079934777120784 + 16600154114353255500*2^64 + 18063929155644712838*2^128 + 2594226411*2^192,2637292282042456 + 9129550050024484525*2^64 + 17099459140580546677*2^128 + 1933086347*2^192;\
3726968600411363796 + 12385647449045775480*2^64 + 1670308892216734987*2^128 + 2483082212*2^192,10898246145219226350 + 1591547928627999405*2^64 + 766506307795133457*2^128 + 2330146108*2^192,885971280795007287 + 16728502126561924419*2^64 + 13630424138601330690*2^128 + 3835888880*2^192,6709181436048102195 + 5622205894756781370*2^64 + 4330917142771927551*2^128 + 1101356897*2^192,818119423650136466 + 12755146656368355896*2^64 + 3418593635783294708*2^128 + 19067522*2^192,4252259606732187368 + 12497422103922569110*2^64 + 1154584334153337510*2^128 + 2335883573*2^192,341518128989124092 + 6050832742826412428*2^64 + 17490924407135706127*2^128 + 851505350*2^192,3919580823570181400 + 10386134972366736374*2^64 + 14929495194304384507*2^128 + 3453008013*2^192,4002473901672275588 + 18347940724529601140*2^64 + 1864038064303728675*2^128 + 4119088432*2^192,8770839247120453760 + 13713552066375361295*2^64 + 14771958587468107401*2^128 + 1979592611*2^192,13059366825662510612 + 4857228770314212116*2^64 + 3835608346069996661*2^128 + 3342592480*2^192,2503087062219717064 + 12058738671636206353*2^64 + 1722098473030803663*2^128 + 547410686*2^192,11663501898440299076 + 5044396572493058719*2^64 + 7529209053314917318*2^128 + 2777518523*2^192,6805383731459053680 + 5514796657831193026*2^64 + 16873668424277523513*2^128 + 3865718503*2^192,12208498506194627948 + 15232528156583892630*2^64 + 13273019173549182237*2^128 + 923139059*2^192,4019499945852536808 + 8548923716599555670*2^64 + 8601944177125974599*2^128 + 1381389216*2^192,16133862986528997116 + 3969094920032660191*2^64 + 8203149086154241292*2^128 + 2107934837*2^192,5123691309795580688 + 11869385247171859929*2^64 + 11084106201812387533*2^128 + 3578065518*2^192;\
3296046725704788370 + 12787963254610144114*2^64 + 4216401013682447859*2^128 + 2860301466*2^192,10509693374852145096 + 2896750080819595281*2^64 + 9556951981818215670*2^128 + 2558847369*2^192,1523599457609861435 + 16641992532963597243*2^64 + 8815772181660045460*2^128 + 3183255107*2^192,8454982153110090399 + 11198432216978264963*2^64 + 7225393410712886211*2^128 + 1293238416*2^192,13942909700950374644 + 18371258135636487397*2^64 + 4024215596557682064*2^128 + 2909898726*2^192,7961485536678508016 + 10488719394002067290*2^64 + 228947509111180608*2^128 + 1235618218*2^192,12281671251435528612 + 1646511996062493003*2^64 + 10547562748797147898*2^128 + 1265922585*2^192,6521046471217634160 + 18282075606239069531*2^64 + 1418092024184556611*2^128 + 792544023*2^192,15616298477459032308 + 1899951426940558027*2^64 + 16272815081013222885*2^128 + 2997381691*2^192,8297001258121149768 + 4460018230584719375*2^64 + 11582056400442468981*2^128 + 3144035393*2^192,7391498830172794036 + 10384951613983160680*2^64 + 3125955171504302348*2^128 + 3954889309*2^192,16437768000652192448 + 11687731167239607433*2^64 + 914106876705092422*2^128 + 2899393408*2^192,17574939938492867740 + 5548316732614140549*2^64 + 9911181374211319984*2^128 + 2202793687*2^192,9569899672967594728 + 17609364910262229208*2^64 + 6213867979418502590*2^128 + 1460092144*2^192,8873683415498654396 + 2949022814614449599*2^64 + 10253319117324006814*2^128 + 2772263851*2^192,12186207946840948080 + 15338896708753519080*2^64 + 1161807821198450911*2^128 + 4096411535*2^192,2259927259240118708 + 4979527242080426548*2^64 + 8990001760932644513*2^128 + 4187184040*2^192,18114201324821181432 + 1616619496280853709*2^64 + 18006332102303755284*2^128 + 2367736844*2^192;\
6651448978111052180 + 6688255040186252347*2^64 + 12461851298172162872*2^128 + 842749805*2^192,5545166866915195592 + 14161170705851056576*2^64 + 16917575133142016627*2^128 + 2542369004*2^192,4441617606579099055 + 14196494205580394823*2^64 + 534908066071533927*2^128 + 1981603681*2^192,15682200405661705805 + 6098958433607175836*2^64 + 7819699303606216641*2^128 + 2753624406*2^192,6231171059297690278 + 6632006388596088865*2^64 + 14698685931102628403*2^128 + 2499853875*2^192,16873130047660795352 + 4145192016872537634*2^64 + 1714064704142915605*2^128 + 4157600564*2^192,2279593000453932636 + 5060250815752943558*2^64 + 348873674637534621*2^128 + 799776184*2^192,6792553119079739216 + 8304507800872877819*2^64 + 17919945902770615817*2^128 + 2650345924*2^192,5098721936943798404 + 16901764727441960499*2^64 + 14139438710158194588*2^128 + 73363114*2^192,15881081603415833192 + 16943717917358163943*2^64 + 6673198163147977859*2^128 + 3332550513*2^192,12566012031442402724 + 9683234314610723848*2^64 + 7557245823949114508*2^128 + 1858258842*2^192,16168871044946254312 + 16032951402699817472*2^64 + 4374890770078163056*2^128 + 1818373084*2^192,7908985858974280780 + 10069570227907279714*2^64 + 6561178935711393912*2^128 + 1720234722*2^192,16030798276693847888 + 12486648161581849785*2^64 + 10026465397014313747*2^128 + 3918210189*2^192,14399608408774182364 + 17806607722169002153*2^64 + 14463533944130590051*2^128 + 1221221883*2^192,5455185488364618096 + 7886566457018622772*2^64 + 11539002047218559652*2^128 + 68253402*2^192,9813424727752269708 + 1864362174396828874*2^64 + 4713789089613830608*2^128 + 3660626785*2^192,2403983681843094232 + 12310050889181317044*2^64 + 1393132853598667333*2^128 + 812486690*2^192;\
15452336545542692082 + 15221106171672072134*2^64 + 12676357570706929786*2^128 + 3215217256*2^192,13571167604397013664 + 4933795060130624793*2^64 + 7562215350492929912*2^128 + 440037422*2^192,18068150844389288937 + 6507865587160592343*2^64 + 4444102000546633255*2^128 + 2025420739*2^192,750367370723447135 + 10358337220072726773*2^64 + 13342292937132822658*2^128 + 550228313*2^192,12344453564491771012 + 4469467658279446170*2^64 + 14915375092523030281*2^128 + 2499243289*2^192,5074597397065959716 + 15104403357065336637*2^64 + 17369460506487557427*2^128 + 3301475087*2^192,17018344935072055244 + 2573242761922359045*2^64 + 15016261724089504249*2^128 + 1427647258*2^192,9688188623959192880 + 7652527960439578477*2^64 + 588510450067851161*2^128 + 4182556914*2^192,17987276706793341804 + 11637842891986850581*2^64 + 4927697121888992626*2^128 + 2515030985*2^192,11516434055197807688 + 5986076942244675682*2^64 + 18034612422228387257*2^128 + 2454247772*2^192,20997339556621780 + 16126135984918164284*2^64 + 9138633210626762717*2^128 + 2487090689*2^192,5382997315167923248 + 14011430064682446188*2^64 + 8196457903590465797*2^128 + 2209983379*2^192,18341417297793240660 + 14466884996814527378*2^64 + 5975764348803563937*2^128 + 797534230*2^192,2613834819904560216 + 5867863632850658255*2^64 + 12473313144512155726*2^128 + 2368102810*2^192,3891479738106032276 + 1134314491423828466*2^64 + 12834935646998593465*2^128 + 4087142857*2^192,15961305761297104360 + 3496255979629874823*2^64 + 902444769429685478*2^128 + 805901095*2^192,16434483718411691812 + 13257203315521409175*2^64 + 5587704145183468919*2^128 + 4208028117*2^192,12471850634311987136 + 227061452231585024*2^64 + 14699710005268436060*2^128 + 2951590701*2^192;\
4006828247394650994 + 1742912116425235502*2^64 + 12082013038736630473*2^128 + 2601778535*2^192,1373483375169641670 + 9356528970434915873*2^64 + 4906322048005766972*2^128 + 1902729181*2^192,6752480569693100903 + 5407669327082549700*2^64 + 79072962902975701*2^128 + 2218757381*2^192,7357516507342962621 + 12873504489823025231*2^64 + 5129868752485987957*2^128 + 3207371096*2^192,3249568966989837594 + 2252770275987260783*2^64 + 4814028104050172483*2^128 + 3884080885*2^192,8971432031166387612 + 15735959317370770400*2^64 + 3537245596208825001*2^128 + 3367675917*2^192,3041517987840657604 + 4220242999369110759*2^64 + 10019348499581102284*2^128 + 3996949397*2^192,2033657279523088328 + 8181913772642514192*2^64 + 10770802390609058538*2^128 + 3122333257*2^192,2041171462798212356 + 6269917348398016021*2^64 + 15379391255454236979*2^128 + 1231243936*2^192,42108247724797064 + 441168690939570370*2^64 + 9321751338861354948*2^128 + 3157909743*2^192,4208277493333394780 + 14070340126798835134*2^64 + 13817947335182045004*2^128 + 133043870*2^192,1151224450671163448 + 10568601768401244437*2^64 + 6172951580576976959*2^128 + 645422993*2^192,696947938153765468 + 3147537706217617696*2^64 + 16804888481123897240*2^128 + 1431781207*2^192,12513020881069855168 + 7834519638813989932*2^64 + 3388537315582390740*2^128 + 829710183*2^192,8035541561449454212 + 609585697899106971*2^64 + 15973868979496085873*2^128 + 3754043408*2^192,2904223601214038664 + 16243951725066658690*2^64 + 14776418497051890288*2^128 + 3882269633*2^192,59848916729641796 + 18000493369086604310*2^64 + 15441529238435260176*2^128 + 378117885*2^192,5756415719006246784 + 11478738215746964054*2^64 + 4637523354686838887*2^128 + 2765754069*2^192;\
11356831110587378704 + 4050453596399900362*2^64 + 9302168726858683124*2^128 + 657513328*2^192,13055729041402755060 + 3246170686004496635*2^64 + 7766357094602180478*2^128 + 788760522*2^192,95099612325724124 + 5021040423595829985*2^64 + 2911117656650009014*2^128 + 1399077305*2^192,6370498328907858376 + 11527634578438632657*2^64 + 4494723295601181730*2^128 + 402203578*2^192,1379470046155012224 + 1258203226508678812*2^64 + 9250181917660443271*2^128 + 536885857*2^192,266900274588666976 + 1994761170096008619*2^64 + 1072030980980901505*2^128 + 1501925809*2^192,16917791570965546912 + 4131444680951440864*2^64 + 7096315173290209966*2^128 + 119445867*2^192,6400385008067891840 + 13808659768263574959*2^64 + 2975150889869214643*2^128 + 1018931599*2^192,12123570623342121296 + 10572325322180867972*2^64 + 1642092271892069362*2^128 + 980397262*2^192,6276024200237680304 + 1596636929001741603*2^64 + 13272816320013189902*2^128 + 2052599451*2^192,16734973927741687248 + 16731540575400757436*2^64 + 12317078068178585227*2^128 + 576232795*2^192,8802701039302530880 + 4666925954553473158*2^64 + 1054627163641220300*2^128 + 1811606872*2^192,17046422558838783552 + 136584008458803144*2^64 + 8973926406003186578*2^128 + 1248803909*2^192,11865451784229685456 + 10250579237499494843*2^64 + 8874419985173876528*2^128 + 1876756961*2^192,4525467327097804272 + 11511042522832993235*2^64 + 8926868805872811132*2^128 + 122940523*2^192,557708694994356496 + 10661783786521453540*2^64 + 18235400450701024207*2^128 + 1517554737*2^192,76957974111632464 + 9221605016506217765*2^64 + 4625657015050029923*2^128 + 1683382031*2^192,16585962875997114800 + 15027388327951752131*2^64 + 6636431238500368870*2^128 + 1732215168*2^192;\
9196562940724683960 + 7919781483901015849*2^64 + 6119435321819795296*2^128 + 1096730124*2^192,7313849219027478496 + 1758176851341418046*2^64 + 10936648274912507536*2^128 + 1842756053*2^192,17480722390930016644 + 10711532518349324561*2^64 + 17324168321004943209*2^128 + 289554777*2^192,9608582611608664132 + 8094334100059679975*2^64 + 9788090043865012394*2^128 + 105883839*2^192,5238773051663113040 + 6783112449490050699*2^64 + 10437405258748464298*2^128 + 173276940*2^192,14944180868451151840 + 8634859639501471632*2^64 + 7792462937672704296*2^128 + 1452774805*2^192,11554637922797328912 + 13102201828641049926*2^64 + 9250453768377619672*2^128 + 1734548882*2^192,8339555332305904384 + 3183892330274848096*2^64 + 8113081952846310445*2^128 + 1246794427*2^192,13108303234427525488 + 8934863618245960019*2^64 + 14737286404405265301*2^128 + 888387254*2^192,12177417356862439904 + 2116274556707789438*2^64 + 1599603939801549500*2^128 + 218830568*2^192,1825035035443429808 + 7300706593745157124*2^64 + 3492511995750604184*2^128 + 1119415440*2^192,12127960918355755520 + 8026155632033780552*2^64 + 16724983157256669830*2^128 + 694250013*2^192,10464203973569330640 + 6322849940291279795*2^64 + 11732726273861357834*2^128 + 906217038*2^192,10149020223080034240 + 13036873680034191720*2^64 + 13076659763117418440*2^128 + 277044252*2^192,6108181095101609024 + 6691526511593466918*2^64 + 14327025984872973897*2^128 + 194705925*2^192,495216531791232032 + 13006537558943962237*2^64 + 9946835841554207920*2^128 + 1041603515*2^192,14461163361887096496 + 608244424436405451*2^64 + 5790956574032813971*2^128 + 1136960947*2^192,1647180146628499424 + 7139091897222427462*2^64 + 13081682144611771155*2^128 + 930614805*2^192;\
14545304659513704936 + 15032677525583556755*2^64 + 12821685089246683228*2^128 + 3057011023*2^192,7096377265166477664 + 9679332041168197047*2^64 + 280649554780542025*2^128 + 2982543*2^192,16592416064191519788 + 9111865047627098368*2^64 + 6985127019750437148*2^128 + 3065670851*2^192,13996096551450831404 + 6706956188139856529*2^64 + 4646513791738684423*2^128 + 4281351027*2^192,18030731736481312516 + 14161150189813596649*2^64 + 7960973337949984959*2^128 + 2102878243*2^192,3403400899566186440 + 13774152330917215264*2^64 + 5936981395056364785*2^128 + 1472801468*2^192,2469287422590441136 + 7628200750083466585*2^64 + 11148661887786120023*2^128 + 2563801405*2^192,13428202473425744112 + 2715234588518193883*2^64 + 13737791521607468975*2^128 + 2871877531*2^192,2792376867736684544 + 8194687837655716928*2^64 + 7910329300957038359*2^128 + 845107137*2^192,1707255887580001552 + 8368468847561337925*2^64 + 3349407855813062702*2^128 + 4093326633*2^192,18211336892765679808 + 103526661890572268*2^64 + 4423333845621615593*2^128 + 1446288882*2^192,7082445239453927840 + 17697851788033572103*2^64 + 13312894817936188070*2^128 + 4264543341*2^192,4992910961787973920 + 13223452544531688993*2^64 + 5791819247393092849*2^128 + 130735852*2^192,10046735433567174208 + 1709373308613612013*2^64 + 5530873335989955773*2^128 + 3056103963*2^192,11740998373584809280 + 7612238830222537006*2^64 + 12340607280807277191*2^128 + 3925612867*2^192,4823212708241767088 + 14924331900682859704*2^64 + 9736109167586727492*2^128 + 87390423*2^192,12601229486157846096 + 10700306104673439126*2^64 + 8492825611882339801*2^128 + 406435479*2^192,14406423508418194176 + 9854898168913634965*2^64 + 12172273147641447614*2^128 + 2069006040*2^192;\
12280081601665236234 + 2967876122634115855*2^64 + 2175845355130525072*2^128 + 1237947406*2^192,2693144100817809340 + 1774812538390202276*2^64 + 4962941123688825486*2^128 + 1048209580*2^192,12067961596263854625 + 16271835085441925263*2^64 + 15904983114604212905*2^128 + 4143982123*2^192,916474199408208173 + 15174718122443002472*2^64 + 11205960319948193268*2^128 + 3718747860*2^192,14908976067702167352 + 14935712017151954247*2^64 + 10244424176924893354*2^128 + 505329058*2^192,6291249553251723312 + 15499059530284334734*2^64 + 9778835420331556517*2^128 + 2197096780*2^192,12668959153652128428 + 2243922853643532217*2^64 + 18355154801929382496*2^128 + 173897393*2^192,18387425467066233968 + 4714385809317254844*2^64 + 17293956041706271699*2^128 + 2582877493*2^192,2013173138267234140 + 8969429707650173348*2^64 + 16327557668186922043*2^128 + 4291418300*2^192,6071580870637525928 + 13625046137420501856*2^64 + 17354265144209897345*2^128 + 944330250*2^192,9081111141653773356 + 3442586942422615008*2^64 + 12148989868399188570*2^128 + 1687264164*2^192,8296478239954649424 + 15058321940900091006*2^64 + 9301149139528651755*2^128 + 3355666589*2^192,12878043389587569924 + 5389324304709299349*2^64 + 13739737806389463241*2^128 + 660576516*2^192,1536902340547356984 + 1633022705099254115*2^64 + 15130961996150102681*2^128 + 2369980371*2^192,4057708450426645876 + 12291066447079544394*2^64 + 15043245194841794149*2^128 + 2427910301*2^192,10660602934964185424 + 3430390503370534582*2^64 + 8146086912473549658*2^128 + 3334900608*2^192,16187202581129167292 + 5580782897651301185*2^64 + 1326076100807642058*2^128 + 4032798008*2^192,6444091731518248008 + 1206266801112172101*2^64 + 5093702160855099700*2^128 + 2199264550*2^192;\
16921445471320998484 + 14616671590003207176*2^64 + 698889689949135169*2^128 + 3131017781*2^192,11884968033688145376 + 2485330333064141381*2^64 + 1766985531343276307*2^128 + 2599720373*2^192,5625698757986688186 + 14244916053504984461*2^64 + 16483429230659981306*2^128 + 108713138*2^192,5741712193952013138 + 869856723549748182*2^64 + 18162941713622858103*2^128 + 356278303*2^192,6806663084733688160 + 7172199513646742439*2^64 + 12354239231518527553*2^128 + 30409528*2^192,11745955709613558096 + 6103987279266214231*2^64 + 3289408661669197456*2^128 + 3478870945*2^192,7135516130542820600 + 13785025667004153158*2^64 + 16103833072978225828*2^128 + 251773731*2^192,9057755895780610752 + 5493160844128750037*2^64 + 16957812244336742928*2^128 + 2517347300*2^192,7666022143867120120 + 17574914156238623753*2^64 + 9687726308134683455*2^128 + 3085599504*2^192,3933245306074032944 + 9825988527050726452*2^64 + 6190416162858958186*2^128 + 1631647604*2^192,7388800207183800200 + 320452824922346359*2^64 + 6395826661234271489*2^128 + 3303891132*2^192,17276134294069915552 + 13601949120473465163*2^64 + 1421060091942728279*2^128 + 3613867487*2^192,11651659399921605608 + 5225112904328762594*2^64 + 12999115872147382511*2^128 + 1561732998*2^192,13960311129092665792 + 5175037142312818784*2^64 + 1363022269645605962*2^128 + 1230474815*2^192,12591624454915832456 + 4159772489154892430*2^64 + 3853581322972035947*2^128 + 690382919*2^192,10975103077421317168 + 17074372949714799491*2^64 + 13005076713396821754*2^128 + 1024962078*2^192,4189740783422569064 + 3677265141567714604*2^64 + 1697156478341698814*2^128 + 463889853*2^192,12973888547889204336 + 5972600517847493773*2^64 + 14742256837641190172*2^128 + 1426144151*2^192]
/* 
This matrix times 2^(-2) should be the matrix of frobenius.
*/ 
B = 2^(-2) * A; 
/* Freed 5135 lists. */
The sign is: -1
The characteristic polynomial is: x^18 - x^16 - 3*x^15 + 4*x^14 + 11*x^13 + 4*x^12 - 116*x^11 - 56*x^10 + 224*x^8 + 1856*x^7 - 256*x^6 - 2816*x^5 - 4096*x^4 + 12288*x^3 + 16384*x^2 - 262144
Its Newton polygon is: [2, 2, 2, 2, 2, 1, 1, 1, 1, 1, 1, 1, 1, 0, 0, 0, 0, 0]
Its factorization is: [x - 2, 1; x + 2, 1; x^16 + 3*x^14 - 3*x^13 + 16*x^12 - x^11 + 68*x^10 - 120*x^9 + 216*x^8 - 480*x^7 + 1088*x^6 - 64*x^5 + 4096*x^4 - 3072*x^3 + 12288*x^2 + 65536, 1]
The valuation of f-g is: 27
The valuation of subst(g,x,A) is: 26
