/* Comments begin... 
No set up needed.

Please input coefficients below.
Coefficient of   x^19                     = Coefficient of   x^6 * y^4 * z^1 * w^2   = Coefficient of   x^5 * y^1 * z^3 * w^2   = Coefficient of   x^3 * y^9 * z^1 * w^1   = Coefficient of   x^2 * y^6 * z^3 * w^1   = Coefficient of   x^1 * y^3 * z^5 * w^1   = Coefficient of   y^14 * z^1               = Coefficient of   y^1 * w^6               = Coefficient of   z^7 * w^1               = 
Here is the polynomial we're using this time:

1 + 0*2^64 + 0*2^128 + 0*2^192*x^19 + 1 + 0*2^64 + 0*2^128 + 0*2^192*x^6*y^4*z^1*w^2 + 1 + 0*2^64 + 0*2^128 + 0*2^192*x^5*y^1*z^3*w^2 + 1 + 0*2^64 + 0*2^128 + 0*2^192*x^2*y^6*z^3*w^1 + 1 + 0*2^64 + 0*2^128 + 0*2^192*y^14*z^1 + 1 + 0*2^64 + 0*2^128 + 0*2^192*y^1*w^6 + 1 + 0*2^64 + 0*2^128 + 0*2^192*z^7*w^1


Allocate G_len 20 elements and old = 0.
Allocate M_len = 400 elements.
Allocate G_len 40 elements and old = 20.
Allocate M_len = 800 elements.
Allocate G_len 80 elements and old = 40.
Allocate M_len = 1600 elements.
Allocate M_len = 3200 elements.
Allocate G_len 160 elements and old = 80.
Allocate M_len = 6400 elements.
Allocate M_len = 12800 elements.
Allocate G_len 320 elements and old = 160.
Allocate M_len = 25600 elements.
Allocate M_len = 51200 elements.
Allocate G_len 640 elements and old = 320.
Allocate M_len = 102400 elements.
Allocate M_len = 204800 elements.
Allocate G_len 1280 elements and old = 640.
Allocate M_len = 409600 elements.
Allocate M_len = 819200 elements.
Allocate G_len 2560 elements and old = 1280.
The final length of G is 936
[6, 4, 0, 2, 0]  	518	5 
[18, 0, 0, 0, 0]  	558	4  <--- 1
[5, 1, 3, 2, 0]  	589	4 
[2, 6, 3, 1, 0]  	589	4 
[5, 0, 5, 2, 0]  	694	7 
[3, 4, 0, 7, 0]  	885	7 
[17, 1, 2, 2, 0]  	890	7 
[15, 6, 3, 0, 0]  	900	8 
[15, 6, 2, 1, 0]  	921	8 
[17, 0, 3, 2, 0]  	924	10 
[12, 14, 1, 0, 0]  	961	6 
[16, 0, 4, 2, 0]  	964	14 
[3, 9, 0, 6, 0]  	978	7 
[13, 1, 0, 6, 0]  	992	7 
[2, 4, 2, 7, 0]  	996	8 
[5, 4, 2, 6, 0]  	997	10 
[14, 9, 2, 1, 0]  	1001	11 
[3, 6, 2, 6, 0]  	1009	9 
[5, 0, 3, 7, 0]  	1012	10 
[13, 14, 0, 1, 0]  	1013	13 
[16, 14, 0, 0, 0]  	1014	9 
[3, 3, 9, 2, 0]  	1027	8 
[13, 0, 0, 7, 0]  	1047	14 
[8, 16, 3, 0, 0]  	1053	17 
[4, 12, 7, 0, 0]  	1065	10 
[4, 1, 5, 6, 0]  	1068	10 
[4, 16, 5, 0, 0]  	1071	12 
[4, 3, 4, 6, 0]  	1071	11 
[11, 14, 3, 0, 0]  	1072	13 
[3, 4, 4, 6, 0]  	1077	10 
[9, 3, 2, 6, 0]  	1084	15 
[8, 13, 5, 0, 0]  	1084	14 
[8, 0, 4, 6, 0]  	1084	14 
[16, 0, 7, 1, 0]  	1085	8 
[4, 0, 11, 2, 0]  	1089	8 
[7, 14, 5, 0, 0]  	1090	13 
[6, 11, 7, 0, 0]  	1090	13 
[12, 17, 0, 1, 0]  	1093	17 
[2, 3, 4, 7, 0]  	1101	8 
[4, 0, 6, 6, 0]  	1102	10 
[12, 1, 2, 6, 0]  	1103	13 
[16, 3, 7, 0, 0]  	1104	11 
[9, 3, 1, 7, 0]  	1105	15 
[2, 4, 5, 6, 0]  	1117	8 
[6, 8, 9, 0, 0]  	1121	13 
[14, 9, 5, 0, 0]  	1122	12 
[7, 13, 6, 0, 0]  	1124	13 
[14, 13, 3, 0, 0]  	1128	12 
[3, 2, 11, 2, 0]  	1132	8 
[4, 10, 9, 0, 0]  	1133	11 
[12, 0, 3, 6, 0]  	1137	13 
[11, 12, 5, 0, 0]  	1140	13 
[1, 16, 6, 1, 0]  	1141	7 
[7, 25, 0, 0, 0]  	1142	13 
[3, 13, 8, 0, 0]  	1142	10 
[12, 1, 0, 8, 0]  	1145	13 
[8, 3, 2, 7, 0]  	1145	13 
[4, 4, 11, 1, 0]  	1145	12 
[3, 15, 7, 0, 0]  	1145	11 
[9, 10, 7, 0, 0]  	1146	14 
[14, 6, 7, 0, 0]  	1153	11 
[7, 10, 8, 0, 0]  	1155	12 
[5, 6, 11, 0, 0]  	1158	13 
[15, 0, 2, 6, 0]  	1159	11 
[7, 2, 11, 1, 0]  	1164	13 
[4, 7, 11, 0, 0]  	1164	12 
[13, 11, 5, 0, 0]  	1165	14 
[12, 8, 7, 0, 0]  	1165	13 
[17, 0, 9, 0, 0]  	1166	11 
[11, 9, 7, 0, 0]  	1171	13 
[11, 11, 6, 0, 0]  	1174	13 
[7, 24, 1, 0, 0]  	1176	13 
[6, 21, 3, 0, 0]  	1176	12 
[1, 4, 5, 7, 0]  	1178	8 
[10, 12, 6, 0, 0]  	1180	12 
[5, 22, 3, 0, 0]  	1182	11 
[3, 3, 6, 6, 0]  	1182	9 
[3, 2, 13, 1, 0]  	1182	10 
[11, 1, 1, 8, 0]  	1185	13 
[12, 22, 0, 0, 0]  	1186	15 
[1, 16, 8, 0, 0]  	1191	8 
[11, 2, 11, 0, 0]  	1196	13 
[13, 10, 6, 0, 0]  	1199	12 
[3, 0, 13, 2, 0]  	1200	8 
[11, 6, 9, 0, 0]  	1202	13 
[11, 8, 8, 0, 0]  	1205	13 
[16, 0, 10, 0, 0]  	1206	10 
[10, 7, 9, 0, 0]  	1208	12 
[9, 4, 11, 0, 0]  	1208	13 
[10, 9, 8, 0, 0]  	1211	11 
[4, 17, 0, 5, 0]  	1213	8 
[3, 0, 8, 6, 0]  	1213	8 
[2, 10, 11, 0, 0]  	1213	8 
[8, 5, 11, 0, 0]  	1214	12 
[14, 0, 11, 0, 0]  	1215	10 
[5, 21, 4, 0, 0]  	1216	12 
[3, 2, 7, 6, 0]  	1216	10 
[3, 18, 0, 5, 0]  	1219	10 
[2, 14, 9, 0, 0]  	1219	9 
[4, 16, 2, 4, 0]  	1226	11 
[7, 3, 1, 9, 0]  	1227	11 
[11, 24, 0, 0, 0]  	1229	14 
[13, 7, 8, 0, 0]  	1230	11 
[3, 0, 7, 7, 0]  	1234	8 
[3, 5, 7, 5, 0]  	1235	10 
[10, 2, 12, 0, 0]  	1236	10 
[5, 13, 2, 5, 0]  	1238	12 
[3, 6, 13, 0, 0]  	1238	10 
[10, 6, 10, 0, 0]  	1242	10 
[2, 7, 13, 0, 0]  	1244	8 
[8, 2, 13, 0, 0]  	1245	9 
[4, 16, 1, 5, 0]  	1247	13 
[3, 15, 2, 5, 0]  	1250	9 
[7, 3, 13, 0, 0]  	1251	12 
[2, 13, 10, 0, 0]  	1253	8 
[2, 3, 1, 11, 0]  	1256	9 
[6, 4, 13, 0, 0]  	1257	10 
[5, 3, 1, 10, 0]  	1257	11 
[9, 24, 0, 1, 0]  	1259	12 
[8, 0, 0, 11, 0]  	1260	11 
[4, 3, 8, 5, 0]  	1263	9 
[5, 25, 0, 2, 0]  	1264	10 
[7, 1, 0, 11, 0]  	1266	11 
[10, 1, 0, 10, 0]  	1267	11 
[6, 3, 2, 9, 0]  	1267	8 
[3, 26, 3, 0, 0]  	1268	7 
[2, 23, 5, 0, 0]  	1268	7 
[1, 20, 7, 0, 0]  	1268	7 
[1, 7, 6, 6, 0]  	1268	7 
[6, 0, 1, 11, 0]  	1269	10 
[4, 21, 0, 4, 0]  	1269	10 
[3, 18, 2, 4, 0]  	1269	10 
[3, 4, 8, 5, 0]  	1269	10 
[3, 5, 14, 0, 0]  	1272	9 
[2, 27, 3, 0, 0]  	1274	7 
[2, 14, 2, 6, 0]  	1274	8 
[2, 6, 1, 10, 0]  	1275	8 
[2, 4, 15, 0, 0]  	1275	8 
[4, 2, 10, 4, 0]  	1276	10 
[3, 9, 12, 0, 0]  	1278	10 
[8, 3, 0, 10, 0]  	1279	11 
[7, 2, 1, 10, 0]  	1282	10 
[2, 28, 0, 2, 0]  	1282	8 
[1, 4, 0, 12, 0]  	1283	8 
[1, 9, 0, 10, 0]  	1284	7 
[4, 24, 0, 3, 0]  	1288	10 
[2, 4, 10, 4, 0]  	1288	9 
[2, 1, 9, 6, 0]  	1290	8 
[2, 3, 8, 6, 0]  	1293	8 
[2, 2, 15, 1, 0]  	1293	8 
[4, 0, 10, 5, 0]  	1294	9 
[3, 25, 0, 3, 0]  	1294	10 
[2, 27, 2, 1, 0]  	1295	9 
[2, 14, 1, 7, 0]  	1295	9 
[6, 30, 0, 0, 0]  	1296	13 
[5, 4, 14, 0, 0]  	1297	9 
[4, 3, 2, 10, 0]  	1297	9 
[4, 2, 9, 5, 0]  	1297	8 
[5, 24, 1, 2, 0]  	1298	10 
[1, 5, 1, 11, 0]  	1299	7 
[1, 4, 8, 6, 0]  	1299	7 
[3, 1, 10, 5, 0]  	1300	8 
[2, 3, 3, 10, 0]  	1306	7 
[2, 1, 17, 0, 0]  	1306	7 
[9, 1, 1, 10, 0]  	1307	8 
[4, 27, 0, 2, 0]  	1307	8 
[4, 0, 5, 9, 0]  	1307	8 
[3, 3, 0, 12, 0]  	1308	10 
[6, 3, 0, 11, 0]  	1309	11 
[3, 21, 1, 4, 0]  	1309	10 
[2, 0, 15, 2, 0]  	1311	7 
[5, 0, 15, 1, 0]  	1312	9 
[1, 4, 3, 10, 0]  	1312	7 
[2, 27, 1, 2, 0]  	1316	7 
[2, 14, 0, 8, 0]  	1316	8 
[1, 15, 9, 1, 0]  	1317	7 
[4, 1, 15, 1, 0]  	1318	8 
[1, 8, 1, 10, 0]  	1318	7 
[7, 1, 15, 0, 0]  	1319	9 
[3, 0, 16, 1, 0]  	1321	7 
[2, 0, 10, 6, 0]  	1324	7 
[6, 27, 2, 0, 0]  	1327	10 
[3, 24, 1, 3, 0]  	1328	8 
[1, 5, 4, 9, 0]  	1328	7 
[3, 2, 6, 8, 0]  	1329	7 
[1, 23, 5, 1, 0]  	1329	7 
[1, 10, 4, 7, 0]  	1329	7 
[6, 29, 1, 0, 0]  	1330	8 
[2, 18, 2, 5, 0]  	1330	7 
[1, 15, 4, 5, 0]  	1330	7 
[1, 14, 11, 0, 0]  	1330	7 
[4, 0, 17, 0, 0]  	1331	9 
[3, 0, 11, 5, 0]  	1334	8 
[1, 27, 3, 1, 0]  	1335	6 
[1, 14, 2, 7, 0]  	1335	6 
[1, 13, 9, 2, 0]  	1335	6 
[1, 19, 2, 5, 0]  	1336	6 
[1, 4, 15, 1, 0]  	1336	6 
[2, 27, 0, 3, 0]  	1337	7 
[4, 24, 2, 2, 0]  	1338	8 
[2, 4, 12, 3, 0]  	1338	7 
[1, 15, 8, 2, 0]  	1338	7 
[1, 3, 0, 13, 0]  	1338	7 
[1, 8, 0, 11, 0]  	1339	7 
[1, 28, 0, 3, 0]  	1343	6 
[9, 0, 15, 0, 0]  	1344	8 
[1, 5, 12, 3, 0]  	1344	7 
[2, 0, 9, 7, 0]  	1345	7 
[1, 24, 6, 0, 0]  	1345	7 
[1, 11, 5, 6, 0]  	1345	7 
[1, 3, 4, 10, 0]  	1346	6 
[1, 2, 11, 5, 0]  	1346	6 
[1, 26, 5, 0, 0]  	1348	7 
[1, 13, 4, 6, 0]  	1348	7 
[2, 21, 2, 4, 0]  	1349	7 
[1, 18, 4, 4, 0]  	1349	6 
[1, 3, 17, 0, 0]  	1349	6 
[3, 2, 5, 9, 0]  	1350	9 
[3, 1, 12, 4, 0]  	1350	7 
[2, 26, 2, 2, 0]  	1350	9 
[2, 13, 1, 8, 0]  	1350	9 
[6, 29, 0, 1, 0]  	1351	12 
[2, 25, 0, 4, 0]  	1355	7 
[1, 22, 2, 4, 0]  	1355	7 
[1, 14, 1, 8, 0]  	1356	6 
[1, 13, 8, 3, 0]  	1356	6 
[1, 29, 1, 2, 0]  	1359	7 
[1, 16, 0, 8, 0]  	1359	6 
[1, 15, 7, 3, 0]  	1359	7 
[1, 34, 1, 0, 0]  	1360	7 
[1, 21, 0, 6, 0]  	1360	7 
[1, 6, 13, 2, 0]  	1360	7 
[2, 0, 17, 1, 0]  	1361	6 
[1, 26, 0, 4, 0]  	1361	7 
[1, 31, 0, 2, 0]  	1362	7 
[1, 13, 12, 0, 0]  	1364	7 
[1, 19, 5, 3, 0]  	1365	6 
[1, 5, 11, 4, 0]  	1365	6 
[2, 0, 8, 8, 0]  	1366	6 
[1, 10, 11, 2, 0]  	1366	6 
[1, 3, 3, 11, 0]  	1367	6 
[2, 24, 2, 3, 0]  	1368	6 
[2, 11, 1, 9, 0]  	1368	7 
[1, 8, 3, 9, 0]  	1368	6 
[2, 1, 14, 3, 0]  	1369	7 
[1, 26, 4, 1, 0]  	1369	7 
[1, 13, 3, 7, 0]  	1369	7 
[3, 0, 18, 0, 0]  	1371	8 
[2, 0, 12, 5, 0]  	1374	5 
[1, 25, 2, 3, 0]  	1374	5 
[1, 12, 1, 9, 0]  	1374	5 
[1, 3, 7, 8, 0]  	1375	7 
[1, 27, 1, 3, 0]  	1377	5 
[1, 14, 0, 9, 0]  	1377	5 
[1, 13, 7, 4, 0]  	1377	5 
[1, 4, 13, 3, 0]  	1378	6 
[0, 29, 3, 1, 0]  	1378	6 
[1, 15, 6, 4, 0]  	1380	5 
[1, 2, 5, 10, 0]  	1380	5 
[1, 1, 12, 5, 0]  	1380	5 
[1, 0, 19, 0, 0]  	1380	5 
[1, 34, 0, 1, 0]  	1381	7 
[6, 0, 0, 13, 0]  	1382	9 
[1, 2, 18, 0, 0]  	1383	6 
[1, 13, 11, 1, 0]  	1385	7 
[0, 30, 0, 3, 0]  	1386	5 
[2, 1, 0, 14, 0]  	1387	7 
[2, 0, 7, 9, 0]  	1387	8 
[2, 24, 1, 4, 0]  	1389	7 
[1, 21, 3, 4, 0]  	1389	6 
[2, 1, 13, 4, 0]  	1390	6 
[1, 26, 3, 2, 0]  	1390	5 
[1, 13, 2, 8, 0]  	1390	6 
[1, 8, 15, 0, 0]  	1392	5 
[1, 11, 7, 5, 0]  	1395	6 
[1, 3, 6, 9, 0]  	1396	5 
[1, 2, 13, 4, 0]  	1396	5 
[0, 27, 3, 2, 0]  	1396	5 
[1, 4, 12, 4, 0]  	1399	5 
[0, 29, 2, 2, 0]  	1399	5 
[0, 16, 1, 8, 0]  	1399	5 
[1, 9, 12, 2, 0]  	1400	7 
[1, 1, 11, 6, 0]  	1401	6 
[1, 3, 10, 6, 0]  	1404	5 
[1, 2, 17, 1, 0]  	1404	5 
[0, 28, 0, 4, 0]  	1404	5 
[1, 22, 4, 3, 0]  	1405	6 
[1, 24, 3, 3, 0]  	1408	4 
[1, 11, 2, 9, 0]  	1408	4 
[1, 10, 9, 4, 0]  	1408	4 
[2, 19, 0, 7, 0]  	1409	6 
[1, 1, 15, 3, 0]  	1409	5 
[2, 24, 0, 5, 0]  	1410	5 
[0, 18, 4, 5, 0]  	1410	5 
[1, 12, 8, 4, 0]  	1411	4 
[1, 0, 0, 15, 0]  	1411	4 
[4, 0, 0, 14, 0]  	1412	6 
[0, 28, 4, 1, 0]  	1412	6 
[0, 27, 2, 3, 0]  	1417	5 
[1, 12, 12, 1, 0]  	1419	7 
[0, 29, 1, 3, 0]  	1420	5 
[2, 0, 1, 14, 0]  	1421	5 
[1, 9, 11, 3, 0]  	1421	6 
[2, 0, 14, 4, 0]  	1424	6 
[1, 8, 9, 5, 0]  	1426	5 
[1, 7, 16, 0, 0]  	1426	5 
[1, 1, 1, 14, 0]  	1427	4 
[0, 29, 5, 0, 0]  	1428	6 
[1, 11, 14, 0, 0]  	1432	5 
[0, 15, 2, 8, 0]  	1433	5 
[1, 14, 6, 5, 0]  	1435	5 
[1, 0, 12, 6, 0]  	1435	4 
[0, 35, 2, 0, 0]  	1437	6 
[1, 1, 18, 1, 0]  	1438	5 
[0, 27, 1, 4, 0]  	1438	5 
[0, 32, 1, 2, 0]  	1439	5 
[0, 37, 1, 0, 0]  	1440	5 
[0, 15, 6, 5, 0]  	1441	5 
[1, 9, 10, 4, 0]  	1442	4 
[0, 34, 0, 2, 0]  	1442	4 
[0, 27, 5, 1, 0]  	1446	5 
[1, 0, 7, 10, 0]  	1448	3 
[1, 19, 1, 7, 0]  	1449	5 
[0, 16, 3, 7, 0]  	1449	5 
[5, 35, 0, 0, 0]  	1450	8 
[0, 18, 2, 7, 0]  	1452	5 
[1, 11, 13, 1, 0]  	1453	5 
[0, 23, 2, 5, 0]  	1453	5 
[0, 15, 1, 9, 0]  	1454	4 
[0, 17, 0, 9, 0]  	1457	5 
[0, 22, 0, 7, 0]  	1458	4 
[1, 1, 17, 2, 0]  	1459	5 
[0, 27, 0, 5, 0]  	1459	5 
[1, 12, 10, 3, 0]  	1461	5 
[1, 0, 2, 14, 0]  	1461	5 
[0, 20, 5, 4, 0]  	1463	4 
[1, 0, 15, 4, 0]  	1464	4 
[0, 22, 4, 4, 0]  	1466	3 
[0, 9, 3, 10, 0]  	1466	3 
[0, 14, 3, 8, 0]  	1467	4 
[0, 15, 9, 3, 0]  	1470	3 
[0, 3, 1, 14, 0]  	1470	3 
[0, 34, 3, 0, 0]  	1471	5 
[0, 21, 2, 6, 0]  	1471	5 
[0, 26, 2, 4, 0]  	1472	3 
[0, 15, 0, 10, 0]  	1475	5 
[1, 0, 10, 8, 0]  	1477	5 
[0, 21, 6, 3, 0]  	1479	3 
[1, 2, 9, 8, 0]  	1480	6 
[0, 23, 5, 3, 0]  	1482	3 
[0, 15, 4, 7, 0]  	1483	4 
[0, 19, 11, 0, 0]  	1484	4 
[1, 0, 14, 5, 0]  	1485	3 
[0, 18, 9, 2, 0]  	1489	4 
[0, 15, 8, 4, 0]  	1491	3 
[0, 2, 7, 10, 0]  	1491	3 
[0, 34, 2, 1, 0]  	1492	4 
[0, 21, 1, 7, 0]  	1492	4 
[5, 0, 2, 13, 0]  	1493	8 
[1, 0, 18, 2, 0]  	1493	6 
[0, 27, 7, 0, 0]  	1496	5 
[1, 0, 9, 9, 0]  	1498	4 
[0, 24, 6, 2, 0]  	1498	3 
[0, 8, 4, 10, 0]  	1500	3 
[1, 2, 8, 9, 0]  	1501	3 
[0, 26, 5, 2, 0]  	1501	3 
[0, 13, 4, 8, 0]  	1501	3 
[0, 2, 2, 14, 0]  	1504	3 
[0, 6, 0, 14, 0]  	1510	3 
[0, 24, 1, 6, 0]  	1511	5 
[0, 21, 0, 8, 0]  	1513	3 
[1, 0, 17, 3, 0]  	1514	4 
[0, 26, 0, 6, 0]  	1514	4 
[0, 11, 4, 9, 0]  	1519	2 
[0, 15, 11, 2, 0]  	1520	3 
[0, 8, 3, 11, 0]  	1521	3 
[0, 13, 3, 9, 0]  	1522	3 
[0, 17, 10, 2, 0]  	1523	4 
[0, 2, 1, 15, 0]  	1525	3 
[0, 4, 0, 15, 0]  	1528	3 
[0, 21, 8, 2, 0]  	1529	3 
[0, 26, 8, 0, 0]  	1530	5 
[0, 23, 7, 2, 0]  	1532	2 
[0, 10, 6, 8, 0]  	1532	2 
[0, 7, 5, 10, 0]  	1534	2 
[0, 1, 3, 14, 0]  	1538	2 
[0, 22, 9, 1, 0]  	1545	4 
[0, 2, 0, 16, 0]  	1546	3 
[0, 8, 6, 9, 0]  	1550	2 
[0, 26, 7, 1, 0]  	1551	3 
[0, 42, 0, 0, 0]  	1554	4  <--- 2
[0, 13, 10, 4, 0]  	1559	1 
[0, 1, 2, 15, 0]  	1559	1 
[0, 0, 9, 10, 0]  	1559	1 
[0, 8, 1, 13, 0]  	1563	2 
[0, 7, 8, 8, 0]  	1563	2 
[0, 25, 9, 0, 0]  	1564	3 
[0, 40, 0, 1, 0]  	1572	3 
[0, 1, 10, 9, 0]  	1575	2 
[0, 5, 8, 9, 0]  	1581	2 
[0, 14, 15, 0, 0]  	1583	2 
[0, 10, 12, 4, 0]  	1590	1 
[0, 12, 11, 4, 0]  	1593	1 
[0, 0, 3, 15, 0]  	1593	1 
[0, 5, 3, 13, 0]  	1594	2 
[0, 4, 10, 8, 0]  	1594	2 
[0, 0, 16, 5, 0]  	1596	1 
[0, 11, 0, 13, 0]  	1603	2 
[4, 40, 0, 0, 0]  	1604	6 
[0, 1, 17, 4, 0]  	1612	1 
[0, 12, 10, 5, 0]  	1614	1 
[0, 11, 17, 0, 0]  	1614	1 
[0, 0, 2, 16, 0]  	1614	1 
[0, 7, 14, 4, 0]  	1621	1 
[0, 14, 0, 12, 0]  	1622	3 
[0, 9, 13, 4, 0]  	1624	1 
[0, 14, 13, 2, 0]  	1625	2 
[0, 2, 5, 13, 0]  	1625	2 
[0, 1, 12, 8, 0]  	1625	2 
[0, 0, 23, 0, 0]  	1633	1  <--- 3
[0, 12, 13, 3, 0]  	1643	1 
[0, 0, 5, 14, 0]  	1643	1 
[0, 9, 12, 5, 0]  	1645	1 
[0, 8, 19, 0, 0]  	1645	1 
[0, 4, 16, 4, 0]  	1652	1 
[0, 6, 15, 4, 0]  	1655	1 
[0, 13, 1, 12, 0]  	1656	2 
[0, 9, 15, 3, 0]  	1674	1 
[0, 6, 14, 5, 0]  	1676	1 
[0, 5, 21, 0, 0]  	1676	1 
[0, 0, 12, 9, 0]  	1680	1 
[0, 1, 0, 18, 0]  	1693	2 
[0, 6, 17, 3, 0]  	1705	1 
[0, 0, 19, 4, 0]  	1717	1 
[0, 1, 7, 13, 0]  	1730	2 
[0, 3, 19, 3, 0]  	1736	1 
[0, 0, 0, 19, 0]  	1748	1  <--- 4
[0, 0, 21, 3, 0]  	1767	1 
[6, 4, 1, 1, 1]  	497	5 
[5, 3, 5, 1, 1]  	713	7 
[1, 17, 1, 0, 1]  	731	6 
[3, 14, 1, 1, 1]  	774	6 
[4, 4, 0, 6, 1]  	824	8 
[6, 1, 0, 7, 1]  	867	9 
[17, 1, 3, 1, 1]  	869	7 
[5, 14, 3, 0, 1]  	886	10 
[3, 1, 2, 7, 1]  	916	7 
[14, 3, 4, 1, 1]  	921	11 
[14, 2, 5, 1, 1]  	955	11 
[13, 15, 0, 0, 1]  	958	13 
[2, 5, 9, 1, 1]  	978	7 
[16, 1, 5, 1, 1]  	980	15 
[16, 1, 0, 5, 1]  	993	9 
[4, 14, 5, 0, 1]  	997	10 
[12, 17, 0, 0, 1]  	1001	13 
[15, 13, 1, 0, 1]  	1017	13 
[8, 3, 2, 6, 1]  	1053	16 
[7, 13, 5, 0, 1]  	1053	15 
[15, 0, 7, 1, 1]  	1054	12 
[4, 2, 11, 1, 1]  	1071	11 
[14, 12, 3, 0, 1]  	1091	14 
[7, 24, 0, 0, 1]  	1105	13 
[3, 15, 0, 5, 1]  	1108	11 
[1, 17, 0, 5, 1]  	1120	8 
[8, 0, 11, 1, 1]  	1121	13 
[14, 0, 2, 6, 1]  	1128	14 
[16, 2, 8, 0, 1]  	1138	11 
[11, 2, 9, 1, 1]  	1146	14 
[3, 3, 12, 1, 1]  	1148	10 
[9, 2, 10, 1, 1]  	1155	12 
[3, 0, 6, 7, 1]  	1163	8 
[14, 0, 9, 1, 1]  	1165	13 
[2, 15, 0, 6, 1]  	1169	8 
[12, 0, 10, 1, 1]  	1174	14 
[3, 13, 2, 5, 1]  	1176	10 
[9, 7, 9, 0, 1]  	1177	13 
[3, 2, 0, 11, 1]  	1179	10 
[2, 14, 2, 5, 1]  	1182	9 
[7, 5, 11, 0, 1]  	1183	12 
[6, 27, 0, 0, 1]  	1185	12 
[4, 19, 0, 4, 1]  	1195	13 
[6, 0, 13, 1, 1]  	1201	12 
[3, 9, 11, 0, 1]  	1207	10 
[1, 15, 1, 6, 1]  	1209	8 
[7, 2, 13, 0, 1]  	1214	10 
[4, 3, 1, 10, 1]  	1226	10 
[5, 24, 0, 2, 1]  	1227	9 
[1, 5, 0, 11, 1]  	1228	8 
[3, 1, 0, 12, 1]  	1234	8 
[2, 13, 2, 6, 1]  	1237	9 
[5, 0, 1, 11, 1]  	1238	11 
[3, 21, 0, 4, 1]  	1238	11 
[2, 2, 0, 12, 1]  	1240	8 
[2, 22, 0, 4, 1]  	1244	9 
[3, 0, 2, 11, 1]  	1247	9 
[6, 0, 15, 0, 1]  	1251	10 
[2, 1, 2, 11, 1]  	1253	8 
[5, 1, 15, 0, 1]  	1257	10 
[4, 0, 3, 10, 1]  	1257	10 
[3, 1, 12, 3, 1]  	1258	10 
[12, 1, 12, 0, 1]  	1261	10 
[1, 16, 0, 7, 1]  	1267	8 
[3, 0, 1, 12, 1]  	1268	7 
[10, 1, 13, 0, 1]  	1270	10 
[2, 1, 1, 12, 1]  	1274	8 
[2, 0, 8, 7, 1]  	1274	8 
[2, 5, 8, 5, 1]  	1275	8 
[2, 0, 3, 11, 1]  	1287	8 
[3, 0, 0, 13, 1]  	1289	9 
[2, 1, 0, 13, 1]  	1295	8 
[4, 1, 16, 0, 1]  	1297	9 
[2, 2, 6, 8, 1]  	1298	8 
[4, 3, 15, 0, 1]  	1300	9 
[2, 2, 10, 5, 1]  	1306	7 
[2, 0, 2, 12, 1]  	1308	9 
[2, 2, 5, 9, 1]  	1319	8 
[1, 25, 0, 4, 1]  	1324	7 
[1, 30, 0, 2, 1]  	1325	8 
[1, 3, 5, 9, 1]  	1325	7 
[1, 35, 0, 0, 1]  	1326	8 
[2, 1, 16, 1, 1]  	1327	8 
[2, 0, 1, 13, 1]  	1329	7 
[2, 2, 4, 10, 1]  	1340	7 
[2, 1, 11, 5, 1]  	1340	7 
[1, 14, 6, 4, 1]  	1343	6 
[1, 8, 4, 8, 1]  	1347	7 
[1, 12, 6, 5, 1]  	1361	6 
[1, 14, 5, 5, 1]  	1364	7 
[1, 2, 10, 6, 1]  	1367	6 
[3, 0, 5, 10, 1]  	1368	7 
[2, 13, 0, 9, 1]  	1371	7 
[2, 1, 5, 10, 1]  	1374	5 
[1, 5, 10, 5, 1]  	1386	5 
[1, 11, 3, 8, 1]  	1387	6 
[1, 9, 8, 5, 1]  	1392	5 
[1, 2, 0, 14, 1]  	1393	6 
[1, 12, 13, 0, 1]  	1398	5 
[1, 0, 5, 11, 1]  	1398	5 
[1, 8, 10, 4, 1]  	1405	5 
[1, 1, 2, 13, 1]  	1406	6 
[2, 0, 6, 10, 1]  	1408	4 
[1, 2, 8, 8, 1]  	1409	5 
[0, 32, 2, 1, 1]  	1418	6 
[1, 2, 3, 12, 1]  	1422	6 
[1, 0, 8, 9, 1]  	1427	4 
[0, 21, 4, 4, 1]  	1429	4 
[1, 1, 14, 4, 1]  	1430	4 
[0, 26, 4, 2, 1]  	1430	4 
[0, 25, 2, 4, 1]  	1435	4 
[1, 0, 3, 13, 1]  	1440	5 
[0, 14, 13, 0, 1]  	1441	4 
[0, 24, 4, 3, 1]  	1448	3 
[0, 16, 7, 4, 1]  	1457	4 
[0, 24, 3, 4, 1]  	1469	4 
[0, 13, 1, 10, 1]  	1472	3 
[0, 12, 8, 5, 1]  	1472	3 
[0, 14, 11, 2, 1]  	1483	4 
[0, 14, 2, 9, 1]  	1488	3 
[0, 23, 9, 0, 1]  	1490	4 
[0, 20, 8, 2, 1]  	1492	4 
[0, 19, 6, 4, 1]  	1497	4 
[0, 38, 0, 1, 1]  	1498	3 
[0, 9, 10, 5, 1]  	1503	2 
[0, 14, 10, 3, 1]  	1504	3 
[0, 12, 15, 0, 1]  	1509	3 
[0, 18, 8, 3, 1]  	1510	3 
[0, 20, 7, 3, 1]  	1513	3 
[0, 41, 0, 0, 1]  	1517	5 
[0, 12, 10, 4, 1]  	1522	2 
[0, 9, 0, 13, 1]  	1529	3 
[0, 13, 11, 3, 1]  	1538	2 
[0, 13, 6, 7, 1]  	1551	3 
[0, 11, 1, 12, 1]  	1582	3 
[0, 13, 13, 2, 1]  	1588	3 
[6, 3, 1, 2, 2]  	552	5 
[5, 15, 1, 0, 2]  	781	9 
[5, 2, 2, 6, 2]  	923	10 
[6, 2, 9, 1, 2]  	991	12 
[5, 1, 10, 1, 2]  	994	10 
[13, 1, 7, 1, 2]  	1029	12 
[3, 16, 5, 0, 2]  	1040	10 
[2, 16, 6, 0, 2]  	1080	8 
[7, 0, 11, 1, 2]  	1090	13 
[13, 13, 3, 0, 2]  	1097	13 
[4, 14, 0, 5, 2]  	1102	11 
[12, 0, 9, 1, 2]  	1103	14 
[12, 2, 8, 1, 2]  	1106	13 
[11, 1, 9, 1, 2]  	1109	14 
[12, 11, 5, 0, 2]  	1134	14 
[4, 0, 13, 1, 2]  	1139	10 
[11, 0, 10, 1, 2]  	1143	13 
[4, 1, 0, 11, 2]  	1173	10 
[3, 12, 9, 0, 2]  	1176	10 
[2, 14, 1, 6, 2]  	1203	8 
[4, 0, 1, 11, 2]  	1207	12 
[3, 1, 1, 11, 2]  	1213	8 
[8, 7, 10, 0, 2]  	1217	12 
[6, 3, 13, 0, 2]  	1220	12 
[2, 4, 0, 11, 2]  	1222	9 
[2, 4, 13, 1, 2]  	1225	8 
[5, 4, 13, 0, 2]  	1226	12 
[4, 5, 13, 0, 2]  	1232	11 
[4, 5, 8, 4, 2]  	1245	9 
[8, 4, 12, 0, 2]  	1248	12 
[3, 0, 15, 1, 2]  	1250	8 
[4, 4, 14, 0, 2]  	1266	10 
[2, 8, 0, 10, 2]  	1278	9 
[8, 1, 14, 0, 2]  	1279	10 
[1, 3, 6, 8, 2]  	1304	7 
[2, 4, 9, 5, 2]  	1309	8 
[2, 3, 16, 0, 2]  	1309	8 
[1, 6, 2, 10, 2]  	1315	7 
[2, 1, 12, 4, 2]  	1319	8 
[2, 1, 7, 8, 2]  	1332	8 
[2, 2, 13, 3, 2]  	1335	6 
[1, 3, 13, 3, 2]  	1341	7 
[1, 16, 5, 4, 2]  	1346	6 
[1, 4, 10, 5, 2]  	1349	6 
[2, 0, 0, 14, 2]  	1350	7 
[1, 2, 6, 9, 2]  	1359	6 
[1, 3, 12, 4, 2]  	1362	7 
[1, 2, 1, 13, 2]  	1372	6 
[1, 2, 14, 3, 2]  	1375	6 
[1, 7, 9, 5, 2]  	1389	6 
[1, 12, 9, 3, 2]  	1390	5 
[1, 3, 15, 2, 2]  	1391	7 
[1, 1, 6, 10, 2]  	1414	5 
[0, 14, 1, 9, 2]  	1417	4 
[0, 16, 0, 9, 2]  	1420	5 
[0, 34, 1, 1, 2]  	1421	5 
[1, 1, 10, 7, 2]  	1422	6 
[0, 14, 8, 4, 2]  	1454	4 
[1, 1, 4, 12, 2]  	1456	7 
[0, 18, 6, 4, 2]  	1460	4 
[0, 40, 0, 0, 2]  	1480	5 
[0, 13, 9, 4, 2]  	1488	3 
[0, 3, 0, 15, 2]  	1491	3 
[0, 6, 5, 10, 2]  	1497	3 
[0, 3, 3, 13, 2]  	1520	3 
[0, 5, 6, 10, 2]  	1531	3 
[0, 2, 9, 9, 2]  	1541	2 
[0, 5, 5, 11, 2]  	1552	3 
[0, 10, 5, 9, 2]  	1553	2 
[0, 11, 15, 2, 2]  	1656	2 
[11, 1, 2, 6, 3]  	1072	15 
[2, 2, 12, 2, 3]  	1172	8 
[4, 5, 6, 5, 3]  	1195	12 
[5, 9, 10, 0, 3]  	1198	11 
[2, 4, 11, 3, 3]  	1267	8 
[3, 2, 16, 0, 3]  	1303	8 
[2, 1, 6, 9, 3]  	1353	7 
[1, 8, 8, 5, 3]  	1355	6 
[1, 2, 4, 11, 3]  	1401	6 
[0, 7, 7, 9, 3]  	1584	2 
[12, 2, 0, 6, 4]  	998	11 
[5, 0, 11, 1, 4]  	1028	10 
[3, 3, 5, 6, 4]  	1111	10 
[5, 10, 2, 5, 4]  	1127	13 
[2, 3, 11, 2, 4]  	1138	8 
[1, 29, 0, 2, 4]  	1288	8 
[1, 7, 13, 1, 4]  	1305	6 
[1, 1, 9, 8, 4]  	1443	6 
[0, 37, 0, 1, 4]  	1461	4 
[0, 6, 12, 5, 4]  	1534	2 
[0, 25, 8, 1, 4]  	1585	4 
[2, 0, 5, 10, 5]  	1337	7 
[0, 32, 3, 0, 5]  	1397	6 
[0, 16, 8, 3, 5]  	1436	4 
[0, 19, 0, 8, 5]  	1439	4 
[0, 26, 3, 3, 5]  	1451	4 
[0, 12, 11, 3, 5]  	1501	2 
[0, 2, 14, 5, 5]  	1528	2 
[0, 6, 2, 13, 5]  	1560	3 
[0, 1, 15, 5, 5]  	1562	2 
[0, 1, 14, 6, 5]  	1583	2 
[3, 3, 15, 0, 6]  	1269	9 
[0, 13, 10, 3, 6]  	1467	3 
[2, 1, 13, 3, 7]  	1298	8 
[1, 13, 2, 7, 246]  	1298	6 
[3, 2, 12, 1, 249]  	1111	9 
[2, 2, 3, 10, 250]  	1269	8 
[1, 15, 6, 3, 250]  	1288	7 
[0, 19, 2, 5, 250]  	1305	5 
[1, 11, 1, 9, 250]  	1337	5 
[0, 1, 2, 14, 250]  	1467	2 
[4, 11, 7, 0, 251]  	1028	8 
[4, 6, 11, 0, 251]  	1127	9 
[2, 3, 6, 6, 251]  	1151	8 
[4, 2, 8, 5, 251]  	1226	8 
[3, 3, 8, 5, 251]  	1232	6 
[3, 2, 9, 5, 251]  	1266	7 
[1, 15, 7, 2, 251]  	1267	7 
[1, 14, 9, 1, 251]  	1280	7 
[1, 10, 2, 9, 251]  	1371	5 
[0, 28, 5, 0, 251]  	1391	6 
[0, 4, 0, 14, 251]  	1436	3 
[0, 18, 7, 3, 251]  	1439	3 
[0, 0, 3, 14, 251]  	1501	1 
[0, 1, 21, 0, 251]  	1528	1 
[0, 5, 9, 8, 251]  	1560	2 
[0, 0, 22, 0, 251]  	1562	1 
[0, 0, 21, 1, 251]  	1583	1 
[0, 13, 0, 12, 251]  	1585	3 
[3, 3, 4, 6, 252]  	1040	7 
[2, 3, 5, 6, 252]  	1080	7 
[11, 8, 7, 0, 252]  	1134	10 
[1, 15, 0, 6, 252]  	1138	7 
[1, 4, 6, 6, 252]  	1157	7 
[3, 19, 0, 4, 252]  	1164	11 
[3, 2, 8, 5, 252]  	1195	7 
[2, 6, 13, 0, 252]  	1207	8 
[1, 14, 8, 1, 252]  	1209	7 
[1, 3, 1, 11, 252]  	1225	6 
[1, 13, 9, 1, 252]  	1243	5 
[2, 9, 12, 0, 252]  	1247	7 
[0, 27, 3, 1, 252]  	1304	5 
[1, 13, 1, 8, 252]  	1319	6 
[2, 0, 18, 0, 252]  	1340	6 
[1, 7, 11, 3, 252]  	1347	6 
[2, 0, 13, 4, 252]  	1353	4 
[1, 1, 0, 14, 252]  	1356	5 
[1, 0, 15, 3, 252]  	1372	3 
[0, 15, 3, 7, 252]  	1412	5 
[0, 13, 2, 9, 252]  	1451	3 
[0, 23, 6, 2, 252]  	1461	3 
[0, 4, 19, 0, 252]  	1497	1 
[0, 3, 20, 0, 252]  	1531	1 
[0, 3, 19, 1, 252]  	1552	1 
[0, 6, 14, 4, 252]  	1584	1 
[5, 0, 4, 6, 253]  	991	5 
[2, 4, 4, 6, 253]  	1046	7 
[2, 6, 11, 0, 253]  	1065	8 
[1, 4, 5, 6, 253]  	1086	7 
[3, 14, 7, 0, 253]  	1108	8 
[1, 16, 7, 0, 253]  	1120	5 
[3, 0, 7, 6, 253]  	1142	6 
[2, 14, 8, 0, 253]  	1148	8 
[1, 15, 8, 0, 253]  	1154	7 
[12, 10, 6, 0, 253]  	1168	9 
[1, 13, 8, 1, 253]  	1172	5 
[3, 2, 9, 4, 253]  	1174	5 
[1, 14, 9, 0, 253]  	1188	6 
[1, 4, 0, 11, 253]  	1191	5 
[1, 14, 2, 6, 253]  	1243	6 
[1, 6, 1, 10, 253]  	1244	7 
[2, 27, 0, 2, 253]  	1245	6 
[7, 1, 14, 0, 253]  	1248	9 
[1, 3, 8, 6, 253]  	1262	5 
[4, 2, 15, 0, 253]  	1263	6 
[1, 6, 4, 8, 253]  	1273	4 
[1, 5, 2, 10, 253]  	1278	6 
[1, 14, 0, 8, 253]  	1285	3 
[2, 11, 0, 9, 253]  	1297	6 
[1, 3, 15, 1, 253]  	1299	5 
[2, 1, 4, 10, 253]  	1303	7 
[1, 2, 13, 3, 253]  	1304	5 
[1, 1, 11, 5, 253]  	1309	4 
[1, 5, 9, 5, 253]  	1315	6 
[1, 14, 7, 3, 253]  	1322	5 
[0, 27, 2, 2, 253]  	1325	4 
[1, 9, 2, 9, 253]  	1334	4 
[1, 1, 1, 13, 253]  	1335	5 
[1, 1, 18, 0, 253]  	1346	3 
[1, 9, 10, 3, 253]  	1350	4 
[1, 2, 15, 2, 253]  	1354	6 
[1, 7, 15, 0, 253]  	1355	2 
[1, 0, 1, 14, 253]  	1390	2 
[1, 1, 7, 9, 253]  	1393	5 
[1, 0, 18, 1, 253]  	1401	5 
[0, 0, 0, 18, 253]  	1656	1 
[5, 0, 3, 2, 254]  	552	4 
[3, 9, 5, 0, 254]  	781	6 
[1, 4, 2, 6, 254]  	873	5 
[4, 3, 9, 1, 254]  	966	5 
[3, 2, 9, 2, 254]  	990	5 
[12, 1, 7, 1, 254]  	998	10 
[2, 16, 5, 0, 254]  	1009	6 
[3, 8, 9, 0, 254]  	1028	4 
[1, 16, 6, 0, 254]  	1049	5 
[3, 3, 11, 1, 254]  	1077	6 
[13, 0, 2, 6, 254]  	1097	11 
[1, 4, 0, 10, 254]  	1099	5 
[1, 14, 8, 0, 254]  	1117	6 
[1, 3, 6, 6, 254]  	1120	3 
[1, 2, 13, 1, 254]  	1120	3 
[3, 2, 7, 5, 254]  	1124	5 
[1, 0, 13, 2, 254]  	1138	4 
[10, 6, 9, 0, 254]  	1171	7 
[1, 14, 1, 6, 254]  	1172	7 
[1, 15, 7, 1, 254]  	1175	6 
[3, 0, 1, 11, 254]  	1176	9 
[8, 4, 11, 0, 254]  	1177	12 
[2, 13, 9, 0, 254]  	1182	3 
[1, 3, 3, 9, 254]  	1183	5 
[1, 15, 2, 5, 254]  	1188	7 
[4, 4, 13, 0, 254]  	1195	5 
[2, 1, 0, 12, 254]  	1203	6 
[2, 11, 0, 8, 254]  	1205	6 
[1, 22, 0, 4, 254]  	1213	6 
[2, 12, 10, 0, 254]  	1216	6 
[7, 4, 12, 0, 254]  	1217	9 
[5, 2, 1, 10, 254]  	1220	10 
[0, 28, 0, 2, 254]  	1220	3 
[4, 0, 9, 5, 254]  	1223	6 
[3, 4, 14, 0, 254]  	1235	8 
[4, 0, 4, 9, 254]  	1236	6 
[1, 4, 11, 3, 254]  	1236	4 
[2, 0, 1, 12, 254]  	1237	7 
[2, 5, 14, 0, 254]  	1241	7 
[3, 0, 11, 4, 254]  	1242	5 
[1, 4, 15, 0, 254]  	1244	3 
[1, 11, 1, 8, 254]  	1245	5 
[2, 0, 9, 6, 254]  	1253	5 
[2, 13, 1, 7, 254]  	1258	7 
[2, 25, 0, 3, 254]  	1263	6 
[1, 0, 11, 5, 254]  	1272	4 
[1, 7, 14, 0, 254]  	1284	3 
[1, 13, 7, 3, 254]  	1285	5 
[5, 0, 16, 0, 254]  	1291	5 
[1, 13, 11, 0, 254]  	1293	5 
[1, 0, 18, 0, 254]  	1309	3 
[1, 2, 17, 0, 254]  	1312	2 
[1, 2, 12, 4, 254]  	1325	5 
[0, 16, 4, 5, 254]  	1336	4 
[0, 15, 2, 7, 254]  	1341	4 
[0, 15, 1, 8, 254]  	1362	4 
[0, 26, 5, 1, 254]  	1409	3 
[0, 0, 7, 10, 254]  	1417	1 
[0, 2, 6, 10, 254]  	1420	2 
[0, 21, 0, 7, 254]  	1421	2 
[0, 8, 3, 10, 254]  	1429	2 
[0, 13, 3, 8, 254]  	1430	3 
[0, 0, 2, 14, 254]  	1430	1 
[0, 2, 1, 14, 254]  	1433	2 
[0, 2, 5, 11, 254]  	1441	2 
[0, 21, 7, 2, 254]  	1458	2 
[0, 5, 5, 10, 254]  	1460	2 
[0, 3, 19, 0, 254]  	1460	1 
[0, 0, 21, 0, 254]  	1491	1 
[0, 2, 10, 8, 254]  	1520	2 
[0, 1, 16, 4, 254]  	1541	1 
[0, 9, 12, 4, 254]  	1553	1 
[0, 0, 14, 8, 254]  	1730	1 
[2, 6, 3, 0, 255]  	497	2 
[1, 4, 0, 6, 255]  	731	3 
[3, 0, 7, 2, 255]  	774	2 
[4, 3, 7, 1, 255]  	824	5 
[1, 16, 3, 0, 255]  	836	3 
[2, 3, 2, 6, 255]  	867	3 
[2, 6, 2, 5, 255]  	886	4 
[1, 14, 5, 0, 255]  	904	2 
[3, 3, 9, 1, 255]  	935	5 
[1, 11, 7, 0, 255]  	935	2 
[13, 0, 0, 6, 255]  	955	2 
[1, 2, 12, 0, 255]  	957	2 
[5, 2, 9, 1, 255]  	960	8 
[1, 8, 9, 0, 255]  	966	2 
[1, 3, 4, 6, 255]  	978	3 
[1, 2, 11, 1, 255]  	978	2 
[16, 0, 7, 0, 255]  	993	2 
[1, 0, 11, 2, 255]  	996	2 
[4, 1, 4, 6, 255]  	997	8 
[1, 5, 11, 0, 255]  	997	2 
[5, 2, 11, 0, 255]  	1010	5 
[4, 0, 5, 6, 255]  	1031	3 
[4, 0, 4, 7, 255]  	1052	6 
[1, 16, 1, 4, 255]  	1062	3 
[0, 15, 2, 4, 255]  	1065	2 
[4, 0, 12, 1, 255]  	1068	8 
[0, 17, 1, 4, 255]  	1068	2 
[3, 14, 0, 5, 255]  	1071	8 
[11, 0, 9, 1, 255]  	1072	7 
[2, 15, 0, 5, 255]  	1077	5 
[1, 16, 0, 5, 255]  	1083	7 
[0, 17, 0, 5, 255]  	1089	2 
[2, 14, 1, 5, 255]  	1111	7 
[2, 2, 6, 6, 255]  	1114	6 
[1, 15, 1, 5, 255]  	1117	7 
[4, 17, 0, 4, 255]  	1121	6 
[2, 19, 0, 4, 255]  	1133	9 
[1, 3, 1, 10, 255]  	1133	3 
[4, 3, 1, 9, 255]  	1134	7 
[1, 14, 2, 5, 255]  	1151	6 
[3, 2, 1, 10, 255]  	1158	6 
[8, 0, 0, 10, 255]  	1168	3 
[2, 25, 0, 2, 255]  	1171	4 
[6, 0, 1, 10, 255]  	1177	2 
[2, 1, 1, 11, 255]  	1182	6 
[4, 0, 2, 10, 255]  	1186	6 
[4, 24, 0, 2, 255]  	1196	8 
[2, 0, 16, 0, 255]  	1198	2 
[2, 5, 7, 5, 255]  	1204	8 
[2, 1, 4, 9, 255]  	1211	6 
[0, 27, 3, 0, 255]  	1212	1 
[2, 2, 10, 4, 255]  	1214	5 
[1, 27, 0, 2, 255]  	1214	3 
[6, 1, 14, 0, 255]  	1217	8 
[2, 0, 15, 1, 255]  	1219	4 
[4, 1, 15, 0, 255]  	1226	6 
[0, 24, 5, 0, 255]  	1243	1 
[1, 3, 0, 12, 255]  	1246	4 
[0, 27, 1, 2, 255]  	1254	1 
[0, 21, 7, 0, 255]  	1274	1 
[1, 1, 17, 0, 255]  	1275	3 
[1, 2, 1, 12, 255]  	1280	6 
[3, 0, 4, 10, 255]  	1297	6 
[0, 18, 9, 0, 255]  	1305	1 
[2, 0, 6, 9, 255]  	1316	4 
[0, 21, 5, 2, 255]  	1316	2 
[1, 2, 8, 7, 255]  	1317	6 
[0, 5, 3, 10, 255]  	1318	1 
[1, 0, 0, 14, 255]  	1319	3 
[1, 1, 6, 9, 255]  	1322	5 
[1, 11, 6, 5, 255]  	1324	5 
[1, 13, 5, 5, 255]  	1327	6 
[1, 0, 17, 1, 255]  	1330	4 
[0, 15, 11, 0, 255]  	1336	1 
[0, 30, 2, 1, 255]  	1344	5 
[0, 5, 6, 8, 255]  	1347	1 
[0, 2, 5, 10, 255]  	1349	2 
[0, 11, 3, 8, 255]  	1356	1 
[0, 13, 2, 8, 255]  	1359	2 
[0, 0, 1, 14, 255]  	1359	1 
[0, 12, 13, 0, 255]  	1367	1 
[1, 1, 8, 8, 255]  	1372	4 
[0, 15, 9, 2, 255]  	1378	2 
[0, 10, 8, 5, 255]  	1398	2 
[0, 9, 15, 0, 255]  	1398	1 
[0, 34, 2, 0, 255]  	1400	3 
[0, 6, 17, 0, 255]  	1429	1 
[0, 0, 10, 8, 255]  	1446	1 
[0, 8, 1, 12, 255]  	1471	2 
[0, 0, 0, 16, 255]  	1472	1 
[0, 0, 16, 4, 255]  	1504	1 
[0, 11, 0, 12, 255]  	1511	1 
[0, 1, 5, 13, 255]  	1588	2 
------
The gap is between 8 and 245.
Lengths: 5 5 8 12 5 8.
For 1536 = 3*d-d1-d2-d3-d4 you get 5 in char 0.
1 + 0*2^64 + 0*2^128 + 0*2^192*y^17*z^5*w^6
1 + 0*2^64 + 0*2^128 + 0*2^192*y^16*z^12*w^1
1 + 0*2^64 + 0*2^128 + 0*2^192*y^4*z^4*w^12
1 + 0*2^64 + 0*2^128 + 0*2^192*y^3*z^11*w^7
1 + 0*2^64 + 0*2^128 + 0*2^192*y^2*z^18*w^2

For 947 = 2*d-d1-d2-d3-d4 you get 8 in char 0.
1 + 0*2^64 + 0*2^128 + 0*2^192*x^14*y^2*z^1*w^4
1 + 0*2^64 + 0*2^128 + 0*2^192*x^4*z^9*w^2
1 + 0*2^64 + 0*2^128 + 0*2^192*x^2*y^9*w^6
1 + 0*2^64 + 0*2^128 + 0*2^192*x^1*y^6*z^2*w^6
1 + 0*2^64 + 0*2^128 + 0*2^192*x^1*y^5*z^9*w^1
1 + 0*2^64 + 0*2^128 + 0*2^192*y^16*z^5
1 + 0*2^64 + 0*2^128 + 0*2^192*y^3*z^4*w^6
1 + 0*2^64 + 0*2^128 + 0*2^192*y^2*z^11*w^1

For 358 = d-d1-d2-d3-d4 you get 5 in char 0.
1 + 0*2^64 + 0*2^128 + 0*2^192*x^5*y^3*w^1
1 + 0*2^64 + 0*2^128 + 0*2^192*x^4*z^2*w^1
1 + 0*2^64 + 0*2^128 + 0*2^192*x^2*y^8
1 + 0*2^64 + 0*2^128 + 0*2^192*x^1*y^5*z^2
1 + 0*2^64 + 0*2^128 + 0*2^192*y^2*z^4

Extra powers of p used 5.
The invariant extra is equal to 33.
Start computing 2^4 Delta^1 (x1x2x3x4)^1... Done.
Start computing 2^5 Delta^2 (x1x2x3x4)^1... Done.
Start computing 2^6 Delta^3 (x1x2x3x4)^1... Done.
Start computing 2^7 Delta^4 (x1x2x3x4)^1... Done.
Start computing 2^8 Delta^5 (x1x2x3x4)^1... Done.
Start computing 2^9 Delta^6 (x1x2x3x4)^1... Done.
Start computing 2^10 Delta^7 (x1x2x3x4)^1... Done.
Start computing 2^11 Delta^8 (x1x2x3x4)^1... Done.
Start computing 2^12 Delta^9 (x1x2x3x4)^1... Done.
Start computing 2^13 Delta^10 (x1x2x3x4)^1... Done.
Start computing 2^14 Delta^11 (x1x2x3x4)^1... Done.
Start computing 2^15 Delta^12 (x1x2x3x4)^1... Done.
Start computing 2^16 Delta^13 (x1x2x3x4)^1... Done.
Start computing 2^17 Delta^14 (x1x2x3x4)^1... Done.
Start computing 2^18 Delta^15 (x1x2x3x4)^1... Done.
Start computing 2^19 Delta^16 (x1x2x3x4)^1... Done.
Start computing 2^20 Delta^17 (x1x2x3x4)^1... Done.
Start computing 2^21 Delta^18 (x1x2x3x4)^1... Done.
Start computing 2^22 Delta^19 (x1x2x3x4)^1... Done.
Start computing 2^23 Delta^20 (x1x2x3x4)^1... Done.
Start computing 2^24 Delta^21 (x1x2x3x4)^1... Done.
Start computing 2^25 Delta^22 (x1x2x3x4)^1... Done.
Start computing 2^26 Delta^23 (x1x2x3x4)^1... Done.
Start computing 2^27 Delta^24 (x1x2x3x4)^1... Done.
Start computing 2^28 Delta^25 (x1x2x3x4)^1... Done.
Start computing 2^29 Delta^26 (x1x2x3x4)^1... Done.
Start computing 2^30 Delta^27 (x1x2x3x4)^1... Done.
Start computing 2^31 Delta^28 (x1x2x3x4)^1... Done.
Start computing 2^32 Delta^29 (x1x2x3x4)^1... Done.
Start computing 2^33 Delta^30 (x1x2x3x4)^1... Done.
Start computing 2^34 Delta^31 (x1x2x3x4)^1... Done.
Start computing 2^35 Delta^32 (x1x2x3x4)^1... Done.
Start computing 2^36 Delta^33 (x1x2x3x4)^1... Done.
Start computing 2^37 Delta^34 (x1x2x3x4)^1... Done.
Start computing 2^38 Delta^35 (x1x2x3x4)^1... Done.
Start computing aa.
1 2 3 4 5 6 7 8 9 10 11 12 13 14 15 16 17 18 
*/
A = \
[15881043287631871688 + 1285468369368817370*2^64 + 999899457595608727*2^128 + 296047551*2^192,18224744212931273224 + 1817594100333096172*2^64 + 4757579667473663954*2^128 + 943087113*2^192,9817075555742732616 + 17301966597884047248*2^64 + 4686266755144415581*2^128 + 13893085362*2^192,3748750685665385184 + 10634696652327356881*2^64 + 4373033569662493682*2^128 + 10662763069*2^192,2877762623049297752 + 5069573036526816697*2^64 + 2934971452953913383*2^128 + 16084469838*2^192,8657264205537990208 + 13739470843458884134*2^64 + 18425369587413881330*2^128 + 4855483514*2^192,10756916663171889632 + 10426861892309723238*2^64 + 6047535531444741437*2^128 + 2932391761*2^192,15384067244978366144 + 11994987491110012949*2^64 + 3930204795136203375*2^128 + 14498727757*2^192,1953720640517366368 + 15347335219122667248*2^64 + 7726909749843654731*2^128 + 16346451534*2^192,7828658894150988704 + 4006190966241482452*2^64 + 13155781429858987602*2^128 + 10896031713*2^192,8549538853638607712 + 9564859641748323265*2^64 + 9760001922034083903*2^128 + 11611782827*2^192,10650890159083920512 + 404951312295711570*2^64 + 8756410238272555341*2^128 + 4235577905*2^192,14964358313416024480 + 2430281731610160387*2^64 + 14036248842571758554*2^128 + 10054704938*2^192,13696765120829956512 + 3996333968219014058*2^64 + 1792934121427741837*2^128 + 2962232134*2^192,12306263000354367712 + 5895304217541695057*2^64 + 1266762336432146944*2^128 + 72483299*2^192,1407536534096185440 + 10748649208370725426*2^64 + 15303134281600054539*2^128 + 13440265732*2^192,13884582951571598848 + 3949173803234924175*2^64 + 13126393606235058192*2^128 + 4342230317*2^192,11020203035349604800 + 2692599036811487060*2^64 + 1140596625644515868*2^128 + 623669427*2^192;\
6926233984801336792 + 661703848127672769*2^64 + 8024386611244723777*2^128 + 11680076291*2^192,11715759987220115976 + 17839858362749115051*2^64 + 164897308884233997*2^128 + 2541032858*2^192,5779873950364812184 + 16267185274325380256*2^64 + 4389314422090412300*2^128 + 6105481726*2^192,6100488440754564208 + 9120050173279315231*2^64 + 5979356985025012655*2^128 + 5062070860*2^192,11072966843356705560 + 15089039810700727802*2^64 + 3175183820270778241*2^128 + 5940509738*2^192,11078687364425987392 + 16770794033196459346*2^64 + 10133108732320175909*2^128 + 1847330363*2^192,1198441032278524992 + 13142102482503693540*2^64 + 2322647001454272654*2^128 + 11111631420*2^192,1587468446796883104 + 17941620356827844867*2^64 + 17713946308624324684*2^128 + 9394260481*2^192,6120374022606106880 + 9482723863607871675*2^64 + 2436427073869455900*2^128 + 13084875519*2^192,18198614177642866528 + 8334434372847215277*2^64 + 1482797782217690953*2^128 + 11172185897*2^192,9554430970956343904 + 13853376574371634340*2^64 + 10579757315215162717*2^128 + 9376014147*2^192,7246322347910450976 + 14068058157987849820*2^64 + 11544895976087843752*2^128 + 1938111994*2^192,5694062629988748512 + 4767219272518983559*2^64 + 16303722834230555582*2^128 + 763608779*2^192,781131360823636064 + 18177226163453940893*2^64 + 9862845912689801542*2^128 + 14698843234*2^192,11902955188214293920 + 8900396860564607804*2^64 + 1401273725659592917*2^128 + 922021628*2^192,12924461420650589472 + 12523516259496636398*2^64 + 9356762774337992193*2^128 + 1127109124*2^192,7166570265138506944 + 10261923986697172967*2^64 + 16853677760845156132*2^128 + 8438874607*2^192,13903372340931859072 + 4057140459132388032*2^64 + 17696096176846581274*2^128 + 10426545986*2^192;\
2338046468921965968 + 4403941999485038227*2^64 + 7543544771528726536*2^128 + 8027864478*2^192,4549504975763454448 + 4206946315742097639*2^64 + 17649385727977551622*2^128 + 12301405983*2^192,12858961408766106240 + 17237069343943247585*2^64 + 10228678616708369391*2^128 + 7913595186*2^192,7714284609962724976 + 266033523822617255*2^64 + 14434235212516765105*2^128 + 6392958020*2^192,14884424274557510928 + 6499340344638828613*2^64 + 2539979269960248900*2^128 + 9790046304*2^192,5242694090395329152 + 14684803259378059751*2^64 + 16555684923387982995*2^128 + 4073684890*2^192,8036011436761017664 + 3937815677012476672*2^64 + 9633881581151451697*2^128 + 16272390895*2^192,9118530777346153216 + 4686895010843873633*2^64 + 15543637338734855762*2^128 + 1583615822*2^192,3334128620416540864 + 10877357293472876292*2^64 + 1574967196147419138*2^128 + 15428295787*2^192,12817332782208601984 + 17163868232638066165*2^64 + 5017150833500404438*2^128 + 5565253647*2^192,18306249939950623360 + 16244709617540219888*2^64 + 17600292540755641969*2^128 + 3827887770*2^192,6180618653209260480 + 1027427670422895187*2^64 + 18142697183643500720*2^128 + 8281864404*2^192,17214116651937238400 + 12537117089373306397*2^64 + 5763075391524711954*2^128 + 1276629405*2^192,7048909400602619648 + 585779308297155569*2^64 + 8842785980000219359*2^128 + 208812892*2^192,6755311560168934592 + 15412411201877889442*2^64 + 1064297560205789339*2^128 + 8531785018*2^192,12214830501029928576 + 7781636174970162538*2^64 + 5900209804966212033*2^128 + 16823946721*2^192,5732163198456254336 + 18276807702565732681*2^64 + 12288351554123080182*2^128 + 10350548354*2^192,17592626239936276480 + 8576971433384935750*2^64 + 2936446428580895525*2^128 + 1657791641*2^192;\
8389383266500180448 + 11702179807911566923*2^64 + 10878265421165616863*2^128 + 11040329813*2^192,5127353948219288640 + 3797601408978479665*2^64 + 16504334365841909117*2^128 + 2842407623*2^192,12391137903774348416 + 8768746166532340046*2^64 + 17306460651140209265*2^128 + 7939352866*2^192,11427625647202346304 + 652350607371983232*2^64 + 10590952584727616928*2^128 + 8362532808*2^192,16289365983947466208 + 14412165646654099089*2^64 + 12488549174811687568*2^128 + 13950259820*2^192,2835049578877279616 + 3908226570165884326*2^64 + 7454490344480182037*2^128 + 17064813564*2^192,6518658375555864512 + 11123136835772443753*2^64 + 5346266176440132442*2^128 + 6473767782*2^192,13596788888757056576 + 6424937356354778581*2^64 + 7633336936136591290*2^128 + 16781940944*2^192,7229848181958092608 + 10318159804062891170*2^64 + 14597954188846367226*2^128 + 16051482468*2^192,5870401966307578880 + 11554124035124698371*2^64 + 18055344109331126357*2^128 + 2412939355*2^192,11536775331303662464 + 12402549887303260809*2^64 + 4278607322704683562*2^128 + 16985232824*2^192,328466534924613184 + 11095622338382829460*2^64 + 16665324632104283230*2^128 + 15938152450*2^192,11687049827220752384 + 11819832864884672095*2^64 + 6364537721816613344*2^128 + 2711083548*2^192,4258442979441827072 + 16909557834570670244*2^64 + 11217921236825139987*2^128 + 4688920855*2^192,6351557407013971584 + 7684346953821436026*2^64 + 11135288923082099164*2^128 + 11742771542*2^192,6031559527723728896 + 11577784950532696657*2^64 + 6106299100181600777*2^128 + 14622299510*2^192,1951594908675286528 + 319338228700376822*2^64 + 7864955871802763703*2^128 + 14058979664*2^192,4608767702253679616 + 12769874487901982778*2^64 + 1333460438382225306*2^128 + 5741028267*2^192;\
6190338990633877224 + 14609384361961244086*2^64 + 7174805350425852185*2^128 + 11539935270*2^192,2110776087670105272 + 7891811173382639278*2^64 + 13454880422533244767*2^128 + 7694032701*2^192,5351682055993727448 + 4969923845158299009*2^64 + 8149857920105886574*2^128 + 14760657134*2^192,8788336496729604560 + 10474704816653361756*2^64 + 12330985324128346530*2^128 + 8335765031*2^192,10458447919485488664 + 10949770998239729553*2^64 + 14547109404446711491*2^128 + 1511856784*2^192,18365936390593193472 + 9283087595393467737*2^64 + 16878781428867508898*2^128 + 8810116478*2^192,10790662096960068896 + 10042942554037615828*2^64 + 10168123096494707306*2^128 + 16385586965*2^192,4056165381764830976 + 16933643710417102162*2^64 + 14466699840272049176*2^128 + 16099669090*2^192,12337791467717275552 + 2868208716693190959*2^64 + 17618852166886936791*2^128 + 2543244212*2^192,16637485129360372768 + 15412159438181902953*2^64 + 11048221611648046952*2^128 + 14491897808*2^192,14510584196042224672 + 7134629959189129703*2^64 + 1543775874530056650*2^128 + 9962142521*2^192,9873832589375105152 + 14900906847402358022*2^64 + 17174410422942348819*2^128 + 17049464744*2^192,7634540215459741664 + 13601892531710521214*2^64 + 12978302851499959241*2^128 + 16581415640*2^192,14847759969104420128 + 16755904237748941482*2^64 + 10296080145889870827*2^128 + 12263123496*2^192,3790134943154404768 + 2052542209884086494*2^64 + 9952601231633615876*2^128 + 5263172683*2^192,12319058399616203104 + 6070129189527897809*2^64 + 15733884751657614960*2^128 + 9400328531*2^192,15537165986707393152 + 16664092039573164638*2^64 + 3789527829482614335*2^128 + 14937405588*2^192,17010618279073211200 + 1305302801639624900*2^64 + 7606536526595423361*2^128 + 9881052266*2^192;\
15116880660910483100 + 5890138103118972835*2^64 + 17030179879271060635*2^128 + 2789826718*2^192,4961709927593576580 + 9056533558085060412*2^64 + 3639523467058445021*2^128 + 7675207636*2^192,7391941057089521908 + 11085209055008157313*2^64 + 9234563446479201020*2^128 + 4382854092*2^192,10126118644398051416 + 17428768501141918367*2^64 + 3783462973254667987*2^128 + 3767627601*2^192,14548804312068724188 + 6905327042626777347*2^64 + 14968931874118693224*2^128 + 674520372*2^192,16431412510246633056 + 5254303191443365636*2^64 + 10004419451332642007*2^128 + 1005716102*2^192,14651322314618681792 + 2520813048924999440*2^64 + 3249501287919170127*2^128 + 3811895545*2^192,16165969752080385360 + 12542547297446118410*2^64 + 6556720846581692839*2^128 + 7521668976*2^192,8463210600731951968 + 10494127989311162869*2^64 + 6444732962869585037*2^128 + 92730266*2^192,14681160249006700336 + 7328220628856256967*2^64 + 6807449199307393099*2^128 + 4250868243*2^192,15412714891425622960 + 5220774410302191923*2^64 + 11902849851210333444*2^128 + 5505026075*2^192,12326437943312632816 + 2768754936747004974*2^64 + 10613487825528171999*2^128 + 2827187575*2^192,1784695497065260720 + 8236109025106226883*2^64 + 232307368347065922*2^128 + 7341968003*2^192,10113966623578114192 + 4426839896913397584*2^64 + 8199284359513693317*2^128 + 4983843077*2^192,5154368927920469008 + 16165084512054228731*2^64 + 18396270263091737045*2^128 + 7710289549*2^192,8423177204573148272 + 10903612362422337836*2^64 + 10007994442723507450*2^128 + 6800411146*2^192,1160528109748193504 + 9015993406918429351*2^64 + 1261274566991339422*2^128 + 3117322776*2^192,18325022345375213312 + 10630792571712353444*2^64 + 7233142271941363246*2^128 + 7665359805*2^192;\
1717681548171303292 + 6180600078186247064*2^64 + 15839852908487242938*2^128 + 1317630439*2^192,851054069559548700 + 385630231265697157*2^64 + 11209230994018604983*2^128 + 2112063422*2^192,12586731140117713572 + 2218123927214928191*2^64 + 15198896623382679665*2^128 + 10889682323*2^192,15487160461141825664 + 16959635619131849688*2^64 + 262095770082896842*2^128 + 15637077339*2^192,10518891847869851572 + 17108955924366691714*2^64 + 14550669958690099603*2^128 + 2475589973*2^192,17503338210833518736 + 8912428642558461432*2^64 + 2688700647006122067*2^128 + 11008275712*2^192,13160834692670978352 + 12870821728831441868*2^64 + 795404888689648972*2^128 + 12793480197*2^192,14354737383780300032 + 1309291341655741900*2^64 + 14565665075206473896*2^128 + 11218847562*2^192,10320168425724393776 + 16378873785264407019*2^64 + 14505244191439261018*2^128 + 5621012251*2^192,16185201369183167152 + 5046431363408224068*2^64 + 631041987260276744*2^128 + 14714739885*2^192,10595155474033623984 + 9836181447355354286*2^64 + 13709929817207437376*2^128 + 13548762839*2^192,17603121713432187328 + 8072121824699178330*2^64 + 10423653305279134318*2^128 + 9815047170*2^192,2721892914838374928 + 18245202011136902903*2^64 + 11533601533510764498*2^128 + 2702488456*2^192,1326624426055135088 + 7860482938929853283*2^64 + 5605314388512773304*2^128 + 4437763385*2^192,10703979067368541328 + 5484701770830159913*2^64 + 12111111358195940446*2^128 + 4436842562*2^192,13229522081440576848 + 16660925178639660582*2^64 + 7281471597560067435*2^128 + 13033432339*2^192,13387473449921615424 + 8471850820880127550*2^64 + 18285282498538216402*2^128 + 7041158633*2^192,13493158031308176800 + 10363047046584489670*2^64 + 10278277028067068409*2^128 + 2122781390*2^192;\
13006048782599001922 + 17642876496022287161*2^64 + 12455630055642645519*2^128 + 16473544717*2^192,11811954021692513358 + 11908730335325612051*2^64 + 661787604911182157*2^128 + 9079069159*2^192,6445696912523177310 + 18087190659075548786*2^64 + 11997082308782006365*2^128 + 700178254*2^192,14096988956212353188 + 14982397713561675133*2^64 + 18334776137757005770*2^128 + 11579265063*2^192,11978502315921007058 + 4395975327203281710*2^64 + 3357058152968745160*2^128 + 9671590471*2^192,8772579997925615616 + 4660630698701973314*2^64 + 3685748512698854765*2^128 + 434076710*2^192,2475278951844302464 + 4106628983363419528*2^64 + 13219659005248004197*2^128 + 8592737825*2^192,1107132503023635384 + 2177879847438026486*2^64 + 15630926432055496150*2^128 + 12543600785*2^192,7021226659782042864 + 1861918018642216645*2^64 + 4053246158807016556*2^128 + 12226110671*2^192,7533506061403005960 + 14444834171859737326*2^64 + 6114502671038549551*2^128 + 8975964972*2^192,14675167737491153192 + 12191359823987364476*2^64 + 6920011466184105463*2^128 + 10564975038*2^192,4885210212731847528 + 16786074946197120466*2^64 + 3886839886301336304*2^128 + 12776821558*2^192,14510341393775944200 + 491978779682877300*2^64 + 7919792182099612302*2^128 + 4521909615*2^192,15755621505966001224 + 4816404510873921997*2^64 + 16027711058075435575*2^128 + 11912265185*2^192,5451439926326137272 + 5132270480048007391*2^64 + 3735513024878297920*2^128 + 7780879833*2^192,15769495960804796776 + 6715882045584465228*2^64 + 1020652779197060134*2^128 + 11189797095*2^192,9298884179812119280 + 5297126870147811935*2^64 + 15146878812867152203*2^128 + 6653952410*2^192,5976746447456127360 + 8385126839340383651*2^64 + 672287072982592726*2^128 + 14101531389*2^192;\
14181152577811327173 + 13282776055096696206*2^64 + 7771906110865580659*2^128 + 12722833369*2^192,8307989984583614483 + 10995633775754274901*2^64 + 15463563863289769536*2^128 + 12295931954*2^192,12544756589918467935 + 8214225089908812373*2^64 + 7816450630202067424*2^128 + 10608798343*2^192,6415022335822176530 + 7675948184578382037*2^64 + 3654288010430783634*2^128 + 6744404215*2^192,15750593138737054749 + 9275108831221430868*2^64 + 17905268160370847813*2^128 + 6827591108*2^192,1416539431917382752 + 13862512333075661198*2^64 + 5185820233291891296*2^128 + 6793188595*2^192,15424322297692311616 + 5068643466146169974*2^64 + 1725736988668934971*2^128 + 4843709588*2^192,4781757708066372044 + 16029337762892836294*2^64 + 14202507887524250183*2^128 + 5961979308*2^192,17025132678555603096 + 9206108156755280590*2^64 + 12118968183518806179*2^128 + 10857532138*2^192,4078293807174706340 + 15629278217839062992*2^64 + 1044906354319868387*2^128 + 11220578637*2^192,5699836123797899556 + 16307567629522526334*2^64 + 2053270780750918738*2^128 + 11816907136*2^192,13581403565473287396 + 4088188209069830496*2^64 + 95964606909273602*2^128 + 961231339*2^192,12916133542528923204 + 10382663452761021651*2^64 + 2640112384232108222*2^128 + 14067970558*2^192,15065138695227157572 + 12078732085224503905*2^64 + 8682339024881405000*2^128 + 12487437531*2^192,12919354312120243468 + 14275379954741145040*2^64 + 831253614374733289*2^128 + 3140142416*2^192,8981300066405518852 + 12460838050542371271*2^64 + 9119946879456764136*2^128 + 3878254265*2^192,9146702855311039064 + 1849062247324039239*2^64 + 12028344942665517573*2^128 + 8803794127*2^192,5286617135401033824 + 7384819498897497314*2^64 + 7907912385656462166*2^128 + 9275919603*2^192;\
6392847295530013274 + 1515094661794215992*2^64 + 6707298417465297912*2^128 + 3779526190*2^192,14546874644356002006 + 12750869057916872645*2^64 + 7016915903301901095*2^128 + 3547404537*2^192,8492404421349412398 + 6205034086041417893*2^64 + 4629363489637118972*2^128 + 1932351322*2^192,11562913147479101604 + 11203135575541985930*2^64 + 1789360404135137369*2^128 + 15789094*2^192,10125141267169608138 + 18270375369252352964*2^64 + 247583033946474449*2^128 + 1596918737*2^192,4545730465780244928 + 6720661698687577452*2^64 + 17261360699690757327*2^128 + 6434464331*2^192,17008304852677996288 + 15952087695283661526*2^64 + 10926273306154896275*2^128 + 4897427386*2^192,2597471534261811544 + 6136731248284362260*2^64 + 5673241376214966718*2^128 + 9815462857*2^192,11006444451920469424 + 1571403997908839722*2^64 + 2330128250590546356*2^128 + 13509811687*2^192,139701347924740936 + 16006636362840990046*2^64 + 7221388279827346919*2^128 + 12074904755*2^192,14707520760687776392 + 17180371806136819737*2^64 + 12051589342274497968*2^128 + 16995004117*2^192,4279318042371842376 + 9013557201195280285*2^64 + 13970616703555578034*2^128 + 3839823241*2^192,14476080394594694024 + 1201056460608714745*2^64 + 7617106952092681565*2^128 + 8054814088*2^192,12671142372197352264 + 18168986777681329682*2^64 + 16728337450329914759*2^128 + 5456776942*2^192,3410999780806063832 + 9841177691980533246*2^64 + 10739211026951537219*2^128 + 10310514327*2^192,1721511010923348936 + 1910678450643684395*2^64 + 2067708949613482541*2^128 + 5137440889*2^192,7989366885647343344 + 9021090708048922155*2^64 + 11282955882798658697*2^128 + 1165407843*2^192,3775275459271724800 + 7852835322601033085*2^64 + 172647292724590184*2^128 + 4434393162*2^192;\
2401367226310856245 + 10229765521040483970*2^64 + 18287420357611566568*2^128 + 609695222*2^192,18144886809217041451 + 16928202216999818873*2^64 + 6182446052210625011*2^128 + 3682608162*2^192,15111133450501539295 + 12865776745616896670*2^64 + 7516320571058446778*2^128 + 10739059842*2^192,1826075183572675322 + 9846586802227639887*2^64 + 2857141834620481169*2^128 + 1497102875*2^192,818294651586877909 + 493661226058886414*2^64 + 1834042829285659955*2^128 + 11340582641*2^192,15763360497620700816 + 17418856654459874979*2^64 + 14309715401602333349*2^128 + 9950841786*2^192,4150126127010545776 + 973640820920425730*2^64 + 2914243953757830597*2^128 + 10052492317*2^192,14109553081206376860 + 3079641229069656188*2^64 + 16582023589601178914*2^128 + 2745555198*2^192,18250930240333365608 + 3903917014490291982*2^64 + 10226099374892842160*2^128 + 3525937047*2^192,16297566766689437956 + 12668429141841638828*2^64 + 15663029714899093280*2^128 + 17029610161*2^192,11017422952710366340 + 8684773149286652981*2^64 + 14199826282749983096*2^128 + 5492806443*2^192,106039013039308116 + 16326908001087376670*2^64 + 2531285140562564441*2^128 + 2533564519*2^192,12564237334393966692 + 12449107328628659820*2^64 + 15998278712446120614*2^128 + 2441953967*2^192,7453500618456811972 + 9843444958943917475*2^64 + 15358298434040857698*2^128 + 14814922348*2^192,4573825133269414988 + 17477848324618934254*2^64 + 2893704259303944440*2^128 + 14141019208*2^192,15150114623927130084 + 12531237327598796776*2^64 + 10518824591514024391*2^128 + 5946241836*2^192,15337675903920051256 + 5312113864451300189*2^64 + 7035962317381012617*2^128 + 1918128771*2^192,1833025021496002624 + 4204152882815584117*2^64 + 15292500891512247988*2^128 + 5620320452*2^192;\
3258713065077860619 + 1421478215616503670*2^64 + 3845678723753848300*2^128 + 5045354955*2^192,979158429943360229 + 1647599503442501365*2^64 + 1212618131900680070*2^128 + 1679355494*2^192,16799152788240630753 + 11196303452688475182*2^64 + 8406125728228107350*2^128 + 12953494488*2^192,1053914907856858758 + 6933641589306429238*2^64 + 17566026863755852600*2^128 + 10288980820*2^192,3444764491716143163 + 723021252340736619*2^64 + 11872868796156033284*2^128 + 8165729007*2^192,6899750215030956080 + 14550544351810351996*2^64 + 8720730732252480457*2^128 + 15341804088*2^192,12073386898120485744 + 7394882772225541372*2^64 + 3217159938024612268*2^128 + 85554308*2^192,1001774823414723492 + 5411261006128774568*2^64 + 5623831186652070154*2^128 + 8313936241*2^192,10124507215319761080 + 13520219713351123652*2^64 + 10703742358605471952*2^128 + 9613440620*2^192,11119830870393292636 + 9771126634348420086*2^64 + 9397997768452134214*2^128 + 2599029599*2^192,15429336765951779516 + 8649847193722204000*2^64 + 8680416206746588570*2^128 + 3557241799*2^192,15093941850733402572 + 9658550138797859898*2^64 + 6845162882237382533*2^128 + 5167412469*2^192,806006680007107036 + 8547882177790301381*2^64 + 10389933847217159823*2^128 + 7199893240*2^192,1624077899375701180 + 1805963233139460482*2^64 + 3554842107380464469*2^128 + 14164722541*2^192,14979643744254766068 + 17540450937147734832*2^64 + 10351230219582905059*2^128 + 12716504672*2^192,17190278717318560828 + 11178933745974033796*2^64 + 9510631946069372628*2^128 + 8265065075*2^192,4697519258596293896 + 6091873789754112351*2^64 + 1824331268011060955*2^128 + 16916332193*2^192,13370516234734733824 + 17527526653747182694*2^64 + 1428229429324998505*2^128 + 15396637147*2^192;\
11101939984287936562 + 516951859906479651*2^64 + 13082526289118505344*2^128 + 5558338911*2^192,1659476282172582478 + 1640032006502510768*2^64 + 13063167694593466675*2^128 + 1790359998*2^192,7722352135398497622 + 5136077490003380333*2^64 + 17472511718895104157*2^128 + 14973707334*2^192,13706326202362396868 + 10417110602860638903*2^64 + 18072510451931367872*2^128 + 9201816585*2^192,11071412135922776226 + 13981093736733459129*2^64 + 2489452312511571171*2^128 + 12749270378*2^192,4831438266793948160 + 15925811713728362504*2^64 + 1072385371987589492*2^128 + 4886915324*2^192,6486490456365642592 + 16985285691063969835*2^64 + 1010029251134353273*2^128 + 525303339*2^192,16925357472672200408 + 11040078865422652591*2^64 + 7618496050895067208*2^128 + 16888083851*2^192,1023285697394583632 + 12432178094181637200*2^64 + 8572918225665453196*2^128 + 11580093334*2^192,804816867911068520 + 7545617223909455257*2^64 + 14215809194953789886*2^128 + 5230883256*2^192,2552836619810086504 + 3612231063001868239*2^64 + 6531209942972589710*2^128 + 3566915392*2^192,7656911486648475144 + 8338828006366327708*2^64 + 11892841859546300018*2^128 + 561523257*2^192,4385301961319740328 + 1703688987022770974*2^64 + 18408044311064191493*2^128 + 16290942754*2^192,10151883182040653992 + 7036470758212198319*2^64 + 9712812345060852241*2^128 + 9830112326*2^192,1012740003881290424 + 9902382295769750075*2^64 + 3274188063282402582*2^128 + 1793224279*2^192,2352325331512129768 + 4028174483138563411*2^64 + 16704906846551996917*2^128 + 11085175122*2^192,6885624824489235824 + 15777269460351959357*2^64 + 17515719115484065452*2^128 + 13936885166*2^192,3610878789059235904 + 14627484907757747801*2^64 + 17892032241643681021*2^128 + 15847680598*2^192;\
2083747579662048736 + 13911059031018791412*2^64 + 11536745881290863061*2^128 + 6061662212*2^192,10713385838577322976 + 4194555784778718381*2^64 + 7412167755274292929*2^128 + 150483584*2^192,5214346854710993984 + 5759909161053461583*2^64 + 15933460953534733552*2^128 + 418484088*2^192,4611582693620038784 + 2864734051316927102*2^64 + 1241557789547201571*2^128 + 4375984807*2^192,334026297799975584 + 7855947892507329369*2^64 + 1686083657886550044*2^128 + 4982843000*2^192,7400099927224633984 + 17728259610736739333*2^64 + 14668637298691822624*2^128 + 2771242112*2^192,12039143427644897152 + 14971418875451146646*2^64 + 3537988251963282528*2^128 + 1629898033*2^192,4228273810281817216 + 670500639744902396*2^64 + 14183383903791727869*2^128 + 7833372865*2^192,4679740451787604608 + 5155079592782955041*2^64 + 12997827220134660836*2^128 + 268209066*2^192,11512604861633926144 + 6581533565159157822*2^64 + 11206644951840302214*2^128 + 2297403642*2^192,10588910072610006656 + 3436033180902114481*2^64 + 14736426009796565359*2^128 + 8272581318*2^192,4393635838811045376 + 3289755855810739533*2^64 + 11660604406609716825*2^128 + 8096269000*2^192,2854686041418303232 + 7220214098914264597*2^64 + 2183934138254354498*2^128 + 358871154*2^192,10291389136068332480 + 15360409025815663599*2^64 + 7941372980929508974*2^128 + 8116909143*2^192,9708295368559361408 + 5164685381910111501*2^64 + 9945856449002895425*2^128 + 165570240*2^192,16259914763739179904 + 2970424228736342963*2^64 + 15138713584345076951*2^128 + 8243826358*2^192,10705291341879808768 + 17959142258057182080*2^64 + 12690967764089556401*2^128 + 7079920617*2^192,13892884967380590592 + 1222677655770997438*2^64 + 7370080471577848965*2^128 + 3645704177*2^192;\
15317323872961080456 + 840404735177468442*2^64 + 11105613580109537173*2^128 + 2695758101*2^192,10062561207622562936 + 16941022140199981513*2^64 + 6617780931102728506*2^128 + 6158870900*2^192,7320926220564197352 + 13715093166326698722*2^64 + 11096627571559510895*2^128 + 2992949318*2^192,12435405892758590256 + 11712397031338373086*2^64 + 16021343476723242443*2^128 + 2430438693*2^192,1988495712534421896 + 3627148330255230646*2^64 + 12939690424597414561*2^128 + 3220224849*2^192,13128369403417595776 + 4671080923580621293*2^64 + 6889486762689452363*2^128 + 6780391175*2^192,16133584318529665280 + 5357905582910198849*2^64 + 15847127538865308538*2^128 + 2311864644*2^192,13451084337119387168 + 9268123945358215805*2^64 + 10210291071730362623*2^128 + 4848675409*2^192,16376841072553411264 + 5170367920124675260*2^64 + 377619600228423983*2^128 + 8195458522*2^192,4760567905829981536 + 8234549213831444694*2^64 + 17793048755719566814*2^128 + 2897121955*2^192,6231972889572162976 + 16276153580235882860*2^64 + 8115930840569857841*2^128 + 903026837*2^192,4561339929665214496 + 676698545362025435*2^64 + 9003606472180233305*2^128 + 5080449041*2^192,1912980787847741280 + 17372587740679189355*2^64 + 982808537613528886*2^128 + 1260017953*2^192,2231263954310757408 + 6956556971037535479*2^64 + 1978972950825127890*2^128 + 6510821313*2^192,4185532338360973472 + 6029057209948579954*2^64 + 8093924282458101265*2^128 + 1572427098*2^192,14002956759807865440 + 1500388454986961264*2^64 + 17627249638075179770*2^128 + 397725440*2^192,12848421888866043968 + 7884424112309715946*2^64 + 5823811110243335508*2^128 + 7867992694*2^192,7468656589140346496 + 16018419962800366021*2^64 + 12902760701906392993*2^128 + 8361916299*2^192;\
15938593847013228090 + 9049633331712732127*2^64 + 295843025488180369*2^128 + 2860361351*2^192,6819489375822803318 + 5820723399990984365*2^64 + 11874972822525648412*2^128 + 11935711472*2^192,15947258028802417894 + 10736471083374029371*2^64 + 17311387570075811804*2^128 + 9210748882*2^192,4839727376912392724 + 131169193976665714*2^64 + 10835173203873692547*2^128 + 6461161437*2^192,13838995914724866538 + 3722065003310450167*2^64 + 6398269585886329704*2^128 + 10552737874*2^192,5585938119281546432 + 4738943142677796712*2^64 + 4743955655475684381*2^128 + 16281112826*2^192,7366572981550511040 + 13259798927407860590*2^64 + 17727819772744396801*2^128 + 14321431290*2^192,16572898013511546776 + 1207711078825950766*2^64 + 7246955291458074603*2^128 + 13358334169*2^192,1024780635882610544 + 8887576351978942172*2^64 + 17696249155896361833*2^128 + 1009338869*2^192,1429353216526568040 + 15610480405467612339*2^64 + 2933590407162258491*2^128 + 72448960*2^192,8825360724511896328 + 15933052248399483688*2^64 + 11207198138299741922*2^128 + 15425843847*2^192,16425386167124712200 + 16067814115704436341*2^64 + 11565498396957400448*2^128 + 14685178714*2^192,11804094063907295464 + 10729690610382825501*2^64 + 2377032752402187251*2^128 + 10208143355*2^192,17102477309419422120 + 14266343177640139400*2^64 + 5870812133126631382*2^128 + 7539406295*2^192,16575833347743203736 + 14663922704676244644*2^64 + 14794191726607996061*2^128 + 12376050704*2^192,1886098779494664456 + 194063429691921230*2^64 + 7134822157737105233*2^128 + 10899696582*2^192,3723864179061476016 + 18274754553344093306*2^64 + 12285854340226929012*2^128 + 4484610293*2^192,12113106748637785856 + 8371099730501074044*2^64 + 16861079114077640703*2^128 + 339420155*2^192;\
16007735976208772352 + 2565374055419956724*2^64 + 9176614432746196273*2^128 + 6035984751*2^192,10456103351009318656 + 16245406391909593909*2^64 + 11869157193803462680*2^128 + 1853571723*2^192,15593075861974508032 + 4936376023754466044*2^64 + 17842890809243614575*2^128 + 528762479*2^192,2270126021750107968 + 11619886348367179768*2^64 + 836510626729320807*2^128 + 774828434*2^192,16245160581254035072 + 1785072131230784296*2^64 + 6586603915602240967*2^128 + 1412396439*2^192,17960001705833885696 + 17719460835600289384*2^64 + 6558289112933300601*2^128 + 2964828845*2^192,1541475063458723584 + 5414333957482721203*2^64 + 13368815402243455753*2^128 + 2471263954*2^192,37065827138512896 + 11122641352650967978*2^64 + 4107619286709248395*2^128 + 5888688324*2^192,9671128350426111104 + 14098836312545439784*2^64 + 3278226555741461650*2^128 + 7594596293*2^192,5165179523194665280 + 5670924944658519277*2^64 + 60450421599392237*2^128 + 4146343260*2^192,14203076205323262976 + 11463035485674772312*2^64 + 6932325948219332191*2^128 + 2929083365*2^192,16658532013503246208 + 5921300109745535357*2^64 + 7569999171594676246*2^128 + 5064652794*2^192,12007792176275951744 + 563734243117855610*2^64 + 15240633111874611288*2^128 + 6580986369*2^192,15040505151749317888 + 9404251673945909782*2^64 + 4107016310184037762*2^128 + 3345135386*2^192,8160657677874242560 + 2220651982123159771*2^64 + 15542134602337390312*2^128 + 8466298418*2^192,11644703768987725568 + 13020925763215673581*2^64 + 6502492720251108518*2^128 + 8300946464*2^192,11291805253006947904 + 3124727914751465552*2^64 + 16280658419192633784*2^128 + 2231050975*2^192,5595338872374883712 + 11012598171398588194*2^64 + 7730405681865652185*2^128 + 5699557344*2^192;\
15643650768833205621 + 35979319831465905*2^64 + 12980143613348114121*2^128 + 5329418925*2^192,14198918465032569067 + 13919824930425258885*2^64 + 13976470483109510409*2^128 + 1924492507*2^192,7184216320519062055 + 6131991440494148120*2^64 + 6294653907753092936*2^128 + 13381034691*2^192,12874282134335156202 + 13174206134154930699*2^64 + 4259036793461694379*2^128 + 14403792463*2^192,9087995559722615797 + 9044007014737237289*2^64 + 2589895356695366663*2^128 + 3562537940*2^192,13984155645859181584 + 9139143521370696882*2^64 + 4003145069812084474*2^128 + 6624242184*2^192,13412230020644826224 + 15683746747952208873*2^64 + 4462147712329440541*2^128 + 2349484461*2^192,6661520331143792156 + 17697922886523491476*2^64 + 11827011292186399372*2^128 + 6497806187*2^192,4305261410472921768 + 7488355166608872187*2^64 + 4964424952779414444*2^128 + 1468767506*2^192,17214908353691695492 + 1392173605480486215*2^64 + 3517389813922571425*2^128 + 2808745504*2^192,15695096067777412 + 14965726302764978221*2^64 + 15002414195070369508*2^128 + 16917386549*2^192,9153907304747890836 + 13624285061892629065*2^64 + 18427457408625072726*2^128 + 1075303257*2^192,16445014572598752068 + 11943981763725579944*2^64 + 3352867703990506339*2^128 + 3390806195*2^192,12020700031957508260 + 11350232493235576683*2^64 + 14200750443405387102*2^128 + 9358392482*2^192,3503014107864831884 + 910920924440387202*2^64 + 16389315529935070263*2^128 + 5040888387*2^192,10052645556066240676 + 8760298728582429521*2^64 + 5807484897040279327*2^128 + 5662515722*2^192,10493038616863927864 + 6457165468196962394*2^64 + 8852844750440207071*2^128 + 9453760285*2^192,14422393916069424256 + 5457345652626500488*2^64 + 17467375317952645640*2^128 + 503202710*2^192]
/* 
This matrix times 2^(-4) should be the matrix of frobenius.
*/ 
B = 2^(-4) * A; 
/* Freed 5082 lists. */
The sign is: -1
The characteristic polynomial is: x^18 + x^17 - 3*x^16 - x^15 + 14*x^14 - 12*x^13 - 100*x^12 - 76*x^11 + 272*x^10 - 1088*x^8 + 1216*x^7 + 6400*x^6 + 3072*x^5 - 14336*x^4 + 4096*x^3 + 49152*x^2 - 65536*x - 262144
Its Newton polygon is: [2, 2, 2, 3/2, 3/2, 3/2, 3/2, 1, 1, 1, 1, 1/2, 1/2, 1/2, 1/2, 0, 0, 0]
Its factorization is: [x - 2, 1; x + 2, 1; x^16 + x^15 + x^14 + 3*x^13 + 18*x^12 - 28*x^10 - 76*x^9 + 160*x^8 - 304*x^7 - 448*x^6 + 4608*x^4 + 3072*x^3 + 4096*x^2 + 16384*x + 65536, 1]
The valuation of f-g is: 26
The valuation of subst(g,x,A) is: 24
