/* Comments begin... 
No set up needed.

Please input coefficients below.
Coefficient of   x^19                     = Coefficient of   x^6 * y^4 * z^1 * w^2   = Coefficient of   x^5 * y^1 * z^3 * w^2   = Coefficient of   x^3 * y^9 * z^1 * w^1   = Coefficient of   x^2 * y^6 * z^3 * w^1   = Coefficient of   x^1 * y^3 * z^5 * w^1   = Coefficient of   y^14 * z^1               = Coefficient of   y^1 * w^6               = Coefficient of   z^7 * w^1               = 
Here is the polynomial we're using this time:

1 + 0*2^64 + 0*2^128 + 0*2^192*x^19 + 1 + 0*2^64 + 0*2^128 + 0*2^192*x^6*y^4*z^1*w^2 + 1 + 0*2^64 + 0*2^128 + 0*2^192*x^5*y^1*z^3*w^2 + 1 + 0*2^64 + 0*2^128 + 0*2^192*x^1*y^3*z^5*w^1 + 1 + 0*2^64 + 0*2^128 + 0*2^192*y^14*z^1 + 1 + 0*2^64 + 0*2^128 + 0*2^192*y^1*w^6 + 1 + 0*2^64 + 0*2^128 + 0*2^192*z^7*w^1


Allocate G_len 20 elements and old = 0.
Allocate M_len = 400 elements.
Allocate G_len 40 elements and old = 20.
Allocate M_len = 800 elements.
Allocate G_len 80 elements and old = 40.
Allocate M_len = 1600 elements.
Allocate M_len = 3200 elements.
Allocate G_len 160 elements and old = 80.
Allocate M_len = 6400 elements.
Allocate M_len = 12800 elements.
Allocate G_len 320 elements and old = 160.
Allocate M_len = 25600 elements.
Allocate M_len = 51200 elements.
Allocate G_len 640 elements and old = 320.
Allocate M_len = 102400 elements.
Allocate M_len = 204800 elements.
Allocate G_len 1280 elements and old = 640.
Allocate M_len = 409600 elements.
Allocate M_len = 819200 elements.
Allocate G_len 2560 elements and old = 1280.
The final length of G is 923
[6, 4, 0, 2, 0]  	518	5 
[18, 0, 0, 0, 0]  	558	4  <--- 1
[5, 1, 3, 2, 0]  	589	4 
[1, 3, 5, 1, 0]  	589	4 
[5, 0, 5, 2, 0]  	694	6 
[5, 4, 0, 6, 0]  	855	6 
[5, 14, 3, 0, 0]  	886	7 
[17, 1, 2, 2, 0]  	890	7 
[14, 3, 5, 0, 0]  	900	7 
[4, 4, 0, 7, 0]  	916	7 
[14, 3, 4, 1, 0]  	921	7 
[17, 0, 3, 2, 0]  	924	7 
[14, 2, 5, 1, 0]  	955	7 
[12, 14, 1, 0, 0]  	961	6 
[16, 0, 4, 2, 0]  	964	13 
[5, 0, 4, 6, 0]  	991	9 
[13, 1, 0, 6, 0]  	992	6 
[13, 6, 4, 1, 0]  	1001	8 
[4, 9, 0, 6, 0]  	1009	10 
[13, 14, 0, 1, 0]  	1013	11 
[4, 6, 2, 6, 0]  	1040	10 
[6, 0, 3, 7, 0]  	1043	11 
[17, 14, 0, 0, 0]  	1045	8 
[13, 0, 0, 7, 0]  	1047	12 
[8, 3, 2, 6, 0]  	1053	15 
[4, 14, 6, 0, 0]  	1068	7 
[1, 3, 4, 7, 0]  	1070	5 
[4, 3, 4, 6, 0]  	1071	9 
[4, 0, 11, 2, 0]  	1089	9 
[12, 17, 0, 1, 0]  	1093	16 
[4, 13, 7, 0, 0]  	1102	7 
[12, 1, 2, 6, 0]  	1103	13 
[5, 0, 3, 8, 0]  	1104	6 
[9, 3, 1, 7, 0]  	1105	15 
[17, 0, 7, 1, 0]  	1116	7 
[2, 6, 4, 6, 0]  	1120	6 
[10, 5, 9, 0, 0]  	1134	12 
[12, 0, 3, 6, 0]  	1137	12 
[9, 6, 9, 0, 0]  	1140	11 
[7, 25, 0, 0, 0]  	1142	12 
[12, 1, 0, 8, 0]  	1145	14 
[13, 3, 9, 0, 0]  	1153	11 
[8, 13, 6, 0, 0]  	1155	12 
[4, 3, 13, 0, 0]  	1158	10 
[4, 1, 5, 7, 0]  	1160	11 
[3, 14, 0, 6, 0]  	1163	10 
[17, 0, 9, 0, 0]  	1166	11 
[9, 3, 11, 0, 0]  	1171	11 
[12, 0, 10, 1, 0]  	1174	11 
[9, 5, 10, 0, 0]  	1174	10 
[7, 24, 1, 0, 0]  	1176	14 
[12, 2, 9, 1, 0]  	1177	13 
[11, 13, 5, 0, 0]  	1177	12 
[8, 4, 11, 0, 0]  	1177	12 
[2, 14, 2, 5, 0]  	1182	9 
[8, 8, 9, 0, 0]  	1183	11 
[7, 5, 11, 0, 0]  	1183	11 
[6, 2, 13, 0, 0]  	1183	11 
[11, 1, 1, 8, 0]  	1185	13 
[4, 0, 6, 7, 0]  	1194	11 
[5, 7, 11, 0, 0]  	1195	11 
[4, 3, 2, 9, 0]  	1205	10 
[16, 0, 10, 0, 0]  	1206	10 
[16, 2, 9, 0, 0]  	1209	14 
[8, 3, 12, 0, 0]  	1211	9 
[4, 2, 13, 1, 0]  	1213	10 
[3, 13, 9, 0, 0]  	1213	10 
[11, 0, 11, 1, 0]  	1214	11 
[3, 6, 1, 9, 0]  	1214	9 
[8, 7, 10, 0, 0]  	1217	10 
[7, 4, 12, 0, 0]  	1217	10 
[2, 14, 9, 0, 0]  	1219	9 
[4, 3, 1, 10, 0]  	1226	11 
[16, 0, 9, 1, 0]  	1227	9 
[7, 3, 1, 9, 0]  	1227	13 
[12, 13, 4, 1, 0]  	1229	17 
[4, 7, 12, 0, 0]  	1235	11 
[13, 11, 6, 0, 0]  	1236	11 
[3, 1, 13, 2, 0]  	1237	9 
[5, 12, 9, 0, 0]  	1238	13 
[4, 0, 8, 6, 0]  	1244	10 
[3, 3, 3, 9, 0]  	1245	9 
[15, 0, 11, 0, 0]  	1246	12 
[4, 3, 0, 11, 0]  	1247	12 
[7, 3, 0, 10, 0]  	1248	10 
[6, 0, 15, 0, 0]  	1251	9 
[5, 16, 2, 4, 0]  	1257	12 
[5, 1, 15, 0, 0]  	1257	10 
[9, 24, 0, 1, 0]  	1259	15 
[9, 1, 12, 1, 0]  	1260	12 
[4, 2, 15, 0, 0]  	1263	9 
[5, 25, 0, 2, 0]  	1264	12 
[8, 2, 12, 1, 0]  	1266	12 
[13, 8, 8, 0, 0]  	1267	12 
[3, 8, 2, 8, 0]  	1267	9 
[3, 13, 2, 6, 0]  	1268	9 
[7, 1, 13, 1, 0]  	1269	11 
[3, 3, 15, 0, 0]  	1269	9 
[13, 10, 7, 0, 0]  	1270	15 
[3, 25, 1, 2, 0]  	1273	8 
[3, 12, 0, 8, 0]  	1273	8 
[4, 10, 11, 0, 0]  	1275	9 
[3, 7, 13, 0, 0]  	1275	8 
[2, 6, 1, 10, 0]  	1275	8 
[2, 4, 15, 0, 0]  	1275	8 
[4, 0, 15, 1, 0]  	1281	10 
[2, 28, 0, 2, 0]  	1282	8 
[3, 3, 1, 11, 0]  	1287	10 
[3, 1, 15, 1, 0]  	1287	10 
[4, 24, 0, 3, 0]  	1288	10 
[2, 5, 3, 9, 0]  	1288	8 
[5, 0, 16, 0, 0]  	1291	9 
[2, 4, 1, 11, 0]  	1293	8 
[4, 0, 10, 5, 0]  	1294	10 
[4, 19, 4, 2, 0]  	1295	10 
[3, 2, 12, 3, 0]  	1295	9 
[6, 30, 0, 0, 0]  	1296	12 
[11, 1, 0, 10, 0]  	1298	10 
[5, 24, 1, 2, 0]  	1298	10 
[3, 23, 5, 0, 0]  	1299	10 
[7, 2, 0, 11, 0]  	1303	11 
[6, 1, 1, 11, 0]  	1306	9 
[3, 19, 2, 4, 0]  	1306	7 
[2, 16, 4, 4, 0]  	1306	7 
[2, 3, 3, 10, 0]  	1306	7 
[4, 27, 0, 2, 0]  	1307	10 
[4, 0, 5, 9, 0]  	1307	10 
[3, 3, 0, 12, 0]  	1308	9 
[3, 8, 0, 10, 0]  	1309	9 
[3, 6, 14, 0, 0]  	1309	9 
[3, 10, 12, 0, 0]  	1315	10 
[3, 2, 11, 4, 0]  	1316	7 
[2, 14, 0, 8, 0]  	1316	6 
[3, 13, 4, 5, 0]  	1318	10 
[3, 12, 11, 0, 0]  	1318	9 
[10, 12, 8, 0, 0]  	1322	11 
[2, 13, 11, 0, 0]  	1324	8 
[10, 0, 13, 1, 0]  	1325	9 
[3, 0, 7, 8, 0]  	1326	9 
[6, 27, 2, 0, 0]  	1327	11 
[3, 6, 0, 11, 0]  	1327	9 
[3, 24, 1, 3, 0]  	1328	8 
[3, 11, 0, 9, 0]  	1328	8 
[2, 13, 2, 7, 0]  	1329	7 
[6, 29, 1, 0, 0]  	1330	10 
[4, 0, 17, 0, 0]  	1331	9 
[2, 21, 7, 0, 0]  	1336	7 
[3, 2, 10, 5, 0]  	1337	6 
[3, 1, 17, 0, 0]  	1337	6 
[2, 27, 0, 3, 0]  	1337	7 
[10, 1, 1, 10, 0]  	1338	8 
[4, 24, 2, 2, 0]  	1338	10 
[1, 3, 0, 13, 0]  	1338	7 
[3, 18, 3, 4, 0]  	1340	8 
[3, 5, 2, 10, 0]  	1340	9 
[3, 0, 15, 2, 0]  	1342	7 
[2, 2, 17, 0, 0]  	1343	6 
[2, 19, 3, 4, 0]  	1346	6 
[2, 24, 3, 2, 0]  	1347	6 
[2, 11, 2, 8, 0]  	1347	6 
[2, 3, 1, 12, 0]  	1348	7 
[2, 1, 15, 2, 0]  	1348	8 
[2, 21, 2, 4, 0]  	1349	6 
[1, 18, 4, 4, 0]  	1349	6 
[1, 5, 3, 10, 0]  	1349	6 
[1, 3, 17, 0, 0]  	1349	6 
[4, 18, 4, 3, 0]  	1350	8 
[3, 1, 12, 4, 0]  	1350	8 
[2, 26, 2, 2, 0]  	1350	8 
[2, 13, 1, 8, 0]  	1350	8 
[6, 29, 0, 1, 0]  	1351	13 
[8, 0, 0, 12, 0]  	1352	10 
[3, 0, 10, 6, 0]  	1355	7 
[2, 25, 0, 4, 0]  	1355	8 
[2, 10, 13, 0, 0]  	1355	7 
[14, 0, 13, 0, 0]  	1357	11 
[3, 24, 4, 1, 0]  	1357	10 
[3, 11, 3, 7, 0]  	1357	10 
[7, 1, 0, 12, 0]  	1358	9 
[2, 12, 12, 0, 0]  	1358	8 
[10, 1, 0, 11, 0]  	1359	8 
[1, 16, 0, 8, 0]  	1359	6 
[6, 0, 1, 12, 0]  	1361	8 
[2, 0, 17, 1, 0]  	1361	7 
[9, 0, 1, 11, 0]  	1362	8 
[3, 0, 14, 3, 0]  	1363	10 
[2, 9, 2, 9, 0]  	1365	6 
[1, 16, 4, 5, 0]  	1367	6 
[1, 15, 11, 0, 0]  	1367	6 
[1, 3, 3, 11, 0]  	1367	6 
[2, 24, 2, 3, 0]  	1368	7 
[2, 11, 1, 9, 0]  	1368	7 
[3, 1, 11, 5, 0]  	1371	9 
[1, 9, 0, 11, 0]  	1376	6 
[1, 14, 0, 9, 0]  	1377	5 
[1, 19, 0, 7, 0]  	1378	7 
[2, 26, 5, 0, 0]  	1379	8 
[1, 29, 0, 3, 0]  	1380	7 
[1, 0, 19, 0, 0]  	1380	5 
[2, 10, 3, 8, 0]  	1381	8 
[6, 26, 2, 1, 0]  	1382	12 
[1, 2, 18, 0, 0]  	1383	6 
[3, 0, 13, 4, 0]  	1384	6 
[2, 24, 1, 4, 0]  	1389	8 
[2, 11, 0, 10, 0]  	1389	8 
[2, 9, 14, 0, 0]  	1389	7 
[1, 13, 2, 8, 0]  	1390	5 
[2, 34, 1, 0, 0]  	1391	9 
[2, 21, 0, 6, 0]  	1391	10 
[1, 23, 2, 4, 0]  	1392	5 
[1, 10, 1, 10, 0]  	1392	5 
[1, 8, 15, 0, 0]  	1392	5 
[1, 12, 0, 10, 0]  	1395	6 
[1, 12, 13, 0, 0]  	1398	5 
[1, 32, 0, 2, 0]  	1399	6 
[0, 16, 1, 8, 0]  	1399	5 
[3, 20, 8, 0, 0]  	1401	7 
[1, 14, 12, 0, 0]  	1401	6 
[1, 2, 17, 1, 0]  	1404	6 
[3, 0, 12, 5, 0]  	1405	5 
[1, 9, 3, 9, 0]  	1405	5 
[1, 11, 2, 9, 0]  	1408	4 
[1, 16, 2, 7, 0]  	1409	5 
[2, 24, 0, 5, 0]  	1410	7 
[1, 20, 9, 0, 0]  	1410	5 
[1, 8, 1, 11, 0]  	1410	6 
[2, 2, 5, 10, 0]  	1411	5 
[2, 1, 12, 5, 0]  	1411	5 
[1, 26, 2, 3, 0]  	1411	4 
[1, 13, 1, 9, 0]  	1411	4 
[4, 0, 0, 14, 0]  	1412	8 
[2, 34, 0, 1, 0]  	1412	9 
[7, 0, 0, 13, 0]  	1413	11 
[0, 27, 2, 3, 0]  	1417	4 
[1, 35, 0, 1, 0]  	1418	7 
[4, 35, 0, 0, 0]  	1419	10 
[3, 2, 6, 9, 0]  	1421	6 
[1, 28, 5, 0, 0]  	1422	7 
[1, 15, 4, 6, 0]  	1422	6 
[2, 0, 14, 4, 0]  	1424	7 
[1, 9, 2, 10, 0]  	1426	5 
[1, 7, 16, 0, 0]  	1426	5 
[1, 27, 3, 2, 0]  	1427	4 
[1, 19, 2, 6, 0]  	1428	7 
[1, 6, 1, 12, 0]  	1428	7 
[0, 21, 4, 4, 0]  	1429	4 
[1, 29, 2, 2, 0]  	1430	5 
[0, 26, 4, 2, 0]  	1430	4 
[1, 11, 14, 0, 0]  	1432	5 
[0, 28, 3, 2, 0]  	1433	5 
[0, 25, 2, 4, 0]  	1435	4 
[0, 30, 2, 2, 0]  	1436	4 
[0, 16, 8, 3, 0]  	1436	4 
[2, 27, 4, 1, 0]  	1437	8 
[1, 1, 18, 1, 0]  	1438	5 
[0, 19, 0, 8, 0]  	1439	4 
[0, 14, 13, 0, 0]  	1441	4 
[2, 0, 0, 15, 0]  	1442	5 
[1, 1, 0, 15, 0]  	1448	5 
[0, 16, 3, 7, 0]  	1449	5 
[1, 1, 13, 5, 0]  	1451	4 
[0, 26, 3, 3, 0]  	1451	4 
[1, 34, 1, 1, 0]  	1452	6 
[0, 18, 2, 7, 0]  	1452	5 
[1, 25, 7, 0, 0]  	1453	6 
[0, 15, 1, 9, 0]  	1454	4 
[0, 14, 8, 4, 0]  	1454	4 
[2, 0, 8, 9, 0]  	1458	6 
[1, 1, 17, 2, 0]  	1459	5 
[0, 18, 6, 4, 0]  	1460	4 
[1, 0, 2, 14, 0]  	1461	5 
[2, 8, 0, 12, 0]  	1462	9 
[2, 0, 12, 6, 0]  	1466	4 
[0, 14, 3, 8, 0]  	1467	3 
[0, 13, 10, 3, 0]  	1467	3 
[0, 24, 3, 4, 0]  	1469	4 
[0, 15, 9, 3, 0]  	1470	4 
[1, 24, 0, 6, 0]  	1471	6 
[1, 1, 12, 6, 0]  	1472	3 
[0, 13, 1, 10, 0]  	1472	3 
[0, 12, 8, 5, 0]  	1472	3 
[2, 0, 16, 3, 0]  	1474	8 
[2, 0, 7, 10, 0]  	1479	5 
[1, 24, 4, 3, 0]  	1479	4 
[0, 15, 4, 7, 0]  	1483	4 
[0, 14, 11, 2, 0]  	1483	4 
[1, 0, 14, 5, 0]  	1485	3 
[0, 14, 2, 9, 0]  	1488	3 
[0, 13, 9, 4, 0]  	1488	3 
[0, 18, 9, 2, 0]  	1489	4 
[0, 24, 2, 5, 0]  	1490	4 
[0, 23, 9, 0, 0]  	1490	4 
[0, 2, 7, 10, 0]  	1491	3 
[0, 34, 2, 1, 0]  	1492	5 
[1, 0, 18, 2, 0]  	1493	6 
[0, 24, 6, 2, 0]  	1498	3 
[1, 1, 15, 4, 0]  	1501	2 
[0, 13, 4, 8, 0]  	1501	2 
[0, 12, 11, 3, 0]  	1501	2 
[1, 34, 3, 0, 0]  	1502	6 
[0, 10, 3, 10, 0]  	1503	2 
[0, 9, 10, 5, 0]  	1503	2 
[0, 2, 2, 14, 0]  	1504	3 
[2, 0, 10, 8, 0]  	1508	8 
[0, 12, 15, 0, 0]  	1509	3 
[1, 1, 10, 8, 0]  	1514	6 
[1, 0, 17, 3, 0]  	1514	5 
[0, 29, 5, 1, 0]  	1520	3 
[0, 20, 11, 0, 0]  	1521	3 
[0, 17, 10, 2, 0]  	1523	4 
[0, 2, 14, 5, 0]  	1528	2 
[0, 21, 8, 2, 0]  	1529	3 
[0, 37, 1, 1, 0]  	1532	3 
[0, 23, 7, 2, 0]  	1532	2 
[0, 10, 6, 8, 0]  	1532	2 
[0, 7, 5, 10, 0]  	1534	2 
[0, 6, 12, 5, 0]  	1534	2 
[1, 0, 16, 4, 0]  	1535	4 
[0, 1, 3, 14, 0]  	1538	2 
[0, 22, 9, 1, 0]  	1545	4 
[0, 21, 7, 3, 0]  	1550	3 
[0, 27, 0, 6, 0]  	1551	3 
[0, 26, 7, 1, 0]  	1551	3 
[0, 13, 6, 7, 0]  	1551	3 
[0, 37, 0, 2, 0]  	1553	2 
[0, 23, 6, 3, 0]  	1553	3 
[1, 31, 4, 1, 0]  	1554	6 
[0, 1, 2, 15, 0]  	1559	1 
[0, 0, 9, 10, 0]  	1559	1 
[0, 1, 15, 5, 0]  	1562	2 
[0, 7, 8, 8, 0]  	1563	2 
[1, 0, 10, 9, 0]  	1569	3 
[0, 40, 0, 1, 0]  	1572	2 
[0, 33, 5, 0, 0]  	1576	6 
[0, 5, 8, 9, 0]  	1581	2 
[0, 37, 3, 0, 0]  	1582	3 
[0, 1, 14, 6, 0]  	1583	2 
[0, 8, 0, 14, 0]  	1584	2 
[0, 26, 1, 6, 0]  	1585	5 
[0, 41, 1, 0, 0]  	1588	3 
[0, 13, 13, 2, 0]  	1588	3 
[0, 11, 5, 9, 0]  	1590	1 
[0, 10, 12, 4, 0]  	1590	1 
[0, 0, 3, 15, 0]  	1593	1 
[0, 4, 10, 8, 0]  	1594	2 
[0, 0, 16, 5, 0]  	1596	1 
[0, 24, 1, 7, 0]  	1603	3 
[0, 2, 10, 9, 0]  	1612	1 
[0, 1, 17, 4, 0]  	1612	1 
[0, 11, 17, 0, 0]  	1614	1 
[0, 0, 2, 16, 0]  	1614	1 
[0, 8, 7, 9, 0]  	1621	1 
[0, 7, 14, 4, 0]  	1621	1 
[0, 14, 0, 12, 0]  	1622	3 
[0, 9, 13, 4, 0]  	1624	1 
[0, 1, 12, 8, 0]  	1625	2 
[0, 0, 23, 0, 0]  	1633	1  <--- 3
[0, 0, 5, 14, 0]  	1643	1 
[0, 31, 7, 0, 0]  	1644	4 
[0, 8, 19, 0, 0]  	1645	1 
[0, 4, 16, 4, 0]  	1652	1 
[0, 6, 15, 4, 0]  	1655	1 
[1, 2, 5, 13, 0]  	1656	2 
[0, 11, 15, 2, 0]  	1656	2 
[0, 45, 0, 0, 0]  	1665	3  <--- 2
[0, 11, 1, 13, 0]  	1674	1 
[0, 9, 15, 3, 0]  	1674	1 
[0, 5, 21, 0, 0]  	1676	1 
[0, 0, 12, 9, 0]  	1680	1 
[0, 1, 0, 18, 0]  	1693	2 
[0, 8, 3, 13, 0]  	1705	1 
[0, 6, 17, 3, 0]  	1705	1 
[0, 0, 19, 4, 0]  	1717	1 
[0, 5, 5, 13, 0]  	1736	1 
[0, 3, 19, 3, 0]  	1736	1 
[0, 0, 0, 19, 0]  	1748	1  <--- 4
[0, 0, 21, 3, 0]  	1767	1 
[6, 4, 1, 1, 1]  	497	5 
[4, 14, 1, 1, 1]  	805	6 
[6, 1, 0, 7, 1]  	867	8 
[17, 1, 3, 1, 1]  	869	7 
[13, 15, 0, 0, 1]  	958	10 
[5, 1, 2, 7, 1]  	978	5 
[16, 1, 5, 1, 1]  	980	13 
[12, 17, 0, 0, 1]  	1001	12 
[16, 14, 0, 0, 1]  	1014	12 
[17, 1, 0, 5, 1]  	1024	8 
[15, 0, 7, 1, 1]  	1054	13 
[4, 2, 11, 1, 1]  	1071	11 
[17, 13, 1, 0, 1]  	1079	8 
[9, 2, 9, 1, 1]  	1084	14 
[4, 1, 4, 7, 1]  	1089	10 
[7, 0, 11, 1, 1]  	1090	11 
[13, 9, 5, 0, 1]  	1091	12 
[7, 24, 0, 0, 1]  	1105	14 
[3, 15, 0, 5, 1]  	1108	11 
[4, 25, 1, 0, 1]  	1120	10 
[13, 6, 7, 0, 1]  	1122	11 
[8, 2, 10, 1, 1]  	1124	12 
[3, 14, 1, 5, 1]  	1142	9 
[10, 13, 5, 0, 1]  	1146	14 
[8, 7, 9, 0, 1]  	1146	13 
[14, 0, 9, 1, 1]  	1165	15 
[17, 2, 8, 0, 1]  	1169	11 
[4, 2, 6, 6, 1]  	1176	13 
[3, 2, 13, 1, 1]  	1182	9 
[6, 27, 0, 0, 1]  	1185	13 
[16, 13, 3, 0, 1]  	1190	10 
[3, 1, 6, 7, 1]  	1200	9 
[6, 0, 13, 1, 1]  	1201	10 
[5, 1, 13, 1, 1]  	1207	13 
[4, 2, 0, 11, 1]  	1210	10 
[3, 1, 1, 11, 1]  	1213	10 
[3, 15, 8, 0, 1]  	1216	12 
[3, 3, 0, 11, 1]  	1216	10 
[5, 2, 1, 10, 1]  	1220	11 
[4, 24, 3, 0, 1]  	1225	11 
[4, 2, 8, 5, 1]  	1226	10 
[5, 24, 0, 2, 1]  	1227	11 
[3, 4, 1, 10, 1]  	1232	9 
[3, 27, 2, 0, 1]  	1234	9 
[3, 1, 0, 12, 1]  	1234	9 
[4, 0, 4, 9, 1]  	1236	10 
[5, 13, 2, 5, 1]  	1238	13 
[3, 16, 4, 3, 1]  	1245	9 
[3, 1, 8, 6, 1]  	1250	10 
[3, 18, 7, 0, 1]  	1256	10 
[8, 12, 8, 0, 1]  	1260	13 
[3, 21, 3, 2, 1]  	1267	8 
[3, 0, 1, 12, 1]  	1268	9 
[6, 0, 1, 11, 1]  	1269	10 
[2, 1, 1, 12, 1]  	1274	7 
[4, 11, 4, 5, 1]  	1275	9 
[2, 19, 2, 4, 1]  	1275	8 
[4, 2, 10, 4, 1]  	1276	10 
[4, 1, 3, 10, 1]  	1294	9 
[2, 2, 6, 8, 1]  	1298	7 
[2, 21, 0, 5, 1]  	1299	9 
[11, 1, 13, 0, 1]  	1301	13 
[3, 0, 8, 7, 1]  	1305	8 
[1, 22, 0, 5, 1]  	1305	6 
[2, 2, 10, 5, 1]  	1306	7 
[5, 0, 2, 11, 1]  	1309	10 
[1, 2, 8, 7, 1]  	1317	5 
[3, 0, 3, 11, 1]  	1318	10 
[2, 2, 5, 9, 1]  	1319	7 
[4, 0, 0, 13, 1]  	1320	11 
[2, 1, 3, 11, 1]  	1324	8 
[2, 19, 4, 3, 1]  	1325	8 
[2, 2, 9, 6, 1]  	1327	7 
[3, 29, 1, 1, 1]  	1329	8 
[1, 15, 4, 5, 1]  	1330	8 
[1, 14, 11, 0, 1]  	1330	7 
[2, 15, 1, 7, 1]  	1332	8 
[2, 2, 0, 13, 1]  	1332	8 
[1, 19, 2, 5, 1]  	1336	7 
[1, 18, 9, 0, 1]  	1336	7 
[1, 6, 1, 11, 1]  	1336	6 
[2, 2, 4, 10, 1]  	1340	8 
[1, 28, 0, 3, 1]  	1343	6 
[1, 2, 11, 5, 1]  	1346	6 
[3, 0, 6, 9, 1]  	1347	6 
[3, 24, 0, 4, 1]  	1349	6 
[1, 29, 1, 2, 1]  	1359	6 
[1, 2, 6, 9, 1]  	1359	6 
[3, 26, 3, 1, 1]  	1360	9 
[2, 22, 3, 3, 1]  	1365	6 
[1, 2, 10, 6, 1]  	1367	6 
[3, 0, 5, 10, 1]  	1368	6 
[2, 1, 14, 3, 1]  	1369	7 
[2, 20, 8, 0, 1]  	1370	9 
[2, 8, 0, 11, 1]  	1370	8 
[1, 15, 2, 7, 1]  	1372	6 
[1, 2, 1, 13, 1]  	1372	6 
[2, 1, 5, 10, 1]  	1374	7 
[2, 1, 18, 0, 1]  	1377	5 
[1, 27, 1, 3, 1]  	1377	5 
[1, 2, 5, 10, 1]  	1380	5 
[1, 1, 12, 5, 1]  	1380	5 
[3, 0, 0, 14, 1]  	1381	8 
[2, 23, 4, 2, 1]  	1381	8 
[2, 1, 0, 14, 1]  	1387	6 
[3, 35, 0, 0, 1]  	1388	9 
[1, 26, 3, 2, 1]  	1390	5 
[1, 15, 1, 8, 1]  	1393	6 
[1, 2, 0, 14, 1]  	1393	6 
[1, 25, 1, 4, 1]  	1395	6 
[2, 26, 4, 1, 1]  	1400	8 
[2, 0, 2, 13, 1]  	1400	8 
[1, 2, 4, 11, 1]  	1401	7 
[1, 22, 4, 3, 1]  	1405	5 
[1, 14, 3, 7, 1]  	1406	6 
[1, 1, 2, 13, 1]  	1406	6 
[1, 24, 3, 3, 1]  	1408	4 
[0, 18, 4, 5, 1]  	1410	5 
[0, 14, 1, 9, 1]  	1417	4 
[0, 16, 0, 9, 1]  	1420	5 
[2, 0, 1, 14, 1]  	1421	5 
[0, 34, 1, 1, 1]  	1421	5 
[1, 2, 3, 12, 1]  	1422	7 
[1, 22, 3, 4, 1]  	1426	5 
[1, 1, 1, 14, 1]  	1427	5 
[1, 32, 3, 0, 1]  	1428	7 
[2, 0, 5, 11, 1]  	1429	4 
[1, 1, 14, 4, 1]  	1430	4 
[2, 37, 0, 0, 1]  	1431	9 
[0, 15, 2, 8, 1]  	1433	5 
[1, 1, 5, 11, 1]  	1435	5 
[2, 0, 9, 8, 1]  	1437	8 
[2, 29, 3, 1, 1]  	1440	7 
[0, 15, 6, 5, 1]  	1441	4 
[0, 34, 0, 2, 1]  	1442	4 
[0, 23, 2, 5, 1]  	1453	5 
[1, 1, 4, 12, 1]  	1456	7 
[0, 16, 7, 4, 1]  	1457	4 
[0, 27, 0, 5, 1]  	1459	5 
[0, 32, 0, 3, 1]  	1460	4 
[0, 21, 2, 6, 1]  	1471	5 
[2, 32, 2, 1, 1]  	1480	7 
[1, 29, 4, 1, 1]  	1480	7 
[1, 1, 16, 3, 1]  	1480	6 
[0, 28, 5, 1, 1]  	1483	4 
[0, 32, 3, 1, 1]  	1489	4 
[0, 3, 0, 15, 1]  	1491	3 
[0, 21, 1, 7, 1]  	1492	5 
[2, 31, 4, 0, 1]  	1493	7 
[0, 6, 5, 10, 1]  	1497	3 
[1, 0, 9, 9, 1]  	1498	3 
[0, 31, 5, 0, 1]  	1502	5 
[1, 0, 0, 16, 1]  	1503	2 
[1, 40, 0, 0, 1]  	1511	7 
[0, 24, 1, 6, 1]  	1511	5 
[0, 20, 7, 3, 1]  	1513	3 
[0, 24, 5, 3, 1]  	1519	3 
[0, 3, 3, 13, 1]  	1520	3 
[0, 13, 3, 9, 1]  	1522	3 
[0, 12, 10, 4, 1]  	1522	2 
[0, 9, 0, 13, 1]  	1529	3 
[0, 26, 8, 0, 1]  	1530	5 
[0, 5, 6, 10, 1]  	1531	3 
[0, 24, 0, 7, 1]  	1532	2 
[1, 0, 7, 11, 1]  	1540	2 
[0, 36, 3, 0, 1]  	1545	5 
[0, 40, 1, 0, 1]  	1551	3 
[0, 5, 5, 11, 1]  	1552	3 
[0, 6, 2, 13, 1]  	1560	3 
[0, 8, 1, 13, 1]  	1563	2 
[0, 1, 10, 9, 1]  	1575	2 
[0, 11, 1, 12, 1]  	1582	3 
[0, 7, 7, 9, 1]  	1584	2 
[0, 43, 0, 0, 1]  	1591	3 
[0, 2, 5, 13, 1]  	1625	2 
[6, 3, 1, 2, 2]  	552	5 
[1, 17, 1, 0, 2]  	731	4 
[5, 15, 1, 0, 2]  	781	5 
[5, 2, 2, 6, 2]  	923	7 
[1, 16, 5, 0, 2]  	978	4 
[2, 6, 10, 0, 2]  	994	6 
[4, 14, 5, 0, 2]  	997	8 
[5, 13, 4, 1, 2]  	1012	6 
[15, 13, 1, 0, 2]  	1017	13 
[3, 8, 9, 0, 2]  	1028	7 
[13, 1, 7, 1, 2]  	1029	9 
[8, 13, 5, 0, 2]  	1084	13 
[12, 0, 9, 1, 2]  	1103	12 
[12, 2, 8, 1, 2]  	1106	12 
[11, 1, 9, 1, 2]  	1109	11 
[14, 13, 3, 0, 2]  	1128	12 
[11, 0, 10, 1, 2]  	1143	11 
[3, 15, 7, 0, 2]  	1145	11 
[5, 11, 2, 5, 2]  	1164	12 
[4, 13, 2, 5, 2]  	1207	12 
[1, 15, 9, 0, 2]  	1225	5 
[5, 0, 1, 11, 2]  	1238	12 
[4, 10, 4, 5, 2]  	1238	12 
[3, 11, 4, 5, 2]  	1244	10 
[7, 1, 14, 0, 2]  	1248	9 
[3, 2, 5, 8, 2]  	1258	9 
[4, 21, 0, 4, 2]  	1269	11 
[3, 22, 0, 4, 2]  	1275	9 
[2, 13, 4, 5, 2]  	1287	9 
[3, 13, 1, 7, 2]  	1289	10 
[2, 16, 0, 7, 2]  	1298	7 
[3, 15, 4, 4, 2]  	1300	10 
[2, 9, 0, 10, 2]  	1315	8 
[1, 16, 2, 6, 2]  	1317	5 
[2, 2, 13, 3, 2]  	1335	7 
[1, 9, 1, 10, 2]  	1355	6 
[2, 2, 12, 4, 2]  	1356	7 
[1, 13, 12, 0, 2]  	1364	7 
[1, 8, 2, 10, 2]  	1389	6 
[2, 1, 13, 4, 2]  	1390	6 
[1, 0, 5, 11, 2]  	1398	5 
[2, 0, 15, 3, 2]  	1403	6 
[1, 1, 15, 3, 2]  	1409	5 
[0, 29, 1, 3, 2]  	1420	6 
[1, 0, 12, 6, 2]  	1435	4 
[0, 27, 1, 4, 2]  	1438	5 
[1, 1, 9, 8, 2]  	1443	6 
[0, 24, 4, 3, 2]  	1448	3 
[1, 0, 15, 4, 2]  	1464	4 
[0, 3, 1, 14, 2]  	1470	3 
[0, 15, 0, 10, 2]  	1475	5 
[0, 6, 0, 14, 2]  	1510	3 
[1, 0, 4, 13, 2]  	1511	7 
[0, 11, 4, 9, 2]  	1519	2 
[0, 2, 1, 15, 2]  	1525	3 
[0, 28, 7, 0, 2]  	1533	5 
[0, 2, 9, 9, 2]  	1541	2 
[0, 2, 0, 16, 2]  	1546	3 
[1, 0, 11, 8, 2]  	1548	7 
[0, 42, 0, 0, 2]  	1554	5 
[8, 2, 9, 1, 3]  	1053	14 
[11, 1, 2, 6, 3]  	1072	13 
[13, 13, 3, 0, 3]  	1097	10 
[16, 1, 2, 5, 3]  	1135	13 
[0, 27, 2, 0, 3]  	1141	5 
[1, 14, 1, 6, 3]  	1172	6 
[3, 14, 8, 0, 3]  	1179	10 
[8, 1, 13, 0, 3]  	1208	12 
[3, 6, 0, 10, 3]  	1235	10 
[3, 1, 4, 9, 3]  	1242	9 
[3, 0, 15, 1, 3]  	1250	9 
[2, 2, 15, 1, 3]  	1293	8 
[2, 5, 2, 10, 3]  	1309	8 
[2, 1, 6, 9, 3]  	1353	7 
[2, 1, 10, 6, 3]  	1361	7 
[2, 0, 3, 12, 3]  	1379	7 
[0, 30, 0, 3, 3]  	1386	5 
[2, 0, 7, 9, 3]  	1387	7 
[1, 27, 0, 4, 3]  	1398	5 
[1, 1, 11, 6, 3]  	1401	6 
[1, 1, 6, 10, 3]  	1414	5 
[2, 0, 10, 7, 3]  	1416	7 
[1, 1, 10, 7, 3]  	1422	6 
[1, 0, 8, 9, 3]  	1427	4 
[1, 0, 3, 13, 3]  	1440	5 
[0, 37, 1, 0, 3]  	1440	5 
[0, 29, 0, 4, 3]  	1441	5 
[1, 0, 7, 10, 3]  	1448	4 
[0, 22, 0, 7, 3]  	1458	4 
[0, 9, 3, 10, 3]  	1466	3 
[1, 0, 10, 8, 3]  	1477	5 
[0, 21, 6, 3, 3]  	1479	3 
[0, 40, 0, 0, 3]  	1480	5 
[1, 0, 1, 15, 3]  	1482	4 
[0, 23, 5, 3, 3]  	1482	3 
[0, 20, 8, 2, 3]  	1492	4 
[0, 38, 0, 1, 3]  	1498	3 
[0, 8, 4, 10, 3]  	1500	3 
[0, 8, 3, 11, 3]  	1521	3 
[0, 8, 6, 9, 3]  	1550	2 
[12, 2, 0, 6, 4]  	998	10 
[5, 5, 11, 0, 4]  	1121	10 
[3, 0, 8, 6, 4]  	1213	9 
[2, 3, 1, 11, 4]  	1256	9 
[4, 13, 4, 4, 4]  	1257	10 
[3, 14, 4, 4, 4]  	1263	9 
[2, 2, 2, 11, 4]  	1290	8 
[3, 2, 3, 10, 4]  	1300	9 
[2, 1, 8, 7, 4]  	1311	8 
[1, 26, 0, 4, 4]  	1361	6 
[0, 28, 0, 4, 4]  	1404	5 
[1, 0, 0, 15, 4]  	1411	4 
[0, 32, 1, 2, 4]  	1439	4 
[0, 37, 0, 1, 4]  	1461	4 
[0, 19, 11, 0, 4]  	1484	4 
[0, 10, 5, 9, 4]  	1553	2 
[0, 1, 7, 13, 4]  	1730	2 
[3, 16, 2, 4, 5]  	1195	10 
[3, 0, 18, 0, 5]  	1371	8 
[2, 0, 12, 5, 5]  	1374	6 
[0, 20, 5, 4, 5]  	1463	4 
[2, 0, 10, 6, 6]  	1324	7 
[2, 0, 4, 11, 6]  	1358	7 
[2, 0, 8, 8, 6]  	1366	6 
[2, 0, 6, 10, 6]  	1408	5 
[1, 38, 0, 0, 6]  	1437	6 
[2, 24, 0, 4, 7]  	1318	8 
[0, 25, 8, 1, 7]  	1585	4 
[4, 1, 13, 1, 8]  	1176	12 
[1, 2, 13, 4, 8]  	1396	6 
[0, 26, 0, 6, 8]  	1514	4 
[0, 14, 2, 8, 245]  	1396	4 
[4, 2, 14, 0, 248]  	1192	8 
[3, 3, 2, 10, 248]  	1266	8 
[2, 13, 0, 9, 248]  	1371	5 
[1, 12, 1, 9, 248]  	1374	3 
[0, 12, 6, 7, 248]  	1514	2 
[3, 13, 2, 5, 249]  	1176	9 
[3, 4, 14, 0, 249]  	1235	9 
[3, 1, 10, 5, 249]  	1300	7 
[3, 2, 16, 0, 249]  	1303	7 
[2, 3, 16, 0, 249]  	1309	7 
[1, 8, 1, 10, 249]  	1318	6 
[2, 12, 0, 9, 249]  	1334	5 
[1, 10, 14, 0, 249]  	1395	5 
[4, 2, 13, 0, 250]  	1121	8 
[3, 3, 1, 10, 250]  	1195	9 
[2, 3, 15, 0, 250]  	1238	6 
[4, 1, 16, 0, 250]  	1297	7 
[1, 1, 1, 13, 250]  	1335	5 
[1, 1, 4, 11, 250]  	1364	6 
[1, 1, 3, 12, 250]  	1385	5 
[0, 22, 1, 6, 250]  	1437	4 
[0, 20, 9, 1, 250]  	1471	4 
[0, 10, 11, 4, 250]  	1519	1 
[1, 3, 15, 0, 251]  	1207	5 
[3, 2, 15, 0, 251]  	1232	8 
[2, 2, 8, 6, 251]  	1256	8 
[4, 2, 2, 10, 251]  	1260	8 
[1, 9, 0, 10, 251]  	1284	6 
[0, 19, 2, 5, 251]  	1305	4 
[2, 0, 15, 2, 251]  	1311	6 
[1, 4, 3, 10, 251]  	1312	5 
[1, 11, 2, 8, 251]  	1316	3 
[1, 8, 0, 11, 251]  	1339	5 
[1, 1, 0, 14, 251]  	1356	4 
[1, 11, 13, 0, 251]  	1361	5 
[0, 13, 11, 2, 251]  	1446	3 
[0, 22, 9, 0, 251]  	1453	4 
[1, 3, 12, 0, 252]  	994	5 
[1, 5, 0, 10, 252]  	1136	6 
[1, 1, 0, 12, 252]  	1172	4 
[1, 4, 0, 11, 252]  	1191	5 
[2, 4, 1, 10, 252]  	1201	6 
[4, 1, 15, 0, 252]  	1226	8 
[3, 15, 3, 4, 252]  	1229	8 
[4, 0, 3, 10, 252]  	1257	7 
[1, 11, 4, 6, 252]  	1274	3 
[1, 14, 4, 5, 252]  	1293	5 
[1, 13, 2, 7, 252]  	1298	5 
[1, 11, 1, 9, 252]  	1337	4 
[1, 2, 7, 8, 252]  	1338	5 
[0, 35, 1, 0, 252]  	1366	5 
[0, 15, 8, 3, 252]  	1399	4 
[1, 0, 18, 1, 252]  	1401	5 
[0, 21, 5, 3, 252]  	1408	3 
[0, 7, 11, 4, 252]  	1408	1 
[0, 13, 4, 7, 252]  	1409	3 
[0, 15, 3, 7, 252]  	1412	5 
[1, 0, 17, 2, 252]  	1422	5 
[0, 23, 3, 4, 252]  	1432	2 
[0, 21, 8, 1, 252]  	1437	3 
[0, 10, 6, 7, 252]  	1440	1 
[0, 11, 3, 9, 252]  	1448	2 
[0, 23, 6, 2, 252]  	1461	3 
[0, 8, 10, 5, 252]  	1466	1 
[0, 25, 7, 1, 252]  	1514	3 
[0, 7, 10, 6, 252]  	1521	1 
[0, 10, 1, 12, 252]  	1545	2 
[0, 0, 14, 8, 252]  	1730	1 
[1, 3, 4, 6, 253]  	978	3 
[5, 4, 11, 0, 253]  	1084	7 
[16, 0, 9, 0, 253]  	1135	10 
[10, 4, 10, 0, 253]  	1168	5 
[1, 4, 1, 10, 253]  	1170	3 
[3, 2, 0, 11, 253]  	1179	8 
[2, 13, 9, 0, 253]  	1182	5 
[4, 2, 1, 10, 253]  	1189	9 
[2, 11, 0, 8, 253]  	1205	5 
[2, 11, 4, 5, 253]  	1213	7 
[1, 2, 8, 6, 253]  	1225	4 
[3, 0, 11, 4, 253]  	1242	6 
[1, 11, 1, 8, 253]  	1245	4 
[2, 4, 3, 9, 253]  	1251	4 
[1, 12, 11, 0, 253]  	1256	5 
[0, 14, 4, 5, 253]  	1262	4 
[3, 1, 3, 10, 253]  	1263	7 
[3, 0, 10, 5, 253]  	1263	6 
[1, 21, 0, 5, 253]  	1268	5 
[2, 15, 4, 4, 253]  	1269	8 
[1, 16, 4, 4, 253]  	1275	5 
[1, 14, 0, 8, 253]  	1285	3 
[3, 0, 0, 13, 253]  	1289	8 
[2, 0, 16, 1, 253]  	1290	6 
[1, 25, 0, 4, 253]  	1324	6 
[0, 14, 1, 8, 253]  	1325	4 
[2, 11, 3, 7, 253]  	1326	6 
[1, 2, 3, 11, 253]  	1330	5 
[2, 0, 14, 3, 253]  	1332	6 
[0, 11, 4, 7, 253]  	1335	1 
[0, 22, 1, 5, 253]  	1345	4 
[0, 24, 4, 2, 253]  	1356	2 
[0, 23, 2, 4, 253]  	1361	2 
[0, 21, 7, 1, 253]  	1366	2 
[0, 14, 3, 7, 253]  	1375	1 
[0, 13, 10, 2, 253]  	1375	3 
[0, 24, 3, 3, 253]  	1377	3 
[0, 15, 9, 2, 253]  	1378	4 
[0, 16, 6, 4, 253]  	1386	4 
[0, 23, 5, 2, 253]  	1390	2 
[0, 11, 1, 10, 253]  	1398	2 
[0, 21, 1, 6, 253]  	1400	4 
[0, 23, 4, 3, 253]  	1411	3 
[0, 15, 7, 4, 253]  	1420	3 
[0, 18, 7, 3, 253]  	1439	3 
[0, 2, 5, 11, 253]  	1441	3 
[1, 0, 16, 3, 253]  	1443	4 
[0, 3, 6, 10, 253]  	1457	3 
[0, 7, 4, 10, 253]  	1463	2 
[0, 6, 11, 5, 253]  	1463	1 
[0, 7, 3, 11, 253]  	1484	2 
[0, 6, 10, 6, 253]  	1484	1 
[0, 8, 0, 13, 253]  	1492	3 
[0, 13, 0, 12, 253]  	1585	3 
[5, 0, 3, 2, 254]  	552	4 
[1, 4, 0, 6, 254]  	731	3 
[1, 3, 9, 0, 254]  	781	3 
[12, 1, 7, 1, 254]  	998	9 
[2, 6, 4, 5, 254]  	1028	5 
[0, 14, 1, 5, 254]  	1049	4 
[1, 17, 0, 5, 254]  	1120	5 
[0, 13, 9, 0, 254]  	1120	3 
[4, 17, 0, 4, 254]  	1121	10 
[4, 3, 1, 9, 254]  	1134	9 
[3, 2, 6, 6, 254]  	1145	9 
[3, 15, 2, 4, 254]  	1158	9 
[3, 2, 1, 10, 254]  	1158	8 
[2, 16, 2, 4, 254]  	1164	6 
[4, 1, 8, 5, 254]  	1189	7 
[3, 1, 15, 0, 254]  	1195	6 
[4, 24, 0, 2, 254]  	1196	9 
[3, 0, 13, 2, 254]  	1200	3 
[2, 2, 1, 11, 254]  	1219	7 
[5, 0, 15, 0, 254]  	1220	7 
[2, 1, 2, 11, 254]  	1253	7 
[3, 1, 12, 3, 254]  	1258	6 
[2, 25, 0, 3, 254]  	1263	5 
[2, 2, 3, 10, 254]  	1269	7 
[3, 27, 0, 2, 254]  	1276	7 
[0, 23, 5, 1, 254]  	1298	2 
[2, 1, 17, 0, 254]  	1306	6 
[0, 13, 8, 3, 254]  	1325	3 
[1, 1, 18, 0, 254]  	1346	3 
[1, 0, 15, 3, 254]  	1372	3 
[1, 2, 14, 3, 254]  	1375	5 
[0, 15, 0, 9, 254]  	1383	3 
[1, 0, 9, 8, 254]  	1406	4 
[0, 4, 10, 6, 254]  	1410	1 
[0, 5, 11, 5, 254]  	1426	1 
[0, 14, 0, 10, 254]  	1438	2 
[0, 12, 14, 0, 254]  	1438	2 
[0, 12, 13, 1, 254]  	1459	2 
[0, 1, 2, 14, 254]  	1467	2 
[0, 1, 15, 4, 254]  	1470	1 
[0, 10, 4, 9, 254]  	1482	2 
[0, 2, 3, 13, 254]  	1483	3 
[0, 0, 2, 15, 254]  	1522	1 
[0, 5, 2, 13, 254]  	1523	2 
[0, 0, 15, 5, 254]  	1525	1 
[0, 4, 13, 5, 254]  	1531	1 
[0, 0, 14, 6, 254]  	1546	1 
[1, 3, 5, 0, 255]  	497	2 
[4, 0, 7, 2, 255]  	805	3 
[1, 3, 2, 6, 255]  	836	2 
[0, 14, 5, 0, 255]  	873	1 
[0, 11, 7, 0, 255]  	904	1 
[3, 0, 9, 2, 255]  	916	3 
[0, 8, 9, 0, 255]  	935	1 
[4, 0, 4, 6, 255]  	960	6 
[0, 5, 11, 0, 255]  	966	1 
[2, 5, 4, 5, 255]  	991	6 
[0, 2, 13, 0, 255]  	997	1 
[2, 2, 11, 1, 255]  	1009	5 
[15, 0, 0, 6, 255]  	1017	7 
[17, 0, 7, 0, 255]  	1024	2 
[2, 0, 11, 2, 255]  	1027	2 
[0, 14, 2, 4, 255]  	1028	1 
[1, 15, 0, 5, 255]  	1046	5 
[1, 3, 0, 10, 255]  	1062	2 
[0, 0, 15, 0, 255]  	1065	1 
[3, 0, 6, 6, 255]  	1071	6 
[11, 0, 9, 1, 255]  	1072	7 
[1, 2, 6, 6, 255]  	1083	5 
[13, 0, 2, 6, 255]  	1097	6 
[1, 2, 0, 11, 255]  	1117	5 
[1, 0, 13, 2, 255]  	1138	2 
[3, 1, 13, 1, 255]  	1145	7 
[1, 1, 1, 11, 255]  	1151	4 
[4, 1, 1, 10, 255]  	1152	4 
[3, 14, 4, 3, 255]  	1171	7 
[2, 25, 0, 2, 255]  	1171	4 
[2, 0, 8, 6, 255]  	1182	6 
[4, 1, 3, 9, 255]  	1202	7 
[7, 0, 1, 10, 255]  	1208	8 
[2, 16, 4, 3, 255]  	1214	7 
[0, 24, 2, 2, 255]  	1214	3 
[5, 0, 2, 10, 255]  	1217	2 
[3, 13, 4, 4, 255]  	1226	5 
[2, 0, 1, 12, 255]  	1237	4 
[0, 11, 4, 6, 255]  	1243	1 
[0, 14, 0, 8, 255]  	1254	1 
[8, 0, 0, 11, 255]  	1260	8 
[11, 0, 0, 10, 255]  	1261	3 
[0, 8, 6, 6, 255]  	1274	1 
[2, 0, 3, 11, 255]  	1287	7 
[1, 29, 0, 2, 255]  	1288	4 
[1, 2, 5, 9, 255]  	1288	3 
[0, 5, 8, 6, 255]  	1305	1 
[1, 0, 4, 11, 255]  	1327	4 
[0, 34, 1, 0, 255]  	1329	4 
[0, 2, 10, 6, 255]  	1336	1 
[1, 0, 12, 5, 255]  	1343	4 
[1, 0, 3, 12, 255]  	1348	4 
[1, 0, 11, 6, 255]  	1364	2 
[0, 22, 0, 6, 255]  	1366	3 
[0, 13, 6, 5, 255]  	1367	3 
[1, 1, 8, 8, 255]  	1372	5 
[0, 22, 4, 3, 255]  	1374	2 
[1, 34, 0, 1, 255]  	1381	3 
[1, 0, 10, 7, 255]  	1385	3 
[1, 0, 1, 14, 255]  	1390	4 
[1, 1, 7, 9, 255]  	1393	5 
[1, 37, 0, 0, 255]  	1400	5 
[0, 0, 12, 6, 255]  	1404	1 
[0, 8, 3, 10, 255]  	1429	2 
[0, 13, 3, 8, 255]  	1430	3 
[0, 0, 2, 14, 255]  	1430	1 
[0, 5, 6, 9, 255]  	1439	2 
[0, 3, 2, 13, 255]  	1449	2 
[0, 5, 5, 10, 255]  	1460	2 
[0, 8, 1, 12, 255]  	1471	2 
------
The gap is between 9 and 244.
Lengths: 5 5 8 12 5 10.
For 1536 = 3*d-d1-d2-d3-d4 you get 5 in char 0.
1 + 0*2^64 + 0*2^128 + 0*2^192*y^17*z^5*w^6
1 + 0*2^64 + 0*2^128 + 0*2^192*y^16*z^12*w^1
1 + 0*2^64 + 0*2^128 + 0*2^192*y^4*z^4*w^12
1 + 0*2^64 + 0*2^128 + 0*2^192*y^3*z^11*w^7
1 + 0*2^64 + 0*2^128 + 0*2^192*y^2*z^18*w^2

For 947 = 2*d-d1-d2-d3-d4 you get 8 in char 0.
1 + 0*2^64 + 0*2^128 + 0*2^192*x^14*y^2*z^1*w^4
1 + 0*2^64 + 0*2^128 + 0*2^192*x^4*y^1*z^2*w^7
1 + 0*2^64 + 0*2^128 + 0*2^192*x^4*z^9*w^2
1 + 0*2^64 + 0*2^128 + 0*2^192*x^2*y^9*w^6
1 + 0*2^64 + 0*2^128 + 0*2^192*x^1*y^6*z^2*w^6
1 + 0*2^64 + 0*2^128 + 0*2^192*y^16*z^5
1 + 0*2^64 + 0*2^128 + 0*2^192*y^3*z^4*w^6
1 + 0*2^64 + 0*2^128 + 0*2^192*y^2*z^11*w^1

For 358 = d-d1-d2-d3-d4 you get 5 in char 0.
1 + 0*2^64 + 0*2^128 + 0*2^192*x^5*y^3*w^1
1 + 0*2^64 + 0*2^128 + 0*2^192*x^4*z^2*w^1
1 + 0*2^64 + 0*2^128 + 0*2^192*x^2*y^8
1 + 0*2^64 + 0*2^128 + 0*2^192*x^1*y^5*z^2
1 + 0*2^64 + 0*2^128 + 0*2^192*y^2*z^4

Extra powers of p used 6.
The invariant extra is equal to 33.
Start computing 2^4 Delta^1 (x1x2x3x4)^1... Done.
Start computing 2^5 Delta^2 (x1x2x3x4)^1... Done.
Start computing 2^6 Delta^3 (x1x2x3x4)^1... Done.
Start computing 2^7 Delta^4 (x1x2x3x4)^1... Done.
Start computing 2^8 Delta^5 (x1x2x3x4)^1... Done.
Start computing 2^9 Delta^6 (x1x2x3x4)^1... Done.
Start computing 2^10 Delta^7 (x1x2x3x4)^1... Done.
Start computing 2^11 Delta^8 (x1x2x3x4)^1... Done.
Start computing 2^12 Delta^9 (x1x2x3x4)^1... Done.
Start computing 2^13 Delta^10 (x1x2x3x4)^1... Done.
Start computing 2^14 Delta^11 (x1x2x3x4)^1... Done.
Start computing 2^15 Delta^12 (x1x2x3x4)^1... Done.
Start computing 2^16 Delta^13 (x1x2x3x4)^1... Done.
Start computing 2^17 Delta^14 (x1x2x3x4)^1... Done.
Start computing 2^18 Delta^15 (x1x2x3x4)^1... Done.
Start computing 2^19 Delta^16 (x1x2x3x4)^1... Done.
Start computing 2^20 Delta^17 (x1x2x3x4)^1... Done.
Start computing 2^21 Delta^18 (x1x2x3x4)^1... Done.
Start computing 2^22 Delta^19 (x1x2x3x4)^1... Done.
Start computing 2^23 Delta^20 (x1x2x3x4)^1... Done.
Start computing 2^24 Delta^21 (x1x2x3x4)^1... Done.
Start computing 2^25 Delta^22 (x1x2x3x4)^1... Done.
Start computing 2^26 Delta^23 (x1x2x3x4)^1... Done.
Start computing 2^27 Delta^24 (x1x2x3x4)^1... Done.
Start computing 2^28 Delta^25 (x1x2x3x4)^1... Done.
Start computing 2^29 Delta^26 (x1x2x3x4)^1... Done.
Start computing 2^30 Delta^27 (x1x2x3x4)^1... Done.
Start computing 2^31 Delta^28 (x1x2x3x4)^1... Done.
Start computing 2^32 Delta^29 (x1x2x3x4)^1... Done.
Start computing 2^33 Delta^30 (x1x2x3x4)^1... Done.
Start computing 2^34 Delta^31 (x1x2x3x4)^1... Done.
Start computing 2^35 Delta^32 (x1x2x3x4)^1... Done.
Start computing 2^36 Delta^33 (x1x2x3x4)^1... Done.
Start computing 2^37 Delta^34 (x1x2x3x4)^1... Done.
Start computing 2^38 Delta^35 (x1x2x3x4)^1... Done.
Start computing aa.
1 2 3 4 5 6 7 8 9 10 11 12 13 14 15 16 17 18 
*/
A = \
[16322756387837087632 + 14044967999465426398*2^64 + 6617443296959606851*2^128 + 24522624788*2^192,1565689566384557680 + 1700756712757614598*2^64 + 5353584106794728274*2^128 + 25747107602*2^192,6153318166272923464 + 7394643173806551350*2^64 + 9767035857399795334*2^128 + 2883808066*2^192,15393777656453800216 + 2352934766452004191*2^64 + 18279253694034769564*2^128 + 12675601793*2^192,329794152280391776 + 16016479125382447401*2^64 + 1024730051202926673*2^128 + 20849435985*2^192,12731717769861169984 + 13630521269543028219*2^64 + 17655608641666218727*2^128 + 30869167107*2^192,6777053583111014304 + 4272657823089134431*2^64 + 2006236041142309810*2^128 + 13318970057*2^192,15654350021172723232 + 9871077493407059842*2^64 + 275270164839918329*2^128 + 8747086766*2^192,2396903599451424672 + 11132770562337857168*2^64 + 12924051459684826408*2^128 + 9336633176*2^192,12204395017216877408 + 4519843655922735708*2^64 + 15213036527097302103*2^128 + 1309544354*2^192,7438955777358609152 + 15173212292006415057*2^64 + 12686987435358280997*2^128 + 11709521155*2^192,9577387923989158368 + 6540071091426470207*2^64 + 5405491566043927633*2^128 + 22398616385*2^192,10076208634886092608 + 14506602093891213328*2^64 + 3358738660852245765*2^128 + 24199800484*2^192,5756044890763942720 + 4124147624443627520*2^64 + 11209201902842724499*2^128 + 27817268500*2^192,10409296396906901600 + 9906334499680755376*2^64 + 11429151879348091841*2^128 + 26085408667*2^192,15866387763372634368 + 11478451507113494355*2^64 + 14074456803247193132*2^128 + 5708310242*2^192,15706820498139093248 + 5708626446119373028*2^64 + 1823197311568998571*2^128 + 7478514641*2^192,11456475391343674880 + 16855357781211654902*2^64 + 6461212421400400349*2^128 + 34127059846*2^192;\
10663758174177063384 + 18254429485450384666*2^64 + 6861200024139805421*2^128 + 15350225813*2^192,9099764839206881704 + 15970615149895001581*2^64 + 4009984037485560705*2^128 + 24169541837*2^192,15366379654236178124 + 2965685293875623464*2^64 + 8726058872518568226*2^128 + 32670696058*2^192,1976675434042431108 + 9526097570161752116*2^64 + 10384397669640302246*2^128 + 648416001*2^192,9613999502463677904 + 1560924300948985013*2^64 + 1560445775775893001*2^128 + 26924494663*2^192,1158323738666657472 + 2913368426286790650*2^64 + 12854672571990441311*2^128 + 12512634149*2^192,2547715659749196208 + 620710287837468913*2^64 + 13546174020894222663*2^128 + 26133904841*2^192,10637454889295529264 + 13478198536993310767*2^64 + 4255327467103358445*2^128 + 10045948298*2^192,13438106816313227440 + 4279611633822790284*2^64 + 8803156617130857936*2^128 + 33002650821*2^192,16123018100546159376 + 2468011977773905613*2^64 + 12391230783050540439*2^128 + 11861451590*2^192,16787016473687021056 + 10504639852574601096*2^64 + 15661249803561696454*2^128 + 15789030933*2^192,12504002143072661584 + 6251759646038154930*2^64 + 1914267634585121622*2^128 + 21817312506*2^192,18162101821298855776 + 7763410515650965500*2^64 + 8033081006399664779*2^128 + 11092718401*2^192,13169146428573199680 + 5836035429503368532*2^64 + 11683381267479943422*2^128 + 1830592650*2^192,1890904740148158416 + 15472823109894967432*2^64 + 16604455294233020570*2^128 + 26060007337*2^192,14941415745164631424 + 10740448070266739702*2^64 + 9624787841838654582*2^128 + 9782874926*2^192,13373264459237928256 + 17981638658727325124*2^64 + 1154858756086691696*2^128 + 15430583960*2^192,721057329299754048 + 2204244675528430351*2^64 + 11307637844863140038*2^128 + 4869345059*2^192;\
15183786039578046000 + 14699049697437589467*2^64 + 15176483246735189665*2^128 + 29870081061*2^192,4814051899404499856 + 459899622098001592*2^64 + 3390385011251067710*2^128 + 30083736148*2^192,1348161596429742232 + 904291827755211036*2^64 + 14418805293909049850*2^128 + 18590802877*2^192,8269047425157484328 + 18036411847525453664*2^64 + 8230848595911899145*2^128 + 26950449351*2^192,7110760256247846560 + 8214664271410626774*2^64 + 8997169051517359951*2^128 + 27263092549*2^192,7271283814843047424 + 1272582895583133660*2^64 + 1454192827162868146*2^128 + 10702665004*2^192,3774825020943124960 + 7088134774676471840*2^64 + 1726430327214977559*2^128 + 4962498764*2^192,1517941150884257120 + 12369760341486367449*2^64 + 8541879196333476255*2^128 + 19820921683*2^192,1456554415891791968 + 15396825016237818990*2^64 + 297808705456571750*2^128 + 20142276001*2^192,3169732540856983712 + 1353056432970439309*2^64 + 6414405380276816812*2^128 + 6346751063*2^192,16902935887446516480 + 4458727579812816052*2^64 + 17862971536060554140*2^128 + 29414344761*2^192,10502000793179848864 + 7830220732082182300*2^64 + 16659728379410572247*2^128 + 10914685683*2^192,13001188492914160064 + 4793377358167931140*2^64 + 10252877614351337592*2^128 + 34766768*2^192,5610705559005811328 + 11727421394317844340*2^64 + 15893817035905682795*2^128 + 7698547538*2^192,12812013652358785312 + 17920893119768757271*2^64 + 2519897647347298853*2^128 + 20234548694*2^192,2818276860830931584 + 10080952731669869017*2^64 + 8254966002662276255*2^128 + 4325487755*2^192,9183715363285058304 + 8083547343059411410*2^64 + 12653592991733597400*2^128 + 21020955522*2^192,1405565147961679232 + 2456218790917785589*2^64 + 9235630222297797097*2^128 + 12307863920*2^192;\
3082964379618543216 + 8722890158094052869*2^64 + 14441287028311083111*2^128 + 364455813*2^192,8785843297670041520 + 5406930101816744610*2^64 + 4537402196890613741*2^128 + 31157221489*2^192,12062831304748278520 + 7197437125190015699*2^64 + 18385521511836403734*2^128 + 1765382135*2^192,16823053052103881800 + 1795792904428855312*2^64 + 13096111611368717600*2^128 + 15614704624*2^192,13405428641737497504 + 15565108725468062990*2^64 + 15037986797752230888*2^128 + 28420121362*2^192,11581225778611220672 + 183051086846442256*2^64 + 7607138437148338908*2^128 + 19038360352*2^192,3988093326588601056 + 3721373348627908401*2^64 + 12742365680242916498*2^128 + 20588564295*2^192,17673195035858837664 + 315433675340573863*2^64 + 4863307796709733190*2^128 + 14603502848*2^192,17865464433261121504 + 10772997069739074020*2^64 + 4568490969867040833*2^128 + 19682178208*2^192,11657814265346860320 + 6942316536412856084*2^64 + 5160393091334332691*2^128 + 15683905624*2^192,12832068409870319744 + 13591386048166713344*2^64 + 3504761948575253949*2^128 + 15975261700*2^192,2930597559944702048 + 162284213780401805*2^64 + 7480596611756011829*2^128 + 33691635804*2^192,13784331016130650688 + 9756308794648733037*2^64 + 8360937539102489639*2^128 + 32803228708*2^192,11157553378767831424 + 9329928645212154469*2^64 + 12969066334059125544*2^128 + 11851096688*2^192,97274646916105760 + 11978423794536719748*2^64 + 16425990279341286702*2^128 + 21975609289*2^192,3141608400189301632 + 8055287681470144117*2^64 + 8470317148068557809*2^128 + 29017979975*2^192,17806927528312819648 + 5011737010611790142*2^64 + 15025524213507864943*2^128 + 18724100499*2^192,17985192421915375872 + 17652373188254491799*2^64 + 3955787797975115*2^128 + 10916661528*2^192;\
1657748046316515616 + 11645205568906238583*2^64 + 2366582350257164187*2^128 + 10214399117*2^192,7804191478988715808 + 9814692194803345113*2^64 + 8815792291686998381*2^128 + 14133039*2^192,95309271260969376 + 9387494454348187998*2^64 + 9072520893575595456*2^128 + 17824992794*2^192,4213795043786781472 + 5128359151089367540*2^64 + 12049302272168101116*2^128 + 15452709256*2^192,6777244634959137664 + 8528753793468352251*2^64 + 13354833390265894494*2^128 + 25254685477*2^192,13478900704656205568 + 5566572832906793663*2^64 + 11159617242741227*2^128 + 24077881046*2^192,10172785390189699392 + 12922681053911263705*2^64 + 17594232640445681694*2^128 + 20368553751*2^192,14237261344529137344 + 11881318552899642740*2^64 + 2607482203770657935*2^128 + 12825514338*2^192,3592492309245326144 + 17633330989994446457*2^64 + 8140908180901892066*2^128 + 12739019154*2^192,7860823345928847296 + 5485381025087075819*2^64 + 17589875360017171905*2^128 + 33323884344*2^192,5223651403485764992 + 3490342214415596727*2^64 + 1749068731730182965*2^128 + 23504328482*2^192,5496864164968212800 + 12392768882025592724*2^64 + 5753871285307631584*2^128 + 12944270921*2^192,5687628383701674624 + 5444203673382239826*2^64 + 17562842967710239328*2^128 + 25299343217*2^192,15320500150911670336 + 2465376355917590054*2^64 + 3383024232218374134*2^128 + 21243048320*2^192,1092780046218129024 + 12147931840147567328*2^64 + 17254752292588175366*2^128 + 32872080660*2^192,3428765975843804032 + 12124729185909200574*2^64 + 1461208316750376756*2^128 + 18655183390*2^192,13717235937486884608 + 1388277820593658491*2^64 + 12322533116033445770*2^128 + 18309476837*2^192,17239422615781000704 + 12790760850935114566*2^64 + 17912347028656932316*2^128 + 21315999974*2^192;\
13888901672895116256 + 15932126929188709976*2^64 + 10132575375387749004*2^128 + 5390152656*2^192,7183771680736482480 + 7166764647981096270*2^64 + 1475599561950985824*2^128 + 16813132550*2^192,5368491119125901792 + 13482882686053719542*2^64 + 5621110454136578955*2^128 + 16845280249*2^192,12272971317554313920 + 8544594048724813813*2^64 + 9425981308240155757*2^128 + 11705339767*2^192,4630699409961193888 + 9191146782887976426*2^64 + 267591451774989977*2^128 + 3892591296*2^192,4159665931771761824 + 12433121092049126558*2^64 + 3546698903327292236*2^128 + 3407728394*2^192,11121122904173758080 + 3184420848452320348*2^64 + 7370533738782458202*2^128 + 14918040672*2^192,14331964160945411808 + 12303495617683132128*2^64 + 14652508782630268235*2^128 + 6443669298*2^192,16169937273794504448 + 8694389813336228203*2^64 + 4981642704744400890*2^128 + 11115952699*2^192,14917623141871850368 + 12247322126108798317*2^64 + 15734570420832977491*2^128 + 1834494578*2^192,15558033138698980160 + 1242479245519581361*2^64 + 4208558199123516040*2^128 + 13312316379*2^192,8968694534651762208 + 13255258432893061313*2^64 + 977034387771287516*2^128 + 10438830858*2^192,10906608490959117760 + 3723171172965007962*2^64 + 7655920874725085617*2^128 + 6953100913*2^192,13454062504623938368 + 17300652433936538926*2^64 + 2153852375582444893*2^128 + 10728706545*2^192,10699194773834816448 + 2212874126967779204*2^64 + 4130215196685581190*2^128 + 8060886681*2^192,3711075331507452416 + 10596748280739458118*2^64 + 6539524039494283319*2^128 + 2209178485*2^192,12561594707500573024 + 1770228264703398038*2^64 + 9541614186039662938*2^128 + 2690042947*2^192,56808532146111808 + 8632579160235742486*2^64 + 12719557221126103418*2^128 + 2066166298*2^192;\
6485464654932979520 + 15449219361269751817*2^64 + 10515657070011760299*2^128 + 1097783816*2^192,12031437609418876704 + 12165110793572231952*2^64 + 3656512600670089860*2^128 + 26428302176*2^192,7928791496536259744 + 15170606410613158722*2^64 + 796134510571084850*2^128 + 30370208981*2^192,4457141263889938848 + 8496841945818898645*2^64 + 9536766503919241356*2^128 + 14139055272*2^192,828608685058079936 + 5452686215180043021*2^64 + 3147308631370365413*2^128 + 409959934*2^192,13190805664116159040 + 15893435606736300907*2^64 + 10670285927664253057*2^128 + 31519095587*2^192,4375722243992154240 + 707164919618248345*2^64 + 9838451306627639778*2^128 + 27411857668*2^192,14371859013092467776 + 4170884912063884446*2^64 + 7518040510208794294*2^128 + 22708720117*2^192,4176151242715734272 + 9585185838156852057*2^64 + 15994007720538454144*2^128 + 9617980913*2^192,3615203504343066368 + 4349161170161187392*2^64 + 1196986255327439348*2^128 + 33092308741*2^192,8211041178377698560 + 7738080402557301307*2^64 + 3216168241881644425*2^128 + 9063416999*2^192,12475041177080563648 + 14415178121720204679*2^64 + 4396311539903735683*2^128 + 18640682686*2^192,5474396367255192448 + 6887655341702237042*2^64 + 5164754280921067950*2^128 + 8660867298*2^192,14887780613352162944 + 1574227537991033942*2^64 + 2520034827967256686*2^128 + 17051919412*2^192,5753044850809952512 + 2980196700876858549*2^64 + 817401509688834904*2^128 + 26912501993*2^192,2086802817158640256 + 46850783113094602*2^64 + 14976196885049235297*2^128 + 32618978070*2^192,1523373666663193280 + 6163130845973529012*2^64 + 8032975956204363565*2^128 + 33280387623*2^192,3224478695793503104 + 7240094479212104858*2^64 + 13111495555420235184*2^128 + 8837190232*2^192;\
7530413492405058800 + 11991819482670908489*2^64 + 17895544426649580470*2^128 + 26773131578*2^192,3421572874332097248 + 5961051601600779328*2^64 + 12419174168642982380*2^128 + 1799761815*2^192,3246533530096443968 + 11212735041113189111*2^64 + 8517994576319705595*2^128 + 4197572755*2^192,1274671711266617168 + 15330077672415596023*2^64 + 9467201114919959472*2^128 + 30325342234*2^192,7289452642255867424 + 923338276030555875*2^64 + 16787908664996331976*2^128 + 25968992554*2^192,148595244408916128 + 14299605232200155224*2^64 + 12981287781342905054*2^128 + 5622939601*2^192,11125390990970111392 + 13842284080674511520*2^64 + 5994054014191371069*2^128 + 10651417689*2^192,271321239211974976 + 14900775761139769494*2^64 + 4130890224948710594*2^128 + 27775330480*2^192,2235027902914755808 + 14471711528697435955*2^64 + 1617290083438150478*2^128 + 24155603407*2^192,12707324091192898400 + 2736146319652604104*2^64 + 9543328114361349343*2^128 + 1548777530*2^192,4195035085262011968 + 12992514342269830778*2^64 + 14072115194175361160*2^128 + 25415780612*2^192,13358051665954429952 + 16480752747748769013*2^64 + 947858023232579395*2^128 + 4090867359*2^192,10799431884841862976 + 6508275178140086453*2^64 + 1762896526492908392*2^128 + 22011932420*2^192,483687461695943488 + 17542321826515135882*2^64 + 10877029887523166069*2^128 + 21392640441*2^192,5266784060579714112 + 6251478719480478292*2^64 + 9112602918013804925*2^128 + 478830412*2^192,4037081052724595456 + 17897666786896710343*2^64 + 10702294040313893731*2^128 + 4572069727*2^192,714057350631679776 + 11711292077208151420*2^64 + 1934860658344295943*2^128 + 176382433*2^192,13871155203323064576 + 2497029585592464443*2^64 + 4805615500605699849*2^128 + 8122384306*2^192;\
9850234751507665960 + 1239035965260983751*2^64 + 17376538844818245263*2^128 + 33914100738*2^192,10475306829857073004 + 12995312933995873967*2^64 + 7149417769239907376*2^128 + 26139893211*2^192,15059468814756439736 + 8191977299708833094*2^64 + 5208977128428136037*2^128 + 11004931614*2^192,4368349958254950344 + 9780805236986364583*2^64 + 1376462946754822097*2^128 + 18648134747*2^192,8399805074659247288 + 11435432755085164276*2^64 + 12463236334325234140*2^128 + 14423510811*2^192,4688867825266577048 + 14180343643894984341*2^64 + 1238623931545995897*2^128 + 8278503010*2^192,8870667656674146304 + 15909374610686518332*2^64 + 1947174823648111492*2^128 + 3898885719*2^192,5184366832756751896 + 8520279575203653074*2^64 + 10555635259222985584*2^128 + 32998527330*2^192,4617663229404816240 + 11153663740097012869*2^64 + 14378268457742205761*2^128 + 12504504394*2^192,2505808827526401376 + 12685105786965465398*2^64 + 17924590073921877466*2^128 + 29360361747*2^192,13708619564255699888 + 7779195373774925716*2^64 + 15611938180256764369*2^128 + 12282486766*2^192,1509442173204642536 + 7341838607535435178*2^64 + 3557392090374584984*2^128 + 26705855577*2^192,6692242219176988464 + 16056942442389189030*2^64 + 18033503449029552237*2^128 + 3225946466*2^192,3130368132468506320 + 5333393213215192808*2^64 + 1639513169473761943*2^128 + 18793035350*2^192,17131290347281624208 + 6947246731146248973*2^64 + 14781989946771437898*2^128 + 32393270817*2^192,3156446257442487936 + 14927252817947970965*2^64 + 15414645270042782488*2^128 + 1580581070*2^192,1673295258325964760 + 16664341584546895711*2^64 + 1154919686667326123*2^128 + 9049849487*2^192,3389794256815248016 + 454673192363985140*2^64 + 3744955095241612806*2^128 + 13326064398*2^192;\
5824379483421190702 + 11319269919174357078*2^64 + 5954430642708883611*2^128 + 21346437751*2^192,18096991257517905637 + 9403896371956964931*2^64 + 4985609498246242768*2^128 + 19129723589*2^192,12619510215504378306 + 18683428376123657*2^64 + 6207508624306261205*2^128 + 5047176035*2^192,9768177411716153054 + 17275020005108393999*2^64 + 1800411323392462981*2^128 + 27805527138*2^192,4428299515251826402 + 12566181441090571546*2^64 + 4300175063555213006*2^128 + 26196322608*2^192,13323257659891744266 + 1640596355081667573*2^64 + 15756291405529994459*2^128 + 10847114679*2^192,2661636659861246256 + 17369918751770474675*2^64 + 10411643471175686132*2^128 + 8363956336*2^192,5697821845261463738 + 2442914755587989669*2^64 + 8612573040737059694*2^128 + 32523646500*2^192,12582336660412799908 + 13026879426770244344*2^64 + 12627871910796809827*2^128 + 9503559348*2^192,14273046875630476232 + 6343135758136086467*2^64 + 14955564612153991650*2^128 + 8512138876*2^192,925540490516944916 + 164810280254986654*2^64 + 14938112768123337727*2^128 + 3276040556*2^192,14347207499977793158 + 14179030170561147033*2^64 + 2052398640105070017*2^128 + 27298546079*2^192,2572281515188573460 + 12929868335535350408*2^64 + 15083024145720099865*2^128 + 765310225*2^192,12153079400747929580 + 9531455836426702180*2^64 + 10968234957729066225*2^128 + 24293451204*2^192,16806906577054110028 + 7421520522099620373*2^64 + 7429132075089677617*2^128 + 1951190768*2^192,14784725741234606048 + 5904199756802827877*2^64 + 4233299562715372747*2^128 + 1177360512*2^192,16952881466839027658 + 4917149399382224361*2^64 + 10992004061385198102*2^128 + 27622807731*2^192,5320524032134666620 + 14754379836817563395*2^64 + 7081004588268053864*2^128 + 27164720883*2^192;\
825435331156064182 + 4013524878591313619*2^64 + 6123058953853250457*2^128 + 24482667973*2^192,6668384104119080969 + 7649821080472624384*2^64 + 3211902103194282730*2^128 + 3783067778*2^192,10876975195464319666 + 12089919225930297889*2^64 + 15739674269455180649*2^128 + 7061054046*2^192,7033796682255491022 + 9825569346938626435*2^64 + 7860467715920539731*2^128 + 21760741624*2^192,9583694484021283530 + 13697376940012115112*2^64 + 5726197717687512489*2^128 + 17798733615*2^192,11693585478810296754 + 1775996096484687042*2^64 + 11172227361118751839*2^128 + 5960120245*2^192,6175885292182153360 + 11686319952748349690*2^64 + 14659583302486944971*2^128 + 33278011052*2^192,13782623367544231938 + 1747490686727365099*2^64 + 16844336418878080417*2^128 + 13492227503*2^192,9102014363663329620 + 7262513216451886054*2^64 + 294413781392277587*2^128 + 19217501308*2^192,8117353943248630152 + 9175174616249055261*2^64 + 7588984493982965666*2^128 + 326232163*2^192,2125465513639384932 + 4853951019537057847*2^64 + 4778250982311755492*2^128 + 10633025560*2^192,1750473746319972926 + 3927794369187200279*2^64 + 6105472618244475050*2^128 + 8769177382*2^192,1660620928012420900 + 4723395670731788404*2^64 + 1022496246122133928*2^128 + 6763206797*2^192,8699172719439823836 + 18596522100965790*2^64 + 9970519232855264380*2^128 + 33338348029*2^192,8514360922166729756 + 7154248298687759917*2^64 + 4284063012712282946*2^128 + 21205449229*2^192,11528614994614318240 + 5094161714439677946*2^64 + 3463698628330635685*2^128 + 4980275645*2^192,5059448593216941170 + 12787554285314588315*2^64 + 16342624000075169127*2^128 + 16209133083*2^192,2875669152507629676 + 17842468139995132855*2^64 + 4774966164045470571*2^128 + 27132461394*2^192;\
2103222468540830998 + 12150459981886263467*2^64 + 13133323139536384892*2^128 + 3160253003*2^192,8293216408707951527 + 5471093686214519507*2^64 + 8233010052175237175*2^128 + 27655348930*2^192,13311550282336936880 + 1434084296815277048*2^64 + 14850995640663890208*2^128 + 30727440512*2^192,18183360669337179880 + 16055022362522755994*2^64 + 2844404483092611114*2^128 + 13660200250*2^192,614136626116033782 + 997253048025366263*2^64 + 2868440584515171716*2^128 + 23131966073*2^192,10117599335161550902 + 18282214105933299276*2^64 + 7251154874167659009*2^128 + 28756840417*2^192,3975674384140665944 + 11837398589894716507*2^64 + 12800386952346919936*2^128 + 21486423129*2^192,2618347901986239534 + 8977091638207779981*2^64 + 10380963925615688849*2^128 + 2780633467*2^192,16750042841613669604 + 221917024994168203*2^64 + 14925612560887756486*2^128 + 30872011228*2^192,6878869559909457360 + 1888149119853650028*2^64 + 7810267545682925771*2^128 + 32341678371*2^192,8318707252134720876 + 2464304856064671403*2^64 + 3153046826106238329*2^128 + 11269630370*2^192,370070603948562386 + 8943827488334868113*2^64 + 7006913358064603813*2^128 + 22283450540*2^192,7372352075881676220 + 15780376724583273963*2^64 + 8247460443242375597*2^128 + 18857502872*2^192,6252216924120690644 + 5514101689037030309*2^64 + 12446749427859207051*2^128 + 13828571356*2^192,3064609268063192364 + 12137832188500399221*2^64 + 7536637410271825729*2^128 + 21239772679*2^192,8081967558548979808 + 13587448394127977363*2^64 + 8272845346181248200*2^128 + 11341316173*2^192,6847896077752708406 + 13161530838132591711*2^64 + 8465322544727000868*2^128 + 15364566708*2^192,11730548818212834916 + 7411727836055562905*2^64 + 7185972814922809628*2^128 + 16544108403*2^192;\
14881151957064539732 + 8773975755424130681*2^64 + 1001994382172792452*2^128 + 3785467929*2^192,7768891150065575196 + 5283076285897332042*2^64 + 5132230841459503718*2^128 + 25977807966*2^192,3344930585559493194 + 11014077073578023463*2^64 + 6578720020810588541*2^128 + 29305990555*2^192,7079828209730544126 + 16074306198465395051*2^64 + 16551018962590639487*2^128 + 29253857159*2^192,8801887555164572888 + 8257347700624509590*2^64 + 14021485785958668468*2^128 + 33132654600*2^192,12979762885810053696 + 12394219982290565809*2^64 + 15166123242147959148*2^128 + 22654072675*2^192,16888406886158886056 + 10843546032000703201*2^64 + 10260856794451831975*2^128 + 5587596910*2^192,16637949576399291272 + 10226476391176086169*2^64 + 5611849949374756310*2^128 + 19641863961*2^192,15202619881384849512 + 8769504658042121448*2^64 + 14670154159112218254*2^128 + 14660450160*2^192,17249779199168591160 + 2949208472868865713*2^64 + 18006205408629055163*2^128 + 7436532545*2^192,2693282618688517888 + 6261951373830202049*2^64 + 16349482456059221752*2^128 + 3882997909*2^192,13681649237719762616 + 14823753465501648125*2^64 + 10632293599568671706*2^128 + 28401289516*2^192,3053690903593823632 + 6788917648727293718*2^64 + 17791089833814475682*2^128 + 10870695392*2^192,3934569871778089280 + 12769650701693631331*2^64 + 7887210691396764327*2^128 + 11055658250*2^192,14413760677488712856 + 17775571882727264842*2^64 + 11682358830847250234*2^128 + 1935293407*2^192,4222132732285401088 + 7295189228605290344*2^64 + 11819311351656761053*2^128 + 13396765975*2^192,7316919473870258624 + 16809394482567184189*2^64 + 11227917341678426853*2^128 + 12504491671*2^192,10728808454697689952 + 15445847235619480060*2^64 + 10250974803668102511*2^128 + 9509178211*2^192;\
15649687906059664512 + 15788877187043018155*2^64 + 13968864248644189821*2^128 + 6996375315*2^192,7963039183998463104 + 5595990415391564781*2^64 + 8660795746517746432*2^128 + 13126975524*2^192,7667644780914467008 + 8626204663843377398*2^64 + 11125983520928733482*2^128 + 7608722383*2^192,5762282614655827136 + 6655008572633545692*2^64 + 6298408998831633038*2^128 + 4091019939*2^192,6719515576347281408 + 17257118360905411731*2^64 + 12550838223900245066*2^128 + 14257116166*2^192,9380442318544973824 + 10510533935313117579*2^64 + 6066550777913286751*2^128 + 8011268274*2^192,9274564091572180224 + 4587419680821397584*2^64 + 1367568273446287074*2^128 + 1877457292*2^192,2213614993724659456 + 3175373821918266013*2^64 + 6827447502554611026*2^128 + 11420091635*2^192,13710026300439264768 + 14285652044598750843*2^64 + 10234315258479997404*2^128 + 8188579848*2^192,1769225687042904832 + 8768175778030577918*2^64 + 13190164056820832018*2^128 + 14415186382*2^192,18071865013574027520 + 780656329029933841*2^64 + 5187817794190569319*2^128 + 3882920110*2^192,14935393385543836416 + 9172962948822136564*2^64 + 11268818503608020801*2^128 + 9337461578*2^192,6897037905924363776 + 3882032702309895285*2^64 + 155067561965801900*2^128 + 14854341347*2^192,5680060430062277504 + 18424624564003303296*2^64 + 1148989265582193241*2^128 + 8305850505*2^192,16940285123256230400 + 6129311818612186573*2^64 + 13264812452435591540*2^128 + 5497533349*2^192,17794652886483566848 + 11737091373369047989*2^64 + 2654010055934380621*2^128 + 10067831685*2^192,13319018728396848384 + 1098550312637614578*2^64 + 10301643381033962631*2^128 + 1599803746*2^192,11846047462470893568 + 9375995611951298633*2^64 + 5981054408808694757*2^128 + 14245162740*2^192;\
6099459427872712192 + 17032449044501411691*2^64 + 14063539116497553009*2^128 + 10379931777*2^192,16823570893041583072 + 171266632230513755*2^64 + 4022800774015619163*2^128 + 11498011884*2^192,4214039336112095680 + 1468576252751360200*2^64 + 14923067489941170472*2^128 + 14783870417*2^192,9544223561298865856 + 265451999014681373*2^64 + 10225850792673176844*2^128 + 9544939284*2^192,1939859382232419008 + 16670012369027581666*2^64 + 15395047631033058739*2^128 + 12071997325*2^192,9007815877205820480 + 10713134690806031680*2^64 + 13667965647221828568*2^128 + 2094231075*2^192,61980052130611200 + 7171452215413950424*2^64 + 15440708649043465654*2^128 + 2171497329*2^192,8269695618289711808 + 12140948268519955433*2^64 + 16763014895130023982*2^128 + 13031896028*2^192,12846536166267226624 + 14143132636392478056*2^64 + 5414462905720896794*2^128 + 69617961*2^192,6530797884736758144 + 9137996546959143550*2^64 + 13354975713777928092*2^128 + 12796170038*2^192,13977251871556929664 + 12501304720038697961*2^64 + 7740918253000976782*2^128 + 13901466855*2^192,16391133549152197696 + 12735977249846968763*2^64 + 15570183288631676025*2^128 + 7238479518*2^192,13792610777231382656 + 13345927013923873069*2^64 + 2073937294016929459*2^128 + 1650387084*2^192,10927470455455193344 + 10577429441801390641*2^64 + 14930519762781499506*2^128 + 11737932204*2^192,2254010310977213952 + 15599410738416313676*2^64 + 9390441618656579768*2^128 + 15615507929*2^192,11408914343219979776 + 17079975771592315626*2^64 + 11973312054849068130*2^128 + 879367399*2^192,10021962997299091008 + 10472339394989043458*2^64 + 11907215280226007616*2^128 + 14966220389*2^192,3901218290623840128 + 17679301195715065431*2^64 + 16229519144755773948*2^128 + 9177368377*2^192;\
5660860877388933136 + 7779189495005103545*2^64 + 12400612305270069220*2^128 + 7221924188*2^192,12045130046341114056 + 14956105372559645675*2^64 + 8301914706881731457*2^128 + 30751904657*2^192,11369142069735330096 + 7300054979536291510*2^64 + 13828622280936945341*2^128 + 23901327041*2^192,3051123828045553232 + 13107772288167568992*2^64 + 6554662449524753761*2^128 + 29732568034*2^192,3727358902534498640 + 13832963464347401047*2^64 + 8238602523728501106*2^128 + 32509612125*2^192,4507281845987968976 + 13772476234410571383*2^64 + 6502009292055370703*2^128 + 25841352286*2^192,10838190167295877696 + 6647430934316261660*2^64 + 6190514908405767564*2^128 + 19216020091*2^192,11848038629798637712 + 17902805897228293170*2^64 + 8220994606937532981*2^128 + 19575344595*2^192,15165117366960405984 + 2795769911266060107*2^64 + 16575375376930739731*2^128 + 7543699722*2^192,7481471664060055552 + 2485558575945135608*2^64 + 9100735461081582851*2^128 + 6530705022*2^192,17976826184996503072 + 8161264318266635617*2^64 + 6607060278361156017*2^128 + 7685775770*2^192,17150682442605111792 + 11130809325620178927*2^64 + 17168211234305564783*2^128 + 16964992439*2^192,16469389695835636384 + 2478781175934979588*2^64 + 4361046984806615107*2^128 + 9076146219*2^192,10920393761826494368 + 5488419176678251432*2^64 + 5297076111310315038*2^128 + 24265232127*2^192,12224497666623707488 + 12387634187103590498*2^64 + 9691416887844390954*2^128 + 6445939610*2^192,886862655108462976 + 2526338459648785080*2^64 + 2030006021098484227*2^128 + 119281*2^192,11047727922678125776 + 10305020181733460760*2^64 + 987065519974520609*2^128 + 18614868207*2^192,16395032059246552544 + 8640754972212773838*2^64 + 11399764421059774068*2^128 + 27029279257*2^192;\
10274071264771653730 + 14560033479435729200*2^64 + 4391276664254966131*2^128 + 33822938945*2^192,16483571096676491507 + 15131456225226443186*2^64 + 5389673340777975021*2^128 + 20111315078*2^192,12480626092917892014 + 1477344469086827408*2^64 + 4081490888461364919*2^128 + 5880082648*2^192,4383151081509577586 + 14898370902092204256*2^64 + 3081441761913013279*2^128 + 17972044467*2^192,7562121749864565262 + 87030669012022497*2^64 + 12439866871283386141*2^128 + 2032159771*2^192,615830805285090406 + 11892587055528428998*2^64 + 3041954900872745333*2^128 + 21464666261*2^192,15559898213453408720 + 6290402505922255743*2^64 + 5999746577401908232*2^128 + 8110267075*2^192,14497951814547911542 + 4614694960943987449*2^64 + 10018561364203194222*2^128 + 19973546723*2^192,56644227640064956 + 9289362391915147571*2^64 + 10604708860976384161*2^128 + 21409841485*2^192,14721670364659345336 + 3734305736805983706*2^64 + 798503957374506365*2^128 + 12345202215*2^192,16043890842166668876 + 5542137700003681318*2^64 + 16564559958916740237*2^128 + 6021344146*2^192,5853089864932045642 + 16176219499779793371*2^64 + 15612042690247505180*2^128 + 29793982441*2^192,17590785137330184012 + 12009125811784561006*2^64 + 256843661632174267*2^128 + 5307557823*2^192,8085853686949356084 + 12635759452743004871*2^64 + 1951064612451985841*2^128 + 31674345009*2^192,17873162288212106516 + 2418684482369526230*2^64 + 7843469684802985684*2^128 + 14790813479*2^192,10972949620280697376 + 10393395094609920776*2^64 + 10571154955581102277*2^128 + 27481510156*2^192,16102275969406019622 + 5839642372048228316*2^64 + 6786642180220655059*2^128 + 10953088255*2^192,17260133067425718052 + 15517917077925561880*2^64 + 10632149794104790018*2^128 + 15142162344*2^192;\
2247056962040713362 + 5026711819748921224*2^64 + 11016754141513690859*2^128 + 13558784809*2^192,17774003899299577387 + 17650772648237615168*2^64 + 15080645304886062079*2^128 + 8922857375*2^192,15741864487654907326 + 6221409039321571850*2^64 + 17355219202038962592*2^128 + 30360177042*2^192,4443029437113803746 + 8855481678471099008*2^64 + 6091639657698981480*2^128 + 22792518778*2^192,6390418618721943358 + 16367083463071212537*2^64 + 1971199124336530047*2^128 + 6588646036*2^192,13292906259459298326 + 17638098025554437940*2^64 + 9432195341486342123*2^128 + 31097313915*2^192,13745724855083377680 + 2125044456217414401*2^64 + 13130993499232287312*2^128 + 4151794901*2^192,11162462318868379110 + 11519974663618525130*2^64 + 4008356335465354892*2^128 + 12864608053*2^192,6997339636331912284 + 17251533281806899514*2^64 + 16700160427168450487*2^128 + 3895454729*2^192,12143725519627484216 + 8501374874795850781*2^64 + 9616484492618835674*2^128 + 16276571120*2^192,3795861400687673900 + 14977966923689779839*2^64 + 7635068306750634603*2^128 + 33274589411*2^192,861996179392880986 + 16985994697541179401*2^64 + 101054822823694537*2^128 + 30966581292*2^192,11595337925212612524 + 11323787462384356951*2^64 + 2295831091641402924*2^128 + 26859547807*2^192,6759321916694010900 + 16282532995299565803*2^64 + 9220277461193584324*2^128 + 8061663870*2^192,13864927854717309364 + 4338377046207647522*2^64 + 5995825674191939811*2^128 + 10473531281*2^192,1051435191340744608 + 12815893718693834004*2^64 + 1162816506614108010*2^128 + 27218315361*2^192,2671940391687549014 + 15297751451230869438*2^64 + 5568925306075460669*2^128 + 32362974437*2^192,11044259047607265476 + 841870047327084342*2^64 + 3175620291250829119*2^128 + 14677455066*2^192]
/* 
This matrix times 2^(-5) should be the matrix of frobenius.
*/ 
B = 2^(-5) * A; 
/* Freed 5073 lists. */
The sign is: 1
The characteristic polynomial is: x^18 + x^17 - x^16 - 3*x^15 + 4*x^14 + 26*x^13 + 12*x^12 + 4*x^11 + 56*x^10 + 304*x^9 + 224*x^8 + 64*x^7 + 768*x^6 + 6656*x^5 + 4096*x^4 - 12288*x^3 - 16384*x^2 + 65536*x + 262144
Its Newton polygon is: [2, 2, 2, 3/2, 3/2, 3/2, 3/2, 1, 1, 1, 1, 1/2, 1/2, 1/2, 1/2, 0, 0, 0]
Its factorization is: Mat([x^18 + x^17 - x^16 - 3*x^15 + 4*x^14 + 26*x^13 + 12*x^12 + 4*x^11 + 56*x^10 + 304*x^9 + 224*x^8 + 64*x^7 + 768*x^6 + 6656*x^5 + 4096*x^4 - 12288*x^3 - 16384*x^2 + 65536*x + 262144, 1])
The valuation of f-g is: 25
The valuation of subst(g,x,A) is: 20
