/* Comments begin... 
No set up needed.

Please input coefficients below.
Coefficient of   x^19                     = Coefficient of   x^6 * y^4 * z^1 * w^2   = Coefficient of   x^5 * y^1 * z^3 * w^2   = Coefficient of   x^3 * y^9 * z^1 * w^1   = Coefficient of   x^2 * y^6 * z^3 * w^1   = Coefficient of   x^1 * y^3 * z^5 * w^1   = Coefficient of   y^14 * z^1               = Coefficient of   y^1 * w^6               = Coefficient of   z^7 * w^1               = 
Here is the polynomial we're using this time:

1 + 0*2^64 + 0*2^128 + 0*2^192*x^19 + 1 + 0*2^64 + 0*2^128 + 0*2^192*x^6*y^4*z^1*w^2 + 1 + 0*2^64 + 0*2^128 + 0*2^192*x^2*y^6*z^3*w^1 + 1 + 0*2^64 + 0*2^128 + 0*2^192*x^1*y^3*z^5*w^1 + 1 + 0*2^64 + 0*2^128 + 0*2^192*y^14*z^1 + 1 + 0*2^64 + 0*2^128 + 0*2^192*y^1*w^6 + 1 + 0*2^64 + 0*2^128 + 0*2^192*z^7*w^1


Allocate G_len 20 elements and old = 0.
Allocate M_len = 400 elements.
Allocate G_len 40 elements and old = 20.
Allocate M_len = 800 elements.
Allocate G_len 80 elements and old = 40.
Allocate M_len = 1600 elements.
Allocate M_len = 3200 elements.
Allocate G_len 160 elements and old = 80.
Allocate M_len = 6400 elements.
Allocate M_len = 12800 elements.
Allocate G_len 320 elements and old = 160.
Allocate M_len = 25600 elements.
Allocate M_len = 51200 elements.
Allocate G_len 640 elements and old = 320.
Allocate M_len = 102400 elements.
Allocate M_len = 204800 elements.
Allocate G_len 1280 elements and old = 640.
Allocate M_len = 409600 elements.
Allocate M_len = 819200 elements.
The final length of G is 782
[6, 4, 0, 2, 0]  	518	5 
[18, 0, 0, 0, 0]  	558	4  <--- 1
[2, 6, 3, 1, 0]  	589	4 
[1, 3, 5, 1, 0]  	589	4 
[6, 1, 0, 7, 0]  	867	7 
[14, 6, 3, 0, 0]  	869	7 
[5, 2, 0, 7, 0]  	873	6 
[14, 6, 2, 1, 0]  	890	7 
[6, 1, 7, 2, 0]  	904	7 
[4, 4, 0, 7, 0]  	916	7 
[4, 12, 5, 0, 0]  	923	9 
[13, 2, 5, 1, 0]  	924	10 
[4, 1, 2, 7, 0]  	947	7 
[12, 14, 1, 0, 0]  	961	12 
[5, 0, 9, 2, 0]  	978	8 
[2, 19, 3, 0, 0]  	978	7 
[2, 6, 2, 6, 0]  	978	6 
[13, 3, 4, 2, 0]  	982	14 
[17, 3, 5, 0, 0]  	993	9 
[2, 4, 2, 7, 0]  	996	6 
[17, 3, 4, 1, 0]  	1014	9 
[12, 15, 0, 1, 0]  	1019	15 
[17, 14, 0, 0, 0]  	1045	8 
[8, 16, 3, 0, 0]  	1053	15 
[4, 2, 11, 1, 0]  	1071	9 
[11, 1, 2, 6, 0]  	1072	12 
[3, 2, 5, 6, 0]  	1074	8 
[16, 1, 0, 6, 0]  	1085	8 
[4, 0, 11, 2, 0]  	1089	8 
[7, 1, 4, 6, 0]  	1090	13 
[5, 3, 4, 6, 0]  	1102	11 
[1, 2, 5, 7, 0]  	1104	6 
[1, 4, 4, 7, 0]  	1107	6 
[4, 4, 4, 6, 0]  	1108	10 
[9, 9, 7, 0, 0]  	1109	11 
[12, 1, 6, 3, 0]  	1111	11 
[3, 2, 12, 1, 0]  	1111	8 
[17, 0, 7, 1, 0]  	1116	7 
[16, 17, 0, 0, 0]  	1125	12 
[3, 2, 11, 2, 0]  	1132	7 
[1, 2, 12, 2, 0]  	1141	6 
[3, 13, 8, 0, 0]  	1142	9 
[7, 0, 4, 7, 0]  	1145	12 
[12, 0, 2, 7, 0]  	1158	12 
[6, 9, 9, 0, 0]  	1158	12 
[5, 10, 9, 0, 0]  	1164	11 
[13, 11, 5, 0, 0]  	1165	13 
[12, 8, 7, 0, 0]  	1165	13 
[3, 1, 12, 2, 0]  	1166	7 
[5, 1, 6, 6, 0]  	1170	10 
[17, 0, 0, 7, 0]  	1171	13 
[4, 1, 0, 11, 0]  	1173	10 
[12, 0, 1, 8, 0]  	1179	11 
[6, 25, 1, 0, 0]  	1182	8 
[3, 16, 7, 0, 0]  	1182	8 
[2, 14, 2, 5, 0]  	1182	8 
[2, 13, 9, 0, 0]  	1182	8 
[10, 0, 11, 1, 0]  	1183	12 
[8, 8, 9, 0, 0]  	1183	13 
[11, 0, 8, 3, 0]  	1185	12 
[2, 15, 8, 0, 0]  	1185	9 
[12, 22, 0, 0, 0]  	1186	15 
[16, 0, 2, 6, 0]  	1190	9 
[4, 0, 6, 7, 0]  	1194	8 
[4, 19, 0, 4, 0]  	1195	10 
[4, 4, 13, 0, 0]  	1195	10 
[15, 0, 9, 1, 0]  	1196	10 
[12, 5, 9, 0, 0]  	1196	11 
[7, 1, 12, 1, 0]  	1198	11 
[5, 9, 10, 0, 0]  	1198	10 
[6, 0, 13, 1, 0]  	1201	11 
[4, 8, 11, 0, 0]  	1201	10 
[5, 1, 13, 1, 0]  	1207	11 
[3, 9, 11, 0, 0]  	1207	9 
[9, 4, 11, 0, 0]  	1208	12 
[3, 1, 1, 11, 0]  	1213	9 
[8, 5, 11, 0, 0]  	1214	11 
[15, 3, 9, 0, 0]  	1215	9 
[2, 2, 1, 11, 0]  	1219	8 
[7, 6, 11, 0, 0]  	1220	10 
[6, 28, 0, 0, 0]  	1222	8 
[12, 3, 4, 5, 0]  	1227	10 
[4, 0, 0, 12, 0]  	1228	8 
[17, 0, 6, 3, 0]  	1229	13 
[11, 3, 11, 0, 0]  	1233	11 
[3, 1, 0, 12, 0]  	1234	8 
[3, 6, 0, 10, 0]  	1235	9 
[2, 2, 0, 12, 0]  	1240	7 
[2, 22, 0, 4, 0]  	1244	9 
[8, 2, 13, 0, 0]  	1245	10 
[3, 12, 10, 0, 0]  	1247	9 
[3, 4, 0, 11, 0]  	1253	7 
[2, 2, 8, 6, 0]  	1256	8 
[9, 0, 6, 6, 0]  	1257	9 
[5, 16, 2, 4, 0]  	1257	10 
[5, 2, 8, 5, 0]  	1257	9 
[12, 2, 5, 5, 0]  	1261	9 
[11, 1, 6, 5, 0]  	1264	8 
[3, 0, 1, 12, 0]  	1268	8 
[6, 0, 1, 11, 0]  	1269	9 
[3, 18, 2, 4, 0]  	1269	9 
[3, 5, 1, 10, 0]  	1269	9 
[14, 0, 4, 6, 0]  	1270	11 
[10, 2, 6, 5, 0]  	1270	9 
[5, 0, 8, 6, 0]  	1275	9 
[3, 7, 13, 0, 0]  	1275	9 
[2, 19, 2, 4, 0]  	1275	9 
[2, 6, 1, 10, 0]  	1275	9 
[4, 0, 15, 1, 0]  	1281	8 
[7, 0, 15, 0, 0]  	1282	9 
[2, 10, 12, 0, 0]  	1284	4 
[3, 1, 15, 1, 0]  	1287	7 
[2, 12, 11, 0, 0]  	1287	7 
[2, 0, 3, 11, 0]  	1287	7 
[6, 1, 15, 0, 0]  	1288	9 
[5, 0, 3, 10, 0]  	1288	8 
[9, 0, 0, 11, 0]  	1291	9 
[2, 2, 15, 1, 0]  	1293	7 
[1, 14, 4, 5, 0]  	1293	7 
[4, 0, 10, 5, 0]  	1294	9 
[4, 2, 9, 5, 0]  	1297	9 
[6, 0, 4, 9, 0]  	1298	8 
[11, 24, 1, 0, 0]  	1300	9 
[10, 0, 1, 10, 0]  	1301	8 
[3, 0, 8, 7, 0]  	1305	7 
[1, 22, 0, 5, 0]  	1305	6 
[3, 4, 15, 0, 0]  	1306	7 
[2, 2, 10, 5, 0]  	1306	7 
[9, 0, 8, 5, 0]  	1307	10 
[5, 0, 2, 11, 0]  	1309	8 
[3, 6, 14, 0, 0]  	1309	8 
[2, 1, 8, 7, 0]  	1311	7 
[2, 9, 0, 10, 0]  	1315	7 
[2, 7, 14, 0, 0]  	1315	7 
[2, 9, 13, 0, 0]  	1318	7 
[5, 24, 0, 3, 0]  	1319	8 
[2, 29, 0, 2, 0]  	1319	8 
[15, 2, 11, 0, 0]  	1320	9 
[2, 0, 10, 6, 0]  	1324	7 
[4, 0, 4, 10, 0]  	1328	7 
[4, 0, 17, 0, 0]  	1331	8 
[5, 25, 1, 2, 0]  	1335	6 
[1, 27, 3, 1, 0]  	1335	6 
[1, 14, 2, 7, 0]  	1335	6 
[1, 18, 9, 0, 0]  	1336	7 
[3, 1, 17, 0, 0]  	1337	7 
[5, 0, 5, 9, 0]  	1338	8 
[2, 2, 4, 10, 0]  	1340	7 
[9, 0, 2, 10, 0]  	1341	8 
[3, 0, 15, 2, 0]  	1342	6 
[2, 2, 17, 0, 0]  	1343	7 
[4, 28, 0, 2, 0]  	1344	8 
[2, 4, 16, 0, 0]  	1346	7 
[1, 2, 11, 5, 0]  	1346	6 
[1, 26, 5, 0, 0]  	1348	6 
[1, 13, 4, 6, 0]  	1348	6 
[2, 6, 15, 0, 0]  	1349	6 
[1, 5, 3, 10, 0]  	1349	6 
[1, 3, 17, 0, 0]  	1349	6 
[15, 1, 12, 0, 0]  	1354	8 
[1, 9, 1, 10, 0]  	1355	6 
[1, 14, 1, 8, 0]  	1356	6 
[14, 0, 13, 0, 0]  	1357	10 
[1, 11, 0, 10, 0]  	1358	6 
[1, 29, 1, 2, 0]  	1359	6 
[1, 16, 0, 8, 0]  	1359	6 
[2, 0, 17, 1, 0]  	1361	7 
[1, 13, 12, 0, 0]  	1364	7 
[2, 0, 8, 8, 0]  	1366	6 
[1, 15, 11, 0, 0]  	1367	6 
[1, 3, 3, 11, 0]  	1367	6 
[1, 2, 10, 6, 0]  	1367	6 
[3, 0, 5, 10, 0]  	1368	7 
[5, 24, 2, 2, 0]  	1369	7 
[2, 1, 14, 3, 0]  	1369	8 
[3, 1, 11, 5, 0]  	1371	6 
[3, 0, 18, 0, 0]  	1371	7 
[1, 2, 1, 13, 0]  	1372	6 
[2, 1, 5, 10, 0]  	1374	6 
[4, 25, 2, 2, 0]  	1375	6 
[1, 4, 0, 13, 0]  	1375	6 
[1, 9, 0, 11, 0]  	1376	6 
[2, 1, 18, 0, 0]  	1377	6 
[4, 27, 1, 2, 0]  	1378	8 
[1, 23, 7, 0, 0]  	1379	6 
[1, 29, 0, 3, 0]  	1380	6 
[1, 0, 19, 0, 0]  	1380	5 
[3, 0, 0, 14, 0]  	1381	8 
[1, 2, 18, 0, 0]  	1383	6 
[1, 1, 3, 12, 0]  	1385	6 
[2, 0, 7, 9, 0]  	1387	6 
[1, 8, 2, 10, 0]  	1389	6 
[2, 1, 13, 4, 0]  	1390	7 
[1, 8, 15, 0, 0]  	1392	5 
[1, 2, 0, 14, 0]  	1393	6 
[0, 27, 3, 2, 0]  	1396	5 
[1, 35, 1, 0, 0]  	1397	6 
[1, 27, 0, 4, 0]  	1398	7 
[4, 27, 0, 3, 0]  	1399	7 
[1, 32, 0, 2, 0]  	1399	5 
[0, 29, 2, 2, 0]  	1399	5 
[2, 0, 2, 13, 0]  	1400	8 
[1, 2, 4, 11, 0]  	1401	7 
[1, 2, 17, 1, 0]  	1404	5 
[0, 28, 0, 4, 0]  	1404	5 
[3, 0, 12, 5, 0]  	1405	5 
[1, 9, 3, 9, 0]  	1405	5 
[2, 30, 2, 1, 0]  	1406	6 
[2, 17, 1, 7, 0]  	1406	6 
[1, 1, 2, 13, 0]  	1406	6 
[2, 0, 6, 10, 0]  	1408	4 
[2, 19, 0, 7, 0]  	1409	5 
[1, 1, 15, 3, 0]  	1409	5 
[1, 21, 2, 5, 0]  	1410	6 
[1, 8, 1, 11, 0]  	1410	6 
[1, 0, 0, 15, 0]  	1411	4 
[2, 34, 0, 1, 0]  	1412	7 
[1, 1, 6, 10, 0]  	1414	5 
[0, 14, 1, 9, 0]  	1417	4 
[1, 35, 0, 1, 0]  	1418	6 
[0, 29, 1, 3, 0]  	1420	6 
[2, 0, 1, 14, 0]  	1421	5 
[0, 34, 1, 1, 0]  	1421	5 
[1, 1, 10, 7, 0]  	1422	6 
[1, 1, 1, 14, 0]  	1427	4 
[1, 0, 8, 9, 0]  	1427	4 
[4, 24, 2, 3, 0]  	1430	5 
[1, 1, 14, 4, 0]  	1430	5 
[1, 1, 5, 11, 0]  	1435	6 
[1, 1, 18, 1, 0]  	1438	6 
[0, 32, 1, 2, 0]  	1439	4 
[1, 0, 3, 13, 0]  	1440	5 
[0, 37, 1, 0, 0]  	1440	5 
[0, 34, 0, 2, 0]  	1442	4 
[1, 1, 9, 8, 0]  	1443	6 
[2, 0, 13, 5, 0]  	1445	6 
[0, 27, 5, 1, 0]  	1446	5 
[1, 19, 1, 7, 0]  	1449	5 
[0, 29, 4, 1, 0]  	1449	6 
[1, 1, 13, 5, 0]  	1451	5 
[1, 21, 0, 7, 0]  	1452	6 
[0, 31, 3, 1, 0]  	1452	6 
[3, 0, 14, 4, 0]  	1455	6 
[1, 1, 17, 2, 0]  	1459	5 
[0, 27, 0, 5, 0]  	1459	5 
[0, 32, 0, 3, 0]  	1460	5 
[1, 0, 2, 14, 0]  	1461	4 
[0, 37, 0, 1, 0]  	1461	4 
[1, 0, 15, 4, 0]  	1464	4 
[0, 9, 3, 10, 0]  	1466	3 
[1, 12, 14, 0, 0]  	1469	5 
[0, 3, 1, 14, 0]  	1470	3 
[0, 34, 3, 0, 0]  	1471	5 
[1, 1, 12, 6, 0]  	1472	3 
[0, 26, 2, 4, 0]  	1472	3 
[0, 13, 1, 10, 0]  	1472	3 
[0, 12, 8, 5, 0]  	1472	3 
[2, 0, 16, 3, 0]  	1474	8 
[0, 15, 0, 10, 0]  	1475	5 
[1, 0, 10, 8, 0]  	1477	5 
[1, 13, 2, 9, 0]  	1482	3 
[0, 14, 11, 2, 0]  	1483	4 
[5, 34, 1, 0, 0]  	1484	5 
[0, 19, 2, 7, 0]  	1489	4 
[1, 0, 5, 12, 0]  	1490	5 
[0, 3, 0, 15, 0]  	1491	3 
[0, 2, 7, 10, 0]  	1491	3 
[0, 21, 1, 7, 0]  	1492	5 
[0, 27, 7, 0, 0]  	1496	5 
[0, 24, 6, 2, 0]  	1498	3 
[0, 8, 4, 10, 0]  	1500	3 
[0, 26, 5, 2, 0]  	1501	3 
[0, 12, 11, 3, 0]  	1501	2 
[0, 31, 5, 0, 0]  	1502	5 
[0, 9, 10, 5, 0]  	1503	2 
[0, 2, 2, 14, 0]  	1504	3 
[0, 6, 0, 14, 0]  	1510	3 
[1, 0, 17, 3, 0]  	1514	5 
[0, 11, 4, 9, 0]  	1519	2 
[0, 16, 4, 7, 0]  	1520	3 
[0, 3, 3, 13, 0]  	1520	3 
[0, 8, 3, 11, 0]  	1521	3 
[0, 13, 3, 9, 0]  	1522	2 
[0, 18, 3, 7, 0]  	1523	5 
[0, 2, 1, 15, 0]  	1525	3 
[1, 0, 12, 7, 0]  	1527	6 
[0, 2, 14, 5, 0]  	1528	2 
[0, 21, 8, 2, 0]  	1529	3 
[0, 9, 0, 13, 0]  	1529	3 
[4, 38, 0, 0, 0]  	1530	6 
[0, 24, 0, 7, 0]  	1532	2 
[0, 23, 7, 2, 0]  	1532	2 
[0, 10, 6, 8, 0]  	1532	2 
[0, 20, 6, 4, 0]  	1534	2 
[0, 7, 5, 10, 0]  	1534	2 
[0, 6, 12, 5, 0]  	1534	2 
[0, 1, 3, 14, 0]  	1538	2 
[1, 0, 7, 11, 0]  	1540	2 
[0, 16, 3, 8, 0]  	1541	3 
[0, 2, 9, 9, 0]  	1541	2 
[0, 2, 0, 16, 0]  	1546	3 
[0, 21, 7, 3, 0]  	1550	3 
[0, 13, 6, 7, 0]  	1551	3 
[0, 23, 6, 3, 0]  	1553	2 
[0, 42, 0, 0, 0]  	1554	5  <--- 2
[0, 13, 10, 4, 0]  	1559	1 
[0, 1, 2, 15, 0]  	1559	1 
[0, 0, 9, 10, 0]  	1559	1 
[0, 18, 10, 2, 0]  	1560	3 
[0, 6, 2, 13, 0]  	1560	3 
[0, 1, 15, 5, 0]  	1562	2 
[0, 20, 9, 2, 0]  	1563	2 
[0, 8, 1, 13, 0]  	1563	2 
[0, 7, 8, 8, 0]  	1563	2 
[0, 25, 9, 0, 0]  	1564	3 
[0, 1, 10, 9, 0]  	1575	2 
[1, 0, 14, 6, 0]  	1577	3 
[0, 1, 14, 6, 0]  	1583	2 
[0, 13, 13, 2, 0]  	1588	3 
[0, 10, 12, 4, 0]  	1590	1 
[0, 0, 3, 15, 0]  	1593	1 
[0, 22, 11, 0, 0]  	1595	2 
[0, 0, 16, 5, 0]  	1596	1 
[0, 1, 17, 4, 0]  	1612	1 
[0, 11, 17, 0, 0]  	1614	1 
[0, 0, 2, 16, 0]  	1614	1 
[0, 8, 7, 9, 0]  	1621	1 
[0, 7, 14, 4, 0]  	1621	1 
[0, 14, 0, 12, 0]  	1622	3 
[0, 9, 13, 4, 0]  	1624	1 
[0, 2, 5, 13, 0]  	1625	2 
[0, 1, 12, 8, 0]  	1625	2 
[0, 0, 23, 0, 0]  	1633	1  <--- 3
[0, 0, 5, 14, 0]  	1643	1 
[0, 8, 19, 0, 0]  	1645	1 
[0, 4, 16, 4, 0]  	1652	1 
[0, 6, 15, 4, 0]  	1655	1 
[0, 11, 15, 2, 0]  	1656	2 
[0, 9, 15, 3, 0]  	1674	1 
[0, 5, 21, 0, 0]  	1676	1 
[0, 0, 12, 9, 0]  	1680	1 
[0, 6, 17, 3, 0]  	1705	1 
[0, 0, 19, 4, 0]  	1717	1 
[0, 1, 7, 13, 0]  	1730	2 
[0, 3, 19, 3, 0]  	1736	1 
[0, 0, 0, 19, 0]  	1748	1  <--- 4
[0, 0, 21, 3, 0]  	1767	1 
[0, 19, 15, 0, 0]  	1768	1 
[6, 4, 1, 1, 1]  	497	5 
[1, 17, 1, 0, 1]  	731	4 
[5, 2, 0, 6, 1]  	781	8 
[4, 4, 0, 6, 1]  	824	8 
[5, 1, 0, 7, 1]  	836	7 
[5, 15, 1, 1, 1]  	873	6 
[5, 1, 2, 6, 1]  	886	9 
[13, 3, 4, 1, 1]  	890	10 
[12, 15, 0, 0, 1]  	927	12 
[12, 1, 0, 6, 1]  	961	9 
[4, 1, 4, 6, 1]  	997	9 
[12, 1, 7, 1, 1]  	998	11 
[17, 1, 0, 5, 1]  	1024	8 
[5, 0, 11, 1, 1]  	1028	9 
[3, 3, 4, 6, 1]  	1040	8 
[8, 2, 9, 1, 1]  	1053	14 
[1, 3, 4, 7, 1]  	1070	6 
[10, 11, 5, 0, 1]  	1072	13 
[17, 13, 1, 0, 1]  	1079	8 
[6, 11, 7, 0, 1]  	1090	12 
[4, 0, 6, 6, 1]  	1102	9 
[12, 0, 9, 1, 1]  	1103	14 
[15, 1, 2, 5, 1]  	1104	11 
[4, 1, 12, 1, 1]  	1105	10 
[14, 0, 2, 6, 1]  	1128	14 
[4, 15, 0, 5, 1]  	1139	10 
[4, 0, 13, 1, 1]  	1139	9 
[3, 14, 0, 6, 1]  	1163	8 
[4, 7, 11, 0, 1]  	1164	11 
[17, 2, 8, 0, 1]  	1169	10 
[2, 15, 0, 6, 1]  	1169	7 
[4, 11, 9, 0, 1]  	1170	9 
[11, 0, 4, 6, 1]  	1177	14 
[9, 7, 9, 0, 1]  	1177	12 
[15, 2, 9, 0, 1]  	1178	10 
[3, 15, 1, 5, 1]  	1179	10 
[3, 17, 0, 5, 1]  	1182	8 
[6, 0, 0, 11, 1]  	1198	10 
[11, 6, 9, 0, 1]  	1202	13 
[2, 14, 1, 6, 1]  	1203	7 
[1, 15, 1, 6, 1]  	1209	7 
[13, 7, 8, 0, 1]  	1230	11 
[5, 13, 2, 5, 1]  	1238	13 
[5, 0, 1, 11, 1]  	1238	12 
[2, 1, 1, 12, 1]  	1274	7 
[2, 0, 8, 7, 1]  	1274	7 
[4, 0, 2, 11, 1]  	1278	9 
[5, 2, 15, 0, 1]  	1294	8 
[4, 3, 15, 0, 1]  	1300	9 
[2, 3, 3, 10, 1]  	1306	7 
[4, 25, 0, 3, 1]  	1325	8 
[3, 9, 1, 9, 1]  	1325	7 
[5, 1, 16, 0, 1]  	1328	7 
[2, 7, 0, 11, 1]  	1333	8 
[3, 3, 16, 0, 1]  	1340	8 
[2, 11, 1, 9, 1]  	1368	6 
[1, 14, 0, 9, 1]  	1377	5 
[1, 1, 12, 5, 1]  	1380	5 
[0, 30, 0, 3, 1]  	1386	5 
[2, 1, 0, 14, 1]  	1387	6 
[1, 10, 14, 0, 1]  	1395	5 
[1, 12, 13, 0, 1]  	1398	5 
[2, 0, 15, 3, 1]  	1403	6 
[1, 11, 2, 9, 1]  	1408	4 
[1, 13, 1, 9, 1]  	1411	4 
[0, 27, 2, 3, 1]  	1417	4 
[1, 0, 4, 12, 1]  	1419	6 
[2, 0, 14, 4, 1]  	1424	6 
[1, 7, 16, 0, 1]  	1426	5 
[1, 6, 1, 12, 1]  	1428	7 
[0, 21, 4, 4, 1]  	1429	4 
[0, 17, 1, 8, 1]  	1436	4 
[0, 19, 0, 8, 1]  	1439	4 
[1, 0, 7, 10, 1]  	1448	3 
[0, 24, 4, 3, 1]  	1448	3 
[0, 22, 0, 7, 1]  	1458	4 
[1, 13, 3, 8, 1]  	1461	4 
[0, 14, 3, 8, 1]  	1467	4 
[2, 38, 0, 0, 1]  	1468	7 
[0, 16, 2, 8, 1]  	1470	3 
[0, 15, 9, 3, 1]  	1470	3 
[0, 21, 6, 3, 1]  	1479	3 
[0, 40, 0, 0, 1]  	1480	5 
[0, 23, 5, 3, 1]  	1482	3 
[0, 20, 4, 5, 1]  	1484	5 
[1, 0, 14, 5, 1]  	1485	3 
[0, 13, 9, 4, 1]  	1488	3 
[0, 15, 8, 4, 1]  	1491	3 
[0, 6, 5, 10, 1]  	1497	3 
[0, 12, 15, 0, 1]  	1509	3 
[0, 18, 8, 3, 1]  	1510	3 
[0, 20, 11, 0, 1]  	1521	3 
[0, 12, 10, 4, 1]  	1522	2 
[0, 5, 6, 10, 1]  	1531	3 
[0, 26, 7, 1, 1]  	1551	3 
[0, 17, 13, 0, 1]  	1552	4 
[0, 5, 5, 11, 1]  	1552	3 
[0, 10, 5, 9, 1]  	1553	2 
[0, 24, 2, 6, 1]  	1582	3 
[0, 7, 7, 9, 1]  	1584	2 
[0, 25, 8, 1, 1]  	1585	4 
[6, 3, 1, 2, 2]  	552	5 
[5, 15, 1, 0, 2]  	781	8 
[4, 14, 1, 1, 2]  	805	5 
[6, 0, 7, 2, 2]  	867	8 
[5, 14, 3, 0, 2]  	886	10 
[6, 2, 8, 1, 2]  	920	9 
[1, 16, 5, 0, 2]  	978	6 
[12, 14, 0, 1, 2]  	982	16 
[2, 5, 3, 6, 2]  	1012	7 
[3, 1, 4, 7, 2]  	1058	7 
[12, 13, 3, 0, 2]  	1066	13 
[3, 14, 0, 5, 2]  	1071	9 
[12, 0, 6, 3, 2]  	1074	13 
[10, 10, 6, 0, 2]  	1106	12 
[4, 10, 9, 0, 2]  	1133	10 
[4, 13, 1, 5, 2]  	1136	10 
[2, 17, 0, 5, 2]  	1151	9 
[5, 11, 2, 5, 2]  	1164	11 
[3, 13, 2, 5, 2]  	1176	10 
[0, 28, 2, 0, 2]  	1178	6 
[6, 27, 0, 0, 2]  	1185	11 
[3, 13, 1, 6, 2]  	1197	8 
[11, 0, 6, 5, 2]  	1227	9 
[3, 1, 8, 6, 2]  	1250	9 
[5, 1, 15, 0, 2]  	1257	10 
[2, 5, 0, 11, 2]  	1259	8 
[4, 24, 0, 3, 2]  	1288	8 
[3, 2, 3, 10, 2]  	1300	8 
[3, 2, 16, 0, 2]  	1303	7 
[4, 27, 0, 2, 2]  	1307	9 
[2, 0, 15, 2, 2]  	1311	7 
[1, 14, 11, 0, 2]  	1330	7 
[1, 28, 0, 3, 2]  	1343	6 
[2, 13, 1, 8, 2]  	1350	7 
[1, 1, 4, 11, 2]  	1364	6 
[3, 12, 0, 9, 2]  	1365	6 
[3, 27, 0, 3, 2]  	1368	6 
[0, 21, 2, 5, 2]  	1379	5 
[0, 16, 1, 8, 2]  	1399	5 
[1, 1, 11, 6, 2]  	1401	6 
[0, 18, 4, 5, 2]  	1410	5 
[0, 16, 0, 9, 2]  	1420	5 
[0, 26, 4, 2, 2]  	1430	4 
[2, 37, 0, 0, 2]  	1431	10 
[0, 15, 2, 8, 2]  	1433	5 
[1, 0, 12, 6, 2]  	1435	4 
[0, 25, 2, 4, 2]  	1435	4 
[0, 16, 8, 3, 2]  	1436	4 
[0, 15, 6, 5, 2]  	1441	4 
[0, 14, 13, 0, 2]  	1441	4 
[0, 16, 3, 7, 2]  	1449	5 
[0, 26, 3, 3, 2]  	1451	4 
[0, 18, 2, 7, 2]  	1452	5 
[0, 16, 7, 4, 2]  	1457	4 
[1, 0, 6, 11, 2]  	1469	4 
[0, 24, 3, 4, 2]  	1469	4 
[0, 15, 4, 7, 2]  	1483	4 
[0, 18, 9, 2, 2]  	1489	4 
[0, 23, 9, 0, 2]  	1490	4 
[0, 20, 8, 2, 2]  	1492	4 
[0, 19, 6, 4, 2]  	1497	4 
[0, 14, 10, 3, 2]  	1504	3 
[0, 24, 1, 6, 2]  	1511	5 
[0, 20, 7, 3, 2]  	1513	3 
[0, 26, 0, 6, 2]  	1514	4 
[0, 22, 9, 1, 2]  	1545	4 
[0, 5, 8, 9, 2]  	1581	2 
[0, 1, 0, 18, 2]  	1693	2 
[4, 14, 1, 0, 3]  	713	7 
[3, 14, 7, 0, 3]  	1108	9 
[2, 16, 0, 5, 3]  	1114	9 
[1, 16, 1, 5, 3]  	1154	8 
[2, 4, 0, 11, 3]  	1222	8 
[7, 3, 13, 0, 3]  	1251	10 
[2, 1, 2, 11, 3]  	1253	7 
[1, 25, 0, 4, 3]  	1324	6 
[2, 1, 16, 1, 3]  	1327	7 
[1, 6, 1, 11, 3]  	1336	6 
[2, 27, 0, 3, 3]  	1337	6 
[1, 19, 0, 7, 3]  	1378	7 
[1, 13, 2, 8, 3]  	1390	5 
[1, 0, 5, 11, 3]  	1398	5 
[1, 38, 0, 0, 3]  	1437	7 
[1, 0, 11, 7, 3]  	1456	6 
[0, 18, 6, 4, 3]  	1460	4 
[0, 20, 5, 4, 3]  	1463	4 
[0, 19, 11, 0, 3]  	1484	4 
[1, 0, 18, 2, 3]  	1493	6 
[0, 13, 4, 8, 3]  	1501	2 
[7, 0, 4, 6, 4]  	1053	14 
[5, 10, 2, 5, 4]  	1127	12 
[2, 15, 1, 5, 4]  	1148	8 
[3, 2, 0, 11, 4]  	1179	9 
[3, 21, 0, 4, 4]  	1238	10 
[3, 3, 2, 10, 4]  	1266	8 
[2, 0, 12, 5, 4]  	1374	5 
[0, 17, 10, 2, 4]  	1523	4 
[0, 11, 1, 12, 4]  	1582	3 
[0, 4, 10, 8, 4]  	1594	2 
[3, 0, 15, 1, 5]  	1250	8 
[2, 1, 9, 6, 5]  	1290	7 
[0, 14, 8, 4, 5]  	1454	4 
[0, 8, 6, 9, 5]  	1550	2 
[3, 0, 8, 6, 7]  	1213	8 
[0, 13, 10, 3, 7]  	1467	3 
[2, 5, 15, 0, 8]  	1312	7 
[0, 27, 1, 4, 8]  	1438	5 
[0, 26, 8, 0, 8]  	1530	5 
[2, 4, 15, 0, 10]  	1275	8 
[2, 10, 11, 0, 247]  	1213	7 
[1, 9, 0, 10, 247]  	1284	6 
[3, 6, 13, 0, 248]  	1238	9 
[1, 16, 4, 4, 248]  	1275	7 
[0, 14, 0, 10, 248]  	1438	4 
[1, 4, 3, 10, 249]  	1312	6 
[0, 1, 2, 14, 249]  	1467	2 
[3, 1, 13, 1, 250]  	1145	8 
[2, 14, 8, 0, 250]  	1148	8 
[3, 2, 9, 5, 250]  	1266	7 
[1, 2, 3, 11, 250]  	1330	6 
[0, 7, 13, 4, 250]  	1550	1 
[0, 10, 8, 7, 250]  	1582	2 
[1, 2, 6, 6, 251]  	1083	5 
[5, 9, 9, 0, 251]  	1127	10 
[8, 7, 9, 0, 251]  	1146	13 
[2, 2, 13, 1, 251]  	1151	7 
[3, 12, 9, 0, 251]  	1176	9 
[1, 2, 15, 1, 251]  	1262	5 
[1, 11, 4, 6, 251]  	1274	5 
[0, 2, 0, 15, 251]  	1454	3 
[0, 26, 1, 5, 251]  	1493	5 
[1, 2, 5, 6, 252]  	1012	5 
[6, 10, 7, 0, 252]  	1053	11 
[2, 2, 12, 1, 252]  	1080	7 
[1, 2, 13, 1, 252]  	1120	5 
[3, 7, 11, 0, 252]  	1133	9 
[3, 0, 13, 2, 252]  	1200	5 
[4, 0, 1, 11, 252]  	1207	9 
[1, 10, 4, 6, 252]  	1237	5 
[2, 9, 12, 0, 252]  	1247	7 
[2, 8, 0, 10, 252]  	1278	6 
[2, 0, 16, 1, 252]  	1290	6 
[0, 15, 4, 5, 252]  	1299	5 
[1, 12, 12, 0, 252]  	1327	6 
[3, 0, 11, 5, 252]  	1334	5 
[1, 8, 0, 11, 252]  	1339	6 
[1, 0, 3, 12, 252]  	1348	5 
[1, 12, 1, 9, 252]  	1374	4 
[0, 16, 2, 7, 252]  	1378	5 
[1, 0, 1, 14, 252]  	1390	4 
[1, 0, 18, 1, 252]  	1401	5 
[1, 0, 17, 2, 252]  	1422	5 
[0, 5, 2, 13, 252]  	1523	3 
[0, 3, 17, 3, 252]  	1594	1 
[4, 1, 2, 6, 253]  	855	6 
[2, 3, 4, 6, 253]  	1009	6 
[3, 2, 11, 1, 253]  	1040	7 
[1, 2, 12, 1, 253]  	1049	4 
[3, 0, 11, 2, 253]  	1058	5 
[3, 7, 10, 0, 253]  	1062	8 
[3, 9, 9, 0, 253]  	1065	6 
[3, 13, 7, 0, 253]  	1071	7 
[2, 14, 7, 0, 253]  	1077	6 
[6, 7, 9, 0, 253]  	1084	9 
[3, 1, 6, 6, 253]  	1108	8 
[3, 0, 13, 1, 253]  	1108	6 
[2, 13, 8, 0, 253]  	1111	6 
[8, 4, 11, 0, 253]  	1177	11 
[1, 15, 2, 5, 253]  	1188	7 
[1, 2, 1, 11, 253]  	1188	4 
[3, 0, 0, 12, 253]  	1197	6 
[2, 6, 13, 0, 253]  	1207	7 
[4, 3, 1, 10, 253]  	1226	5 
[6, 0, 15, 0, 253]  	1251	7 
[1, 21, 0, 5, 253]  	1268	5 
[2, 1, 13, 3, 253]  	1298	5 
[2, 3, 16, 0, 253]  	1309	7 
[1, 6, 2, 10, 253]  	1315	6 
[2, 0, 5, 10, 253]  	1337	4 
[1, 3, 0, 13, 253]  	1338	3 
[0, 22, 1, 5, 253]  	1345	5 
[0, 30, 1, 2, 253]  	1365	5 
[0, 35, 1, 0, 253]  	1366	5 
[1, 34, 0, 1, 253]  	1381	3 
[0, 4, 0, 14, 253]  	1436	3 
[0, 3, 2, 13, 253]  	1449	3 
[0, 4, 12, 5, 253]  	1460	1 
[0, 7, 4, 10, 253]  	1463	3 
[0, 7, 3, 11, 253]  	1484	3 
[0, 0, 3, 14, 253]  	1501	1 
[0, 4, 15, 4, 253]  	1581	1 
[5, 2, 5, 1, 254]  	676	7 
[4, 1, 0, 6, 254]  	713	6 
[4, 2, 7, 1, 254]  	787	6 
[5, 0, 9, 1, 254]  	886	8 
[3, 8, 7, 0, 254]  	886	6 
[2, 13, 5, 0, 254]  	898	5 
[2, 4, 2, 6, 254]  	904	5 
[5, 0, 3, 6, 254]  	920	8 
[3, 7, 8, 0, 254]  	920	7 
[5, 0, 2, 7, 254]  	941	4 
[4, 0, 4, 6, 254]  	960	7 
[3, 0, 11, 1, 254]  	966	5 
[1, 3, 4, 6, 254]  	978	5 
[11, 0, 2, 6, 254]  	1035	8 
[2, 15, 0, 5, 254]  	1077	8 
[0, 2, 0, 11, 254]  	1086	3 
[2, 2, 11, 2, 254]  	1101	4 
[2, 14, 1, 5, 254]  	1111	8 
[1, 15, 1, 5, 254]  	1117	7 
[2, 0, 6, 7, 254]  	1132	5 
[2, 6, 12, 0, 254]  	1136	7 
[3, 1, 0, 11, 254]  	1142	7 
[2, 13, 2, 5, 254]  	1145	8 
[11, 0, 1, 8, 254]  	1148	10 
[1, 14, 2, 5, 254]  	1151	5 
[5, 6, 11, 0, 254]  	1158	6 
[3, 19, 0, 4, 254]  	1164	9 
[3, 0, 1, 11, 254]  	1176	7 
[2, 1, 1, 11, 254]  	1182	7 
[10, 3, 11, 0, 254]  	1202	9 
[2, 6, 0, 10, 254]  	1204	4 
[1, 0, 1, 12, 254]  	1206	4 
[2, 12, 10, 0, 254]  	1216	7 
[2, 1, 8, 6, 254]  	1219	7 
[3, 4, 14, 0, 254]  	1235	7 
[2, 5, 1, 10, 254]  	1238	7 
[2, 0, 9, 6, 254]  	1253	6 
[1, 10, 12, 0, 254]  	1253	5 
[2, 1, 15, 1, 254]  	1256	7 
[4, 0, 3, 10, 254]  	1257	6 
[3, 3, 15, 0, 254]  	1269	6 
[1, 1, 8, 7, 254]  	1280	5 
[1, 29, 0, 2, 254]  	1288	4 
[1, 13, 11, 0, 254]  	1293	6 
[3, 0, 4, 10, 254]  	1297	5 
[3, 1, 10, 5, 254]  	1300	4 
[2, 1, 4, 10, 254]  	1303	3 
[0, 21, 1, 5, 254]  	1308	5 
[1, 2, 17, 0, 254]  	1312	5 
[1, 1, 15, 2, 254]  	1317	4 
[0, 34, 1, 0, 254]  	1329	4 
[1, 1, 14, 3, 254]  	1338	3 
[2, 0, 18, 0, 254]  	1340	5 
[2, 0, 0, 14, 254]  	1350	6 
[0, 34, 0, 1, 254]  	1350	4 
[0, 27, 5, 0, 254]  	1354	3 
[0, 9, 8, 5, 254]  	1361	2 
[1, 0, 11, 6, 254]  	1364	5 
[0, 12, 0, 10, 254]  	1364	3 
[0, 32, 0, 2, 254]  	1368	3 
[0, 4, 12, 4, 254]  	1368	1 
[0, 27, 4, 1, 254]  	1375	4 
[0, 11, 2, 9, 254]  	1377	1 
[1, 0, 10, 7, 254]  	1385	4 
[0, 2, 12, 5, 254]  	1386	2 
[0, 9, 2, 10, 254]  	1395	3 
[0, 21, 5, 3, 254]  	1408	3 
[0, 15, 3, 7, 254]  	1412	5 
[0, 2, 6, 10, 254]  	1420	3 
[0, 6, 4, 10, 254]  	1426	3 
[0, 0, 2, 14, 254]  	1430	1 
[0, 1, 12, 6, 254]  	1441	2 
[0, 23, 6, 2, 254]  	1461	3 
[0, 1, 9, 9, 254]  	1504	2 
[0, 0, 7, 13, 254]  	1693	1 
[2, 6, 3, 0, 255]  	497	3 
[2, 5, 3, 1, 255]  	552	4 
[1, 2, 5, 1, 255]  	552	2 
[1, 3, 0, 6, 255]  	694	4 
[5, 1, 7, 1, 255]  	781	5 
[4, 0, 2, 6, 255]  	818	5 
[3, 0, 9, 1, 255]  	824	5 
[5, 0, 7, 2, 255]  	836	5 
[2, 0, 4, 7, 255]  	990	2 
[3, 8, 2, 5, 255]  	991	9 
[1, 14, 0, 5, 255]  	1009	3 
[17, 0, 7, 0, 255]  	1024	3 
[3, 0, 6, 6, 255]  	1071	5 
[17, 0, 0, 6, 255]  	1079	2 
[9, 5, 9, 0, 255]  	1103	2 
[15, 0, 9, 0, 255]  	1104	2 
[3, 13, 1, 5, 255]  	1105	7 
[3, 0, 0, 11, 255]  	1105	6 
[1, 0, 0, 12, 255]  	1135	2 
[1, 1, 6, 7, 255]  	1138	3 
[8, 3, 11, 0, 255]  	1140	3 
[0, 15, 2, 5, 255]  	1157	5 
[3, 4, 13, 0, 255]  	1164	6 
[2, 0, 13, 2, 255]  	1169	5 
[1, 1, 13, 2, 255]  	1175	3 
[3, 16, 2, 4, 255]  	1195	6 
[0, 27, 3, 0, 255]  	1212	3 
[2, 0, 2, 11, 255]  	1216	2 
[1, 15, 9, 0, 255]  	1225	6 
[0, 9, 1, 9, 255]  	1232	1 
[0, 9, 0, 10, 255]  	1253	3 
[0, 6, 3, 9, 255]  	1263	2 
[1, 7, 14, 0, 255]  	1284	2 
[0, 7, 8, 5, 255]  	1287	2 
[0, 2, 12, 4, 255]  	1294	1 
[4, 1, 16, 0, 255]  	1297	6 
[1, 0, 18, 0, 255]  	1309	2 
[1, 4, 16, 0, 255]  	1315	3 
[1, 6, 15, 0, 255]  	1318	2 
[0, 0, 7, 9, 255]  	1325	1 
[0, 29, 1, 2, 255]  	1328	1 
[2, 1, 11, 5, 255]  	1340	6 
[1, 1, 5, 10, 255]  	1343	4 
[0, 29, 0, 3, 255]  	1349	4 
[0, 23, 2, 4, 255]  	1361	4 
[0, 22, 4, 3, 255]  	1374	2 
[0, 8, 10, 4, 255]  	1374	1 
[0, 21, 6, 2, 255]  	1387	1 
[0, 3, 18, 0, 255]  	1389	1 
[1, 0, 14, 4, 255]  	1393	2 
[0, 15, 8, 3, 255]  	1399	3 
[0, 7, 11, 4, 255]  	1408	1 
[0, 12, 11, 2, 255]  	1409	1 
[0, 3, 17, 1, 255]  	1410	1 
[0, 19, 1, 7, 255]  	1418	1 
[0, 5, 6, 9, 255]  	1439	1 
[0, 10, 6, 7, 255]  	1440	1 
[0, 22, 9, 0, 255]  	1453	3 
[0, 7, 17, 0, 255]  	1466	1 
[0, 1, 15, 4, 255]  	1470	1 
[0, 1, 14, 5, 255]  	1491	2 
[0, 0, 16, 4, 255]  	1504	1 
[0, 25, 7, 1, 255]  	1514	3 
[0, 1, 21, 0, 255]  	1528	1 
[0, 0, 22, 0, 255]  	1562	1 
[0, 9, 15, 2, 255]  	1582	1 
[0, 0, 21, 1, 255]  	1583	1 
------
The gap is between 11 and 246.
Lengths: 5 5 8 11 5 10.
For 1536 = 3*d-d1-d2-d3-d4 you get 5 in char 0.
1 + 0*2^64 + 0*2^128 + 0*2^192*y^17*z^5*w^6
1 + 0*2^64 + 0*2^128 + 0*2^192*y^16*z^12*w^1
1 + 0*2^64 + 0*2^128 + 0*2^192*y^4*z^4*w^12
1 + 0*2^64 + 0*2^128 + 0*2^192*y^3*z^11*w^7
1 + 0*2^64 + 0*2^128 + 0*2^192*y^2*z^18*w^2

For 947 = 2*d-d1-d2-d3-d4 you get 8 in char 0.
1 + 0*2^64 + 0*2^128 + 0*2^192*x^14*y^2*z^1*w^4
1 + 0*2^64 + 0*2^128 + 0*2^192*x^9*y^1*z^5*w^3
1 + 0*2^64 + 0*2^128 + 0*2^192*x^4*z^9*w^2
1 + 0*2^64 + 0*2^128 + 0*2^192*x^2*y^9*w^6
1 + 0*2^64 + 0*2^128 + 0*2^192*x^1*y^6*z^2*w^6
1 + 0*2^64 + 0*2^128 + 0*2^192*y^16*z^5
1 + 0*2^64 + 0*2^128 + 0*2^192*y^3*z^4*w^6
1 + 0*2^64 + 0*2^128 + 0*2^192*y^2*z^11*w^1

For 358 = d-d1-d2-d3-d4 you get 5 in char 0.
1 + 0*2^64 + 0*2^128 + 0*2^192*x^5*y^3*w^1
1 + 0*2^64 + 0*2^128 + 0*2^192*x^4*z^2*w^1
1 + 0*2^64 + 0*2^128 + 0*2^192*x^2*y^8
1 + 0*2^64 + 0*2^128 + 0*2^192*x^1*y^5*z^2
1 + 0*2^64 + 0*2^128 + 0*2^192*y^2*z^4

Extra powers of p used 7.
The invariant extra is equal to 33.
Start computing 2^4 Delta^1 (x1x2x3x4)^1... Done.
Start computing 2^5 Delta^2 (x1x2x3x4)^1... Done.
Start computing 2^6 Delta^3 (x1x2x3x4)^1... Done.
Start computing 2^7 Delta^4 (x1x2x3x4)^1... Done.
Start computing 2^8 Delta^5 (x1x2x3x4)^1... Done.
Start computing 2^9 Delta^6 (x1x2x3x4)^1... Done.
Start computing 2^10 Delta^7 (x1x2x3x4)^1... Done.
Start computing 2^11 Delta^8 (x1x2x3x4)^1... Done.
Start computing 2^12 Delta^9 (x1x2x3x4)^1... Done.
Start computing 2^13 Delta^10 (x1x2x3x4)^1... Done.
Start computing 2^14 Delta^11 (x1x2x3x4)^1... Done.
Start computing 2^15 Delta^12 (x1x2x3x4)^1... Done.
Start computing 2^16 Delta^13 (x1x2x3x4)^1... Done.
Start computing 2^17 Delta^14 (x1x2x3x4)^1... Done.
Start computing 2^18 Delta^15 (x1x2x3x4)^1... Done.
Start computing 2^19 Delta^16 (x1x2x3x4)^1... Done.
Start computing 2^20 Delta^17 (x1x2x3x4)^1... Done.
Start computing 2^21 Delta^18 (x1x2x3x4)^1... Done.
Start computing 2^22 Delta^19 (x1x2x3x4)^1... Done.
Start computing 2^23 Delta^20 (x1x2x3x4)^1... Done.
Start computing 2^24 Delta^21 (x1x2x3x4)^1... Done.
Start computing 2^25 Delta^22 (x1x2x3x4)^1... Done.
Start computing 2^26 Delta^23 (x1x2x3x4)^1... Done.
Start computing 2^27 Delta^24 (x1x2x3x4)^1... Done.
Start computing 2^28 Delta^25 (x1x2x3x4)^1... Done.
Start computing 2^29 Delta^26 (x1x2x3x4)^1... Done.
Start computing 2^30 Delta^27 (x1x2x3x4)^1... Done.
Start computing 2^31 Delta^28 (x1x2x3x4)^1... Done.
Start computing 2^32 Delta^29 (x1x2x3x4)^1... Done.
Start computing 2^33 Delta^30 (x1x2x3x4)^1... Done.
Start computing 2^34 Delta^31 (x1x2x3x4)^1... Done.
Start computing 2^35 Delta^32 (x1x2x3x4)^1... Done.
Start computing 2^36 Delta^33 (x1x2x3x4)^1... Done.
Start computing 2^37 Delta^34 (x1x2x3x4)^1... Done.
Start computing 2^38 Delta^35 (x1x2x3x4)^1... Done.
Start computing aa.
1 2 3 4 5 6 7 8 9 10 11 12 13 14 15 16 17 18 
*/
A = \
[11458099267301963320 + 13654405429327288264*2^64 + 14917561878838990711*2^128 + 45898251074*2^192,17841304118405077320 + 9715449905169745713*2^64 + 8640329135679062335*2^128 + 26811503606*2^192,13378085599682901960 + 11174005756174318891*2^64 + 3452733241025619406*2^128 + 21786990321*2^192,9129679053249266200 + 9027876392709576282*2^64 + 12777088412168987451*2^128 + 22207150463*2^192,14657553135809066208 + 3120228293844240814*2^64 + 14984412325200098203*2^128 + 33484763800*2^192,6210166903899328384 + 12420614975119445737*2^64 + 4314936341737840896*2^128 + 45911982738*2^192,5879251841096645920 + 2006855900206126967*2^64 + 13063140255073528933*2^128 + 9544107656*2^192,2211506693771175712 + 4749841872993720195*2^64 + 11089712882700134348*2^128 + 60437043259*2^192,8010528015859201056 + 16334972236108837964*2^64 + 16752083717637366434*2^128 + 28410166433*2^192,6158676267432218112 + 7230447570653977806*2^64 + 8307847331981040065*2^128 + 24925055225*2^192,6110392300097403232 + 17390969408253363963*2^64 + 7982401044547613849*2^128 + 1726950658*2^192,11158567890635430656 + 9591006264622078593*2^64 + 15688005958742271437*2^128 + 34316174295*2^192,1992221529775761024 + 13579744572303967373*2^64 + 9991785932433155028*2^128 + 34872984252*2^192,12207196091414684736 + 5103926330977590716*2^64 + 181219500638482569*2^128 + 23907292839*2^192,5950461509747408544 + 2259698501578008883*2^64 + 3774435794759562654*2^128 + 50750456901*2^192,12403916225810982304 + 1497005617117849602*2^64 + 5910312018246031072*2^128 + 28982919484*2^192,15795778476951241792 + 11188582282058739310*2^64 + 356037472899685109*2^128 + 67508031697*2^192,4486090374419919584 + 2097266993754095621*2^64 + 6313718316478062244*2^128 + 62640247314*2^192;\
4932903598378531288 + 540126083587243433*2^64 + 11955573015505404620*2^128 + 29109072784*2^192,12056156765223643048 + 3270322971519474410*2^64 + 17697366889503314630*2^128 + 42714399546*2^192,11768094713652030184 + 14914291445714050041*2^64 + 129536959812318386*2^128 + 38160349380*2^192,13581497515461293304 + 10143458332297431690*2^64 + 5607760730479334745*2^128 + 11904422195*2^192,76887234448618720 + 7837646512541892889*2^64 + 1220216362440330477*2^128 + 14276158937*2^192,11974723075454071168 + 16913673334740403651*2^64 + 12566149355447651474*2^128 + 24285019940*2^192,8231057025967745696 + 6810124891210968420*2^64 + 1121970251429707093*2^128 + 24272257105*2^192,6512470331954601632 + 6566921708275434709*2^64 + 1635454816491779001*2^128 + 1000245590*2^192,9203323742419054240 + 9429990790301142709*2^64 + 3402743257886763185*2^128 + 758133435*2^192,8265595137998787584 + 14084766639249005627*2^64 + 13872381376313566854*2^128 + 9197075423*2^192,1774762473528983776 + 10891684272154620199*2^64 + 9393439152602677672*2^128 + 47588740074*2^192,9384596613149078272 + 2612174746924507250*2^64 + 2317967952313769942*2^128 + 49564781227*2^192,256788258750461056 + 2347318903515970789*2^64 + 296022397435470918*2^128 + 1950212029*2^192,3008791922590331712 + 6794151735571199704*2^64 + 2071045642837688417*2^128 + 35110901665*2^192,10001057930345893664 + 9607372176406187268*2^64 + 12600046432251217810*2^128 + 46023994273*2^192,5840272349718223392 + 2277955776125711148*2^64 + 9672180508344818652*2^128 + 55642808821*2^192,16071295127942991680 + 8635361148952317427*2^64 + 7228112353990346263*2^128 + 20370344165*2^192,1424527607130410080 + 17715208364779197402*2^64 + 5809371379974302656*2^128 + 52882151981*2^192;\
14921189288637406578 + 15566375748131314758*2^64 + 3081845311193792708*2^128 + 10683165057*2^192,353790807460466366 + 17343163741758749449*2^64 + 12775942047717120445*2^128 + 54890446509*2^192,6061604869858222542 + 113793075253540268*2^64 + 13877181771974899143*2^128 + 67853452890*2^192,17860425103044681402 + 3385362131805647000*2^64 + 17905793979944641659*2^128 + 30631552264*2^192,8465969312053219976 + 14614185620433973374*2^64 + 12518428760197563697*2^128 + 62360384658*2^192,14022081499011709024 + 13091518333146192296*2^64 + 12076336941502392048*2^128 + 2656096876*2^192,8305223831228704760 + 2467574936462121361*2^64 + 7306647857610085300*2^128 + 14892980430*2^192,6948701792150534264 + 11112094934699012807*2^64 + 220823197026078757*2^128 + 43464892989*2^192,2435597762871867768 + 17004378992901668174*2^64 + 8205532703213929545*2^128 + 58995621390*2^192,11303710869594508160 + 892972457520416428*2^64 + 17180973700303147074*2^128 + 18901951187*2^192,4218940935855198440 + 13799135720655276538*2^64 + 1881793871200870891*2^128 + 19530908323*2^192,13361067675041861440 + 12110614215993361858*2^64 + 11346424380515390945*2^128 + 35492594181*2^192,2924676381859276512 + 17670486328744288904*2^64 + 13691439267556039723*2^128 + 57053811995*2^192,9813486392466510512 + 4755038988336278104*2^64 + 5796713380610814971*2^128 + 65800164137*2^192,1381789444282806680 + 16988472446819442794*2^64 + 15046821577188922360*2^128 + 3978140300*2^192,17354368373659348120 + 3550819465993470867*2^64 + 126742012469699293*2^128 + 60623923052*2^192,8805529325417779184 + 5193192618855693858*2^64 + 8798519515146886963*2^128 + 50700870488*2^192,8873491522413854152 + 14973218117803905388*2^64 + 13332756681932744880*2^128 + 52699475589*2^192;\
3191558613000490034 + 11865607625037233429*2^64 + 2522765198106912043*2^128 + 52864781560*2^192,16383847503396161342 + 16389313433978860390*2^64 + 1290792447901207504*2^128 + 62835347383*2^192,195768887789497230 + 14124956127312402982*2^64 + 4935954862189917604*2^128 + 39268258933*2^192,1014926997724453754 + 13294873166285433014*2^64 + 8734675515282610865*2^128 + 28219942077*2^192,6880792661832111240 + 16302049979996724283*2^64 + 7635073354925629453*2^128 + 58523295711*2^192,17848077804209122144 + 9400154177493125510*2^64 + 3722206428246915537*2^128 + 5542189714*2^192,14791449811352251384 + 18360774368188639018*2^64 + 502534218110354561*2^128 + 12527098586*2^192,1874734349002710904 + 8864667536375109042*2^64 + 1032188304266359903*2^128 + 13564966615*2^192,9833955762046474616 + 3878735995083257963*2^64 + 9222917715611843293*2^128 + 16136825068*2^192,17273983126055208832 + 9963075941169816491*2^64 + 6346012331270113853*2^128 + 18102246070*2^192,6649262358679513064 + 12714163650323524727*2^64 + 2024169372757288033*2^128 + 56508465431*2^192,11706244631636038720 + 16737807186080182001*2^64 + 6170834095582734799*2^128 + 12030641268*2^192,13624254699346998240 + 16855960049437094685*2^64 + 16800756967071132664*2^128 + 51577849934*2^192,9927184959839834800 + 8310184721545694424*2^64 + 15376327964359881825*2^128 + 33465589129*2^192,2555790614882451096 + 11222933260822177099*2^64 + 3440070921236475697*2^128 + 15140488873*2^192,11317193234693370520 + 2041754154762107296*2^64 + 17694092291295209108*2^128 + 22790168555*2^192,9404929273686776560 + 3651224059439070963*2^64 + 3332139091015357847*2^128 + 6497410159*2^192,11565001584474942920 + 824843774595739225*2^64 + 16529422271798127197*2^128 + 14098866277*2^192;\
9831061111557952606 + 12521804551569897943*2^64 + 13795387588073857757*2^128 + 23883888988*2^192,3970063338637623794 + 7919866863322027787*2^64 + 12718429324026013562*2^128 + 46395834541*2^192,4995184399989720802 + 4682242426752179709*2^64 + 3471290757134063188*2^128 + 53860711221*2^192,13211953681571894486 + 15862359165502627911*2^64 + 3477110855022906640*2^128 + 21079629585*2^192,10874596911868780856 + 3094951196812035884*2^64 + 7857035820801478722*2^128 + 44852027402*2^192,12332882981821306272 + 13364935118982027726*2^64 + 13327229959486518084*2^128 + 23678520226*2^192,5663623205160821448 + 18146444056960013119*2^64 + 11567011097304357497*2^128 + 1687952426*2^192,16657478269795323208 + 6591879914521446801*2^64 + 9274011222645791907*2^128 + 67884529762*2^192,11947954643938348104 + 7593231820545059270*2^64 + 16749933744795001527*2^128 + 19922625623*2^192,4796091138082526848 + 7259210256017894962*2^64 + 5773589408655720261*2^128 + 51624432253*2^192,16678481855575828568 + 2788926588004231664*2^64 + 12219281631825796861*2^128 + 31604732914*2^192,15292895818778417088 + 2860423997904397852*2^64 + 13491626438771096304*2^128 + 11218726647*2^192,1190230553310843680 + 15287297961952502634*2^64 + 17322374900464696831*2^128 + 10273118291*2^192,13887972263680830672 + 9233699031550549099*2^64 + 3443335269737129863*2^128 + 55782178129*2^192,14104453877046501928 + 4647594544400122998*2^64 + 15351978155103416662*2^128 + 49348213312*2^192,12968932760528893736 + 5840187384786011555*2^64 + 10590490433395178377*2^128 + 14375544603*2^192,11725580827746362768 + 16158180975278155313*2^64 + 12178408892730751818*2^128 + 29645370024*2^192,2085592641153317752 + 4299137889962245553*2^64 + 13744018217977413027*2^128 + 52036293098*2^192;\
2001573419082042608 + 12974732064430290168*2^64 + 2711304212707926318*2^128 + 4321737478*2^192,9366086366126412688 + 451781314731417914*2^64 + 4016345908273065247*2^128 + 32649150073*2^192,4784117709419301616 + 2394456877779911976*2^64 + 18196651204066505783*2^128 + 18105932278*2^192,4647260209276312112 + 11591617429537413395*2^64 + 1977732562411745151*2^128 + 33607993108*2^192,13021123086814917216 + 12206555256892544334*2^64 + 1922352418082411245*2^128 + 10457496423*2^192,13161847599346523264 + 529486002106541791*2^64 + 8111092228924170169*2^128 + 14187462631*2^192,7517048581449434688 + 8897929253834010376*2^64 + 3086897585841159996*2^128 + 12084974011*2^192,11243466665733718848 + 9217555090024377449*2^64 + 15188455464506055481*2^128 + 16963589100*2^192,2007498292375265216 + 16408985864115716850*2^64 + 1639669757944779450*2^128 + 3462609284*2^192,13335417455907408384 + 7825680516872671630*2^64 + 1934981972319613035*2^128 + 4741213433*2^192,15376501056494542400 + 253216126513769400*2^64 + 8356073831298488031*2^128 + 18318713481*2^192,618052806966028160 + 3436411005267456305*2^64 + 4658820489940895608*2^128 + 8542829368*2^192,16630764263345796736 + 4520177039193793172*2^64 + 3408926102654231066*2^128 + 12075471956*2^192,15043426818981045760 + 3998024991246021191*2^64 + 4301057167563504066*2^128 + 14624537165*2^192,12541233613351388096 + 4925620762623274622*2^64 + 437142598970316331*2^128 + 12113674794*2^192,7235794530804375360 + 7579616292549093851*2^64 + 15037847046984252198*2^128 + 34221011922*2^192,2613896693681552768 + 7666223254737414351*2^64 + 3870429755453854656*2^128 + 30078264097*2^192,13347697092784502848 + 12202229039805032777*2^64 + 17938997405047236234*2^128 + 23618721667*2^192;\
15137567909633174144 + 13907019304446091577*2^64 + 671416980672165362*2^128 + 25055907619*2^192,7093983486234615616 + 4418315844016593694*2^64 + 11538737722664593158*2^128 + 34138841502*2^192,7817007428653764928 + 16084646786427156476*2^64 + 9694110935716969104*2^128 + 20134150145*2^192,6437093958130278912 + 712753165123183115*2^64 + 3548838297419525938*2^128 + 32455341453*2^192,1127244191362989120 + 6973491348486811065*2^64 + 9769814453862884768*2^128 + 5262407818*2^192,6920792434198140160 + 6912218331540827643*2^64 + 9750030325408413247*2^128 + 28012794690*2^192,4739617903029693440 + 11804876531045787712*2^64 + 10814555287993366853*2^128 + 26644885030*2^192,12072504494082109184 + 1801283011041536678*2^64 + 7109180370700255105*2^128 + 3303946444*2^192,15393830882122235904 + 1350807222089555062*2^64 + 12970937286788521195*2^128 + 29784337106*2^192,3094867661938808576 + 9648155466637423435*2^64 + 2360677733289165713*2^128 + 2305904753*2^192,5822720504412930304 + 7151090445047085312*2^64 + 327090059755387527*2^128 + 4148766829*2^192,4905428351348375808 + 16067582027389665096*2^64 + 17977985791435662699*2^128 + 20496674913*2^192,11984880761232578048 + 9121331823357571476*2^64 + 10990953722591194495*2^128 + 23130610757*2^192,9910866641085675264 + 16557232357226697453*2^64 + 1409627930319350161*2^128 + 26040432986*2^192,1840313477220772352 + 9191704101086254152*2^64 + 242341034464360723*2^128 + 17009139034*2^192,8926378658768096000 + 7671179387442923775*2^64 + 12812374647260861023*2^128 + 34022695883*2^192,1764575594982620416 + 8683487803137229150*2^64 + 971882112636948571*2^128 + 24309476856*2^192,18432271555765940224 + 2365939693685339419*2^64 + 9580814476467440091*2^128 + 9596750150*2^192;\
9012135668005546624 + 16138097523375146441*2^64 + 4481904965085458362*2^128 + 37359352031*2^192,7037530967013266848 + 3230105777004965730*2^64 + 9311868192978785188*2^128 + 56332324255*2^192,14556890669842474112 + 4075601895060132132*2^64 + 5680652675119185521*2^128 + 23641206678*2^192,2214773918175575552 + 11440551375440404534*2^64 + 2394463223615132510*2^128 + 18655805431*2^192,11409030851966187456 + 3775786395669926793*2^64 + 11180314735095757319*2^128 + 24355035063*2^192,509459489536631680 + 8084273597146407803*2^64 + 6152117000529679551*2^128 + 13942027236*2^192,6207470470688480768 + 14113508041280667258*2^64 + 14923981665906536657*2^128 + 40741960189*2^192,7207185775322372352 + 8721113710170968587*2^64 + 8821815879236042136*2^128 + 15905997404*2^192,5970283674611021056 + 15763953653723315756*2^64 + 15508130955255836126*2^128 + 7969737801*2^192,4311515947869171072 + 2357999249449874434*2^64 + 9527465655602430016*2^128 + 65885168918*2^192,6591677679046074112 + 7598018002127774901*2^64 + 16645711239214535968*2^128 + 23221757549*2^192,14639239702796472832 + 9936375941514157046*2^64 + 10654015290818419525*2^128 + 33853715292*2^192,11560596354556327296 + 14361671965402707996*2^64 + 2586259282612671394*2^128 + 40100073241*2^192,15442011095984511360 + 10491747435566116869*2^64 + 10613740523251952407*2^128 + 44114895344*2^192,14213982056816253696 + 2374222499231787010*2^64 + 3088207548688928732*2^128 + 51374951545*2^192,1887839542686338048 + 9511065192250387503*2^64 + 11177170962603753946*2^128 + 10289443580*2^192,12840747524313453184 + 16843106302987257333*2^64 + 1693291297373518536*2^128 + 68437744198*2^192,3009320685478970496 + 4939445893954164523*2^64 + 12498034172776500743*2^128 + 49048466891*2^192;\
13715224766160300276 + 205441523419919926*2^64 + 5491938905989699601*2^128 + 14635620519*2^192,1526449049766126060 + 18091696799774406218*2^64 + 9577347099172663035*2^128 + 11104460946*2^192,5881324463709317628 + 2945012287028009258*2^64 + 3799743512235906678*2^128 + 67587226299*2^192,14847902608806041860 + 506764602146203138*2^64 + 11697856850270000346*2^128 + 38992619273*2^192,9476733364637968416 + 4828632296529747596*2^64 + 13242281820483881682*2^128 + 16480243033*2^192,16062009962530902848 + 12077740054172467273*2^64 + 6718939720709060554*2^128 + 18992157414*2^192,2688631055238070960 + 13434180903481309369*2^64 + 13633959779633183292*2^128 + 44236803812*2^192,14832154898290091056 + 2942174632079360453*2^64 + 701512535245238247*2^128 + 60508225239*2^192,7249267395463595632 + 514996377225803512*2^64 + 16766184066932414065*2^128 + 66029390719*2^192,17597199725731497088 + 5776939247142807178*2^64 + 3789663216329226297*2^128 + 2373077226*2^192,1907872327406491472 + 9934491267705054284*2^64 + 13444052920420571754*2^128 + 42148887787*2^192,12694863717746376896 + 4628108793189561934*2^64 + 13002826904146054976*2^128 + 34232717314*2^192,91189008041510528 + 1732985508756933822*2^64 + 3864616864567480411*2^128 + 21894379466*2^192,2168809268897971680 + 17412426287177882550*2^64 + 4652380128637474753*2^128 + 49272062579*2^192,9675795069754397616 + 13411681289240495180*2^64 + 7024335627388863961*2^128 + 22491723282*2^192,2224903167077226608 + 10774307930373605820*2^64 + 10282140768065394493*2^128 + 29081903626*2^192,15575869728079070816 + 14403367413244372711*2^64 + 1496346670178041346*2^128 + 6531000672*2^192,17907851455495951504 + 7287424643102096651*2^64 + 17541175789770224856*2^128 + 18873408598*2^192;\
475307393519751844 + 5428099958881574865*2^64 + 10741633486667294207*2^128 + 67116308368*2^192,13576233314851280012 + 6756982241119038855*2^64 + 11986507050852061093*2^128 + 4103528969*2^192,8424289504572022508 + 122768708415260598*2^64 + 2575238461087002659*2^128 + 8389290604*2^192,9612173621881926932 + 6362510462506679868*2^64 + 12547214942222533288*2^128 + 64016426941*2^192,6477474952405418560 + 478631775266032038*2^64 + 12726692859743694136*2^128 + 12329083148*2^192,13986355587768939776 + 84421014501157939*2^64 + 7348745170396828421*2^128 + 32609203123*2^192,7488833472593550448 + 448678643697560749*2^64 + 4652596153307635164*2^128 + 34517613503*2^192,1658294331383540272 + 12543215857262069026*2^64 + 6478417024539673230*2^128 + 45169912037*2^192,911945675462527152 + 3265560572548414918*2^64 + 5676062055523383114*2^128 + 32558724763*2^192,11520477161695109184 + 15857622838571956420*2^64 + 11924379325631655179*2^128 + 12818521293*2^192,2429429986218041744 + 8275908351456380636*2^64 + 3857026387569637413*2^128 + 2894411814*2^192,263452053990544704 + 8450099233137193396*2^64 + 11938150676679219936*2^128 + 22042496747*2^192,9995441319098743872 + 520912253864398005*2^64 + 2923702018306264179*2^128 + 31471387277*2^192,9418148716092323552 + 866294178477967477*2^64 + 16879114444708775044*2^128 + 12612391031*2^192,18068505018034475760 + 10556917917451363631*2^64 + 13545597369467818555*2^128 + 16750024494*2^192,8437079353839736112 + 10541755109842347846*2^64 + 1174189208690182512*2^128 + 5366676444*2^192,5390531804661510688 + 17670977871776593374*2^64 + 3419729834414200399*2^128 + 24918494398*2^192,4074734444247312912 + 13372290228467491395*2^64 + 1078671100534356964*2^128 + 56880313245*2^192;\
14098568859084440710 + 3370212430845427842*2^64 + 7555843428112920332*2^128 + 58860935758*2^192,8552840806056316362 + 8006658351768547344*2^64 + 4349492145994283826*2^128 + 60720985036*2^192,17580209156243688026 + 9073002266730466646*2^64 + 12217202846211367654*2^128 + 7588983979*2^192,816804357035323294 + 12056138369874167309*2^64 + 12038966245312485604*2^128 + 42260136626*2^192,1860175576073542968 + 796760234493658809*2^64 + 4363004616057632299*2^128 + 9899917415*2^192,2525420825949516832 + 17979726102581344004*2^64 + 13887484301486011130*2^128 + 61643736580*2^192,3684849282909589032 + 1026917830025107221*2^64 + 6141464711783071035*2^128 + 44321437955*2^192,2652454100227096360 + 4797522418767400921*2^64 + 5269485280031388531*2^128 + 59523217274*2^192,7644281809522558248 + 10424711324607392991*2^64 + 12556420193581180617*2^128 + 19548609090*2^192,14964167947445529472 + 5054504852221434920*2^64 + 11978583681633768182*2^128 + 32573242733*2^192,5922396800209179768 + 11670898143223075501*2^64 + 5538863158390348172*2^128 + 163928506*2^192,16885097482747533888 + 6833931903426541533*2^64 + 2445534644771371295*2^128 + 60888638848*2^192,3566110695430452768 + 9111939922779069011*2^64 + 9145780667343444679*2^128 + 8963875759*2^192,18303828221047110928 + 3769302623086521550*2^64 + 5879393982055512767*2^128 + 696434434*2^192,2188105384296648072 + 8127696714479726396*2^64 + 11334169651374214417*2^128 + 36381514474*2^192,17782074728373842952 + 9531035071382512793*2^64 + 15041230631379795207*2^128 + 7970242210*2^192,5811540494424613712 + 15822343011305823006*2^64 + 5455403064503966590*2^128 + 20274611219*2^192,8395004806191837592 + 12529836323060225307*2^64 + 8216136433584764625*2^128 + 45094457271*2^192;\
10160550145715209008 + 5376171574358134355*2^64 + 8469246053784326355*2^128 + 47225290611*2^192,1414893876430573568 + 17021464585332147689*2^64 + 18405042303576416187*2^128 + 28689370657*2^192,5387546058531027328 + 7019249526375906706*2^64 + 5678036704918297908*2^128 + 34099817949*2^192,4857130333480863120 + 14714897331896655349*2^64 + 3402657268945767540*2^128 + 52537803968*2^192,14645946704019865040 + 7489142304513981932*2^64 + 3481439109762363835*2^128 + 9433384964*2^192,1045381369548261824 + 7669269264697392232*2^64 + 1225760097104414553*2^128 + 22060247684*2^192,4050358705756905664 + 1604530913153349250*2^64 + 8760954321366638024*2^128 + 29379596152*2^192,8879294174102193664 + 18440774373558390865*2^64 + 16798191697384999844*2^128 + 10915889816*2^192,5258409941740116224 + 12179708821215469903*2^64 + 11161642771506432075*2^128 + 11153539024*2^192,10960106952185296320 + 12464146495164224602*2^64 + 8482167121732283714*2^128 + 60997572565*2^192,12663555723124998912 + 8384037887299004306*2^64 + 8518701846554283177*2^128 + 64067378980*2^192,5457995885986111040 + 6962944591400888071*2^64 + 17882223688535795133*2^128 + 30438030561*2^192,7465794176926428288 + 6407997530678364440*2^64 + 9887212886885891768*2^128 + 46967377810*2^192,11448528478502785280 + 11172597433835331280*2^64 + 16205934538868490222*2^128 + 58697998257*2^192,8553564473463993216 + 6120937419977033156*2^64 + 15680915073215810719*2^128 + 52569781768*2^192,18063255503919636928 + 8532472438548856068*2^64 + 5977897361961152672*2^128 + 61824201806*2^192,17989545991080046912 + 9241018742679624696*2^64 + 12490483499603039722*2^128 + 40272851018*2^192,3871117461503888704 + 15017899249504835671*2^64 + 932750879086187405*2^128 + 39309682949*2^192;\
5890582609401799391 + 15059516351756583632*2^64 + 6310880873476268180*2^128 + 46811867725*2^192,12112452612342954009 + 5713437270158554571*2^64 + 8985684345756520828*2^128 + 54758776772*2^192,10042464530721063425 + 16613126960836885800*2^64 + 12085163492246811146*2^128 + 55389051572*2^192,3982705174180907643 + 8528143405760944226*2^64 + 17679931854058775301*2^128 + 18668487924*2^192,14713025282186516572 + 17492003129569818794*2^64 + 6999154349120652958*2^128 + 16849409657*2^192,4957350407758060944 + 10275166184250481766*2^64 + 11253743394786831179*2^128 + 68667704328*2^192,12744350067045458724 + 5578067420710104448*2^64 + 5135307031085596454*2^128 + 30517085124*2^192,6992996229403480740 + 7944917118529604669*2^64 + 8882743752293125005*2^128 + 8211508782*2^192,14183520895604237924 + 2759627093054365524*2^64 + 18297646157530780968*2^128 + 40568022117*2^192,16169363891338217600 + 3566870020982653747*2^64 + 14853365549288969029*2^128 + 63098599017*2^192,17693518051704130668 + 17784134661061198448*2^64 + 7989811203292225442*2^128 + 8428037064*2^192,12903024090478149856 + 11786901505730083383*2^64 + 13520061423735336159*2^128 + 4302706112*2^192,14953053843997124176 + 6726819262561883347*2^64 + 3796336629457413429*2^128 + 31662435668*2^192,12708358875640123496 + 16397651282792754276*2^64 + 1952739883506692137*2^128 + 49408286593*2^192,17856725131062120660 + 4135890033200682986*2^64 + 9941454873900904071*2^128 + 50055079909*2^192,3011867436431097172 + 14803463486984093328*2^64 + 6254418965569621306*2^128 + 11889240544*2^192,3490476926615084936 + 2434702413464772576*2^64 + 9967293073837849700*2^128 + 4349285998*2^192,9364043673566147004 + 17615156861034437074*2^64 + 4641772581795493927*2^128 + 18118103041*2^192;\
10902172970307696640 + 881882597428579915*2^64 + 12826132101837375244*2^128 + 13926365837*2^192,12418433886235862400 + 15872400771951350258*2^64 + 424360825625218994*2^128 + 3615588369*2^192,363545499227985152 + 2893285223963364873*2^64 + 9368149464183704377*2^128 + 1305941991*2^192,15845778672334731776 + 16203378494418849910*2^64 + 4130078092133807531*2^128 + 31672739217*2^192,12917751747816919552 + 4001168765201874162*2^64 + 8333840037678297430*2^128 + 8591971682*2^192,2358968540375732224 + 2249160138504904968*2^64 + 16187816677918806594*2^128 + 11838103121*2^192,3469208575474426880 + 3530449199799006899*2^64 + 9703023620165035279*2^128 + 8738253361*2^192,2084319581950205440 + 18295542926179394401*2^64 + 11644338335114168869*2^128 + 9633185293*2^192,6403681911792977920 + 811679949087994526*2^64 + 596917815139446398*2^128 + 32748056920*2^192,12062387325779454464 + 16150192209710226209*2^64 + 10201047897609407587*2^128 + 27498137517*2^192,2405359968113812480 + 7967386536571269717*2^64 + 13913591927247342340*2^128 + 649411845*2^192,9972916105102772224 + 11869565394213748653*2^64 + 8738485116510477338*2^128 + 4772691975*2^192,10031149252967459328 + 6370668840935822039*2^64 + 7330768607948955200*2^128 + 32531621229*2^192,13885035491049455872 + 7501700425722721456*2^64 + 13400749876191922035*2^128 + 16996592142*2^192,7985670985443518464 + 7145714873956814784*2^64 + 18416644725025268726*2^128 + 20592538383*2^192,2701656580639574016 + 159624529490249400*2^64 + 8976145275946838189*2^128 + 33172077827*2^192,1529827188326148608 + 9987480869440225020*2^64 + 3777085966323093297*2^128 + 17392409252*2^192,1484068803194754560 + 9195307257138172869*2^64 + 14624968498145208162*2^128 + 24746503429*2^192;\
8373028693983219776 + 9695666272204628039*2^64 + 4350717635523373875*2^128 + 45121565150*2^192,2659469578041008000 + 11662918255208129439*2^64 + 10572364704982972455*2^128 + 55205268314*2^192,9168557203079436544 + 7046629357950075133*2^64 + 1077085468424038365*2^128 + 1795199575*2^192,7912042789525331136 + 8665498975909665539*2^64 + 9672247611867455130*2^128 + 812855339*2^192,7751930434100105024 + 17888921821311254526*2^64 + 14830832571594483344*2^128 + 10920491182*2^192,2767577557263185024 + 7592123076981800029*2^64 + 14367580317268601286*2^128 + 26317061401*2^192,16505863053135364096 + 6063049958609782968*2^64 + 12317702992244701117*2^128 + 21174791339*2^192,2025980655701693696 + 12084875937004211084*2^64 + 589670525830396704*2^128 + 14113383304*2^192,15253960144294010368 + 4418558113235152155*2^64 + 17756614746026264863*2^128 + 24013438450*2^192,16522230460309084672 + 15789012627827133404*2^64 + 12164963576817000775*2^128 + 9752259935*2^192,6401911698767704576 + 17747124189424421245*2^64 + 11338630158607386790*2^128 + 18998614384*2^192,10868694365789424896 + 10956943892766898750*2^64 + 11941362752440231740*2^128 + 44437759365*2^192,11565638907198472960 + 3444554967172919933*2^64 + 16296147508573525634*2^128 + 61535756942*2^192,2020967871658088192 + 94460691911931037*2^64 + 3589214942557022835*2^128 + 51397098265*2^192,9786106061871713792 + 14782684675342146306*2^64 + 3071815627243731217*2^128 + 5551649412*2^192,5006678086386085376 + 941501289367077018*2^64 + 285706139344850134*2^128 + 36868934194*2^192,3388781554258999808 + 15488217199595394115*2^64 + 15557480207796625300*2^128 + 45333385967*2^192,13447666693514542592 + 14972398092595213320*2^64 + 16613914624051165439*2^128 + 5021927421*2^192;\
14275200911541582580 + 2468271503854729173*2^64 + 10932346674383929941*2^128 + 18036462613*2^192,1385163782106259052 + 14363451679906222416*2^64 + 11450303333894273306*2^128 + 13335859995*2^192,2225273356899008956 + 3722405862903412206*2^64 + 17617844380300135414*2^128 + 44998188585*2^192,7076628821944577668 + 6901552401929795533*2^64 + 9946287813676315789*2^128 + 13469656454*2^192,1596842169314985312 + 8146559462919116734*2^64 + 1616745491495203567*2^128 + 50999237126*2^192,5456616067963169984 + 1196923392958883897*2^64 + 13783825555583921271*2^128 + 62088771787*2^192,16557624607907155888 + 3318457033964214972*2^64 + 2958353438889948398*2^128 + 60825859081*2^192,9696299045773311792 + 13621388887998902619*2^64 + 10113803171955049338*2^128 + 27982868426*2^192,16053162926677315952 + 7938940870468612982*2^64 + 3413243086853330085*2^128 + 45060296066*2^192,17982759087752778112 + 6888509108872073769*2^64 + 3188277322184496730*2^128 + 37218764253*2^192,12201080008958106192 + 11232043203261223522*2^64 + 10334421543478993523*2^128 + 23152373806*2^192,689821082394594752 + 2267783140056721633*2^64 + 3852982377895688919*2^128 + 29200809416*2^192,18111052993951775872 + 15914198054737560166*2^64 + 8296272667311942901*2^128 + 26353091341*2^192,80300242936306400 + 11900638692761377550*2^64 + 6367532111932956674*2^128 + 51655002942*2^192,13974589376690906800 + 5735783556301188113*2^64 + 9940620913695944184*2^128 + 51718309216*2^192,4034389724123158896 + 14157098091493814050*2^64 + 8955848821018704524*2^128 + 62783347352*2^192,15746901974042746208 + 16507539371472501927*2^64 + 420250636811125635*2^128 + 48247498797*2^192,18030530492553722512 + 5879616004366977317*2^64 + 9567836005830370936*2^128 + 16228185633*2^192;\
16876343422937033276 + 2253324307123174566*2^64 + 5029399538403848390*2^128 + 59905459898*2^192,1396084862720511780 + 12479026056728563921*2^64 + 3955365758754142596*2^128 + 36767820474*2^192,13238785220228182516 + 7445390545318901148*2^64 + 9538677491976100410*2^128 + 49781733666*2^192,14655077423685835628 + 679030434265307374*2^64 + 5310735610365527270*2^128 + 4395989434*2^192,2185897201776153600 + 1002867142057264373*2^64 + 1164716684613340559*2^128 + 16269781652*2^192,130364736107991616 + 2135425426699075045*2^64 + 1458928752088359541*2^128 + 5650893343*2^192,12370865950208507792 + 15287917077765488418*2^64 + 10562691221624343951*2^128 + 6069962595*2^192,8107418073417170192 + 9169762614387641873*2^64 + 5942352654015675495*2^128 + 63971168254*2^192,18125214180014116176 + 2844897175380544137*2^64 + 4546203441141935365*2^128 + 7985381265*2^192,4788216931114932352 + 654351075078612520*2^64 + 13998526672935213013*2^128 + 66177529619*2^192,14567108368883295472 + 5972576581465687927*2^64 + 149354700698769511*2^128 + 47876551874*2^192,6447060596236314816 + 14389209955785266781*2^64 + 8037782986507154240*2^128 + 58066619481*2^192,18261014836494646016 + 6158241535006734399*2^64 + 9575629717545924074*2^128 + 14649149301*2^192,12110665405742729632 + 3681665547441134104*2^64 + 18328245963498761229*2^128 + 67600778125*2^192,8298085018949352208 + 7690510813655903853*2^64 + 2644372038672164166*2^128 + 8457232560*2^192,12661368433565422288 + 4814802159704126360*2^64 + 12878616526967809156*2^128 + 59700260644*2^192,2112293565576707360 + 7367841601121825056*2^64 + 6000083470047677048*2^128 + 35922448286*2^192,16158240976882430640 + 5045378388029707310*2^64 + 12330333263463390655*2^128 + 28722325810*2^192;\
18407194113273323414 + 9602941008562530308*2^64 + 2237277655326766072*2^128 + 1177483822*2^192,9507751534664732954 + 6801589953584152480*2^64 + 9897568682871291919*2^128 + 51395466295*2^192,1000858182132293978 + 12546843412551654323*2^64 + 5516894594352144499*2^128 + 49608215757*2^192,2092651550799322350 + 15033390306465851333*2^64 + 1891559864671345993*2^128 + 62245482832*2^192,16134313426531880 + 1515142210483009539*2^64 + 3759301741010551332*2^128 + 40399671330*2^192,9905173344488827040 + 8882456016314396694*2^64 + 9924880301665466916*2^128 + 46908935468*2^192,6827151404900269544 + 12585815839613568781*2^64 + 4852373568285952945*2^128 + 54592837230*2^192,3754346608836496744 + 4710662166400067900*2^64 + 3403602938293896175*2^128 + 19024977034*2^192,2417888909105768744 + 13797897548872274603*2^64 + 14285867363966621077*2^128 + 23386830205*2^192,6952980618847643008 + 14778870505188959290*2^64 + 17455062223946258552*2^128 + 35553775348*2^192,14286029205256941304 + 15165230512346171392*2^64 + 16080464381140009455*2^128 + 56653403031*2^192,14373833562610382848 + 105222314579545961*2^64 + 6935101472187323323*2^128 + 11309529616*2^192,15800117391885550304 + 13758367414501154964*2^64 + 10445244565999366063*2^128 + 4782176432*2^192,17741492213205996816 + 13802885267201403740*2^64 + 11018449869629844557*2^128 + 57556554376*2^192,13274461324822414216 + 7329185548534303443*2^64 + 10528366073923461797*2^128 + 54932083351*2^192,12748014750619072328 + 5285915610363453452*2^64 + 14912374802627551363*2^128 + 47632957788*2^192,15455154762124079440 + 12015608095124875981*2^64 + 12374073097198378732*2^128 + 19437749555*2^192,8214437309080763544 + 16459918371114973100*2^64 + 9037060049120733239*2^128 + 34226160934*2^192]
/* 
This matrix times 2^(-6) should be the matrix of frobenius.
*/ 
B = 2^(-6) * A; 
/* Freed 5017 lists. */
The sign is: 1
The characteristic polynomial is: x^18 + x^17 - x^16 - x^15 - 10*x^14 + 2*x^13 + 44*x^12 - 4*x^11 - 24*x^10 + 64*x^9 - 96*x^8 - 64*x^7 + 2816*x^6 + 512*x^5 - 10240*x^4 - 4096*x^3 - 16384*x^2 + 65536*x + 262144
Its Newton polygon is: [2, 2, 2, 3/2, 3/2, 3/2, 3/2, 1, 1, 1, 1, 1/2, 1/2, 1/2, 1/2, 0, 0, 0]
Its factorization is: Mat([x^18 + x^17 - x^16 - x^15 - 10*x^14 + 2*x^13 + 44*x^12 - 4*x^11 - 24*x^10 + 64*x^9 - 96*x^8 - 64*x^7 + 2816*x^6 + 512*x^5 - 10240*x^4 - 4096*x^3 - 16384*x^2 + 65536*x + 262144, 1])
The valuation of f-g is: 25
The valuation of subst(g,x,A) is: 19
