/* Comments begin... 
No set up needed.

Please input coefficients below.
Coefficient of   x^19                     = Coefficient of   x^6 * y^4 * z^1 * w^2   = Coefficient of   x^5 * y^1 * z^3 * w^2   = Coefficient of   x^3 * y^9 * z^1 * w^1   = Coefficient of   x^2 * y^6 * z^3 * w^1   = Coefficient of   x^1 * y^3 * z^5 * w^1   = Coefficient of   y^14 * z^1               = Coefficient of   y^1 * w^6               = Coefficient of   z^7 * w^1               = 
Here is the polynomial we're using this time:

1 + 0*2^64 + 0*2^128 + 0*2^192*x^19 + 1 + 0*2^64 + 0*2^128 + 0*2^192*x^6*y^4*z^1*w^2 + 1 + 0*2^64 + 0*2^128 + 0*2^192*x^5*y^1*z^3*w^2 + 1 + 0*2^64 + 0*2^128 + 0*2^192*y^14*z^1 + 1 + 0*2^64 + 0*2^128 + 0*2^192*y^1*w^6 + 1 + 0*2^64 + 0*2^128 + 0*2^192*z^7*w^1


Allocate G_len 20 elements and old = 0.
Allocate M_len = 400 elements.
Allocate G_len 40 elements and old = 20.
Allocate M_len = 800 elements.
Allocate G_len 80 elements and old = 40.
Allocate M_len = 1600 elements.
Allocate M_len = 3200 elements.
Allocate G_len 160 elements and old = 80.
Allocate M_len = 6400 elements.
Allocate M_len = 12800 elements.
Allocate G_len 320 elements and old = 160.
Allocate M_len = 25600 elements.
Allocate M_len = 51200 elements.
Allocate G_len 640 elements and old = 320.
Allocate M_len = 102400 elements.
Allocate M_len = 204800 elements.
Allocate G_len 1280 elements and old = 640.
Allocate M_len = 409600 elements.
The final length of G is 684
[6, 4, 0, 2, 0]  	518	4 
[18, 0, 0, 0, 0]  	558	3  <--- 1
[5, 1, 3, 2, 0]  	589	3 
[5, 0, 5, 2, 0]  	694	5 
[1, 4, 0, 6, 0]  	731	5 
[6, 3, 7, 1, 0]  	886	6 
[17, 1, 2, 2, 0]  	890	5 
[13, 14, 0, 0, 0]  	921	5 
[17, 0, 3, 2, 0]  	924	5 
[12, 14, 1, 0, 0]  	961	5 
[16, 0, 4, 2, 0]  	964	7 
[5, 14, 3, 1, 0]  	978	3 
[1, 3, 4, 6, 0]  	978	4 
[13, 1, 0, 6, 0]  	992	4 
[13, 0, 7, 1, 0]  	992	4 
[5, 1, 10, 1, 0]  	994	3 
[5, 3, 9, 1, 0]  	997	6 
[12, 17, 0, 0, 0]  	1001	7 
[13, 3, 7, 0, 0]  	1011	11 
[5, 14, 5, 0, 0]  	1028	7 
[5, 0, 11, 1, 0]  	1028	6 
[6, 0, 3, 7, 0]  	1043	9 
[13, 0, 0, 7, 0]  	1047	11 
[4, 14, 6, 0, 0]  	1068	6 
[11, 14, 3, 0, 0]  	1072	10 
[5, 0, 4, 7, 0]  	1083	5 
[8, 0, 4, 6, 0]  	1084	13 
[12, 6, 7, 0, 0]  	1091	11 
[4, 13, 7, 0, 0]  	1102	5 
[12, 1, 2, 6, 0]  	1103	11 
[12, 0, 9, 1, 0]  	1103	10 
[5, 0, 3, 8, 0]  	1104	6 
[7, 24, 0, 0, 0]  	1105	13 
[12, 2, 8, 1, 0]  	1106	6 
[13, 0, 10, 0, 0]  	1113	9 
[7, 11, 7, 0, 0]  	1121	11 
[12, 3, 9, 0, 0]  	1122	10 
[12, 0, 3, 6, 0]  	1137	6 
[7, 0, 13, 0, 0]  	1140	8 
[4, 2, 12, 1, 0]  	1142	10 
[11, 0, 10, 1, 0]  	1143	8 
[12, 1, 0, 8, 0]  	1145	13 
[9, 10, 7, 0, 0]  	1146	13 
[12, 0, 11, 0, 0]  	1153	9 
[7, 10, 8, 0, 0]  	1155	8 
[4, 2, 11, 2, 0]  	1163	6 
[5, 10, 9, 0, 0]  	1164	12 
[17, 0, 9, 0, 0]  	1166	9 
[4, 3, 8, 4, 0]  	1171	10 
[7, 1, 0, 10, 0]  	1174	11 
[6, 21, 3, 0, 0]  	1176	8 
[4, 1, 13, 1, 0]  	1176	6 
[6, 0, 14, 0, 0]  	1180	6 
[3, 2, 13, 1, 0]  	1182	9 
[6, 2, 13, 0, 0]  	1183	8 
[5, 1, 1, 10, 0]  	1183	8 
[11, 1, 1, 8, 0]  	1185	15 
[4, 2, 1, 10, 0]  	1189	5 
[3, 3, 1, 10, 0]  	1195	9 
[4, 24, 0, 2, 0]  	1196	10 
[4, 1, 3, 9, 0]  	1202	10 
[4, 2, 9, 4, 0]  	1205	8 
[3, 1, 1, 11, 0]  	1213	9 
[4, 8, 6, 4, 0]  	1214	9 
[5, 0, 15, 0, 0]  	1220	7 
[1, 2, 8, 6, 0]  	1225	5 
[4, 2, 8, 5, 0]  	1226	8 
[3, 3, 8, 5, 0]  	1232	9 
[3, 24, 1, 2, 0]  	1236	7 
[3, 10, 7, 3, 0]  	1236	5 
[3, 1, 4, 9, 0]  	1242	6 
[4, 0, 8, 6, 0]  	1244	7 
[3, 3, 3, 9, 0]  	1245	7 
[3, 1, 8, 6, 0]  	1250	9 
[5, 24, 3, 0, 0]  	1256	9 
[3, 24, 0, 3, 0]  	1257	8 
[4, 18, 4, 2, 0]  	1258	8 
[4, 4, 10, 3, 0]  	1258	8 
[8, 0, 0, 11, 0]  	1260	10 
[4, 2, 15, 0, 0]  	1263	10 
[3, 1, 3, 10, 0]  	1263	7 
[6, 0, 1, 11, 0]  	1269	10 
[4, 6, 13, 0, 0]  	1269	9 
[4, 0, 11, 4, 0]  	1273	6 
[4, 10, 11, 0, 0]  	1275	10 
[2, 6, 14, 0, 0]  	1278	5 
[4, 0, 15, 1, 0]  	1281	7 
[3, 3, 10, 4, 0]  	1282	7 
[3, 1, 15, 1, 0]  	1287	9 
[4, 2, 5, 8, 0]  	1289	9 
[4, 1, 12, 3, 0]  	1289	8 
[4, 14, 4, 4, 0]  	1294	6 
[4, 0, 10, 5, 0]  	1294	6 
[6, 30, 0, 0, 0]  	1296	11 
[2, 20, 7, 0, 0]  	1299	7 
[2, 6, 13, 1, 0]  	1299	5 
[3, 1, 10, 5, 0]  	1300	7 
[3, 0, 8, 7, 0]  	1305	8 
[2, 3, 3, 10, 0]  	1306	7 
[2, 2, 10, 5, 0]  	1306	7 
[5, 0, 2, 11, 0]  	1309	10 
[3, 28, 0, 2, 0]  	1313	8 
[3, 2, 11, 4, 0]  	1316	6 
[2, 13, 7, 3, 0]  	1316	5 
[1, 3, 1, 12, 0]  	1317	5 
[3, 12, 11, 0, 0]  	1318	11 
[2, 14, 4, 5, 0]  	1324	9 
[3, 13, 8, 2, 0]  	1326	9 
[6, 27, 2, 0, 0]  	1327	12 
[3, 1, 13, 3, 0]  	1329	6 
[5, 0, 1, 12, 0]  	1330	10 
[4, 0, 17, 0, 0]  	1331	6 
[3, 1, 17, 0, 0]  	1337	7 
[3, 3, 16, 0, 0]  	1340	7 
[3, 0, 15, 2, 0]  	1342	8 
[3, 0, 6, 9, 0]  	1347	5 
[2, 24, 3, 2, 0]  	1347	7 
[2, 10, 9, 3, 0]  	1347	5 
[4, 0, 3, 11, 0]  	1349	9 
[3, 1, 12, 4, 0]  	1350	6 
[2, 26, 2, 2, 0]  	1350	8 
[2, 12, 8, 3, 0]  	1350	6 
[5, 0, 0, 13, 0]  	1351	12 
[3, 0, 10, 6, 0]  	1355	8 
[2, 30, 0, 2, 0]  	1356	7 
[2, 2, 12, 4, 0]  	1356	5 
[4, 1, 0, 13, 0]  	1357	12 
[4, 0, 7, 8, 0]  	1357	9 
[1, 15, 7, 3, 0]  	1359	6 
[2, 1, 10, 6, 0]  	1361	7 
[3, 1, 7, 8, 0]  	1363	8 
[2, 1, 1, 13, 0]  	1366	7 
[1, 16, 4, 5, 0]  	1367	8 
[2, 24, 2, 3, 0]  	1368	7 
[2, 10, 8, 4, 0]  	1368	5 
[3, 15, 5, 4, 0]  	1371	8 
[3, 0, 18, 0, 0]  	1371	5 
[2, 14, 6, 4, 0]  	1374	6 
[1, 2, 5, 10, 0]  	1380	6 
[3, 0, 0, 14, 0]  	1381	6 
[3, 0, 13, 4, 0]  	1384	5 
[2, 8, 8, 5, 0]  	1386	7 
[1, 5, 10, 5, 0]  	1386	6 
[4, 10, 10, 2, 0]  	1388	9 
[2, 1, 13, 4, 0]  	1390	4 
[2, 34, 1, 0, 0]  	1391	9 
[3, 0, 17, 1, 0]  	1392	8 
[1, 9, 8, 5, 0]  	1392	6 
[4, 0, 14, 3, 0]  	1394	8 
[1, 30, 1, 2, 0]  	1396	5 
[1, 2, 13, 4, 0]  	1396	4 
[3, 18, 9, 0, 0]  	1398	10 
[4, 0, 5, 10, 0]  	1399	6 
[2, 7, 10, 4, 0]  	1399	6 
[3, 3, 0, 13, 0]  	1400	10 
[2, 1, 8, 8, 0]  	1403	6 
[3, 0, 12, 5, 0]  	1405	5 
[2, 2, 14, 3, 0]  	1406	6 
[2, 27, 1, 3, 0]  	1408	4 
[2, 0, 6, 10, 0]  	1408	4 
[2, 4, 13, 3, 0]  	1409	5 
[3, 0, 3, 12, 0]  	1410	7 
[3, 18, 4, 4, 0]  	1411	7 
[2, 29, 0, 3, 0]  	1411	4 
[2, 1, 12, 5, 0]  	1411	4 
[2, 0, 19, 0, 0]  	1411	4 
[2, 34, 0, 1, 0]  	1412	10 
[2, 1, 3, 12, 0]  	1416	8 
[1, 1, 19, 0, 0]  	1417	4 
[1, 35, 0, 1, 0]  	1418	6 
[2, 0, 1, 14, 0]  	1421	5 
[2, 0, 14, 4, 0]  	1424	5 
[1, 1, 1, 14, 0]  	1427	3 
[1, 0, 8, 9, 0]  	1427	3 
[2, 27, 0, 4, 0]  	1429	7 
[2, 12, 13, 0, 0]  	1429	6 
[1, 9, 15, 0, 0]  	1429	4 
[1, 29, 2, 2, 0]  	1430	6 
[3, 12, 10, 2, 0]  	1431	10 
[3, 0, 2, 13, 0]  	1431	9 
[1, 13, 13, 0, 0]  	1435	5 
[1, 33, 0, 2, 0]  	1436	5 
[1, 5, 12, 4, 0]  	1436	4 
[2, 13, 10, 2, 0]  	1437	9 
[2, 0, 9, 8, 0]  	1437	7 
[3, 18, 7, 2, 0]  	1440	7 
[2, 1, 15, 3, 0]  	1440	6 
[2, 0, 0, 15, 0]  	1442	4 
[1, 9, 10, 4, 0]  	1442	4 
[2, 0, 13, 5, 0]  	1445	4 
[1, 13, 8, 4, 0]  	1448	4 
[1, 1, 0, 15, 0]  	1448	3 
[1, 0, 7, 10, 0]  	1448	3 
[5, 35, 0, 0, 0]  	1450	10 
[1, 29, 1, 3, 0]  	1451	4 
[1, 1, 13, 5, 0]  	1451	4 
[1, 0, 20, 0, 0]  	1451	4 
[1, 34, 1, 1, 0]  	1452	5 
[1, 20, 7, 2, 0]  	1452	5 
[1, 6, 13, 3, 0]  	1452	4 
[1, 24, 5, 2, 0]  	1458	4 
[1, 10, 11, 3, 0]  	1458	4 
[1, 21, 4, 4, 0]  	1460	5 
[1, 6, 17, 0, 0]  	1460	4 
[1, 26, 4, 2, 0]  	1461	5 
[1, 12, 10, 3, 0]  	1461	4 
[1, 0, 2, 14, 0]  	1461	4 
[1, 0, 15, 4, 0]  	1464	3 
[2, 1, 5, 11, 0]  	1466	5 
[2, 0, 12, 6, 0]  	1466	4 
[2, 38, 0, 0, 0]  	1468	9 
[1, 12, 14, 0, 0]  	1469	5 
[0, 3, 1, 14, 0]  	1470	3 
[2, 12, 11, 2, 0]  	1471	8 
[2, 0, 3, 13, 0]  	1471	6 
[1, 29, 0, 4, 0]  	1472	3 
[1, 15, 6, 5, 0]  	1472	4 
[1, 1, 12, 6, 0]  	1472	3 
[1, 0, 19, 1, 0]  	1472	3 
[0, 13, 1, 10, 0]  	1472	3 
[2, 0, 16, 3, 0]  	1474	7 
[1, 1, 3, 13, 0]  	1477	5 
[1, 24, 4, 3, 0]  	1479	4 
[0, 35, 0, 2, 0]  	1479	3 
[3, 21, 6, 2, 0]  	1480	7 
[3, 7, 12, 3, 0]  	1480	5 
[1, 1, 16, 3, 0]  	1480	5 
[1, 0, 1, 15, 0]  	1482	3 
[1, 3, 15, 3, 0]  	1483	6 
[1, 0, 14, 5, 0]  	1485	3 
[0, 14, 2, 9, 0]  	1488	4 
[0, 6, 1, 13, 0]  	1489	3 
[1, 26, 7, 0, 0]  	1490	5 
[1, 12, 13, 1, 0]  	1490	5 
[1, 4, 12, 5, 0]  	1491	4 
[0, 16, 1, 9, 0]  	1491	3 
[0, 2, 7, 10, 0]  	1491	3 
[0, 13, 4, 8, 0]  	1501	3 
[1, 0, 0, 16, 0]  	1503	2 
[0, 10, 3, 10, 0]  	1503	2 
[0, 9, 10, 5, 0]  	1503	2 
[0, 2, 2, 14, 0]  	1504	3 
[0, 19, 1, 8, 0]  	1510	4 
[1, 40, 0, 0, 0]  	1511	8 
[1, 14, 11, 2, 0]  	1514	5 
[1, 1, 10, 8, 0]  	1514	5 
[1, 0, 17, 3, 0]  	1514	5 
[0, 11, 4, 9, 0]  	1519	2 
[0, 16, 4, 7, 0]  	1520	5 
[2, 0, 5, 12, 0]  	1521	5 
[1, 23, 9, 0, 0]  	1521	4 
[0, 21, 4, 5, 0]  	1521	5 
[0, 26, 4, 3, 0]  	1522	3 
[1, 19, 6, 4, 0]  	1528	4 
[0, 4, 0, 15, 0]  	1528	3 
[0, 35, 2, 1, 0]  	1529	4 
[0, 21, 8, 2, 0]  	1529	4 
[0, 37, 1, 1, 0]  	1532	4 
[0, 23, 7, 2, 0]  	1532	3 
[0, 34, 0, 3, 0]  	1534	4 
[0, 20, 6, 4, 0]  	1534	4 
[0, 1, 3, 14, 0]  	1538	2 
[0, 29, 4, 2, 0]  	1541	3 
[0, 15, 10, 3, 0]  	1541	3 
[1, 11, 13, 2, 0]  	1545	4 
[0, 13, 15, 0, 0]  	1546	3 
[0, 21, 7, 3, 0]  	1550	3 
[2, 18, 9, 2, 0]  	1551	4 
[0, 26, 7, 1, 0]  	1551	3 
[1, 20, 11, 0, 0]  	1552	4 
[0, 17, 13, 0, 0]  	1552	4 
[0, 10, 5, 9, 0]  	1553	2 
[0, 13, 10, 4, 0]  	1559	1 
[0, 1, 2, 15, 0]  	1559	1 
[0, 0, 9, 10, 0]  	1559	1 
[0, 34, 3, 1, 0]  	1563	3 
[0, 20, 9, 2, 0]  	1563	3 
[0, 25, 9, 0, 0]  	1564	3 
[0, 1, 10, 9, 0]  	1575	2 
[0, 5, 8, 9, 0]  	1581	2 
[1, 0, 5, 13, 0]  	1582	3 
[0, 11, 1, 12, 0]  	1582	3 
[0, 3, 0, 16, 0]  	1583	3 
[0, 34, 2, 2, 0]  	1584	3 
[0, 20, 8, 3, 0]  	1584	3 
[0, 13, 13, 2, 0]  	1588	3 
[0, 24, 6, 3, 0]  	1590	1 
[0, 10, 12, 4, 0]  	1590	1 
[1, 18, 10, 2, 0]  	1591	7 
[0, 12, 11, 4, 0]  	1593	1 
[0, 0, 3, 15, 0]  	1593	1 
[0, 5, 3, 13, 0]  	1594	2 
[0, 4, 10, 8, 0]  	1594	2 
[0, 0, 16, 5, 0]  	1596	1 
[0, 24, 1, 7, 0]  	1603	4 
[0, 28, 8, 0, 0]  	1604	5 
[0, 1, 17, 4, 0]  	1612	1 
[1, 37, 3, 0, 0]  	1613	6 
[0, 11, 17, 0, 0]  	1614	1 
[0, 0, 2, 16, 0]  	1614	1 
[1, 0, 12, 8, 0]  	1619	3 
[0, 9, 0, 14, 0]  	1621	1 
[0, 8, 7, 9, 0]  	1621	1 
[0, 7, 14, 4, 0]  	1621	1 
[0, 40, 2, 0, 0]  	1622	5 
[0, 24, 0, 8, 0]  	1624	1 
[0, 9, 13, 4, 0]  	1624	1 
[0, 29, 0, 6, 0]  	1625	4 
[0, 15, 6, 7, 0]  	1625	4 
[0, 0, 23, 0, 0]  	1633	1  <--- 3
[0, 27, 0, 7, 0]  	1643	1 
[0, 12, 13, 3, 0]  	1643	1 
[0, 0, 5, 14, 0]  	1643	1 
[1, 34, 5, 0, 0]  	1644	5 
[0, 31, 7, 0, 0]  	1644	4 
[0, 8, 19, 0, 0]  	1645	1 
[0, 4, 16, 4, 0]  	1652	1 
[0, 6, 15, 4, 0]  	1655	1 
[0, 39, 3, 0, 0]  	1656	5 
[0, 45, 0, 0, 0]  	1665	3  <--- 2
[0, 10, 8, 8, 0]  	1674	1 
[0, 9, 15, 3, 0]  	1674	1 
[0, 6, 14, 5, 0]  	1676	1 
[0, 5, 21, 0, 0]  	1676	1 
[0, 0, 12, 9, 0]  	1680	1 
[0, 43, 0, 1, 0]  	1683	1 
[0, 6, 17, 3, 0]  	1705	1 
[0, 14, 0, 13, 0]  	1714	1 
[0, 0, 19, 4, 0]  	1717	1 
[0, 2, 0, 18, 0]  	1730	2 
[0, 1, 7, 13, 0]  	1730	2 
[0, 3, 19, 3, 0]  	1736	1 
[0, 0, 0, 19, 0]  	1748	1  <--- 4
[0, 1, 14, 8, 0]  	1767	1 
[0, 0, 21, 3, 0]  	1767	1 
[0, 19, 0, 12, 0]  	1807	1 
[6, 4, 1, 1, 1]  	497	4 
[0, 14, 1, 0, 1]  	589	3 
[6, 1, 0, 7, 1]  	867	8 
[17, 1, 3, 1, 1]  	869	5 
[13, 1, 0, 5, 1]  	900	5 
[5, 2, 2, 6, 1]  	923	5 
[13, 13, 1, 0, 1]  	955	5 
[5, 1, 2, 7, 1]  	978	3 
[16, 1, 5, 1, 1]  	980	12 
[6, 2, 9, 1, 1]  	991	7 
[5, 11, 5, 1, 1]  	1009	5 
[5, 8, 7, 1, 1]  	1040	7 
[13, 2, 8, 0, 1]  	1045	7 
[7, 13, 5, 0, 1]  	1053	14 
[4, 2, 11, 1, 1]  	1071	11 
[11, 1, 2, 6, 1]  	1072	10 
[4, 14, 0, 5, 1]  	1102	11 
[11, 1, 9, 1, 1]  	1109	8 
[1, 17, 0, 5, 1]  	1120	5 
[1, 4, 7, 5, 1]  	1136	4 
[3, 13, 8, 0, 1]  	1142	9 
[3, 16, 0, 5, 1]  	1145	11 
[1, 13, 8, 1, 1]  	1172	5 
[4, 1, 0, 11, 1]  	1173	10 
[4, 5, 7, 4, 1]  	1174	8 
[3, 13, 2, 5, 1]  	1176	9 
[3, 2, 0, 11, 1]  	1179	9 
[6, 27, 0, 0, 1]  	1185	12 
[4, 3, 7, 5, 1]  	1192	6 
[4, 5, 6, 5, 1]  	1195	9 
[2, 7, 6, 5, 1]  	1207	6 
[1, 2, 0, 12, 1]  	1209	5 
[3, 0, 8, 6, 1]  	1213	8 
[5, 2, 14, 0, 1]  	1223	6 
[4, 8, 5, 5, 1]  	1235	8 
[4, 13, 5, 3, 1]  	1236	7 
[5, 0, 1, 11, 1]  	1238	11 
[3, 2, 10, 4, 1]  	1245	7 
[3, 0, 15, 1, 1]  	1250	8 
[2, 13, 10, 0, 1]  	1253	7 
[4, 13, 4, 4, 1]  	1257	7 
[4, 4, 14, 0, 1]  	1266	8 
[4, 2, 6, 7, 1]  	1268	7 
[3, 12, 9, 1, 1]  	1268	6 
[4, 11, 4, 5, 1]  	1275	10 
[2, 28, 0, 2, 1]  	1282	6 
[2, 4, 10, 4, 1]  	1288	7 
[2, 2, 2, 11, 1]  	1290	7 
[4, 12, 8, 2, 1]  	1320	12 
[2, 1, 3, 11, 1]  	1324	7 
[3, 8, 8, 4, 1]  	1325	7 
[3, 2, 6, 8, 1]  	1329	7 
[2, 27, 0, 3, 1]  	1337	6 
[1, 28, 0, 3, 1]  	1343	6 
[3, 7, 9, 4, 1]  	1359	7 
[1, 13, 12, 0, 1]  	1364	5 
[3, 13, 6, 4, 1]  	1368	6 
[2, 12, 11, 1, 1]  	1379	8 
[2, 3, 17, 0, 1]  	1380	6 
[2, 1, 0, 14, 1]  	1387	6 
[2, 2, 6, 9, 1]  	1390	4 
[1, 13, 6, 5, 1]  	1398	6 
[1, 2, 4, 11, 1]  	1401	5 
[1, 2, 12, 5, 1]  	1417	5 
[4, 35, 0, 0, 1]  	1419	9 
[1, 1, 14, 4, 1]  	1430	4 
[1, 1, 5, 11, 1]  	1435	5 
[1, 7, 11, 4, 1]  	1439	4 
[0, 32, 0, 3, 1]  	1460	5 
[0, 12, 8, 5, 1]  	1472	3 
[1, 12, 9, 4, 1]  	1482	3 
[0, 3, 0, 15, 1]  	1491	3 
[0, 12, 10, 4, 1]  	1522	2 
[0, 2, 1, 15, 1]  	1525	3 
[0, 19, 0, 9, 1]  	1531	4 
[0, 6, 12, 5, 1]  	1534	2 
[0, 13, 11, 3, 1]  	1538	2 
[0, 2, 0, 16, 1]  	1546	3 
[0, 22, 0, 8, 1]  	1550	3 
[0, 27, 0, 6, 1]  	1551	4 
[0, 13, 6, 7, 1]  	1551	3 
[0, 40, 0, 1, 1]  	1572	4 
[0, 43, 0, 0, 1]  	1591	5 
[0, 14, 0, 12, 1]  	1622	3 
[0, 11, 15, 2, 1]  	1656	2 
[0, 1, 0, 18, 1]  	1693	2 
[6, 3, 1, 2, 2]  	552	4 
[5, 13, 4, 1, 2]  	1012	7 
[1, 18, 0, 4, 2]  	1065	6 
[6, 11, 7, 0, 2]  	1090	12 
[4, 17, 0, 4, 2]  	1121	7 
[4, 3, 1, 9, 2]  	1134	11 
[5, 11, 2, 5, 2]  	1164	9 
[4, 2, 6, 6, 2]  	1176	6 
[3, 5, 8, 4, 2]  	1214	8 
[3, 2, 7, 6, 2]  	1216	9 
[4, 1, 15, 0, 2]  	1226	8 
[3, 2, 6, 7, 2]  	1237	7 
[3, 7, 9, 3, 2]  	1267	6 
[2, 4, 15, 0, 2]  	1275	7 
[3, 27, 0, 2, 2]  	1276	7 
[2, 13, 4, 5, 2]  	1287	8 
[1, 3, 17, 0, 2]  	1349	6 
[2, 8, 9, 4, 2]  	1365	5 
[1, 3, 3, 11, 2]  	1367	6 
[2, 1, 18, 0, 2]  	1377	5 
[2, 7, 11, 3, 2]  	1378	5 
[2, 9, 10, 3, 2]  	1381	7 
[1, 12, 9, 3, 2]  	1390	4 
[2, 1, 17, 1, 2]  	1398	6 
[2, 12, 10, 2, 2]  	1400	8 
[1, 12, 8, 4, 2]  	1411	4 
[1, 0, 12, 6, 2]  	1435	4 
[0, 13, 10, 3, 2]  	1467	3 
[1, 8, 15, 1, 2]  	1484	6 
[0, 12, 11, 3, 2]  	1501	2 
[0, 1, 12, 8, 2]  	1625	2 
[12, 1, 0, 6, 3]  	961	4 
[4, 1, 5, 6, 3]  	1068	5 
[4, 1, 4, 7, 3]  	1089	5 
[4, 4, 6, 5, 3]  	1158	6 
[4, 3, 14, 0, 3]  	1229	6 
[3, 4, 11, 3, 3]  	1298	7 
[2, 2, 5, 9, 3]  	1319	6 
[4, 0, 4, 10, 3]  	1328	6 
[2, 3, 15, 1, 3]  	1330	9 
[1, 2, 6, 9, 3]  	1359	5 
[2, 0, 17, 1, 3]  	1361	6 
[1, 1, 12, 5, 3]  	1380	5 
[2, 0, 7, 9, 3]  	1387	7 
[1, 8, 15, 0, 3]  	1392	4 
[1, 12, 13, 0, 3]  	1398	5 
[1, 12, 11, 2, 3]  	1440	5 
[1, 1, 17, 2, 3]  	1459	6 
[1, 0, 6, 11, 3]  	1469	4 
[1, 0, 5, 12, 3]  	1490	4 
[0, 38, 0, 1, 3]  	1498	3 
[0, 6, 0, 14, 3]  	1510	3 
[0, 13, 3, 9, 3]  	1522	3 
[0, 2, 14, 5, 3]  	1528	2 
[0, 24, 0, 7, 3]  	1532	3 
[0, 10, 6, 8, 3]  	1532	2 
[0, 42, 0, 0, 3]  	1554	6 
[0, 1, 15, 5, 3]  	1562	2 
[0, 1, 14, 6, 3]  	1583	2 
[0, 7, 7, 9, 3]  	1584	2 
[0, 11, 0, 13, 3]  	1603	3 
[4, 11, 5, 4, 4]  	1254	6 
[2, 2, 3, 10, 4]  	1269	7 
[3, 1, 0, 13, 4]  	1326	8 
[2, 1, 6, 9, 4]  	1353	5 
[2, 1, 5, 10, 4]  	1374	5 
[1, 32, 0, 2, 4]  	1399	5 
[1, 2, 17, 1, 4]  	1404	5 
[1, 1, 18, 1, 4]  	1438	5 
[0, 3, 3, 13, 4]  	1520	3 
[0, 2, 9, 9, 4]  	1541	2 
[0, 2, 5, 13, 4]  	1625	3 
[0, 8, 3, 10, 5]  	1429	3 
[0, 22, 0, 7, 5]  	1458	4 
[0, 12, 15, 0, 5]  	1509	3 
[0, 21, 0, 8, 5]  	1513	4 
[0, 7, 5, 10, 5]  	1534	3 
[0, 8, 6, 9, 5]  	1550	2 
[0, 7, 8, 8, 5]  	1563	2 
[0, 5, 5, 10, 6]  	1460	3 
[0, 13, 9, 4, 6]  	1488	3 
[0, 9, 0, 13, 6]  	1529	3 
[0, 29, 0, 5, 6]  	1533	5 
[0, 29, 0, 4, 7]  	1441	5 
[1, 9, 12, 3, 7]  	1492	5 
[0, 16, 0, 10, 7]  	1512	5 
[0, 30, 0, 3, 8]  	1386	4 
[1, 9, 11, 3, 8]  	1421	5 
[0, 17, 0, 9, 8]  	1457	4 
[2, 2, 7, 8, 10]  	1369	7 
[2, 1, 14, 3, 243]  	1369	6 
[2, 0, 12, 5, 248]  	1374	4 
[0, 0, 19, 3, 248]  	1625	1 
[0, 11, 1, 10, 249]  	1398	1 
[0, 1, 1, 15, 249]  	1488	2 
[0, 1, 0, 16, 249]  	1509	2 
[0, 5, 19, 0, 249]  	1534	1 
[0, 6, 14, 4, 249]  	1584	1 
[2, 1, 11, 5, 250]  	1340	3 
[2, 0, 13, 4, 250]  	1353	4 
[1, 0, 19, 0, 250]  	1380	4 
[1, 10, 10, 3, 250]  	1387	4 
[0, 6, 10, 5, 250]  	1392	2 
[1, 1, 11, 6, 250]  	1401	5 
[0, 13, 13, 0, 250]  	1404	2 
[0, 6, 13, 3, 250]  	1421	1 
[1, 1, 10, 7, 250]  	1422	4 
[0, 2, 10, 8, 250]  	1520	2 
[0, 1, 16, 4, 250]  	1541	1 
[3, 2, 2, 10, 251]  	1229	4 
[2, 1, 10, 5, 251]  	1269	3 
[2, 1, 12, 4, 251]  	1319	3 
[3, 0, 7, 8, 251]  	1326	7 
[1, 1, 13, 4, 251]  	1359	2 
[0, 13, 6, 5, 251]  	1367	3 
[0, 3, 5, 10, 251]  	1386	3 
[0, 1, 19, 0, 251]  	1386	1 
[1, 11, 14, 0, 251]  	1432	4 
[0, 2, 5, 11, 251]  	1441	3 
[0, 0, 19, 1, 251]  	1441	1 
[1, 1, 9, 8, 251]  	1443	5 
[1, 11, 13, 1, 251]  	1453	4 
[0, 0, 22, 0, 251]  	1562	1 
[0, 0, 7, 13, 251]  	1693	1 
[4, 0, 12, 1, 252]  	1068	4 
[4, 0, 11, 2, 252]  	1089	4 
[1, 3, 3, 10, 252]  	1275	6 
[3, 13, 5, 4, 252]  	1297	6 
[1, 1, 10, 6, 252]  	1330	2 
[3, 0, 11, 5, 252]  	1334	4 
[2, 2, 13, 3, 252]  	1335	3 
[1, 1, 5, 10, 252]  	1343	3 
[1, 12, 6, 5, 252]  	1361	5 
[1, 1, 8, 8, 252]  	1372	4 
[0, 2, 12, 5, 252]  	1386	2 
[1, 0, 1, 14, 252]  	1390	1 
[1, 4, 12, 4, 252]  	1399	3 
[1, 1, 2, 13, 252]  	1406	4 
[1, 0, 0, 15, 252]  	1411	3 
[0, 21, 0, 7, 252]  	1421	3 
[0, 0, 2, 14, 252]  	1430	1 
[1, 0, 3, 13, 252]  	1440	4 
[0, 1, 12, 6, 252]  	1441	2 
[0, 2, 0, 15, 252]  	1454	3 
[0, 1, 10, 8, 252]  	1483	2 
[0, 8, 0, 13, 252]  	1492	3 
[0, 5, 7, 9, 252]  	1510	2 
[0, 1, 8, 10, 252]  	1525	2 
[0, 1, 7, 11, 252]  	1546	2 
[0, 0, 0, 18, 252]  	1656	1 
[12, 0, 7, 1, 253]  	961	3 
[3, 2, 1, 10, 253]  	1158	4 
[3, 1, 14, 1, 253]  	1216	6 
[4, 1, 2, 10, 253]  	1223	5 
[3, 13, 4, 4, 253]  	1226	7 
[3, 1, 13, 2, 253]  	1237	3 
[1, 6, 14, 0, 253]  	1247	1 
[4, 0, 16, 0, 253]  	1260	3 
[3, 0, 10, 5, 253]  	1263	5 
[3, 1, 16, 0, 253]  	1266	3 
[1, 1, 13, 3, 253]  	1267	3 
[1, 6, 13, 1, 253]  	1268	1 
[1, 1, 12, 4, 253]  	1288	3 
[2, 1, 9, 6, 253]  	1290	5 
[2, 2, 6, 8, 253]  	1298	6 
[3, 0, 17, 0, 253]  	1300	6 
[1, 13, 6, 4, 253]  	1306	3 
[2, 1, 8, 7, 253]  	1311	3 
[1, 3, 10, 5, 253]  	1312	4 
[1, 0, 13, 4, 253]  	1322	1 
[0, 6, 13, 2, 253]  	1329	1 
[1, 2, 3, 11, 253]  	1330	5 
[1, 1, 1, 13, 253]  	1335	3 
[1, 2, 11, 5, 253]  	1346	5 
[0, 29, 0, 3, 253]  	1349	3 
[0, 0, 19, 0, 253]  	1349	1 
[0, 10, 1, 10, 253]  	1361	3 
[1, 0, 6, 10, 253]  	1377	2 
[1, 34, 0, 1, 253]  	1381	3 
[0, 10, 4, 8, 253]  	1390	2 
[2, 0, 2, 13, 253]  	1400	5 
[0, 28, 0, 4, 253]  	1404	2 
[0, 1, 0, 15, 253]  	1417	2 
[0, 0, 7, 10, 253]  	1417	1 
[0, 16, 0, 9, 253]  	1420	4 
[0, 6, 17, 0, 253]  	1429	1 
[0, 2, 1, 14, 253]  	1433	2 
[0, 14, 0, 10, 253]  	1438	3 
[0, 10, 10, 4, 253]  	1448	1 
[0, 5, 1, 13, 253]  	1452	3 
[0, 27, 0, 5, 253]  	1459	2 
[0, 11, 15, 0, 253]  	1472	2 
[0, 0, 16, 4, 253]  	1504	1 
[0, 0, 10, 9, 253]  	1538	1 
[0, 0, 12, 8, 253]  	1588	1 
[5, 0, 3, 2, 254]  	552	3 
[5, 0, 10, 1, 254]  	957	2 
[0, 0, 14, 0, 254]  	994	1 
[0, 0, 13, 1, 254]  	1015	1 
[5, 0, 13, 0, 254]  	1078	2 
[7, 10, 7, 0, 254]  	1084	6 
[3, 1, 1, 10, 254]  	1121	2 
[4, 2, 8, 4, 254]  	1134	8 
[1, 0, 8, 6, 254]  	1151	3 
[4, 3, 13, 0, 254]  	1158	5 
[4, 6, 5, 5, 254]  	1161	5 
[0, 0, 10, 5, 254]  	1170	1 
[1, 7, 6, 5, 254]  	1176	3 
[2, 1, 1, 11, 254]  	1182	1 
[2, 10, 7, 3, 254]  	1205	1 
[2, 1, 4, 9, 254]  	1211	2 
[2, 0, 1, 12, 254]  	1237	1 
[1, 10, 8, 3, 254]  	1245	1 
[2, 3, 10, 4, 254]  	1251	4 
[1, 1, 5, 9, 254]  	1251	3 
[2, 5, 9, 4, 254]  	1254	5 
[1, 2, 11, 4, 254]  	1254	3 
[0, 0, 1, 13, 254]  	1267	1 
[1, 13, 7, 3, 254]  	1285	2 
[1, 0, 6, 9, 254]  	1285	2 
[1, 13, 11, 0, 254]  	1293	2 
[0, 10, 4, 7, 254]  	1298	2 
[0, 28, 0, 3, 254]  	1312	2 
[4, 0, 0, 13, 254]  	1320	6 
[0, 0, 7, 9, 254]  	1325	1 
[0, 14, 0, 9, 254]  	1346	2 
[1, 0, 3, 12, 254]  	1348	2 
[1, 1, 0, 14, 254]  	1356	3 
[0, 10, 10, 3, 254]  	1356	1 
[0, 12, 9, 3, 254]  	1359	2 
[1, 1, 4, 11, 254]  	1364	2 
[0, 0, 0, 15, 254]  	1380	1 
[0, 10, 8, 5, 254]  	1398	2 
[0, 13, 8, 4, 254]  	1417	3 
[0, 13, 3, 8, 254]  	1430	3 
[0, 13, 11, 2, 254]  	1446	2 
[0, 7, 6, 9, 254]  	1513	2 
[0, 0, 7, 0, 255]  	497	1 
[0, 0, 4, 6, 255]  	836	1 
[5, 1, 2, 6, 255]  	886	4 
[0, 1, 6, 5, 255]  	923	2 
[13, 0, 0, 6, 255]  	955	2 
[0, 0, 1, 10, 255]  	991	1 
[2, 14, 0, 5, 255]  	1040	5 
[5, 9, 2, 5, 255]  	1090	5 
[4, 6, 4, 5, 255]  	1090	2 
[2, 1, 0, 11, 255]  	1111	6 
[3, 0, 3, 9, 255]  	1134	5 
[2, 13, 2, 5, 255]  	1145	4 
[4, 13, 4, 3, 255]  	1165	7 
[8, 0, 0, 10, 255]  	1168	1 
[1, 1, 0, 12, 255]  	1172	3 
[2, 13, 5, 3, 255]  	1174	2 
[2, 3, 3, 9, 255]  	1214	5 
[1, 13, 6, 3, 255]  	1214	3 
[2, 24, 0, 3, 255]  	1226	4 
[0, 14, 0, 8, 255]  	1254	2 
[0, 0, 0, 14, 255]  	1288	1 
[3, 0, 0, 13, 255]  	1289	4 
[1, 13, 5, 5, 255]  	1327	3 
[1, 38, 0, 0, 255]  	1437	4 
[0, 34, 0, 2, 255]  	1442	1 
------
The gap is between 11 and 242.
Lengths: 5 5 8 13 5 13.
For 1536 = 3*d-d1-d2-d3-d4 you get 5 in char 0.
1 + 0*2^64 + 0*2^128 + 0*2^192*x^3*y^11*z^12*w^2
1 + 0*2^64 + 0*2^128 + 0*2^192*x^1*y^5*z^16*w^2
1 + 0*2^64 + 0*2^128 + 0*2^192*y^4*z^4*w^12
1 + 0*2^64 + 0*2^128 + 0*2^192*y^3*z^11*w^7
1 + 0*2^64 + 0*2^128 + 0*2^192*y^2*z^18*w^2

For 947 = 2*d-d1-d2-d3-d4 you get 8 in char 0.
1 + 0*2^64 + 0*2^128 + 0*2^192*x^14*y^2*z^1*w^4
1 + 0*2^64 + 0*2^128 + 0*2^192*x^4*y^1*z^2*w^7
1 + 0*2^64 + 0*2^128 + 0*2^192*x^4*z^9*w^2
1 + 0*2^64 + 0*2^128 + 0*2^192*x^3*y^11*z^5*w^1
1 + 0*2^64 + 0*2^128 + 0*2^192*x^2*y^8*z^7*w^1
1 + 0*2^64 + 0*2^128 + 0*2^192*x^1*y^5*z^9*w^1
1 + 0*2^64 + 0*2^128 + 0*2^192*y^3*z^4*w^6
1 + 0*2^64 + 0*2^128 + 0*2^192*y^2*z^11*w^1

For 358 = d-d1-d2-d3-d4 you get 5 in char 0.
1 + 0*2^64 + 0*2^128 + 0*2^192*x^5*y^3*w^1
1 + 0*2^64 + 0*2^128 + 0*2^192*x^4*z^2*w^1
1 + 0*2^64 + 0*2^128 + 0*2^192*x^2*y^8
1 + 0*2^64 + 0*2^128 + 0*2^192*x^1*y^5*z^2
1 + 0*2^64 + 0*2^128 + 0*2^192*y^2*z^4

Extra powers of p used 3.
The invariant extra is equal to 33.
Start computing 2^4 Delta^1 (x1x2x3x4)^1... Done.
Start computing 2^5 Delta^2 (x1x2x3x4)^1... Done.
Start computing 2^6 Delta^3 (x1x2x3x4)^1... Done.
Start computing 2^7 Delta^4 (x1x2x3x4)^1... Done.
Start computing 2^8 Delta^5 (x1x2x3x4)^1... Done.
Start computing 2^9 Delta^6 (x1x2x3x4)^1... Done.
Start computing 2^10 Delta^7 (x1x2x3x4)^1... Done.
Start computing 2^11 Delta^8 (x1x2x3x4)^1... Done.
Start computing 2^12 Delta^9 (x1x2x3x4)^1... Done.
Start computing 2^13 Delta^10 (x1x2x3x4)^1... Done.
Start computing 2^14 Delta^11 (x1x2x3x4)^1... Done.
Start computing 2^15 Delta^12 (x1x2x3x4)^1... Done.
Start computing 2^16 Delta^13 (x1x2x3x4)^1... Done.
Start computing 2^17 Delta^14 (x1x2x3x4)^1... Done.
Start computing 2^18 Delta^15 (x1x2x3x4)^1... Done.
Start computing 2^19 Delta^16 (x1x2x3x4)^1... Done.
Start computing 2^20 Delta^17 (x1x2x3x4)^1... Done.
Start computing 2^21 Delta^18 (x1x2x3x4)^1... Done.
Start computing 2^22 Delta^19 (x1x2x3x4)^1... Done.
Start computing 2^23 Delta^20 (x1x2x3x4)^1... Done.
Start computing 2^24 Delta^21 (x1x2x3x4)^1... Done.
Start computing 2^25 Delta^22 (x1x2x3x4)^1... Done.
Start computing 2^26 Delta^23 (x1x2x3x4)^1... Done.
Start computing 2^27 Delta^24 (x1x2x3x4)^1... Done.
Start computing 2^28 Delta^25 (x1x2x3x4)^1... Done.
Start computing 2^29 Delta^26 (x1x2x3x4)^1... Done.
Start computing 2^30 Delta^27 (x1x2x3x4)^1... Done.
Start computing 2^31 Delta^28 (x1x2x3x4)^1... Done.
Start computing 2^32 Delta^29 (x1x2x3x4)^1... Done.
Start computing 2^33 Delta^30 (x1x2x3x4)^1... Done.
Start computing 2^34 Delta^31 (x1x2x3x4)^1... Done.
Start computing 2^35 Delta^32 (x1x2x3x4)^1... Done.
Start computing 2^36 Delta^33 (x1x2x3x4)^1... Done.
Start computing 2^37 Delta^34 (x1x2x3x4)^1... Done.
Start computing 2^38 Delta^35 (x1x2x3x4)^1... Done.
Start computing aa.
1 2 3 4 5 6 7 8 9 10 11 12 13 14 15 16 17 18 
*/
A = \
[4157230829854088640 + 4992218083904262285*2^64 + 10125413834810592380*2^128 + 500924186*2^192,6232157105137008936 + 6359316699811985970*2^64 + 11589143809837003203*2^128 + 668232026*2^192,824872207661266120 + 1714011766861212532*2^64 + 18313392101048243267*2^128 + 584839649*2^192,2116242414590669328 + 6904859478313014494*2^64 + 15817987176829753673*2^128 + 1074716594*2^192,10488365098675340528 + 1436862290407482338*2^64 + 3343443250236228062*2^128 + 1756296800*2^192,2346460045615899608 + 4916900262297697112*2^64 + 1508328604483044862*2^128 + 2382771837*2^192,6601313700576282096 + 2465643655409194397*2^64 + 5823512100529018296*2^128 + 4205886761*2^192,9638417941878305600 + 14541599394295739603*2^64 + 9292413137248188466*2^128 + 2742457166*2^192,12893643746982043376 + 10290206401483315278*2^64 + 6150058526393729637*2^128 + 771233549*2^192,13011236064445769680 + 7016838050495751660*2^64 + 18192460764333463674*2^128 + 1226853298*2^192,6882017938947877744 + 1606254313514554633*2^64 + 10912013142059387137*2^128 + 2469423649*2^192,2985922947766991840 + 2129260213142469993*2^64 + 2773657135174324355*2^128 + 4153383679*2^192,1465178383474701904 + 3769252116233229615*2^64 + 5074129224187367934*2^128 + 3555742557*2^192,10641460253608571920 + 2671611954105254946*2^64 + 9759545375560380557*2^128 + 1928704522*2^192,2784948984805965776 + 4522998008682049134*2^64 + 1543143303231054858*2^128 + 1969117501*2^192,4526769760736218336 + 15773269464603402799*2^64 + 10519598702160646630*2^128 + 1796822120*2^192,768407560952319360 + 7863773608323678985*2^64 + 13116597044851148041*2^128 + 1056979365*2^192,12618456039946342768 + 12694818937281873112*2^64 + 3566074437079956003*2^128 + 1416384367*2^192;\
989519122746852128 + 16197831290297157488*2^64 + 11041632760347477469*2^128 + 2531160826*2^192,8768651984827999728 + 11914519430715300241*2^64 + 8748819832912365405*2^128 + 3365612048*2^192,12169879779288698348 + 1372440159894033889*2^64 + 3946222813068202244*2^128 + 3582917842*2^192,5942531288663274276 + 16544317682869248084*2^64 + 3709414754696768496*2^128 + 1266446500*2^192,6098829559535399572 + 4723138862021647351*2^64 + 3067555466418281801*2^128 + 736854480*2^192,12374056244999857648 + 5365174046579600247*2^64 + 10154498668102986803*2^128 + 2445528293*2^192,17706435663328866752 + 5658128114189066885*2^64 + 4274593238809969769*2^128 + 2231688572*2^192,6053220374035102640 + 6534964891948823293*2^64 + 16655922405964306570*2^128 + 268914741*2^192,13950137947786239272 + 5209012731723766573*2^64 + 15128713191722937794*2^128 + 3647437152*2^192,9001292499992229508 + 4778544684198080922*2^64 + 8670343502565885780*2^128 + 1032073489*2^192,7318057397863174316 + 1138903245230893858*2^64 + 9490344587383330374*2^128 + 1172551970*2^192,3901305416016975872 + 3657715245523642178*2^64 + 13889092730097646867*2^128 + 1589958719*2^192,16313299239320004320 + 15853179617942617865*2^64 + 10288851282601587803*2^128 + 139035073*2^192,3475792788650352364 + 3467290892362944412*2^64 + 4890730404966140710*2^128 + 2753973164*2^192,9537017709626831352 + 6061707475748514134*2^64 + 9514641094232606059*2^128 + 2918643547*2^192,9644482220889806684 + 4535293954681952729*2^64 + 2492843937855640479*2^128 + 2469322395*2^192,11843551028374437580 + 1875383028116261485*2^64 + 6071200687237769466*2^128 + 3682057414*2^192,2564752414377588744 + 9486293433138510261*2^64 + 15686981963207862443*2^128 + 2609217323*2^192;\
10814056364025128728 + 9315679732999873648*2^64 + 5873860082309782937*2^128 + 213822755*2^192,10954915846877569008 + 17286858672660120950*2^64 + 16268439409792534309*2^128 + 4160563944*2^192,5120568430096420048 + 6737004027964641180*2^64 + 17834367775083278514*2^128 + 335747588*2^192,14655497573112190208 + 5496643646789377800*2^64 + 14032833780368700879*2^128 + 2470695045*2^192,10900734810104342288 + 17812045249709971402*2^64 + 4949750779848232720*2^128 + 3070797425*2^192,1385110307644188968 + 8497339808378440096*2^64 + 64806716477634071*2^128 + 976577039*2^192,40558126077441088 + 16458590241140309554*2^64 + 79854262130155993*2^128 + 3964512827*2^192,12835499745801095968 + 9428481283218065955*2^64 + 11119279009021174910*2^128 + 326399464*2^192,12135261149124366176 + 12382147568049619077*2^64 + 13444059175428669115*2^128 + 2639758399*2^192,16551231441560626144 + 13238401526880756193*2^64 + 17571564881463718774*2^128 + 2320942574*2^192,14913309853920515408 + 14118535995539912080*2^64 + 11612519129587999367*2^128 + 1901967851*2^192,7245182149216454704 + 5340433329473229096*2^64 + 17369088846462174736*2^128 + 3705870700*2^192,4370578377060315312 + 2665403495488972567*2^64 + 14689329516250120824*2^128 + 2425349319*2^192,6281350262668523960 + 18218772785095153993*2^64 + 10565962474278149082*2^128 + 3523367520*2^192,10394851172855174080 + 11945943484860089887*2^64 + 7978575613116574492*2^128 + 675517019*2^192,8686868636111643024 + 8371664881631587689*2^64 + 13250656157914565716*2^128 + 3615217826*2^192,1362498332440116016 + 1476296465862578030*2^64 + 9526798273799201121*2^128 + 3618880948*2^192,5807630304647362480 + 2022227338487686399*2^64 + 898148190690942289*2^128 + 2208173260*2^192;\
16132653249169915612 + 96780620745724686*2^64 + 3006025169956940660*2^128 + 3875058431*2^192,2022797669599178576 + 10581914267811528950*2^64 + 14775945190118003667*2^128 + 323452499*2^192,12834056505092331984 + 10227228788755625815*2^64 + 2837348437837272313*2^128 + 3844107955*2^192,2854556525727959912 + 3735390761613264788*2^64 + 12653895637682470158*2^128 + 1814029768*2^192,9595097040905912056 + 18353982416371100523*2^64 + 1291726989851088980*2^128 + 2379890195*2^192,3722790114302955392 + 8162166144587246304*2^64 + 18408367293753342670*2^128 + 1398694882*2^192,2485905930447260000 + 3808695937753399954*2^64 + 8891797077304672135*2^128 + 3072120270*2^192,2199931714070219728 + 13809940313750639470*2^64 + 5422427670708165793*2^128 + 1103519660*2^192,5705797554486393864 + 14039220994553824931*2^64 + 2031010681766829470*2^128 + 2884150191*2^192,18106261254372469680 + 5024117101664874427*2^64 + 17024775858463809493*2^128 + 2270620824*2^192,2855034826920007168 + 15488425359532260533*2^64 + 9217192518371859675*2^128 + 2586582453*2^192,607197219785440240 + 6370999097002707355*2^64 + 17376107260058063348*2^128 + 3947406196*2^192,13011471802492208352 + 18173500619036751362*2^64 + 15851544509168598820*2^128 + 28085524*2^192,17688078820716644504 + 2631859320408584404*2^64 + 6545728800005363960*2^128 + 3626368448*2^192,5663434087105013736 + 4184500692255228103*2^64 + 14528879776629259615*2^128 + 1599795355*2^192,3608316252343925896 + 9511319255929244452*2^64 + 1305323676185011823*2^128 + 3176474299*2^192,3526468385690977536 + 7118130817874740607*2^64 + 5622324484700097278*2^128 + 1874190098*2^192,15522240699147439248 + 7473376540429375974*2^64 + 17696867926073442804*2^128 + 2511811082*2^192;\
1141137507822079958 + 8630387679034295120*2^64 + 6006565808964898100*2^128 + 3710016452*2^192,6241059852100483332 + 14184774462878458243*2^64 + 4592474188224503344*2^128 + 1628541972*2^192,8346501822397013468 + 850704607590958842*2^64 + 3534105878495322737*2^128 + 561970678*2^192,14071118766137844978 + 3613572108577543058*2^64 + 11114896708913074229*2^128 + 560322914*2^192,2061565718625270768 + 8659070813565235558*2^64 + 7479031731791445319*2^128 + 3403047609*2^192,1984060113107057540 + 3853217871773127468*2^64 + 4137229716483010503*2^128 + 1846966300*2^192,15622221441944213824 + 17622886209034516456*2^64 + 11202897820094454834*2^128 + 2298830904*2^192,407517263543696832 + 6920251550384786823*2^64 + 242633541185596682*2^128 + 2984869055*2^192,12823543152886149744 + 14263992390981232600*2^64 + 10749296898674512080*2^128 + 3023990003*2^192,8741839889399856224 + 9500598910778716016*2^64 + 17894826161694966907*2^128 + 1457661835*2^192,11202640753217782976 + 11041028736188177747*2^64 + 2715126378918072276*2^128 + 814755372*2^192,2558211607735767756 + 3888905871054889658*2^64 + 8705919825373366175*2^128 + 1715190322*2^192,8037743516335127716 + 9702779227141447676*2^64 + 3340370750510110492*2^128 + 288624946*2^192,5597104104106624040 + 3392250755176709095*2^64 + 2864622200187301317*2^128 + 130314448*2^192,10829166094352380432 + 13917322620227535932*2^64 + 7911517926108777033*2^128 + 2725106104*2^192,17070606983281287792 + 900747217128319625*2^64 + 16854205697666700930*2^128 + 2270807294*2^192,10472495591809973224 + 17865212450983848248*2^64 + 10079694876701343003*2^128 + 1142985137*2^192,10367103742753964884 + 18181635750213356678*2^64 + 18404996632481149554*2^128 + 3208415580*2^192;\
55067617372470184 + 2702584365009100010*2^64 + 1388731260919271874*2^128 + 1045530413*2^192,16829701371638367200 + 5959993424200734631*2^64 + 13752563627853821930*2^128 + 1921349268*2^192,12669416705001124836 + 7706700171684634749*2^64 + 4688076487357370159*2^128 + 1480806683*2^192,13903519350079554488 + 16239841157323466351*2^64 + 12254377207394880569*2^128 + 688513677*2^192,11217734944232958912 + 1099967262674385067*2^64 + 5791911784547291271*2^128 + 520662171*2^192,16004211223492481960 + 9251569817444069888*2^64 + 244503607191418961*2^128 + 780492442*2^192,6667173236935186264 + 10642357427272930514*2^64 + 3440314517637042289*2^128 + 192312426*2^192,9094701183390313264 + 340246884419932269*2^64 + 4359227478782092341*2^128 + 2067752572*2^192,13870163104907985224 + 3312076883624251379*2^64 + 7782095562643544688*2^128 + 22976219*2^192,17636984289817227320 + 355887060827519628*2^64 + 3541392219726902303*2^128 + 1061755380*2^192,15216228857860311432 + 18094615293278942626*2^64 + 13821968032262135140*2^128 + 1064463709*2^192,4893907320616112144 + 6927591745086807416*2^64 + 5379269603662025665*2^128 + 1985247365*2^192,5692278580539256944 + 2817916563475848004*2^64 + 14298730834515550452*2^128 + 1599305124*2^192,17619170086663889336 + 7098428594403795503*2^64 + 12777394591984509346*2^128 + 719469032*2^192,15232301407952376568 + 13163102863859305602*2^64 + 8612547558258763786*2^128 + 143242753*2^192,3764688917871674168 + 3402456214442033814*2^64 + 13737156216260842400*2^128 + 116978059*2^192,2458343237266601896 + 15565813978858103469*2^64 + 13840204184166809001*2^128 + 1610308226*2^192,8740241009343929040 + 17900001892189430732*2^64 + 1675621117718512517*2^128 + 1300118746*2^192;\
17448196546308302872 + 7371143819582894212*2^64 + 14306368424784002567*2^128 + 2402461420*2^192,4470936340936763984 + 475010892763979011*2^64 + 5861012761218729542*2^128 + 4100965745*2^192,14023807632276304944 + 14040113458328407550*2^64 + 11628968555070789500*2^128 + 560152820*2^192,14161914600429326224 + 3064057562839761611*2^64 + 16886650930316890268*2^128 + 3701319365*2^192,2708199281020335136 + 13449277043749133744*2^64 + 7986221121187583796*2^128 + 3868259852*2^192,7233482551875492944 + 1226641781734848897*2^64 + 18077983762254797575*2^128 + 2358828814*2^192,11903225909919368080 + 4842285079614238204*2^64 + 6901337490796842630*2^128 + 4111671956*2^192,9277340856504811264 + 7719967124789239023*2^64 + 3481518059653012850*2^128 + 582985378*2^192,17994296108158263840 + 13763570125752200034*2^64 + 13804558390877698740*2^128 + 3098139954*2^192,9910522380153201744 + 10374174668082884499*2^64 + 15652636836123413662*2^128 + 74210702*2^192,8949418372179670272 + 18116645167868135584*2^64 + 6463739797370558746*2^128 + 778331226*2^192,6400645411357396800 + 5781982395275643513*2^64 + 10792753634350033064*2^128 + 3324126935*2^192,18169065687807857168 + 18214055558826513915*2^64 + 8080629893428279548*2^128 + 652280383*2^192,11355194736989366384 + 1741438334536563920*2^64 + 17065869850869222774*2^128 + 2687709824*2^192,17861664645609772400 + 12839688130896050662*2^64 + 13955645628517551806*2^128 + 3038892658*2^192,15477209615953116832 + 10112346947274179002*2^64 + 13388958626584247734*2^128 + 1030688003*2^192,14404493430794631456 + 17351233515251150499*2^64 + 1233506555894964570*2^128 + 2936014425*2^192,4252672667327849360 + 14462878776367077051*2^64 + 15494536593351777704*2^128 + 1965645039*2^192;\
3241657410284083212 + 9849208560046826899*2^64 + 14494235794813067967*2^128 + 2891637303*2^192,3934711348339680760 + 984378557820981218*2^64 + 10846479433673362734*2^128 + 1842957394*2^192,14389337310320386144 + 8476516053465998378*2^64 + 2028810300021687031*2^128 + 1445442362*2^192,11657985460017028456 + 9890258152147139714*2^64 + 6970875105326504230*2^128 + 2181605827*2^192,12950139262650516384 + 1626242063718234368*2^64 + 14946774305178008626*2^128 + 815577993*2^192,8523531996370519408 + 1304261289542504*2^64 + 16924004956027889734*2^128 + 1925283924*2^192,11185665697894357736 + 10133906387487352751*2^64 + 5266473776888488190*2^128 + 3747473357*2^192,10531546239209860656 + 12606295078860573929*2^64 + 15386889760261461052*2^128 + 1375003043*2^192,13020081673386191416 + 9786459819865374681*2^64 + 3788021084698057914*2^128 + 3670532421*2^192,11660647712579851560 + 1267974072192857888*2^64 + 4140838242860592061*2^128 + 671078163*2^192,11160457943360655976 + 7915157284013675865*2^64 + 7115622949662051578*2^128 + 2325264239*2^192,7120101086540754184 + 7430269221293993656*2^64 + 8951296670472563634*2^128 + 3811666785*2^192,4818327182130819216 + 14811958281523343546*2^64 + 11271532682959853492*2^128 + 1744571427*2^192,3450002835428728276 + 3035251160408625283*2^64 + 14946145884289132580*2^128 + 413454509*2^192,4723149639784759016 + 16683581749037008166*2^64 + 3743062036855850627*2^128 + 2442984118*2^192,1372904542309606536 + 14363190048201981688*2^64 + 7041922640180161305*2^128 + 1768433623*2^192,3909665048289102392 + 17050662155779967021*2^64 + 17285449880207005179*2^128 + 1977277358*2^192,17942218831181936320 + 7906569389585403067*2^64 + 7489159520649876881*2^128 + 876436494*2^192;\
11076446316737854144 + 4775785608301970045*2^64 + 18324751067036748529*2^128 + 969646254*2^192,3022782013188277544 + 13079870175996458284*2^64 + 15482774142356853800*2^128 + 2156847236*2^192,10895595337939008728 + 8340266233359211618*2^64 + 4584399623995037849*2^128 + 1169639003*2^192,8544730039574468400 + 1906254219450057624*2^64 + 6834854875407522156*2^128 + 2090174875*2^192,1382458538916672720 + 3452525064946399529*2^64 + 1907095205406485102*2^128 + 882373295*2^192,10041887324528528904 + 35498853105955180*2^64 + 8222719763212365355*2^128 + 3226739542*2^192,8261071423225793872 + 13666979941330761065*2^64 + 12742321727327121091*2^128 + 311728013*2^192,1473685757301558208 + 4611618065976221832*2^64 + 4132099195543822964*2^128 + 1756249090*2^192,10283428821781331024 + 3952286270135489765*2^64 + 9703466071935745842*2^128 + 3545343280*2^192,1113467177986045936 + 3954903431932337037*2^64 + 1459413752799969999*2^128 + 4135875610*2^192,7885369211775004576 + 1254167303152003814*2^64 + 9873075210077958407*2^128 + 1802617316*2^192,9219802661143252640 + 15075212181245312000*2^64 + 3719270257636453676*2^128 + 360433264*2^192,6278687727962093552 + 7006323240781048689*2^64 + 7692668163772889986*2^128 + 3582591665*2^192,10094459627860226096 + 3462896244351788174*2^64 + 4454518837743727963*2^128 + 1911576550*2^192,13495741914079209200 + 9621627833117448436*2^64 + 13557256822811042135*2^128 + 1224017307*2^192,640082092332080160 + 13756803931699421669*2^64 + 18037561474644466624*2^128 + 139703905*2^192,12417058383411514896 + 2750851341575840758*2^64 + 9168236154463467181*2^128 + 1953453635*2^192,3686590080177616720 + 4816960672971959011*2^64 + 9757652898403901363*2^128 + 453508415*2^192;\
15983027761792157572 + 6125494067952103171*2^64 + 1359900123268003966*2^128 + 3314368404*2^192,836482733103582672 + 14560195966658763984*2^64 + 6857976509708837979*2^128 + 700766820*2^192,15304159393042300136 + 10064442348959945253*2^64 + 8056791006255237588*2^128 + 1653748531*2^192,14368501109522128332 + 16579811515121528019*2^64 + 10023941430219932158*2^128 + 1960093970*2^192,13935550021027755288 + 12424404619290106839*2^64 + 1501207409054437772*2^128 + 1669059980*2^192,14275696754627502512 + 1557081329522850997*2^64 + 18008256229744813119*2^128 + 2600971441*2^192,8833385239926318920 + 3665450613843688397*2^64 + 9043059512631877981*2^128 + 1039518103*2^192,13696952691848457264 + 9447865444253194649*2^64 + 10451567241815501232*2^128 + 4113856636*2^192,17069986228180079668 + 3225834235652583542*2^64 + 10553676916125941690*2^128 + 3190699584*2^192,4669737066266397980 + 1841111707790669123*2^64 + 15226182626275176675*2^128 + 141845715*2^192,7598516700923302580 + 6859240446933133996*2^64 + 8215084198223658638*2^128 + 1919065923*2^192,15102951720203693032 + 10085260165158520454*2^64 + 6494240155219102831*2^128 + 3291960012*2^192,7672613938569922168 + 9929949516050124427*2^64 + 11052525156060558304*2^128 + 3767879795*2^192,17184864672129890660 + 12351333651198172934*2^64 + 1092244305141504486*2^128 + 282253705*2^192,2556735478218388952 + 16839392475989847363*2^64 + 16531439175200267866*2^128 + 1992838250*2^192,10442259251127241444 + 5526515783568608631*2^64 + 3367923843104231425*2^128 + 880214513*2^192,15335172105859532676 + 7946072038107834148*2^64 + 14909291862893693990*2^128 + 3832302844*2^192,13370664294402818072 + 10114423499908731687*2^64 + 11013349525225643996*2^128 + 1316046699*2^192;\
12717277180719826088 + 14673580783697794094*2^64 + 8506495582971483276*2^128 + 2436286103*2^192,13586107965864264356 + 484625426134518581*2^64 + 13328142456736026710*2^128 + 1891557571*2^192,5260348495442945314 + 13939055438526572353*2^64 + 13251741414959005789*2^128 + 2486525897*2^192,4141020797074757234 + 11177130352511338525*2^64 + 3480169490531301988*2^128 + 2217708382*2^192,3777748176797682030 + 11446471629719910634*2^64 + 149939199146949424*2^128 + 2301138830*2^192,12828484113364356068 + 13983793211891476262*2^64 + 14375869126418327963*2^128 + 2737599571*2^192,1960245460823789704 + 11476132960642981046*2^64 + 8174874324145970260*2^128 + 4287778167*2^192,11585343108397219312 + 11765939234887661057*2^64 + 1909632593569320623*2^128 + 1433984360*2^192,18194541122883450856 + 1872783286690753347*2^64 + 18196876006172576271*2^128 + 3994246493*2^192,9088397950771712942 + 8458266336865692017*2^64 + 6037255888169829086*2^128 + 4082852888*2^192,8956286177518727554 + 16744440969407213741*2^64 + 4698239988174906498*2^128 + 4256839391*2^192,8540362510295408064 + 9562124586339554277*2^64 + 1516193294826903328*2^128 + 1269210872*2^192,16320313774766030768 + 10858402166763172617*2^64 + 10818927994556973536*2^128 + 4088353454*2^192,1016452402159020502 + 15705290711625211644*2^64 + 2208684611762980169*2^128 + 169046737*2^192,2594823650617871188 + 374902173798951180*2^64 + 16301962445023422570*2^128 + 1181068618*2^192,4264277033198861754 + 4576392402690748643*2^64 + 15026847054553016634*2^128 + 366637438*2^192,5861848516167753722 + 5154301191137191085*2^64 + 14544082724963010092*2^128 + 2778365310*2^192,10731479798826768364 + 1941911597795548245*2^64 + 11171271357030374124*2^128 + 3164002741*2^192;\
12229775219334910686 + 2998558854210790687*2^64 + 13017100326450345019*2^128 + 2248633095*2^192,15979273909193185728 + 4670410180314511792*2^64 + 4917485891507887864*2^128 + 661279230*2^192,1156717624735831108 + 13007303216306396302*2^64 + 4213704565728327806*2^128 + 276557078*2^192,14617259307523139804 + 10622612394996305285*2^64 + 2793508712220843298*2^128 + 842585799*2^192,6475502903523643900 + 2742562272545819656*2^64 + 9946218864206848108*2^128 + 2615050078*2^192,7530649604895861976 + 16703484250047818874*2^64 + 10910817119402134303*2^128 + 669024119*2^192,3968746165561326048 + 16510051147256284043*2^64 + 2090268838774981188*2^128 + 1974797997*2^192,12641086178935369496 + 11957871822151679759*2^64 + 6859188351302107947*2^128 + 2078487529*2^192,2142453962660338700 + 14827954632461112873*2^64 + 2187881581985409393*2^128 + 2064133107*2^192,15549205627643809672 + 4719438459394426294*2^64 + 17304991078386332868*2^128 + 1007293842*2^192,10049762128168399608 + 758756543611235601*2^64 + 2062388129635289755*2^128 + 2643744572*2^192,9912159597149388184 + 8508286099547121181*2^64 + 5731907833821076980*2^128 + 676655904*2^192,1757259786982559104 + 17762428330133953466*2^64 + 14550068071335760791*2^128 + 3958451401*2^192,8010873896115065316 + 5291561453735272782*2^64 + 4693285230806845009*2^128 + 2236387922*2^192,4373132268138557484 + 4588913613914172780*2^64 + 5961217568649389004*2^128 + 2257687270*2^192,10679054618675575140 + 6625692486683782573*2^64 + 14699708023083880648*2^128 + 3007309546*2^192,4809223219892004392 + 10454136876371987699*2^64 + 4951756055690836996*2^128 + 1037406828*2^192,17867276266578123736 + 18320185998109871488*2^64 + 6110260730259785930*2^128 + 307369486*2^192;\
1075491245986929339 + 15884572250942933900*2^64 + 13545010219367097836*2^128 + 3134531170*2^192,12452829230959364782 + 8281108244975191182*2^64 + 3648488198554669919*2^128 + 1454546729*2^192,10981774112533512574 + 12552342083930126132*2^64 + 6272604568659541519*2^128 + 2185590987*2^192,9062655247270659865 + 2236090858825198163*2^64 + 8358434279773987997*2^128 + 1416191360*2^192,12092016679655440272 + 9408917966603652330*2^64 + 5288793031992644095*2^128 + 560207185*2^192,9804438494289626162 + 12305313769858475172*2^64 + 13661957981821780446*2^128 + 3514241825*2^192,13772648863705298616 + 3047642972181144514*2^64 + 9137336875484775941*2^128 + 4066704622*2^192,10742780795858999520 + 1321899017337155806*2^64 + 9797115785285893073*2^128 + 3137570603*2^192,4080630368081753248 + 2073048593805393467*2^64 + 15544992739140796863*2^128 + 19278539*2^192,866873762923954264 + 11668637010254333492*2^64 + 1706208295414011669*2^128 + 1240510739*2^192,6266601666681906136 + 3427728349687417703*2^64 + 15732727259162573854*2^128 + 890877965*2^192,15260950716668875558 + 1018180894471425957*2^64 + 7768257507377152169*2^128 + 2703612519*2^192,6824230010154549434 + 2945056613289537966*2^64 + 17590016575398052433*2^128 + 1900633922*2^192,4726934090904697124 + 16597462485798509259*2^64 + 18321601178970079044*2^128 + 2405144681*2^192,10266749790874423032 + 15023901273016031577*2^64 + 14096313931687207911*2^128 + 3816159718*2^192,2136127044800745724 + 11172105756353068505*2^64 + 7984059809114730406*2^128 + 306475900*2^192,3551676221979912852 + 5909811028549307878*2^64 + 8793359533976246497*2^128 + 4020757258*2^192,6871988922369852050 + 8394526805970521063*2^64 + 1054343360443118436*2^128 + 3926192159*2^192;\
5120153998092210832 + 5211745161944286057*2^64 + 662295854162126984*2^128 + 1951433439*2^192,14775746447606312000 + 13450770414169274594*2^64 + 16411433351958561066*2^128 + 1201481775*2^192,16982548834990907584 + 13017634177420504487*2^64 + 6528062811576990931*2^128 + 1986230974*2^192,4705272003620794912 + 6570992075822058840*2^64 + 5175229451795524392*2^128 + 1678084516*2^192,3813739068793257088 + 5416035941965825975*2^64 + 8180142398717979829*2^128 + 1925521020*2^192,12077376044396385984 + 14729647702617950624*2^64 + 12216213733908211844*2^128 + 2098173382*2^192,12048169425277790656 + 10544292681880908181*2^64 + 15278694472508018051*2^128 + 644733109*2^192,17906964146165928448 + 11538425894797417801*2^64 + 17111525668689850936*2^128 + 1352035095*2^192,13432961059435417984 + 16439340150929167242*2^64 + 14486681806144476576*2^128 + 1777129314*2^192,7505761312452274720 + 12947755455893491015*2^64 + 9481866412855036829*2^128 + 1214517988*2^192,6430110349265077632 + 8483098783918130264*2^64 + 11566635890717251457*2^128 + 1487786559*2^192,144743410813392128 + 487765242511874869*2^64 + 13910304204731261221*2^128 + 1007912250*2^192,12970346755700455840 + 17096927164783929922*2^64 + 13127918804221055726*2^128 + 1047317291*2^192,4872131345219050224 + 12204647140739333245*2^64 + 12690858752075020423*2^128 + 1044383878*2^192,12030950922339947840 + 11007785100502962412*2^64 + 17167910563536918645*2^128 + 1050639379*2^192,14980148242565385792 + 4917400271344656939*2^64 + 4080961235249189019*2^128 + 1116434529*2^192,14222646235408043136 + 14515835347217439939*2^64 + 16401536084127603120*2^128 + 1365359770*2^192,7158815301921943840 + 14997330380200162524*2^64 + 1971330848960604782*2^128 + 38169010*2^192;\
7543846332019008688 + 9329350229232063331*2^64 + 1243974698738398776*2^128 + 1066388123*2^192,5446049334548457712 + 16132122767115027389*2^64 + 4580403532918082144*2^128 + 841491549*2^192,11725324921121640784 + 17692800128498753119*2^64 + 14540064467745868796*2^128 + 1781166396*2^192,17917226901926290144 + 268731856035842698*2^64 + 18258625532798109793*2^128 + 1783655674*2^192,14283991593093275424 + 9759246279383082646*2^64 + 17170376705817041609*2^128 + 2028735390*2^192,18194032970527159792 + 11794284480811302065*2^64 + 18214109987255523320*2^128 + 264571619*2^192,11588387186611764912 + 3446719695843869350*2^64 + 4325174077448649389*2^128 + 1194180397*2^192,12800987110703561984 + 6389148521161355132*2^64 + 2102241673711165934*2^128 + 885167718*2^192,4517769627004813856 + 10711955066313518603*2^64 + 7183662379212302345*2^128 + 189867802*2^192,10587243960848054144 + 4090098539614851375*2^64 + 10060150111900161521*2^128 + 1449286423*2^192,16928624710116727936 + 804012769580811580*2^64 + 5882753790089549466*2^128 + 1024612176*2^192,1348960043724515200 + 16881346028205933781*2^64 + 7390781886149861193*2^128 + 2036027441*2^192,449543213435362560 + 12860660235072896631*2^64 + 13438154200221952247*2^128 + 509973615*2^192,16710293222589062464 + 13246402988324181844*2^64 + 5411852283239273081*2^128 + 2125920157*2^192,14968467755088147088 + 17243483344996730396*2^64 + 16839607554488025334*2^128 + 224820794*2^192,10363411256387749760 + 14026750833959713162*2^64 + 6729499885875312985*2^128 + 470116076*2^192,5698551807906290208 + 12028775988173793530*2^64 + 10471531132297177148*2^128 + 1688615804*2^192,17042351498566985280 + 10512742749625365157*2^64 + 5477751148474248266*2^128 + 1299995139*2^192;\
13068939210704805644 + 791985912372420093*2^64 + 16236748223265894849*2^128 + 1903014724*2^192,3159365380001285352 + 2048802394962362741*2^64 + 16189641470341823777*2^128 + 3179569337*2^192,7563404090768677480 + 14236552085857135353*2^64 + 15430664220930218336*2^128 + 1211337554*2^192,6660897007174954860 + 8182451514892135121*2^64 + 9223607818505787929*2^128 + 3019026695*2^192,3683924275757997608 + 4936799007627606519*2^64 + 7774023212161905323*2^128 + 1806763272*2^192,11789619748033337992 + 1259098884141340443*2^64 + 1240733652770337926*2^128 + 3469454047*2^192,787928520849956312 + 6104564526839642863*2^64 + 14711206494090156277*2^128 + 1217080419*2^192,4298291221534771456 + 7598276362672095187*2^64 + 10516239786150495738*2^128 + 1367569906*2^192,4687382264915910308 + 13787787808933296975*2^64 + 14070069976008508119*2^128 + 2092472377*2^192,8999729831058020940 + 12267596960335512185*2^64 + 9054245378149211419*2^128 + 2030659622*2^192,5055228429809879412 + 8457786277026489434*2^64 + 6898441895451614406*2^128 + 2651254371*2^192,16363079938671175928 + 11771068228330008880*2^64 + 3561072223763632721*2^128 + 3920894965*2^192,903665437923069192 + 176780252869476043*2^64 + 7865740649295949930*2^128 + 1481020324*2^192,14640083889201884524 + 8611431268882268836*2^64 + 7047142969055133881*2^128 + 1073259017*2^192,3472111543283421144 + 1052265407551624993*2^64 + 11480242104796542912*2^128 + 1050999500*2^192,9724472655325973604 + 15745528487506238899*2^64 + 9241197546637428673*2^128 + 2145066771*2^192,410877253548200276 + 4584911229491457993*2^64 + 8108284512997145274*2^128 + 2244575583*2^192,1389502914672156008 + 4352047944191829011*2^64 + 2353391826522743277*2^128 + 1936423771*2^192;\
7689279517562815704 + 15514386357220598179*2^64 + 4211639694876302854*2^128 + 579360257*2^192,359892075500886492 + 17424416380379981968*2^64 + 1824185933092593313*2^128 + 1919341129*2^192,2298294077644760626 + 12464324711903994576*2^64 + 10583107797144591268*2^128 + 1351124036*2^192,6382557584939469506 + 12451678322348397350*2^64 + 7089487391938609997*2^128 + 262339025*2^192,6551627027522675086 + 7901271681001643753*2^64 + 3387404149513001891*2^128 + 3437368750*2^192,16514818617635231964 + 5115427228719681604*2^64 + 18314106880686424031*2^128 + 4263403181*2^192,2441152919323247928 + 10802156833117872*2^64 + 12992190504818319599*2^128 + 3371648546*2^192,15597712203982722304 + 14623911078541683142*2^64 + 10785897344302825184*2^128 + 3939193495*2^192,7786185838884164640 + 8829977515084843758*2^64 + 7410983325638096651*2^128 + 469404390*2^192,14773147669729518526 + 17924715961851870260*2^64 + 12169097547896199995*2^128 + 1103935529*2^192,4749729971819757282 + 7064328943745440311*2^64 + 12292650328631481592*2^128 + 334699730*2^192,14652032020228414608 + 15215748700112064403*2^64 + 4671248021753722673*2^128 + 1358178331*2^192,8767877475480448704 + 5995672821362489431*2^64 + 9291380614727612612*2^128 + 281097340*2^192,14998864592078401694 + 12941130648184986330*2^64 + 18118451791440740170*2^128 + 3411815497*2^192,7553621604914852820 + 9176866085656155834*2^64 + 14713370711938404580*2^128 + 1292118749*2^192,10060643252798975386 + 7557660504017138388*2^64 + 7961736580771088820*2^128 + 759946367*2^192,4090510610461980650 + 2158400746117083616*2^64 + 5431912605581494732*2^128 + 286360740*2^192,5950875788182074460 + 11798794370084732301*2^64 + 1149864144314070739*2^128 + 1722203492*2^192;\
6182171221078503547 + 12836552541990894331*2^64 + 11511678133112892840*2^128 + 3590405934*2^192,9596325803546617006 + 3639415538345294542*2^64 + 13603576490499370619*2^128 + 3933856355*2^192,11275351573727029542 + 13057261794299888223*2^64 + 3643978481922894186*2^128 + 4180935026*2^192,17415306341200610089 + 1506451545433269612*2^64 + 18381965838278839102*2^128 + 2485285913*2^192,9540148920580332416 + 3615801374040029791*2^64 + 15640531713005957934*2^128 + 2143338605*2^192,11414839807806747466 + 10125987476041867225*2^64 + 10144499137874452156*2^128 + 2746135605*2^192,9588585277959754696 + 13886813878813444599*2^64 + 536578459897537405*2^128 + 1982798265*2^192,9677119934472951232 + 17086981408242808481*2^64 + 17339849232148450386*2^128 + 3934202781*2^192,6099001757127026656 + 6281371453617351270*2^64 + 16148806916547853080*2^128 + 224463922*2^192,2051601444216965952 + 18137748864565138039*2^64 + 6006252467647029890*2^128 + 331871256*2^192,8799777994640598808 + 781511144703957699*2^64 + 4904883706839693897*2^128 + 1149754273*2^192,14311569152523616502 + 9825989701914938407*2^64 + 16497885434180375727*2^128 + 4250649447*2^192,1044383423058402778 + 16768083487141344835*2^64 + 11844686468270556994*2^128 + 2275215351*2^192,9035271638995793156 + 6216321446867329649*2^64 + 5467849952789416624*2^128 + 1480416699*2^192,8868429343507010696 + 17157491422793978888*2^64 + 10145904116844740395*2^128 + 3849710036*2^192,8440930745748507508 + 7251598806195571009*2^64 + 15637153441303200934*2^128 + 2644135570*2^192,13329157839690349780 + 1792856428409744184*2^64 + 8912280733479327789*2^128 + 3724581225*2^192,12926323661023385522 + 9387353778772271953*2^64 + 5722956241098737870*2^128 + 4083315730*2^192]
/* 
This matrix times 2^(-2) should be the matrix of frobenius.
*/ 
B = 2^(-2) * A; 
/* Freed 4933 lists. */
The sign is: 1
The characteristic polynomial is: x^18 + 3*x^16 - 2*x^15 - 2*x^14 - 28*x^13 - 12*x^12 - 48*x^11 + 120*x^10 - 112*x^9 + 480*x^8 - 768*x^7 - 768*x^6 - 7168*x^5 - 2048*x^4 - 8192*x^3 + 49152*x^2 + 262144
Its Newton polygon is: [2, 2, 3/2, 3/2, 3/2, 3/2, 3/2, 3/2, 1, 1, 1/2, 1/2, 1/2, 1/2, 1/2, 1/2, 0, 0]
Its factorization is: [x^2 - 2*x + 4, 1; x^16 + 2*x^15 + 3*x^14 - 4*x^13 - 22*x^12 - 56*x^11 - 36*x^10 + 104*x^9 + 472*x^8 + 416*x^7 - 576*x^6 - 3584*x^5 - 5632*x^4 - 4096*x^3 + 12288*x^2 + 32768*x + 65536, 1]
The valuation of f-g is: 26
The valuation of subst(g,x,A) is: 25
