/* Comments begin... 
No set up needed.

Please input coefficients below.
Coefficient of   x^19                     = Coefficient of   x^6 * y^4 * z^1 * w^2   = Coefficient of   x^5 * y^1 * z^3 * w^2   = Coefficient of   x^3 * y^9 * z^1 * w^1   = Coefficient of   x^2 * y^6 * z^3 * w^1   = Coefficient of   x^1 * y^3 * z^5 * w^1   = Coefficient of   y^14 * z^1               = Coefficient of   y^1 * w^6               = Coefficient of   z^7 * w^1               = 
Here is the polynomial we're using this time:

1 + 0*2^64 + 0*2^128 + 0*2^192*x^19 + 1 + 0*2^64 + 0*2^128 + 0*2^192*x^6*y^4*z^1*w^2 + 1 + 0*2^64 + 0*2^128 + 0*2^192*x^5*y^1*z^3*w^2 + 1 + 0*2^64 + 0*2^128 + 0*2^192*x^3*y^9*z^1*w^1 + 1 + 0*2^64 + 0*2^128 + 0*2^192*y^14*z^1 + 1 + 0*2^64 + 0*2^128 + 0*2^192*y^1*w^6 + 1 + 0*2^64 + 0*2^128 + 0*2^192*z^7*w^1


Allocate G_len 20 elements and old = 0.
Allocate M_len = 400 elements.
Allocate G_len 40 elements and old = 20.
Allocate M_len = 800 elements.
Allocate G_len 80 elements and old = 40.
Allocate M_len = 1600 elements.
Allocate M_len = 3200 elements.
Allocate G_len 160 elements and old = 80.
Allocate M_len = 6400 elements.
Allocate M_len = 12800 elements.
Allocate G_len 320 elements and old = 160.
Allocate M_len = 25600 elements.
Allocate M_len = 51200 elements.
Allocate G_len 640 elements and old = 320.
Allocate M_len = 102400 elements.
Allocate M_len = 204800 elements.
Allocate G_len 1280 elements and old = 640.
Allocate M_len = 409600 elements.
Allocate M_len = 819200 elements.
The final length of G is 777
[6, 4, 0, 2, 0]  	518	5 
[18, 0, 0, 0, 0]  	558	4  <--- 1
[5, 1, 3, 2, 0]  	589	3 
[3, 9, 1, 1, 0]  	589	4 
[5, 0, 5, 2, 0]  	694	6 
[1, 4, 0, 6, 0]  	731	5 
[5, 15, 1, 0, 0]  	781	10 
[3, 17, 1, 0, 0]  	793	6 
[3, 3, 7, 2, 0]  	885	5 
[6, 3, 7, 1, 0]  	886	11 
[5, 14, 3, 0, 0]  	886	10 
[17, 1, 2, 2, 0]  	890	7 
[16, 9, 1, 0, 0]  	900	7 
[16, 9, 0, 1, 0]  	921	7 
[17, 0, 3, 2, 0]  	924	7 
[4, 0, 9, 2, 0]  	947	8 
[16, 8, 1, 1, 0]  	955	7 
[12, 14, 1, 0, 0]  	961	6 
[16, 0, 4, 2, 0]  	964	11 
[3, 8, 7, 1, 0]  	978	5 
[15, 14, 0, 0, 0]  	983	7 
[13, 1, 0, 6, 0]  	992	6 
[12, 2, 0, 6, 0]  	998	14 
[15, 12, 0, 1, 0]  	1001	13 
[3, 5, 9, 1, 0]  	1009	8 
[5, 0, 3, 7, 0]  	1012	10 
[11, 8, 4, 1, 0]  	1013	16 
[3, 16, 5, 0, 0]  	1040	6 
[13, 0, 0, 7, 0]  	1047	16 
[16, 0, 0, 6, 0]  	1048	10 
[2, 19, 4, 0, 0]  	1049	7 
[2, 5, 10, 1, 0]  	1049	8 
[10, 20, 0, 0, 0]  	1050	13 
[12, 1, 0, 7, 0]  	1053	15 
[10, 8, 5, 1, 0]  	1053	17 
[15, 0, 7, 1, 0]  	1054	6 
[3, 0, 11, 2, 0]  	1058	8 
[5, 3, 10, 1, 0]  	1068	9 
[4, 14, 6, 0, 0]  	1068	8 
[2, 5, 9, 2, 0]  	1070	8 
[4, 3, 4, 6, 0]  	1071	12 
[11, 1, 2, 6, 0]  	1072	16 
[15, 3, 7, 0, 0]  	1073	12 
[2, 16, 6, 0, 0]  	1080	9 
[9, 2, 9, 1, 0]  	1084	16 
[13, 5, 7, 0, 0]  	1085	10 
[6, 11, 7, 0, 0]  	1090	11 
[14, 12, 3, 0, 0]  	1091	14 
[11, 1, 1, 7, 0]  	1093	15 
[13, 13, 3, 0, 0]  	1097	14 
[4, 11, 8, 0, 0]  	1099	10 
[2, 3, 4, 7, 0]  	1101	8 
[5, 2, 11, 1, 0]  	1102	12 
[4, 14, 0, 5, 0]  	1102	12 
[4, 13, 7, 0, 0]  	1102	8 
[10, 19, 0, 1, 0]  	1105	14 
[1, 17, 0, 5, 0]  	1120	8 
[8, 0, 11, 1, 0]  	1121	12 
[6, 8, 9, 0, 0]  	1121	12 
[5, 9, 9, 0, 0]  	1127	10 
[2, 27, 1, 0, 0]  	1132	8 
[4, 10, 9, 0, 0]  	1133	11 
[3, 9, 10, 0, 0]  	1136	9 
[12, 13, 4, 0, 0]  	1137	14 
[2, 3, 11, 2, 0]  	1138	8 
[1, 3, 5, 7, 0]  	1141	7 
[3, 13, 8, 0, 0]  	1142	10 
[11, 0, 10, 1, 0]  	1143	14 
[8, 3, 2, 7, 0]  	1145	11 
[3, 15, 7, 0, 0]  	1145	11 
[10, 13, 5, 0, 0]  	1146	14 
[10, 0, 4, 6, 0]  	1146	14 
[9, 10, 7, 0, 0]  	1146	14 
[15, 9, 5, 0, 0]  	1153	11 
[8, 13, 6, 0, 0]  	1155	12 
[7, 10, 8, 0, 0]  	1155	12 
[5, 6, 11, 0, 0]  	1158	12 
[15, 0, 2, 6, 0]  	1159	12 
[4, 1, 5, 7, 0]  	1160	7 
[4, 8, 4, 5, 0]  	1164	12 
[4, 7, 11, 0, 0]  	1164	12 
[14, 0, 9, 1, 0]  	1165	12 
[13, 11, 5, 0, 0]  	1165	13 
[12, 8, 7, 0, 0]  	1165	11 
[17, 0, 9, 0, 0]  	1166	11 
[13, 0, 3, 6, 0]  	1168	14 
[5, 0, 13, 1, 0]  	1170	11 
[12, 12, 5, 0, 0]  	1171	13 
[11, 9, 7, 0, 0]  	1171	11 
[2, 2, 12, 2, 0]  	1172	8 
[4, 0, 7, 6, 0]  	1173	10 
[15, 0, 10, 0, 0]  	1175	10 
[3, 12, 9, 0, 0]  	1176	10 
[0, 28, 2, 0, 0]  	1178	6 
[3, 1, 7, 6, 0]  	1179	10 
[3, 3, 6, 6, 0]  	1182	10 
[3, 2, 13, 1, 0]  	1182	9 
[4, 0, 6, 7, 0]  	1194	8 
[4, 19, 0, 4, 0]  	1195	11 
[4, 5, 6, 5, 0]  	1195	12 
[6, 3, 1, 9, 0]  	1196	11 
[9, 3, 1, 8, 0]  	1197	11 
[9, 0, 13, 0, 0]  	1202	10 
[2, 13, 8, 1, 0]  	1203	8 
[9, 25, 0, 0, 0]  	1204	12 
[3, 8, 5, 5, 0]  	1204	11 
[12, 11, 6, 0, 0]  	1205	11 
[11, 8, 8, 0, 0]  	1205	9 
[2, 21, 0, 4, 0]  	1207	10 
[10, 7, 9, 0, 0]  	1208	11 
[8, 1, 13, 0, 0]  	1208	10 
[4, 0, 14, 1, 0]  	1210	10 
[1, 30, 1, 0, 0]  	1212	8 
[3, 0, 8, 6, 0]  	1213	9 
[2, 11, 4, 5, 0]  	1213	9 
[6, 1, 1, 10, 0]  	1214	10 
[3, 3, 0, 11, 0]  	1216	10 
[2, 15, 2, 5, 0]  	1219	9 
[2, 14, 9, 0, 0]  	1219	9 
[6, 3, 13, 0, 0]  	1220	12 
[2, 4, 13, 1, 0]  	1225	9 
[4, 3, 1, 10, 0]  	1226	10 
[4, 2, 8, 5, 0]  	1226	10 
[4, 25, 0, 2, 0]  	1233	9 
[7, 25, 0, 1, 0]  	1234	9 
[3, 0, 7, 7, 0]  	1234	8 
[6, 1, 0, 11, 0]  	1235	10 
[9, 1, 0, 10, 0]  	1236	10 
[5, 3, 2, 9, 0]  	1236	10 
[2, 26, 3, 0, 0]  	1237	8 
[2, 12, 9, 1, 0]  	1237	8 
[5, 0, 1, 11, 0]  	1238	8 
[3, 7, 6, 5, 0]  	1238	10 
[3, 6, 13, 0, 0]  	1238	10 
[3, 8, 12, 0, 0]  	1241	10 
[8, 0, 14, 0, 0]  	1242	8 
[1, 19, 2, 4, 0]  	1244	7 
[9, 5, 11, 0, 0]  	1245	10 
[2, 10, 5, 5, 0]  	1247	9 
[7, 3, 0, 10, 0]  	1248	8 
[2, 15, 5, 3, 0]  	1248	7 
[3, 0, 15, 1, 0]  	1250	9 
[2, 14, 3, 5, 0]  	1253	8 
[2, 13, 10, 0, 0]  	1253	8 
[2, 3, 1, 11, 0]  	1256	9 
[5, 1, 15, 0, 0]  	1257	10 
[4, 0, 3, 10, 0]  	1257	9 
[6, 29, 0, 0, 0]  	1259	10 
[8, 0, 0, 11, 0]  	1260	10 
[4, 2, 15, 0, 0]  	1263	9 
[4, 4, 14, 0, 0]  	1266	9 
[3, 3, 2, 10, 0]  	1266	9 
[3, 2, 9, 5, 0]  	1266	9 
[2, 18, 5, 2, 0]  	1267	7 
[1, 29, 1, 1, 0]  	1267	7 
[1, 15, 7, 2, 0]  	1267	7 
[3, 3, 15, 0, 0]  	1269	10 
[2, 22, 3, 2, 0]  	1273	8 
[2, 5, 8, 5, 0]  	1275	8 
[2, 4, 15, 0, 0]  	1275	8 
[4, 3, 3, 9, 0]  	1276	11 
[2, 7, 7, 5, 0]  	1278	9 
[2, 26, 1, 2, 0]  	1279	7 
[7, 0, 15, 0, 0]  	1282	9 
[2, 10, 12, 0, 0]  	1284	7 
[1, 22, 1, 4, 0]  	1284	7 
[2, 2, 11, 4, 0]  	1285	7 
[2, 12, 11, 0, 0]  	1287	9 
[2, 4, 10, 4, 0]  	1288	9 
[2, 3, 8, 6, 0]  	1293	8 
[3, 25, 0, 3, 0]  	1294	8 
[2, 22, 2, 3, 0]  	1294	8 
[4, 1, 16, 0, 0]  	1297	8 
[2, 2, 6, 8, 0]  	1298	7 
[2, 1, 13, 3, 0]  	1298	7 
[3, 2, 3, 10, 0]  	1300	9 
[3, 1, 10, 5, 0]  	1300	9 
[1, 2, 13, 3, 0]  	1304	6 
[1, 21, 7, 0, 0]  	1305	7 
[2, 16, 4, 4, 0]  	1306	7 
[2, 3, 3, 10, 0]  	1306	7 
[2, 2, 10, 5, 0]  	1306	7 
[2, 1, 17, 0, 0]  	1306	7 
[4, 0, 5, 9, 0]  	1307	8 
[2, 18, 3, 4, 0]  	1309	8 
[2, 4, 9, 5, 0]  	1309	8 
[2, 3, 16, 0, 0]  	1309	8 
[2, 7, 14, 0, 0]  	1315	7 
[2, 13, 7, 3, 0]  	1316	7 
[1, 3, 1, 12, 0]  	1317	7 
[2, 9, 13, 0, 0]  	1318	7 
[5, 24, 0, 3, 0]  	1319	8 
[2, 29, 0, 2, 0]  	1319	9 
[1, 28, 1, 2, 0]  	1322	7 
[1, 25, 0, 4, 0]  	1324	7 
[1, 30, 0, 2, 0]  	1325	8 
[1, 35, 0, 0, 0]  	1326	8 
[2, 2, 9, 6, 0]  	1327	8 
[2, 1, 16, 1, 0]  	1327	8 
[2, 21, 3, 3, 0]  	1328	8 
[2, 3, 15, 1, 0]  	1330	7 
[1, 15, 4, 5, 0]  	1330	7 
[1, 14, 11, 0, 0]  	1330	7 
[4, 0, 17, 0, 0]  	1331	8 
[1, 27, 3, 1, 0]  	1335	7 
[1, 18, 9, 0, 0]  	1336	7 
[2, 27, 0, 3, 0]  	1337	7 
[2, 13, 6, 4, 0]  	1337	7 
[1, 3, 0, 13, 0]  	1338	7 
[2, 1, 11, 5, 0]  	1340	7 
[1, 28, 0, 3, 0]  	1343	6 
[1, 14, 6, 4, 0]  	1343	6 
[2, 0, 9, 7, 0]  	1345	7 
[1, 24, 6, 0, 0]  	1345	7 
[1, 16, 5, 4, 0]  	1346	6 
[1, 3, 4, 10, 0]  	1346	7 
[2, 1, 15, 2, 0]  	1348	7 
[1, 26, 5, 0, 0]  	1348	7 
[1, 18, 4, 4, 0]  	1349	6 
[1, 4, 10, 5, 0]  	1349	7 
[3, 2, 5, 9, 0]  	1350	7 
[2, 12, 8, 3, 0]  	1350	7 
[2, 0, 0, 14, 0]  	1350	7 
[1, 8, 8, 5, 0]  	1355	6 
[1, 27, 2, 2, 0]  	1356	6 
[2, 2, 3, 11, 0]  	1361	7 
[2, 1, 10, 6, 0]  	1361	7 
[2, 0, 17, 1, 0]  	1361	7 
[1, 14, 5, 5, 0]  	1364	7 
[2, 0, 8, 8, 0]  	1366	6 
[1, 24, 5, 1, 0]  	1366	7 
[1, 3, 3, 11, 0]  	1367	6 
[1, 2, 10, 6, 0]  	1367	6 
[3, 0, 5, 10, 0]  	1368	6 
[2, 10, 8, 4, 0]  	1368	6 
[1, 26, 4, 1, 0]  	1369	7 
[3, 0, 18, 0, 0]  	1371	6 
[2, 12, 7, 4, 0]  	1371	6 
[2, 1, 5, 10, 0]  	1374	5 
[2, 0, 12, 5, 0]  	1374	5 
[1, 25, 2, 3, 0]  	1374	5 
[1, 27, 1, 3, 0]  	1377	5 
[1, 13, 7, 4, 0]  	1377	5 
[1, 2, 5, 10, 0]  	1380	5 
[1, 1, 12, 5, 0]  	1380	5 
[1, 0, 19, 0, 0]  	1380	5 
[1, 34, 0, 1, 0]  	1381	8 
[6, 0, 0, 13, 0]  	1382	9 
[2, 0, 16, 2, 0]  	1382	7 
[1, 13, 11, 1, 0]  	1385	7 
[1, 4, 17, 0, 0]  	1386	5 
[0, 30, 0, 3, 0]  	1386	5 
[2, 0, 7, 9, 0]  	1387	6 
[1, 24, 4, 2, 0]  	1387	6 
[1, 8, 15, 0, 0]  	1392	5 
[1, 2, 0, 14, 0]  	1393	6 
[2, 0, 11, 6, 0]  	1395	7 
[0, 27, 3, 2, 0]  	1396	5 
[1, 12, 13, 0, 0]  	1398	6 
[0, 16, 1, 8, 0]  	1399	5 
[1, 2, 4, 11, 0]  	1401	6 
[1, 1, 11, 6, 0]  	1401	6 
[2, 0, 15, 3, 0]  	1403	6 
[0, 28, 0, 4, 0]  	1404	5 
[1, 13, 10, 2, 0]  	1406	7 
[2, 0, 6, 10, 0]  	1408	5 
[1, 24, 3, 3, 0]  	1408	5 
[1, 2, 8, 8, 0]  	1409	5 
[1, 1, 15, 3, 0]  	1409	5 
[0, 18, 4, 5, 0]  	1410	5 
[1, 0, 0, 15, 0]  	1411	4 
[1, 7, 12, 3, 0]  	1418	6 
[1, 12, 12, 1, 0]  	1419	7 
[0, 29, 1, 3, 0]  	1420	5 
[0, 16, 0, 9, 0]  	1420	5 
[1, 9, 11, 3, 0]  	1421	5 
[0, 34, 1, 1, 0]  	1421	5 
[1, 2, 3, 12, 0]  	1422	6 
[2, 0, 14, 4, 0]  	1424	6 
[1, 0, 8, 9, 0]  	1427	4 
[2, 0, 5, 11, 0]  	1429	5 
[1, 1, 14, 4, 0]  	1430	4 
[0, 26, 4, 2, 0]  	1430	4 
[1, 12, 7, 5, 0]  	1432	6 
[1, 5, 12, 4, 0]  	1436	4 
[0, 16, 8, 3, 0]  	1436	4 
[1, 10, 12, 2, 0]  	1437	6 
[1, 7, 11, 4, 0]  	1439	4 
[0, 32, 1, 2, 0]  	1439	4 
[0, 19, 0, 8, 0]  	1439	4 
[1, 12, 11, 2, 0]  	1440	6 
[0, 37, 1, 0, 0]  	1440	5 
[1, 3, 17, 1, 0]  	1441	5 
[0, 15, 6, 5, 0]  	1441	5 
[0, 34, 0, 2, 0]  	1442	4 
[1, 1, 9, 8, 0]  	1443	6 
[0, 27, 5, 1, 0]  	1446	5 
[1, 0, 7, 10, 0]  	1448	4 
[0, 26, 3, 3, 0]  	1451	4 
[1, 11, 13, 1, 0]  	1453	6 
[0, 15, 1, 9, 0]  	1454	4 
[0, 14, 8, 4, 0]  	1454	4 
[1, 1, 17, 2, 0]  	1459	5 
[1, 12, 10, 3, 0]  	1461	5 
[1, 0, 2, 14, 0]  	1461	5 
[0, 9, 3, 10, 0]  	1466	3 
[0, 14, 3, 8, 0]  	1467	4 
[0, 15, 9, 3, 0]  	1470	3 
[0, 3, 1, 14, 0]  	1470	3 
[1, 9, 13, 2, 0]  	1471	5 
[0, 26, 2, 4, 0]  	1472	4 
[0, 13, 1, 10, 0]  	1472	3 
[0, 15, 0, 10, 0]  	1475	5 
[1, 10, 10, 4, 0]  	1479	3 
[0, 40, 0, 0, 0]  	1480	5  <--- 2
[0, 15, 4, 7, 0]  	1483	5 
[1, 0, 14, 5, 0]  	1485	4 
[0, 14, 2, 9, 0]  	1488	3 
[0, 13, 9, 4, 0]  	1488	3 
[1, 0, 5, 12, 0]  	1490	5 
[0, 2, 7, 10, 0]  	1491	3 
[0, 21, 1, 7, 0]  	1492	4 
[0, 20, 8, 2, 0]  	1492	4 
[1, 0, 18, 2, 0]  	1493	6 
[0, 8, 4, 10, 0]  	1500	3 
[0, 13, 4, 8, 0]  	1501	3 
[0, 9, 10, 5, 0]  	1503	2 
[0, 13, 8, 5, 0]  	1509	3 
[0, 12, 15, 0, 0]  	1509	3 
[1, 0, 17, 3, 0]  	1514	5 
[0, 11, 4, 9, 0]  	1519	2 
[0, 15, 11, 2, 0]  	1520	4 
[0, 8, 3, 11, 0]  	1521	3 
[0, 13, 3, 9, 0]  	1522	2 
[0, 12, 10, 4, 0]  	1522	2 
[0, 2, 1, 15, 0]  	1525	3 
[1, 0, 12, 7, 0]  	1527	6 
[0, 4, 0, 15, 0]  	1528	3 
[0, 20, 6, 4, 0]  	1534	3 
[0, 7, 5, 10, 0]  	1534	2 
[1, 0, 16, 4, 0]  	1535	3 
[0, 1, 3, 14, 0]  	1538	2 
[0, 23, 2, 6, 0]  	1545	5 
[0, 2, 0, 16, 0]  	1546	3 
[1, 0, 11, 8, 0]  	1548	6 
[0, 21, 7, 3, 0]  	1550	2 
[0, 8, 6, 9, 0]  	1550	2 
[0, 27, 0, 6, 0]  	1551	4 
[0, 13, 6, 7, 0]  	1551	3 
[0, 10, 5, 9, 0]  	1553	2 
[0, 1, 2, 15, 0]  	1559	1 
[0, 0, 9, 10, 0]  	1559	1 
[0, 6, 2, 13, 0]  	1560	3 
[0, 8, 1, 13, 0]  	1563	2 
[0, 7, 8, 8, 0]  	1563	2 
[0, 25, 9, 0, 0]  	1564	3 
[0, 5, 8, 9, 0]  	1581	2 
[0, 11, 1, 12, 0]  	1582	3 
[0, 8, 0, 14, 0]  	1584	2 
[0, 7, 7, 9, 0]  	1584	2 
[0, 26, 1, 6, 0]  	1585	5 
[0, 13, 13, 2, 0]  	1588	3 
[0, 24, 6, 3, 0]  	1590	1 
[0, 10, 12, 4, 0]  	1590	1 
[0, 0, 3, 15, 0]  	1593	1 
[0, 5, 3, 13, 0]  	1594	2 
[0, 4, 10, 8, 0]  	1594	2 
[0, 0, 16, 5, 0]  	1596	1 
[0, 2, 10, 9, 0]  	1612	1 
[0, 1, 17, 4, 0]  	1612	1 
[0, 11, 17, 0, 0]  	1614	1 
[0, 0, 2, 16, 0]  	1614	1 
[0, 7, 14, 4, 0]  	1621	1 
[0, 14, 0, 12, 0]  	1622	3 
[0, 9, 13, 4, 0]  	1624	1 
[0, 1, 12, 8, 0]  	1625	2 
[0, 19, 13, 0, 0]  	1626	3 
[0, 0, 23, 0, 0]  	1633	1  <--- 3
[0, 12, 13, 3, 0]  	1643	1 
[0, 0, 5, 14, 0]  	1643	1 
[0, 8, 19, 0, 0]  	1645	1 
[0, 4, 16, 4, 0]  	1652	1 
[0, 6, 15, 4, 0]  	1655	1 
[0, 12, 8, 7, 0]  	1656	2 
[0, 11, 15, 2, 0]  	1656	2 
[0, 9, 15, 3, 0]  	1674	1 
[0, 6, 14, 5, 0]  	1676	1 
[0, 5, 21, 0, 0]  	1676	1 
[0, 0, 12, 9, 0]  	1680	1 
[0, 1, 0, 18, 0]  	1693	2 
[0, 6, 17, 3, 0]  	1705	1 
[0, 0, 19, 4, 0]  	1717	1 
[0, 1, 7, 13, 0]  	1730	2 
[0, 3, 19, 3, 0]  	1736	1 
[0, 0, 0, 19, 0]  	1748	1  <--- 4
[0, 0, 21, 3, 0]  	1767	1 
[6, 4, 1, 1, 1]  	497	5 
[5, 6, 3, 1, 1]  	682	6 
[5, 3, 5, 1, 1]  	713	9 
[3, 1, 0, 7, 1]  	774	5 
[17, 1, 3, 1, 1]  	869	7 
[2, 14, 3, 1, 1]  	885	5 
[14, 2, 5, 1, 1]  	955	14 
[15, 1, 0, 5, 1]  	962	7 
[2, 19, 3, 0, 1]  	978	7 
[16, 1, 5, 1, 1]  	980	14 
[5, 13, 5, 0, 1]  	991	12 
[4, 12, 6, 0, 1]  	994	10 
[10, 19, 0, 0, 1]  	1013	14 
[15, 13, 1, 0, 1]  	1017	7 
[4, 12, 0, 5, 1]  	1028	11 
[8, 3, 2, 6, 1]  	1053	16 
[7, 0, 11, 1, 1]  	1090	12 
[9, 22, 0, 0, 1]  	1093	15 
[15, 2, 8, 0, 1]  	1107	12 
[4, 3, 11, 1, 1]  	1108	10 
[3, 15, 0, 5, 1]  	1108	11 
[3, 3, 5, 6, 1]  	1111	10 
[14, 0, 2, 6, 1]  	1128	13 
[12, 11, 5, 0, 1]  	1134	14 
[4, 1, 6, 6, 1]  	1139	12 
[4, 0, 13, 1, 1]  	1139	11 
[11, 12, 5, 0, 1]  	1140	15 
[3, 0, 6, 7, 1]  	1163	9 
[11, 11, 6, 0, 1]  	1174	12 
[3, 0, 1, 11, 1]  	1176	10 
[2, 14, 2, 5, 1]  	1182	9 
[4, 24, 0, 2, 1]  	1196	11 
[7, 24, 0, 1, 1]  	1197	10 
[4, 22, 0, 3, 1]  	1214	10 
[3, 1, 14, 1, 1]  	1216	10 
[5, 4, 13, 0, 1]  	1226	10 
[14, 10, 6, 0, 1]  	1230	13 
[4, 0, 4, 9, 1]  	1236	9 
[2, 8, 6, 5, 1]  	1244	8 
[2, 2, 4, 9, 1]  	1248	7 
[2, 1, 2, 11, 1]  	1253	8 
[3, 24, 0, 3, 1]  	1257	9 
[2, 26, 2, 1, 1]  	1258	9 
[13, 4, 10, 0, 1]  	1261	10 
[3, 5, 14, 0, 1]  	1272	10 
[2, 1, 1, 12, 1]  	1274	8 
[6, 27, 0, 1, 1]  	1277	11 
[1, 29, 0, 2, 1]  	1288	8 
[3, 0, 0, 13, 1]  	1289	9 
[2, 1, 0, 13, 1]  	1295	8 
[3, 0, 4, 10, 1]  	1297	8 
[12, 4, 11, 0, 1]  	1301	9 
[3, 2, 16, 0, 1]  	1303	9 
[1, 7, 13, 1, 1]  	1305	6 
[2, 0, 2, 12, 1]  	1308	8 
[2, 1, 8, 7, 1]  	1311	8 
[3, 28, 0, 2, 1]  	1313	9 
[2, 0, 10, 6, 1]  	1324	7 
[1, 16, 6, 3, 1]  	1325	7 
[2, 0, 1, 13, 1]  	1329	8 
[2, 25, 1, 3, 1]  	1334	7 
[1, 2, 11, 5, 1]  	1346	6 
[2, 1, 6, 9, 1]  	1353	7 
[1, 13, 8, 3, 1]  	1356	6 
[2, 0, 4, 11, 1]  	1358	7 
[1, 5, 11, 4, 1]  	1365	6 
[1, 14, 9, 2, 1]  	1372	7 
[1, 26, 3, 2, 1]  	1390	5 
[1, 12, 9, 3, 1]  	1390	5 
[1, 11, 7, 5, 1]  	1395	6 
[0, 24, 2, 4, 1]  	1398	4 
[1, 4, 12, 4, 1]  	1399	5 
[1, 2, 17, 1, 1]  	1404	5 
[1, 10, 9, 4, 1]  	1408	4 
[1, 6, 15, 1, 1]  	1410	5 
[1, 1, 6, 10, 1]  	1414	5 
[0, 27, 2, 3, 1]  	1417	5 
[0, 14, 1, 9, 1]  	1417	4 
[1, 3, 18, 0, 1]  	1420	5 
[1, 23, 5, 2, 1]  	1421	5 
[1, 1, 10, 7, 1]  	1422	6 
[1, 7, 16, 0, 1]  	1426	5 
[1, 1, 1, 14, 1]  	1427	4 
[0, 21, 4, 4, 1]  	1429	4 
[1, 2, 7, 9, 1]  	1430	4 
[1, 1, 5, 11, 1]  	1435	6 
[1, 1, 18, 1, 1]  	1438	6 
[1, 23, 4, 3, 1]  	1442	5 
[1, 9, 10, 4, 1]  	1442	4 
[1, 2, 2, 13, 1]  	1443	6 
[0, 24, 4, 3, 1]  	1448	3 
[0, 16, 3, 7, 1]  	1449	5 
[1, 1, 4, 12, 1]  	1456	7 
[0, 22, 0, 7, 1]  	1458	4 
[0, 27, 0, 5, 1]  	1459	5 
[1, 0, 15, 4, 1]  	1464	4 
[0, 21, 2, 6, 1]  	1471	5 
[0, 12, 8, 5, 1]  	1472	3 
[1, 0, 10, 8, 1]  	1477	5 
[0, 23, 5, 3, 1]  	1482	3 
[0, 14, 11, 2, 1]  	1483	4 
[0, 19, 2, 7, 1]  	1489	5 
[0, 3, 0, 15, 1]  	1491	3 
[0, 27, 7, 0, 1]  	1496	5 
[0, 6, 5, 10, 1]  	1497	3 
[0, 38, 0, 1, 1]  	1498	4 
[0, 24, 6, 2, 1]  	1498	3 
[0, 2, 2, 14, 1]  	1504	3 
[0, 6, 0, 14, 1]  	1510	3 
[1, 0, 4, 13, 1]  	1511	6 
[0, 20, 7, 3, 1]  	1513	3 
[0, 20, 11, 0, 1]  	1521	3 
[0, 2, 14, 5, 1]  	1528	2 
[0, 5, 6, 10, 1]  	1531	3 
[0, 23, 7, 2, 1]  	1532	3 
[0, 10, 6, 8, 1]  	1532	2 
[0, 6, 12, 5, 1]  	1534	2 
[0, 13, 11, 3, 1]  	1538	2 
[0, 26, 7, 1, 1]  	1551	3 
[0, 5, 5, 11, 1]  	1552	3 
[0, 18, 10, 2, 1]  	1560	3 
[0, 1, 15, 5, 1]  	1562	2 
[0, 23, 9, 1, 1]  	1582	3 
[0, 1, 14, 6, 1]  	1583	2 
[0, 25, 8, 1, 1]  	1585	4 
[6, 3, 1, 2, 2]  	552	5 
[5, 2, 2, 6, 2]  	923	10 
[4, 14, 5, 0, 2]  	997	11 
[4, 1, 5, 6, 2]  	1068	10 
[4, 2, 11, 1, 2]  	1071	11 
[8, 0, 4, 6, 2]  	1084	14 
[4, 0, 6, 6, 2]  	1102	10 
[12, 2, 8, 1, 2]  	1106	15 
[11, 1, 9, 1, 2]  	1109	15 
[8, 2, 10, 1, 2]  	1124	13 
[13, 0, 9, 1, 2]  	1134	15 
[3, 3, 12, 1, 2]  	1148	10 
[13, 10, 6, 0, 2]  	1199	12 
[3, 20, 0, 4, 2]  	1201	11 
[10, 9, 8, 0, 2]  	1211	10 
[2, 2, 0, 12, 2]  	1240	8 
[3, 27, 0, 2, 2]  	1276	10 
[2, 0, 15, 2, 2]  	1311	7 
[1, 17, 4, 4, 2]  	1312	7 
[1, 13, 9, 2, 2]  	1335	6 
[1, 4, 15, 1, 2]  	1336	6 
[1, 3, 17, 0, 2]  	1349	6 
[1, 13, 12, 0, 2]  	1364	7 
[1, 19, 5, 3, 2]  	1365	7 
[1, 10, 11, 2, 2]  	1366	6 
[1, 2, 18, 0, 2]  	1383	6 
[1, 7, 9, 5, 2]  	1389	6 
[1, 23, 6, 1, 2]  	1400	7 
[1, 22, 4, 3, 2]  	1405	5 
[1, 1, 2, 13, 2]  	1406	6 
[1, 12, 8, 4, 2]  	1411	4 
[0, 18, 6, 4, 2]  	1460	4 
[0, 13, 10, 3, 2]  	1467	3 
[0, 18, 9, 2, 2]  	1489	4 
[0, 12, 11, 3, 2]  	1501	2 
[0, 26, 0, 6, 2]  	1514	4 
[0, 17, 10, 2, 2]  	1523	4 
[0, 9, 0, 13, 2]  	1529	3 
[0, 17, 13, 0, 2]  	1552	4 
[0, 1, 10, 9, 2]  	1575	2 
[0, 2, 5, 13, 2]  	1625	2 
[13, 1, 7, 1, 3]  	1029	14 
[8, 2, 9, 1, 3]  	1053	14 
[9, 7, 9, 0, 3]  	1177	14 
[7, 5, 11, 0, 3]  	1183	13 
[8, 7, 10, 0, 3]  	1217	13 
[1, 20, 7, 0, 3]  	1268	7 
[2, 0, 8, 7, 3]  	1274	7 
[2, 2, 15, 1, 3]  	1293	8 
[1, 17, 9, 0, 3]  	1299	7 
[2, 1, 12, 4, 3]  	1319	7 
[1, 18, 5, 3, 3]  	1328	7 
[2, 1, 7, 8, 3]  	1332	8 
[1, 21, 4, 3, 3]  	1368	6 
[1, 2, 1, 13, 3]  	1372	6 
[1, 8, 10, 4, 3]  	1405	5 
[1, 21, 6, 2, 3]  	1418	6 
[1, 0, 12, 6, 3]  	1435	4 
[1, 0, 3, 13, 3]  	1440	5 
[0, 14, 13, 0, 3]  	1441	4 
[0, 23, 2, 5, 3]  	1453	5 
[0, 16, 7, 4, 3]  	1457	4 
[0, 37, 0, 1, 3]  	1461	4 
[0, 20, 5, 4, 3]  	1463	4 
[0, 21, 6, 3, 3]  	1479	3 
[0, 19, 11, 0, 3]  	1484	4 
[0, 2, 9, 9, 3]  	1541	2 
[0, 22, 9, 1, 3]  	1545	4 
[2, 10, 11, 0, 4]  	1213	8 
[1, 23, 5, 1, 4]  	1329	7 
[2, 0, 5, 10, 4]  	1337	6 
[1, 19, 6, 2, 4]  	1344	7 
[1, 11, 14, 0, 4]  	1432	5 
[0, 15, 2, 8, 4]  	1433	5 
[0, 27, 1, 4, 4]  	1438	5 
[0, 18, 2, 7, 4]  	1452	5 
[1, 0, 6, 11, 4]  	1469	4 
[0, 23, 9, 0, 4]  	1490	4 
[0, 26, 8, 0, 4]  	1530	5 
[12, 0, 9, 1, 5]  	1103	15 
[1, 19, 5, 2, 5]  	1273	7 
[2, 0, 3, 11, 5]  	1287	8 
[2, 1, 9, 6, 5]  	1290	8 
[1, 2, 6, 9, 5]  	1359	6 
[1, 12, 6, 5, 5]  	1361	6 
[3, 0, 17, 0, 6]  	1300	8 
[0, 24, 1, 6, 6]  	1511	5 
[0, 3, 3, 13, 8]  	1520	3 
[0, 2, 10, 8, 248]  	1520	2 
[2, 0, 16, 1, 250]  	1290	7 
[2, 26, 0, 3, 250]  	1300	7 
[0, 23, 8, 1, 250]  	1511	4 
[1, 22, 0, 4, 251]  	1213	6 
[1, 1, 13, 4, 251]  	1359	5 
[7, 10, 7, 0, 252]  	1084	13 
[11, 11, 5, 0, 252]  	1103	13 
[1, 5, 11, 3, 252]  	1273	6 
[2, 0, 14, 3, 252]  	1332	7 
[1, 24, 2, 3, 252]  	1337	5 
[0, 11, 1, 10, 252]  	1398	3 
[0, 14, 0, 10, 252]  	1438	4 
[12, 12, 3, 0, 253]  	1029	13 
[6, 10, 7, 0, 253]  	1053	8 
[4, 10, 8, 0, 253]  	1062	7 
[11, 8, 7, 0, 253]  	1134	9 
[1, 29, 1, 0, 253]  	1175	7 
[7, 1, 13, 0, 253]  	1177	9 
[6, 2, 13, 0, 253]  	1183	11 
[12, 7, 8, 0, 253]  	1199	8 
[7, 0, 14, 0, 253]  	1211	8 
[6, 1, 14, 0, 253]  	1217	8 
[1, 24, 5, 0, 253]  	1274	6 
[1, 14, 4, 5, 253]  	1293	6 
[0, 15, 4, 5, 253]  	1299	4 
[1, 26, 2, 2, 253]  	1319	6 
[0, 34, 1, 0, 253]  	1329	5 
[0, 10, 1, 10, 253]  	1361	2 
[0, 30, 1, 2, 253]  	1365	4 
[0, 32, 0, 2, 253]  	1368	4 
[1, 1, 8, 8, 253]  	1372	5 
[0, 7, 4, 10, 253]  	1463	3 
[0, 8, 5, 9, 253]  	1479	2 
[0, 7, 3, 11, 253]  	1484	3 
[0, 6, 1, 13, 253]  	1489	2 
[0, 0, 16, 4, 253]  	1504	1 
[0, 5, 2, 13, 253]  	1523	3 
[0, 9, 13, 3, 253]  	1532	1 
[5, 0, 3, 2, 254]  	552	4 
[3, 16, 3, 0, 254]  	898	6 
[2, 5, 9, 1, 254]  	978	5 
[3, 2, 9, 2, 254]  	990	6 
[4, 11, 0, 5, 254]  	991	7 
[3, 9, 8, 0, 254]  	994	5 
[2, 3, 9, 2, 254]  	996	5 
[6, 9, 7, 0, 254]  	1016	6 
[15, 0, 0, 6, 254]  	1017	7 
[1, 3, 4, 7, 254]  	1070	6 
[2, 18, 5, 0, 254]  	1083	7 
[2, 2, 11, 2, 254]  	1101	6 
[10, 8, 7, 0, 254]  	1103	11 
[0, 28, 1, 0, 254]  	1107	4 
[2, 15, 7, 0, 254]  	1114	8 
[7, 0, 13, 0, 254]  	1140	9 
[3, 0, 7, 6, 254]  	1142	9 
[2, 14, 8, 0, 254]  	1148	8 
[2, 10, 4, 5, 254]  	1176	7 
[3, 6, 6, 5, 254]  	1201	8 
[2, 2, 6, 7, 254]  	1206	7 
[2, 12, 8, 2, 254]  	1258	8 
[1, 6, 13, 1, 254]  	1268	5 
[0, 5, 1, 11, 254]  	1268	2 
[1, 15, 6, 3, 254]  	1288	7 
[0, 9, 1, 10, 254]  	1324	2 
[1, 9, 11, 2, 254]  	1329	6 
[2, 11, 7, 4, 254]  	1334	4 
[1, 0, 8, 8, 254]  	1335	4 
[0, 29, 0, 3, 254]  	1349	4 
[0, 5, 4, 10, 254]  	1389	2 
[0, 15, 8, 3, 254]  	1399	2 
[0, 6, 5, 9, 254]  	1405	2 
[0, 13, 8, 4, 254]  	1417	2 
[0, 19, 1, 7, 254]  	1418	4 
[0, 11, 4, 8, 254]  	1427	2 
[0, 14, 9, 3, 254]  	1433	3 
[0, 2, 1, 14, 254]  	1433	2 
[0, 5, 6, 9, 254]  	1439	2 
[0, 17, 9, 2, 254]  	1452	3 
[0, 23, 6, 2, 254]  	1461	3 
[0, 1, 2, 14, 254]  	1467	1 
[0, 5, 12, 5, 254]  	1497	2 
[0, 0, 3, 14, 254]  	1501	1 
[0, 8, 7, 8, 254]  	1529	2 
[0, 4, 13, 5, 254]  	1531	2 
[0, 4, 12, 6, 254]  	1552	2 
[0, 5, 9, 8, 254]  	1560	2 
[0, 0, 19, 3, 254]  	1625	1 
[3, 9, 1, 0, 255]  	497	2 
[3, 0, 7, 2, 255]  	774	4 
[3, 8, 5, 1, 255]  	836	6 
[2, 20, 1, 0, 255]  	873	3 
[2, 0, 9, 2, 255]  	885	3 
[2, 17, 3, 0, 255]  	904	3 
[3, 10, 0, 5, 255]  	923	5 
[2, 14, 5, 0, 255]  	935	3 
[4, 0, 4, 6, 255]  	960	8 
[12, 1, 0, 6, 255]  	961	5 
[15, 0, 7, 0, 255]  	962	3 
[2, 11, 7, 0, 255]  	966	3 
[10, 5, 7, 0, 255]  	992	4 
[2, 8, 9, 0, 255]  	997	3 
[3, 0, 4, 7, 255]  	1021	4 
[2, 1, 4, 7, 255]  	1027	5 
[2, 6, 11, 0, 255]  	1065	3 
[1, 5, 11, 1, 255]  	1089	4 
[3, 0, 13, 1, 255]  	1108	4 
[1, 3, 6, 6, 255]  	1120	3 
[1, 3, 0, 11, 255]  	1154	2 
[1, 3, 13, 1, 255]  	1157	4 
[9, 6, 10, 0, 255]  	1211	9 
[1, 2, 13, 2, 255]  	1212	2 
[2, 13, 3, 5, 255]  	1216	9 
[4, 1, 15, 0, 255]  	1226	4 
[12, 4, 10, 0, 255]  	1230	9 
[10, 0, 0, 10, 255]  	1230	7 
[1, 27, 3, 0, 255]  	1243	3 
[1, 4, 15, 0, 255]  	1244	2 
[2, 25, 0, 3, 255]  	1263	6 
[1, 0, 15, 2, 255]  	1280	2 
[1, 8, 7, 5, 255]  	1284	3 
[1, 1, 12, 4, 255]  	1288	4 
[2, 0, 7, 8, 255]  	1295	3 
[1, 3, 10, 5, 255]  	1312	6 
[0, 28, 0, 3, 255]  	1312	3 
[1, 0, 0, 14, 255]  	1319	2 
[1, 4, 11, 4, 255]  	1328	5 
[2, 0, 18, 0, 255]  	1340	3 
[0, 14, 0, 9, 255]  	1346	1 
[1, 11, 13, 0, 255]  	1361	5 
[0, 23, 2, 4, 255]  	1361	4 
[1, 1, 4, 11, 255]  	1364	5 
[1, 0, 11, 6, 255]  	1364	3 
[0, 10, 4, 8, 255]  	1390	2 
[1, 0, 14, 4, 255]  	1393	4 
[1, 0, 5, 11, 255]  	1398	4 
[0, 9, 15, 0, 255]  	1398	1 
[0, 21, 1, 6, 255]  	1400	3 
[0, 14, 6, 5, 255]  	1404	3 
[0, 8, 4, 9, 255]  	1408	1 
[0, 23, 4, 3, 255]  	1411	3 
[0, 9, 10, 4, 255]  	1411	1 
[1, 0, 13, 5, 255]  	1414	3 
[0, 18, 8, 2, 255]  	1418	1 
[0, 0, 20, 0, 255]  	1420	1 
[0, 20, 7, 2, 255]  	1421	3 
[0, 8, 3, 10, 255]  	1429	1 
[0, 13, 3, 8, 255]  	1430	3 
[0, 4, 0, 14, 255]  	1436	2 
[0, 13, 7, 5, 255]  	1438	3 
[0, 24, 0, 6, 255]  	1440	3 
[0, 23, 7, 1, 255]  	1440	2 
[0, 9, 13, 2, 255]  	1440	1 
[0, 2, 5, 11, 255]  	1441	3 
[0, 1, 12, 6, 255]  	1441	2 
[0, 0, 19, 1, 255]  	1441	1 
[0, 15, 10, 2, 255]  	1449	3 
[0, 3, 6, 10, 255]  	1457	3 
[0, 2, 13, 5, 255]  	1457	2 
[0, 13, 6, 6, 255]  	1459	3 
[0, 7, 17, 0, 255]  	1466	1 
[0, 1, 10, 8, 255]  	1483	2 
[0, 7, 7, 8, 255]  	1492	2 
[0, 4, 19, 0, 255]  	1497	1 
[0, 6, 18, 0, 255]  	1500	1 
[0, 6, 17, 1, 255]  	1521	1 
[0, 0, 10, 9, 255]  	1538	1 
[0, 6, 14, 4, 255]  	1584	1 
------
The gap is between 9 and 247.
Lengths: 5 5 8 9 5 7.
For 1536 = 3*d-d1-d2-d3-d4 you get 5 in char 0.
1 + 0*2^64 + 0*2^128 + 0*2^192*y^17*z^5*w^6
1 + 0*2^64 + 0*2^128 + 0*2^192*y^16*z^12*w^1
1 + 0*2^64 + 0*2^128 + 0*2^192*y^4*z^4*w^12
1 + 0*2^64 + 0*2^128 + 0*2^192*y^3*z^11*w^7
1 + 0*2^64 + 0*2^128 + 0*2^192*y^2*z^18*w^2

For 947 = 2*d-d1-d2-d3-d4 you get 8 in char 0.
1 + 0*2^64 + 0*2^128 + 0*2^192*x^14*y^2*z^1*w^4
1 + 0*2^64 + 0*2^128 + 0*2^192*x^2*y^22*z^1
1 + 0*2^64 + 0*2^128 + 0*2^192*x^2*y^8*z^7*w^1
1 + 0*2^64 + 0*2^128 + 0*2^192*x^1*y^19*z^3
1 + 0*2^64 + 0*2^128 + 0*2^192*x^1*y^5*z^9*w^1
1 + 0*2^64 + 0*2^128 + 0*2^192*y^16*z^5
1 + 0*2^64 + 0*2^128 + 0*2^192*y^3*z^4*w^6
1 + 0*2^64 + 0*2^128 + 0*2^192*y^2*z^11*w^1

For 358 = d-d1-d2-d3-d4 you get 5 in char 0.
1 + 0*2^64 + 0*2^128 + 0*2^192*x^5*y^3*w^1
1 + 0*2^64 + 0*2^128 + 0*2^192*x^4*z^2*w^1
1 + 0*2^64 + 0*2^128 + 0*2^192*x^2*y^8
1 + 0*2^64 + 0*2^128 + 0*2^192*x^1*y^5*z^2
1 + 0*2^64 + 0*2^128 + 0*2^192*y^2*z^4

Extra powers of p used 4.
The invariant extra is equal to 33.
Start computing 2^4 Delta^1 (x1x2x3x4)^1... Done.
Start computing 2^5 Delta^2 (x1x2x3x4)^1... Done.
Start computing 2^6 Delta^3 (x1x2x3x4)^1... Done.
Start computing 2^7 Delta^4 (x1x2x3x4)^1... Done.
Start computing 2^8 Delta^5 (x1x2x3x4)^1... Done.
Start computing 2^9 Delta^6 (x1x2x3x4)^1... Done.
Start computing 2^10 Delta^7 (x1x2x3x4)^1... Done.
Start computing 2^11 Delta^8 (x1x2x3x4)^1... Done.
Start computing 2^12 Delta^9 (x1x2x3x4)^1... Done.
Start computing 2^13 Delta^10 (x1x2x3x4)^1... Done.
Start computing 2^14 Delta^11 (x1x2x3x4)^1... Done.
Start computing 2^15 Delta^12 (x1x2x3x4)^1... Done.
Start computing 2^16 Delta^13 (x1x2x3x4)^1... Done.
Start computing 2^17 Delta^14 (x1x2x3x4)^1... Done.
Start computing 2^18 Delta^15 (x1x2x3x4)^1... Done.
Start computing 2^19 Delta^16 (x1x2x3x4)^1... Done.
Start computing 2^20 Delta^17 (x1x2x3x4)^1... Done.
Start computing 2^21 Delta^18 (x1x2x3x4)^1... Done.
Start computing 2^22 Delta^19 (x1x2x3x4)^1... Done.
Start computing 2^23 Delta^20 (x1x2x3x4)^1... Done.
Start computing 2^24 Delta^21 (x1x2x3x4)^1... Done.
Start computing 2^25 Delta^22 (x1x2x3x4)^1... Done.
Start computing 2^26 Delta^23 (x1x2x3x4)^1... Done.
Start computing 2^27 Delta^24 (x1x2x3x4)^1... Done.
Start computing 2^28 Delta^25 (x1x2x3x4)^1... Done.
Start computing 2^29 Delta^26 (x1x2x3x4)^1... Done.
Start computing 2^30 Delta^27 (x1x2x3x4)^1... Done.
Start computing 2^31 Delta^28 (x1x2x3x4)^1... Done.
Start computing 2^32 Delta^29 (x1x2x3x4)^1... Done.
Start computing 2^33 Delta^30 (x1x2x3x4)^1... Done.
Start computing 2^34 Delta^31 (x1x2x3x4)^1... Done.
Start computing 2^35 Delta^32 (x1x2x3x4)^1... Done.
Start computing 2^36 Delta^33 (x1x2x3x4)^1... Done.
Start computing 2^37 Delta^34 (x1x2x3x4)^1... Done.
Start computing 2^38 Delta^35 (x1x2x3x4)^1... Done.
Start computing aa.
1 2 3 4 5 6 7 8 9 10 11 12 13 14 15 16 17 18 
*/
A = \
[7001611980074904848 + 8843344992145984548*2^64 + 13309561720974581094*2^128 + 1235197848*2^192,4319056194507562826 + 8059254201278024997*2^64 + 14414573512598673102*2^128 + 1284328099*2^192,7928251183880917408 + 10020266847584861928*2^64 + 4841476562498384218*2^128 + 3334614381*2^192,147671977136957408 + 7663633230032934430*2^64 + 18339007281080164820*2^128 + 3226849520*2^192,1693496049594594414 + 18022173142454297874*2^64 + 10311683597773798110*2^128 + 7800726806*2^192,5165579140952771732 + 6156639058875336039*2^64 + 9806812541199486080*2^128 + 2294624892*2^192,17394659943435661304 + 14036279166497206920*2^64 + 377140498477359692*2^128 + 1732108187*2^192,7039079633209456328 + 3441718264603706613*2^64 + 6437194284978034141*2^128 + 8264409631*2^192,5652867087717217280 + 8203781025440158109*2^64 + 8831586336312004040*2^128 + 6210074219*2^192,5888706740073923480 + 11399953631157056170*2^64 + 16751958223539049728*2^128 + 2007310184*2^192,2131428139818579488 + 15795336708532611176*2^64 + 14542675463296978762*2^128 + 5189659208*2^192,14244403672254244780 + 4361823969722335062*2^64 + 3272641411239995786*2^128 + 2658622846*2^192,1584405631507276768 + 15435499413483027680*2^64 + 11778606428110890167*2^128 + 4830407746*2^192,8049786668770179912 + 17022694211304872539*2^64 + 4213910681881754463*2^128 + 5490439790*2^192,7619035008102805288 + 13676902518085460645*2^64 + 10413232891988353262*2^128 + 3926546918*2^192,15633889756669329056 + 1238638547111758632*2^64 + 15764675456536061175*2^128 + 6827314383*2^192,6905366541169688920 + 1285149481729875005*2^64 + 6297245627027893757*2^128 + 7916333734*2^192,10904366385323628000 + 279905427730540842*2^64 + 11925288119913171188*2^128 + 6119426162*2^192;\
18187966551299957432 + 16374908884446865749*2^64 + 1162554641444306920*2^128 + 3925178033*2^192,11527495779736834366 + 15589913663102287408*2^64 + 7252626374719316059*2^128 + 1138227633*2^192,11289677212626636832 + 4461035145610690934*2^64 + 5597857158668819648*2^128 + 4203079112*2^192,2716569098707330848 + 1357614559684722641*2^64 + 16436370579704768627*2^128 + 5654013182*2^192,9309643155208796658 + 13661886649007300154*2^64 + 15803099715739193814*2^128 + 7874806814*2^192,15846205238573723116 + 3341885664710198020*2^64 + 13196228374225609103*2^128 + 5535623152*2^192,11578702035417792008 + 2558119459380341635*2^64 + 13362996536229846708*2^128 + 7493604645*2^192,17428150668195444600 + 12670331873295058702*2^64 + 12535909940473237678*2^128 + 6715374876*2^192,11504499793673286304 + 6287700013463792477*2^64 + 12976569482068055818*2^128 + 6596236592*2^192,2924567579777212936 + 8955488334697238849*2^64 + 5194654193992795137*2^128 + 8350018027*2^192,8142613563338990592 + 12428356738470999854*2^64 + 7375378425934724667*2^128 + 6487731008*2^192,3289859116521756916 + 11626736491860505231*2^64 + 8156457321072307866*2^128 + 4980104949*2^192,5479327470157855936 + 7764491235833819371*2^64 + 14195159515938819925*2^128 + 3319826812*2^192,6044755925205632632 + 13518083135412977545*2^64 + 16060759198386853275*2^128 + 7992806252*2^192,10933831960493818200 + 17505357257327341603*2^64 + 15606405427944970090*2^128 + 1540219304*2^192,10258156427564314592 + 9197363670416897557*2^64 + 376022955698010275*2^128 + 2109508560*2^192,13745499737495849896 + 7425337088081872804*2^64 + 9894398422218589769*2^128 + 639480743*2^192,4717161597284047456 + 9306058005534849648*2^64 + 6769950432041765556*2^128 + 2870059171*2^192;\
4452392848209325144 + 13893983957752326130*2^64 + 9122637495833961506*2^128 + 6310071522*2^192,268615632983386482 + 10769895845753201511*2^64 + 11548282091284182246*2^128 + 4145067084*2^192,16341884351934161208 + 13614241648725473663*2^64 + 16849674479135320860*2^128 + 1728643305*2^192,12057604740440698240 + 3084685048331702908*2^64 + 430250946879344104*2^128 + 1528870834*2^192,11853899733532045158 + 15797188625109063507*2^64 + 4561134417488469220*2^128 + 4351054988*2^192,18079621002416113764 + 12629276460828677372*2^64 + 6715116159310037208*2^128 + 785981645*2^192,4288226796735898328 + 12763507211490196304*2^64 + 4699229057657919691*2^128 + 7161307923*2^192,10703001204839757928 + 10242653131765477643*2^64 + 16126675978312980104*2^128 + 2230497686*2^192,7179885614131585824 + 722561347861031777*2^64 + 1966553797970816262*2^128 + 2232687120*2^192,6162196717810705880 + 17509113196839536835*2^64 + 11436975366021798696*2^128 + 8181481842*2^192,16954813902212980864 + 7285850584558134012*2^64 + 7668985572620459976*2^128 + 3455299214*2^192,9907184383433218460 + 4122938474809945255*2^64 + 6998598064073595749*2^128 + 7965364365*2^192,478924399739081120 + 14530758476251561104*2^64 + 11853785084418223976*2^128 + 6897843928*2^192,10297006261108469576 + 14262977547562418403*2^64 + 8429459207001113290*2^128 + 5402947457*2^192,15554089897857344008 + 17352659537681409931*2^64 + 2612714122219510955*2^128 + 1106953229*2^192,15466927958091388256 + 249215391506342710*2^64 + 9798883225779950621*2^128 + 7985657056*2^192,4421216014866354008 + 9691429873654734052*2^64 + 3237281797144925777*2^128 + 5212002314*2^192,8470966398256411072 + 4301001000290168330*2^64 + 13572281633299239917*2^128 + 3333433674*2^192;\
8851500882631612072 + 3874947806306154129*2^64 + 3730315468623983270*2^128 + 4813423519*2^192,13800478773070475736 + 4093283012522367057*2^64 + 7550901257935670048*2^128 + 4256646367*2^192,15719105750824311536 + 3757019578078530060*2^64 + 12416448601658055205*2^128 + 3788475049*2^192,13455947872480022968 + 798510343628252792*2^64 + 7026384195047166912*2^128 + 4433872781*2^192,4342223528184077088 + 1301261487889983337*2^64 + 15877729106268737047*2^128 + 7141543336*2^192,14044998223589373632 + 3346678069936061926*2^64 + 2223244394521161755*2^128 + 977580045*2^192,9614677590049768288 + 8859135567174629636*2^64 + 4167235184501630940*2^128 + 4526943090*2^192,4459710466751447136 + 5474638988857679206*2^64 + 1367404525123354206*2^128 + 5520286241*2^192,3847807119971186528 + 820504307269111012*2^64 + 3966645379741571780*2^128 + 4158008371*2^192,17009493249834524704 + 16389012867726216876*2^64 + 12867330487291864103*2^128 + 3544801359*2^192,8632726074721566912 + 8728450499029175262*2^64 + 3032301778850130650*2^128 + 5008520819*2^192,4560103992586569984 + 11372831774955587345*2^64 + 15288482657430541860*2^128 + 7200784546*2^192,2527151275770364800 + 5239884185585363318*2^64 + 10382510794897003573*2^128 + 891779404*2^192,15176873508998651456 + 7291334047938900963*2^64 + 16685374836357306719*2^128 + 273402911*2^192,7988255685940008352 + 2499774114869721039*2^64 + 1186792460396708894*2^128 + 7482269281*2^192,17808241500378464320 + 1752772026329041226*2^64 + 11684463049795933542*2^128 + 3128490891*2^192,2328186763556043648 + 12300397824022810645*2^64 + 9792316425132656526*2^128 + 6038981993*2^192,4231397284092664384 + 17927964125195357506*2^64 + 15149568852408600758*2^128 + 5457318220*2^192;\
18434889230080457848 + 17167758380704608463*2^64 + 5028614979597010318*2^128 + 7466121360*2^192,13996000975556949986 + 7897398976630186852*2^64 + 12522258938868606106*2^128 + 52981802*2^192,5507803564672282112 + 114481098585928540*2^64 + 3032460030315136146*2^128 + 1953867573*2^192,13593489242963511232 + 10722358178972222932*2^64 + 60701824342253902*2^128 + 774611681*2^192,17237849764335103454 + 10768138797724885902*2^64 + 4908873456172464560*2^128 + 218016142*2^192,17111360707650407108 + 3691668992679903155*2^64 + 6563019349403268297*2^128 + 7755996723*2^192,3452407145812727576 + 193519562263002317*2^64 + 3836533713893367319*2^128 + 5341482869*2^192,1341512596100196136 + 5449621567365251267*2^64 + 3727024641632639296*2^128 + 4820635430*2^192,7071609564175714560 + 3067211857177161848*2^64 + 17269593689749772624*2^128 + 7773194828*2^192,5948254640833871416 + 320298119088917625*2^64 + 13190259667207632740*2^128 + 8006920634*2^192,11181661605766967968 + 2381553872856304859*2^64 + 18186860512868335779*2^128 + 6760312084*2^192,4123315200245454332 + 8177769613518291193*2^64 + 3292521810659475761*2^128 + 7567665908*2^192,9072091768187414976 + 18421261689410344537*2^64 + 13678645858211581464*2^128 + 1527980897*2^192,6603199505419288776 + 8855251217288245907*2^64 + 5125126279626874544*2^128 + 8143954745*2^192,2082834704745157320 + 7734008367155214091*2^64 + 3926872877432106841*2^128 + 97685632*2^192,7336072782732505888 + 14013464422090600450*2^64 + 15774790571310188660*2^128 + 5883816712*2^192,12012220771249176024 + 11861012433850585359*2^64 + 5752642909277961629*2^128 + 3817831475*2^192,6583356260034569152 + 12809898495945967687*2^64 + 16422410537890591041*2^128 + 7743967390*2^192;\
17362860654290424080 + 16162937651851310667*2^64 + 2802071910059453459*2^128 + 3050992029*2^192,18269102295885005439 + 11704806540638434961*2^64 + 12044954659978154920*2^128 + 2721441752*2^192,3350353351939686444 + 11582840439375225641*2^64 + 1781521053588193152*2^128 + 2944619002*2^192,6193463779065454188 + 6934547559820993359*2^64 + 9663176150325328359*2^128 + 2300449519*2^192,2974363423494189161 + 8856965506903174018*2^64 + 16307376953002621158*2^128 + 283596882*2^192,14930855303647305238 + 15896198180680533536*2^64 + 1235320787237537207*2^128 + 321194495*2^192,449390151851567732 + 15812305983560657846*2^64 + 2121317008718760489*2^128 + 3049867495*2^192,13934837538764602348 + 5339779429909620911*2^64 + 15912632249306947177*2^128 + 1530939878*2^192,9912761986033385472 + 18156577697692822085*2^64 + 181592174294979177*2^128 + 667151053*2^192,12814637208197363796 + 17102222983734549069*2^64 + 15704538513944807320*2^128 + 3320999206*2^192,1291275738503955936 + 7496464788214168049*2^64 + 4246068836425726942*2^128 + 3499491690*2^192,483895555571049610 + 9755722837025962816*2^64 + 653964715414101523*2^128 + 18048782*2^192,17165724682926792080 + 17543520205584146278*2^64 + 9291248435392433922*2^128 + 4251879989*2^192,6046106992734950060 + 2776604776462352432*2^64 + 9626786752378687070*2^128 + 604997155*2^192,7560235556358712156 + 11310111700032170096*2^64 + 14713919930710184511*2^128 + 46199725*2^192,11013518927443397040 + 3399371277125239247*2^64 + 7420455935536758486*2^128 + 3068147008*2^192,14440224696637328484 + 14171661719513153914*2^64 + 8728816835616511907*2^128 + 1355988859*2^192,6335381820607551648 + 15368179645406511508*2^64 + 5122799803658710533*2^128 + 289468196*2^192;\
1547873931695837508 + 2895171980263085518*2^64 + 5989315542488862650*2^128 + 6606914523*2^192,3081572667999254305 + 5412280777358893040*2^64 + 5712791871169749835*2^128 + 3728771518*2^192,8906696325548594352 + 14378795211466924737*2^64 + 7332456982058003171*2^128 + 7704036469*2^192,11920556248628604312 + 16321907278666007663*2^64 + 14156678465140108397*2^128 + 2889024997*2^192,9944247363532018395 + 14315567759161114800*2^64 + 1156091954741990270*2^128 + 3133239536*2^192,6605733630355217466 + 272662617432921294*2^64 + 12062353949918513537*2^128 + 5363759310*2^192,17747399028905074956 + 15503263972436709731*2^64 + 178064587153658996*2^128 + 4738012219*2^192,18258089052375076036 + 13335295674855457418*2^64 + 1445575394816237835*2^128 + 4247750927*2^192,11312174940749807456 + 9791582244064008324*2^64 + 6422234660792011011*2^128 + 5688617181*2^192,7885683336153471852 + 3316513608783639759*2^64 + 16253124610540584643*2^128 + 1228639847*2^192,5409184658703829264 + 2371040297419167153*2^64 + 4439959483583859777*2^128 + 7643042873*2^192,5085515521098112414 + 16130475614044379602*2^64 + 5191933433379861416*2^128 + 6461661594*2^192,13644486882269345232 + 7505557325004501419*2^64 + 15322247211604594700*2^128 + 2917249030*2^192,7208472085227842436 + 3760066467257003532*2^64 + 18341470661652207812*2^128 + 919293951*2^192,3259444134605367156 + 18329805484541256588*2^64 + 6286770829186646267*2^128 + 2855417917*2^192,13368790395203253776 + 7448149353481481351*2^64 + 5072224528946263240*2^128 + 6844526944*2^192,17838826287845510316 + 7396847885995200504*2^64 + 6743476214990551577*2^128 + 3230854960*2^192,8997129187632512512 + 13535439576613837249*2^64 + 7476275401076388316*2^128 + 6944824595*2^192;\
14333886977401899664 + 4980744995991016033*2^64 + 15892347263630719956*2^128 + 3044805380*2^192,17869463869560875894 + 7914610855234531173*2^64 + 8861015176966649278*2^128 + 4943553426*2^192,5688885731740214720 + 11898112072628306801*2^64 + 2154483450815620186*2^128 + 3879307349*2^192,12779411548622999192 + 11713597204695211561*2^64 + 11427171362278395960*2^128 + 561668299*2^192,9673188817740966930 + 17740001899788201646*2^64 + 16004285966716622704*2^128 + 8073123652*2^192,7291614538167927044 + 11097139212650252726*2^64 + 11107734586687887477*2^128 + 1728558917*2^192,15586373010057690248 + 13200940429402332973*2^64 + 11113800122697088602*2^128 + 2327278260*2^192,14616289109527431096 + 2656117200802702291*2^64 + 8227798966163345432*2^128 + 716077608*2^192,3327473944236205040 + 2583101216063123788*2^64 + 15721057569060559060*2^128 + 7961421639*2^192,9540803076576683288 + 4643715011613329557*2^64 + 2868501540312977484*2^128 + 3038516160*2^192,130438810493732896 + 2941464373038950241*2^64 + 14925442250276121354*2^128 + 6184566277*2^192,6079239731584101996 + 16490926554799432313*2^64 + 4906648262089152952*2^128 + 2633509559*2^192,2661246986076298496 + 1749945245329414389*2^64 + 8437990525309730236*2^128 + 2710881652*2^192,4269217063682544216 + 4914158838915341729*2^64 + 12140789420503904151*2^128 + 8304989059*2^192,1500207050081377864 + 13941363587664863594*2^64 + 2956783356846351366*2^128 + 4454537366*2^192,10006441273968586400 + 4813175403804797560*2^64 + 1905583551369919303*2^128 + 7594117159*2^192,6621421240633211944 + 8983763554118823302*2^64 + 2021683109035584886*2^128 + 6086679865*2^192,15429793966587739600 + 10102697782487376281*2^64 + 6512550732697669155*2^128 + 4491554816*2^192;\
11188245823339742904 + 5642116845592575877*2^64 + 772437834917274534*2^128 + 6803409926*2^192,7358125145452331146 + 2690341702013928424*2^64 + 10424958962206936523*2^128 + 753362698*2^192,11525810418877223984 + 12559250644232612147*2^64 + 6498205257124492516*2^128 + 1493126379*2^192,6526108690304096704 + 6167231877586910717*2^64 + 15561717250061971253*2^128 + 2500893525*2^192,17794981827368830122 + 1855690492141809143*2^64 + 6014638949417222024*2^128 + 1740820947*2^192,13932864812868643676 + 3755278468676534296*2^64 + 11362205619712078852*2^128 + 4550681478*2^192,4594371517802343176 + 7219850107840787270*2^64 + 4103423424067555653*2^128 + 6807805114*2^192,13697982554014184952 + 16048901253902813481*2^64 + 4941647140744402744*2^128 + 3476503753*2^192,4206144739658493808 + 7419865709239569722*2^64 + 1499392121097613413*2^128 + 7135463037*2^192,5034098673248436280 + 10477399339993917703*2^64 + 16341455812059163639*2^128 + 4038338278*2^192,4412920288493543136 + 10793656190385503367*2^64 + 11652156070421046870*2^128 + 4389358088*2^192,17142072980911326268 + 4842109610074826272*2^64 + 17888042435264062039*2^128 + 5117807298*2^192,5212912428156164592 + 7536919824362089488*2^64 + 13921457392155991705*2^128 + 3675660572*2^192,17011559211498407656 + 18410069640177993107*2^64 + 17090133864665429861*2^128 + 4951359088*2^192,11608834228013150968 + 2060775061363091752*2^64 + 10419110495828370165*2^128 + 3067594281*2^192,6117259703443782848 + 1302445390142146348*2^64 + 15493467994681612527*2^128 + 1413044148*2^192,15007868266059503608 + 14082074908626264961*2^64 + 6290866915200417775*2^128 + 1215195342*2^192,5178086451654864128 + 4991575558770517656*2^64 + 6178217051753993439*2^128 + 7797998118*2^192;\
1792200193928755476 + 231315682861526911*2^64 + 2918932322839587419*2^128 + 2186787595*2^192,9532663282916059017 + 9828748507740428772*2^64 + 4302000509653554710*2^128 + 8514757498*2^192,9369857762937698568 + 18244803353434331043*2^64 + 16629271054997380444*2^128 + 1872111859*2^192,14264817039778151600 + 4902017863309333446*2^64 + 12356228186365460894*2^128 + 3709682000*2^192,1227973588403631599 + 9703835245978563020*2^64 + 4021590556093536301*2^128 + 7055133203*2^192,18099429946239672666 + 6356281567192608054*2^64 + 13069321054657244772*2^128 + 4682751290*2^192,282865978499192284 + 1677302899323731347*2^64 + 10945603740160078398*2^128 + 7988606945*2^192,1820920124227121684 + 12004477034916340076*2^64 + 5079002450838666042*2^128 + 5420479207*2^192,10389664186296768160 + 6365372074951152842*2^64 + 4024525404489187248*2^128 + 5180315731*2^192,14931337440204577660 + 18124635246564570169*2^64 + 16173739403038132643*2^128 + 6365628760*2^192,18036510135644256528 + 17740599557207992454*2^64 + 8217611287502066857*2^128 + 6326649849*2^192,3097955717509999398 + 15052220701118790171*2^64 + 225371896614597084*2^128 + 7820425479*2^192,14316594615772360688 + 13988350403563352066*2^64 + 14382524275773379439*2^128 + 3613899175*2^192,1028664676482775876 + 16267135273235078369*2^64 + 11776901736683976343*2^128 + 2788400109*2^192,4006319894208167732 + 6161949187541284455*2^64 + 16377749535748005788*2^128 + 1375790157*2^192,13092279768111812432 + 16215482479041472374*2^64 + 17253125890436389354*2^128 + 6861180041*2^192,5637230646043995884 + 2743270101835474442*2^64 + 14095797877795633967*2^128 + 389899435*2^192,15955300795047587824 + 16765265161668231564*2^64 + 11283548397274465372*2^128 + 128997426*2^192;\
10887974402670765264 + 17946311822768237993*2^64 + 15513282886123467604*2^128 + 5086706387*2^192,15471693367894113760 + 3981610503744865100*2^64 + 10023293196864830060*2^128 + 5423813686*2^192,5529611943178310720 + 3968341140399041168*2^64 + 4855519093488609312*2^128 + 2774848491*2^192,1779143593725879672 + 18267173755625352856*2^64 + 5620014866765744594*2^128 + 6594620006*2^192,5048549246984983692 + 14852477130535522667*2^64 + 14992028786416320403*2^128 + 2069253987*2^192,10371561335695324192 + 16746472433516182960*2^64 + 9691960447013109146*2^128 + 6130254693*2^192,15249750735144498112 + 10878861120757241578*2^64 + 8422408752438574192*2^128 + 2861762822*2^192,13262861581225152496 + 5904753442730985370*2^64 + 7940291586770290913*2^128 + 6834388563*2^192,12039949865469752048 + 2306073900038048204*2^64 + 8654048692468661399*2^128 + 7395295237*2^192,18141298533296553392 + 10375824153494156564*2^64 + 14762800261740774838*2^128 + 3452775903*2^192,14540769575321222656 + 15506447423668146970*2^64 + 17597309535201642833*2^128 + 7502385403*2^192,8173737147751798440 + 11498799182866974583*2^64 + 16621626024670152777*2^128 + 2559113435*2^192,14328819765061967200 + 13249341550655940932*2^64 + 3663492225438533237*2^128 + 2724233427*2^192,1937198916697664672 + 7391035977995930171*2^64 + 14578610897811961169*2^128 + 5886279263*2^192,15960201798444422688 + 13591457982013373050*2^64 + 12781253937975823930*2^128 + 1310557618*2^192,11420260364765902080 + 13762119050510740199*2^64 + 10599108004783496753*2^128 + 4814159993*2^192,5450032824165266208 + 9433254507263961516*2^64 + 4497312008399539253*2^128 + 2932648576*2^192,6715019190556331024 + 38010556837620518*2^64 + 690754146950474047*2^128 + 1386829794*2^192;\
7044951883601626068 + 6424810021121474557*2^64 + 4055037986223864686*2^128 + 606730354*2^192,11542109436189571295 + 3183375842896029705*2^64 + 14758670602702135619*2^128 + 6095270504*2^192,5388344589256067652 + 11580294239330608720*2^64 + 15230274457223895373*2^128 + 4392886645*2^192,1345706630853781856 + 10062548193641960397*2^64 + 13621890749017493107*2^128 + 5958482838*2^192,9137232967161315837 + 15225668434925306661*2^64 + 12382884311910929218*2^128 + 8579254400*2^192,14133280702701466158 + 6964315906487050475*2^64 + 2875771234357117535*2^128 + 4485732830*2^192,2345920037554101060 + 16493926520853683650*2^64 + 8072062661021440068*2^128 + 6773385484*2^192,153564485887614828 + 3196948952393809532*2^64 + 14933044398073483254*2^128 + 7280023964*2^192,11009539323792458256 + 10194412478678250047*2^64 + 5358518384713580154*2^128 + 1676202170*2^192,16475027171788333620 + 17668879673679491069*2^64 + 3431810900019954077*2^128 + 7761130665*2^192,12716851852253720080 + 9874430587848470727*2^64 + 12541032253557783742*2^128 + 5648198009*2^192,8006486243745202514 + 4524150950332058094*2^64 + 15580715686691346001*2^128 + 6880717373*2^192,13589502798850691712 + 14829717201628793009*2^64 + 13027784839205439207*2^128 + 5649797283*2^192,10984131840102329788 + 5266737849970776328*2^64 + 12787946318825554561*2^128 + 2358912292*2^192,10263189172494654844 + 2648627848622481739*2^64 + 13124899170617798010*2^128 + 7463779222*2^192,16401070916786950896 + 16237513986053698296*2^64 + 2893001095036687380*2^128 + 3787201173*2^192,4799763239623233108 + 17316692916939517662*2^64 + 2784656122534699618*2^128 + 5957346540*2^192,6395105470650968416 + 13358096978912072003*2^64 + 1411094754195630058*2^128 + 3088999272*2^192;\
7514413106383386500 + 15681840529321303726*2^64 + 2123158235337519190*2^128 + 4773369917*2^192,6255366471106611832 + 16044850528936358716*2^64 + 8266085654600491286*2^128 + 4245478278*2^192,3563617784040017212 + 14679137298092064154*2^64 + 14566024506892032824*2^128 + 1147732173*2^192,4135068983570177348 + 418420682336892990*2^64 + 6876246977857837880*2^128 + 5399371857*2^192,15613730795489089480 + 13492616493275236771*2^64 + 1560123931401262935*2^128 + 1868130502*2^192,10186908600324662344 + 12677449776038897954*2^64 + 7004753553602510274*2^128 + 4737144243*2^192,14437452682850584960 + 11756387387139605585*2^64 + 6907502644764070116*2^128 + 7253771043*2^192,10443514881942672000 + 15125950575096006385*2^64 + 1088060381258390415*2^128 + 2310127008*2^192,6147032071273988496 + 3638859619036259824*2^64 + 616251906428078574*2^128 + 5017881067*2^192,15566261042228761856 + 10356720029944523257*2^64 + 8168555672199252076*2^128 + 7910557015*2^192,2090395627883280800 + 14005464119487567531*2^64 + 1997332532737125782*2^128 + 7535626522*2^192,2923393438769475880 + 16264370910178306463*2^64 + 7898851896820813544*2^128 + 252841018*2^192,9682850594255280976 + 13450547379835729790*2^64 + 16298306470685113685*2^128 + 1544413603*2^192,7109931925567408592 + 3514747125922194603*2^64 + 14249192818720484184*2^128 + 823414056*2^192,11179695834058252832 + 1206472009446121012*2^64 + 9841183145670030494*2^128 + 4006896951*2^192,2563058736243098240 + 15035292065712159017*2^64 + 5418224023826920582*2^128 + 5045875963*2^192,15584474883832897904 + 9910628890368971954*2^64 + 12289108437509811741*2^128 + 4726677235*2^192,9190516425550528160 + 1921502812617689707*2^64 + 5340853134583940438*2^128 + 4140502109*2^192;\
3824938049712825912 + 14092879293834949678*2^64 + 13722776528260902936*2^128 + 3821320748*2^192,5146890981518457720 + 4292031977857086681*2^64 + 6498027774124275049*2^128 + 1289187975*2^192,8940699493811002072 + 8380070907146842192*2^64 + 357964903081710047*2^128 + 2650342523*2^192,7013313789791814408 + 15630358980252572897*2^64 + 13063999378576302279*2^128 + 1553427280*2^192,5410413024519371176 + 12880143307094839220*2^64 + 9103473295055586262*2^128 + 1964068597*2^192,1386684260177497808 + 4738504122134034059*2^64 + 13148095827825198384*2^128 + 182481207*2^192,18374735102352943424 + 11244292654380840261*2^64 + 11800863457939612700*2^128 + 2001713968*2^192,9320127307980195872 + 6927431581658673054*2^64 + 14611811550474120933*2^128 + 1257209947*2^192,15548826922385943424 + 193242313356465748*2^64 + 10049461915039536648*2^128 + 1870960736*2^192,249814119710346368 + 14705845711071714934*2^64 + 9241108592504966986*2^128 + 1636886828*2^192,13482328251828659360 + 266769950621509790*2^64 + 17468830632666675433*2^128 + 2250594547*2^192,6728069270602378672 + 14633634627310902701*2^64 + 10012512605616302017*2^128 + 783346690*2^192,9846922279300688320 + 8314500726805592540*2^64 + 13275690076076598702*2^128 + 3618460540*2^192,15804002057041991008 + 13504227928023015738*2^64 + 17928056230521289123*2^128 + 2088092885*2^192,15461266584542555648 + 5409917391754767539*2^64 + 15217814706029378313*2^128 + 3648561406*2^192,572962021737874304 + 4629339565439894323*2^64 + 15489240415354865168*2^128 + 224848767*2^192,10242096040677089984 + 5666062718920102737*2^64 + 8147249895188061995*2^128 + 3006791288*2^192,4445724884081033952 + 14996793663629382319*2^64 + 3412742782127791711*2^128 + 4220166297*2^192;\
6214450850546225224 + 11881226120542548527*2^64 + 14406612630580372877*2^128 + 4235277583*2^192,16483220581803614696 + 1565765339419551590*2^64 + 13654620808712221766*2^128 + 3537534009*2^192,9374319700155921656 + 8616469083761380147*2^64 + 4044080511128948711*2^128 + 2806641373*2^192,8364894868926768472 + 9419734265111943688*2^64 + 558537214202671252*2^128 + 2762765301*2^192,8820427497548186696 + 5490266592240843170*2^64 + 9792810593240499807*2^128 + 2722055135*2^192,675702993958361696 + 18364604786426055491*2^64 + 13417055964602035333*2^128 + 113136345*2^192,3897806600449992576 + 18432128782765792431*2^64 + 17317059532561087152*2^128 + 3858661978*2^192,15550834575944826080 + 14706642767854656043*2^64 + 6569413525272799722*2^128 + 405564231*2^192,14284055597351645984 + 10199242848763478835*2^64 + 4272531559980812958*2^128 + 134916420*2^192,988724227857643616 + 1794890883179108907*2^64 + 13437693240082285500*2^128 + 3223588993*2^192,3527043550448205472 + 15375537467085670749*2^64 + 15063702736223832651*2^128 + 338095033*2^192,12889229268487832576 + 16070097751559382024*2^64 + 11688400036747628018*2^128 + 3284912813*2^192,4939519057174125056 + 3359055807443258670*2^64 + 3254394437546383430*2^128 + 1692190175*2^192,2791699043936617536 + 6446996781773953673*2^64 + 11326982557568631684*2^128 + 3356194849*2^192,4988669294287099840 + 2641525970752471620*2^64 + 277263148428776014*2^128 + 1949987808*2^192,13306312930981351488 + 5542970341574961657*2^64 + 9551738760072511174*2^128 + 2571008588*2^192,16317441763782692288 + 16369268086791320196*2^64 + 8633751480332139150*2^128 + 2338173289*2^192,16534633554297427840 + 18211847709580012000*2^64 + 4603591540499632816*2^128 + 3655721591*2^192;\
9116843531527474024 + 16381047597868395123*2^64 + 17295867288452498202*2^128 + 2636973707*2^192,11049308545998749894 + 1355482158759403312*2^64 + 16486703348748153709*2^128 + 2356771362*2^192,6661264127478656272 + 6813041115731367460*2^64 + 8338566348666956155*2^128 + 8207572905*2^192,5483507901540433184 + 805605148844211781*2^64 + 11087389529308156622*2^128 + 5617685585*2^192,6450188321924145650 + 13986639241104357449*2^64 + 7038436588234966144*2^128 + 7959585765*2^192,13030615514887302620 + 11908541196790281787*2^64 + 14703204712720633627*2^128 + 7865075123*2^192,10973107328831886472 + 4886752358812187969*2^64 + 3770194641755902751*2^128 + 3693844812*2^192,16863104005587527640 + 6632960081817440554*2^64 + 18205401198338831324*2^128 + 3936710024*2^192,15762543488080226240 + 374566833242650835*2^64 + 11292118260541481720*2^128 + 8141657273*2^192,16052980740847385992 + 10568147178700232055*2^64 + 18193278907891528208*2^128 + 1246269416*2^192,13386439500119121568 + 13234790214774051842*2^64 + 5335834508397568354*2^128 + 502620766*2^192,5292463760774291476 + 3758201490097817716*2^64 + 504665431392851827*2^128 + 7262527180*2^192,8649988877235130720 + 14183935926434460737*2^64 + 8713472067850788658*2^128 + 3178769404*2^192,16497176708664944376 + 16363102995054152420*2^64 + 2508498251212852636*2^128 + 2228962842*2^192,7067389208380409848 + 16356424485679849916*2^64 + 13192630877451407895*2^128 + 7548434463*2^192,14697532349388326080 + 11328430676693845432*2^64 + 8594563227243690867*2^128 + 1301335732*2^192,7889048420803092040 + 10281448031357627492*2^64 + 8635588671846297813*2^128 + 6871752168*2^192,16801348905479662720 + 10953729509278262832*2^64 + 7378477074799995372*2^128 + 3284213095*2^192;\
8274781313137938028 + 9776737171657129714*2^64 + 1338673778969031627*2^128 + 497757089*2^192,13764964094815767623 + 10802406884742845170*2^64 + 17703956319389564583*2^128 + 2462858620*2^192,12684809321097516856 + 17364244373091847358*2^64 + 9921114062888554267*2^128 + 3387888220*2^192,15603526174481326464 + 3810587363453016898*2^64 + 7413990349051375563*2^128 + 3316391921*2^192,16455744315115549393 + 6173156372135850493*2^64 + 8610679227046738117*2^128 + 5025483983*2^192,5512660500516524102 + 2257669830445887469*2^64 + 9598845687938441227*2^128 + 7342254434*2^192,6901973892575608868 + 13473424812649711003*2^64 + 737798384871239418*2^128 + 1669088650*2^192,125434604404548588 + 7443220911816882315*2^64 + 5853469403335739849*2^128 + 6010794296*2^192,6228274983353735392 + 1145516122600590052*2^64 + 9878285642475144319*2^128 + 6219442145*2^192,4586138697270138180 + 8647833623850377828*2^64 + 13636891453626742330*2^128 + 2412633024*2^192,13865437663900850864 + 905624280136593980*2^64 + 12236723589162155526*2^128 + 7535367445*2^192,5901438120555537050 + 2524804548479162240*2^64 + 18270147043554376622*2^128 + 1502762015*2^192,15048027400876282800 + 15978380980832614400*2^64 + 7778704015127805333*2^128 + 3345801543*2^192,5579883967050074684 + 17961752939847253510*2^64 + 15631841888466259959*2^128 + 4963483242*2^192,8249119997789777548 + 6512192808795145706*2^64 + 3093563655006646268*2^128 + 2748219939*2^192,8748989495606694320 + 1494749259293824279*2^64 + 487242114892529560*2^128 + 8161839861*2^192,1928333378623269140 + 473788526434803285*2^64 + 3425993659271406356*2^128 + 6003495743*2^192,6338321510498742320 + 13266126040029347707*2^64 + 5891330911897624692*2^128 + 1704287580*2^192;\
3916685620258288688 + 1909664691592216546*2^64 + 12963776239332190017*2^128 + 6759159097*2^192,8859178815769101970 + 588509301132682610*2^64 + 12484140730102257479*2^128 + 3610455056*2^192,15534512978548164456 + 16556374857323895511*2^64 + 16026346656134394775*2^128 + 6853413718*2^192,6936425826421975736 + 2652531805389284203*2^64 + 5101039147884492844*2^128 + 455364005*2^192,17392899367568299758 + 3303208883077604702*2^64 + 6371443344089079096*2^128 + 2102292496*2^192,8959498037081013684 + 16536019353853202875*2^64 + 17490817493776283999*2^128 + 3048418347*2^192,13108314001987243736 + 8672557553587423717*2^64 + 10484836294989251689*2^128 + 7390226253*2^192,17706204072738035880 + 2617884321435849279*2^64 + 17049607925313744477*2^128 + 3797407962*2^192,9890505368894277984 + 7966930601669737359*2^64 + 6245926920080791138*2^128 + 5918860557*2^192,9018296250732699416 + 14840969889973848354*2^64 + 12130346832967966667*2^128 + 4728339524*2^192,4476029673406156704 + 174358374679437369*2^64 + 7171942399890225690*2^128 + 6921581283*2^192,2699619029026387244 + 16342283569590967817*2^64 + 16954417298810974386*2^128 + 1019806936*2^192,16383009259855682784 + 4238513738910032531*2^64 + 6551314725570130071*2^128 + 1729699010*2^192,6666291607972118696 + 14478669939309516964*2^64 + 11945656704251980830*2^128 + 3538431814*2^192,17644329450890394248 + 9868153451850358958*2^64 + 2715665752178927837*2^128 + 6228241703*2^192,18078683268386598560 + 3143719392769683724*2^64 + 10004081943387375449*2^128 + 5276160869*2^192,11749483628156308440 + 3066793925772330927*2^64 + 9629849754099503683*2^128 + 6473817877*2^192,7821130246997170560 + 9381352057543382424*2^64 + 528571630931173856*2^128 + 3871823941*2^192]
/* 
This matrix times 2^(-3) should be the matrix of frobenius.
*/ 
B = 2^(-3) * A; 
/* Freed 5086 lists. */
The sign is: 1
The characteristic polynomial is: x^18 + x^17 - 2*x^16 - 17*x^14 - 41*x^13 - 2*x^12 + 52*x^11 + 192*x^10 + 528*x^9 + 768*x^8 + 832*x^7 - 128*x^6 - 10496*x^5 - 17408*x^4 - 32768*x^2 + 65536*x + 262144
Its Newton polygon is: [2, 2, 2, 2, 2, 1, 1, 1, 1, 1, 1, 1, 1, 0, 0, 0, 0, 0]
Its factorization is: Mat([x^18 + x^17 - 2*x^16 - 17*x^14 - 41*x^13 - 2*x^12 + 52*x^11 + 192*x^10 + 528*x^9 + 768*x^8 + 832*x^7 - 128*x^6 - 10496*x^5 - 17408*x^4 - 32768*x^2 + 65536*x + 262144, 1])
The valuation of f-g is: 26
The valuation of subst(g,x,A) is: 24
