/* Comments begin... 
No set up needed.

Please input coefficients below.
Coefficient of   x^19                     = Coefficient of   x^6 * y^4 * z^1 * w^2   = Coefficient of   x^5 * y^1 * z^3 * w^2   = Coefficient of   x^3 * y^9 * z^1 * w^1   = Coefficient of   x^2 * y^6 * z^3 * w^1   = Coefficient of   x^1 * y^3 * z^5 * w^1   = Coefficient of   y^14 * z^1               = Coefficient of   y^1 * w^6               = Coefficient of   z^7 * w^1               = 
Here is the polynomial we're using this time:

1 + 0*2^64 + 0*2^128 + 0*2^192*x^19 + 1 + 0*2^64 + 0*2^128 + 0*2^192*x^6*y^4*z^1*w^2 + 1 + 0*2^64 + 0*2^128 + 0*2^192*x^5*y^1*z^3*w^2 + 1 + 0*2^64 + 0*2^128 + 0*2^192*x^2*y^6*z^3*w^1 + 1 + 0*2^64 + 0*2^128 + 0*2^192*x^1*y^3*z^5*w^1 + 1 + 0*2^64 + 0*2^128 + 0*2^192*y^14*z^1 + 1 + 0*2^64 + 0*2^128 + 0*2^192*y^1*w^6 + 1 + 0*2^64 + 0*2^128 + 0*2^192*z^7*w^1


Allocate G_len 20 elements and old = 0.
Allocate M_len = 400 elements.
Allocate G_len 40 elements and old = 20.
Allocate M_len = 800 elements.
Allocate G_len 80 elements and old = 40.
Allocate M_len = 1600 elements.
Allocate M_len = 3200 elements.
Allocate G_len 160 elements and old = 80.
Allocate M_len = 6400 elements.
Allocate M_len = 12800 elements.
Allocate G_len 320 elements and old = 160.
Allocate M_len = 25600 elements.
Allocate M_len = 51200 elements.
Allocate G_len 640 elements and old = 320.
Allocate M_len = 102400 elements.
Allocate M_len = 204800 elements.
Allocate G_len 1280 elements and old = 640.
Allocate M_len = 409600 elements.
Allocate M_len = 819200 elements.
Allocate G_len 2560 elements and old = 1280.
The final length of G is 877
[6, 4, 0, 2, 0]  	518	6 
[18, 0, 0, 0, 0]  	558	5  <--- 1
[5, 1, 3, 2, 0]  	589	5 
[2, 6, 3, 1, 0]  	589	5 
[5, 0, 5, 2, 0]  	694	7 
[4, 3, 5, 2, 0]  	774	8 
[3, 4, 0, 7, 0]  	885	7 
[17, 1, 2, 2, 0]  	890	9 
[15, 6, 3, 0, 0]  	900	9 
[15, 6, 2, 1, 0]  	921	9 
[17, 0, 3, 2, 0]  	924	12 
[14, 2, 5, 1, 0]  	955	12 
[13, 3, 5, 1, 0]  	961	8 
[16, 0, 4, 2, 0]  	964	16 
[3, 9, 0, 6, 0]  	978	8 
[2, 5, 9, 1, 0]  	978	6 
[13, 14, 1, 0, 0]  	992	11 
[17, 3, 5, 0, 0]  	993	10 
[2, 4, 2, 7, 0]  	996	8 
[5, 4, 2, 6, 0]  	997	12 
[14, 9, 2, 1, 0]  	1001	16 
[3, 6, 2, 6, 0]  	1009	9 
[5, 0, 3, 7, 0]  	1012	10 
[13, 14, 0, 1, 0]  	1013	14 
[17, 3, 4, 1, 0]  	1014	10 
[17, 14, 0, 0, 0]  	1045	9 
[13, 0, 0, 7, 0]  	1047	13 
[12, 14, 1, 1, 0]  	1053	18 
[8, 16, 3, 0, 0]  	1053	17 
[7, 13, 5, 0, 0]  	1053	15 
[5, 1, 11, 1, 0]  	1065	11 
[4, 16, 5, 0, 0]  	1071	11 
[12, 17, 1, 0, 0]  	1072	16 
[11, 14, 3, 0, 0]  	1072	15 
[3, 4, 4, 6, 0]  	1077	10 
[16, 1, 0, 6, 0]  	1085	13 
[4, 0, 11, 2, 0]  	1089	8 
[7, 0, 11, 1, 0]  	1090	14 
[14, 12, 3, 0, 0]  	1091	14 
[12, 17, 0, 1, 0]  	1093	19 
[7, 24, 0, 0, 0]  	1105	16 
[17, 0, 7, 1, 0]  	1116	8 
[2, 4, 5, 6, 0]  	1117	8 
[9, 3, 9, 1, 0]  	1121	12 
[7, 11, 7, 0, 0]  	1121	12 
[6, 8, 9, 0, 0]  	1121	12 
[16, 17, 0, 0, 0]  	1125	12 
[6, 12, 7, 0, 0]  	1127	14 
[3, 3, 4, 7, 0]  	1132	8 
[3, 2, 11, 2, 0]  	1132	8 
[13, 0, 9, 1, 0]  	1134	15 
[12, 0, 3, 6, 0]  	1137	11 
[2, 3, 11, 2, 0]  	1138	8 
[11, 12, 5, 0, 0]  	1140	13 
[1, 16, 6, 1, 0]  	1141	7 
[4, 2, 12, 1, 0]  	1142	10 
[12, 1, 0, 8, 0]  	1145	13 
[5, 21, 3, 0, 0]  	1145	11 
[3, 16, 0, 5, 0]  	1145	11 
[3, 15, 7, 0, 0]  	1145	11 
[9, 10, 7, 0, 0]  	1146	14 
[3, 3, 12, 1, 0]  	1148	10 
[14, 6, 7, 0, 0]  	1153	11 
[9, 2, 10, 1, 0]  	1155	12 
[7, 10, 8, 0, 0]  	1155	12 
[5, 6, 11, 0, 0]  	1158	12 
[4, 1, 5, 7, 0]  	1160	8 
[5, 10, 9, 0, 0]  	1164	12 
[4, 7, 11, 0, 0]  	1164	12 
[13, 11, 5, 0, 0]  	1165	13 
[12, 8, 7, 0, 0]  	1165	14 
[17, 0, 9, 0, 0]  	1166	12 
[11, 9, 7, 0, 0]  	1171	12 
[2, 2, 12, 2, 0]  	1172	8 
[4, 13, 8, 0, 0]  	1173	11 
[11, 11, 6, 0, 0]  	1174	10 
[15, 0, 10, 0, 0]  	1175	9 
[4, 2, 6, 6, 0]  	1176	11 
[3, 12, 9, 0, 0]  	1176	10 
[12, 2, 9, 1, 0]  	1177	14 
[11, 0, 4, 6, 0]  	1177	14 
[15, 2, 9, 0, 0]  	1178	11 
[1, 4, 5, 7, 0]  	1178	8 
[3, 14, 8, 0, 0]  	1179	11 
[10, 12, 6, 0, 0]  	1180	12 
[3, 3, 6, 6, 0]  	1182	10 
[3, 2, 13, 1, 0]  	1182	9 
[11, 1, 1, 8, 0]  	1185	13 
[12, 22, 0, 0, 0]  	1186	15 
[16, 0, 2, 6, 0]  	1190	11 
[1, 16, 8, 0, 0]  	1191	7 
[4, 0, 6, 7, 0]  	1194	8 
[12, 1, 2, 7, 0]  	1195	12 
[4, 19, 0, 4, 0]  	1195	12 
[12, 5, 9, 0, 0]  	1196	12 
[5, 9, 10, 0, 0]  	1198	11 
[13, 10, 6, 0, 0]  	1199	12 
[3, 0, 13, 2, 0]  	1200	8 
[6, 0, 13, 1, 0]  	1201	11 
[11, 8, 8, 0, 0]  	1205	12 
[3, 9, 11, 0, 0]  	1207	10 
[3, 14, 2, 5, 0]  	1213	8 
[3, 1, 1, 11, 0]  	1213	8 
[3, 0, 8, 6, 0]  	1213	8 
[2, 10, 11, 0, 0]  	1213	8 
[8, 5, 11, 0, 0]  	1214	11 
[2, 15, 2, 5, 0]  	1219	9 
[2, 14, 9, 0, 0]  	1219	9 
[5, 4, 13, 0, 0]  	1226	11 
[4, 16, 2, 4, 0]  	1226	10 
[5, 24, 0, 2, 0]  	1227	10 
[13, 7, 8, 0, 0]  	1230	11 
[11, 3, 11, 0, 0]  	1233	11 
[3, 0, 7, 7, 0]  	1234	8 
[3, 19, 1, 4, 0]  	1235	11 
[11, 5, 10, 0, 0]  	1236	9 
[3, 2, 6, 7, 0]  	1237	9 
[5, 13, 2, 5, 0]  	1238	11 
[5, 0, 1, 11, 0]  	1238	11 
[3, 21, 0, 4, 0]  	1238	11 
[3, 6, 13, 0, 0]  	1238	10 
[10, 6, 10, 0, 0]  	1242	12 
[2, 7, 13, 0, 0]  	1244	8 
[8, 2, 13, 0, 0]  	1245	11 
[7, 1, 1, 10, 0]  	1245	10 
[3, 0, 2, 11, 0]  	1247	9 
[9, 7, 10, 0, 0]  	1248	12 
[3, 0, 15, 1, 0]  	1250	8 
[7, 3, 13, 0, 0]  	1251	11 
[6, 2, 1, 10, 0]  	1251	11 
[2, 13, 10, 0, 0]  	1253	8 
[2, 3, 1, 11, 0]  	1256	9 
[5, 3, 1, 10, 0]  	1257	11 
[5, 1, 15, 0, 0]  	1257	11 
[3, 1, 12, 3, 0]  	1258	10 
[8, 0, 0, 11, 0]  	1260	12 
[7, 1, 0, 11, 0]  	1266	12 
[4, 24, 1, 2, 0]  	1267	9 
[3, 26, 3, 0, 0]  	1268	7 
[3, 0, 1, 12, 0]  	1268	7 
[2, 23, 5, 0, 0]  	1268	7 
[1, 20, 7, 0, 0]  	1268	7 
[1, 7, 6, 6, 0]  	1268	7 
[3, 18, 2, 4, 0]  	1269	10 
[3, 3, 15, 0, 0]  	1269	9 
[10, 3, 12, 0, 0]  	1273	9 
[2, 27, 3, 0, 0]  	1274	9 
[2, 14, 2, 6, 0]  	1274	7 
[2, 0, 8, 7, 0]  	1274	8 
[2, 19, 2, 4, 0]  	1275	9 
[2, 6, 1, 10, 0]  	1275	9 
[2, 5, 8, 5, 0]  	1275	9 
[4, 2, 10, 4, 0]  	1276	10 
[9, 4, 12, 0, 0]  	1279	13 
[7, 0, 15, 0, 0]  	1282	9 
[3, 3, 10, 4, 0]  	1282	8 
[1, 4, 0, 12, 0]  	1283	8 
[1, 9, 0, 10, 0]  	1284	7 
[2, 0, 3, 11, 0]  	1287	8 
[4, 24, 0, 3, 0]  	1288	9 
[2, 4, 10, 4, 0]  	1288	8 
[3, 26, 2, 1, 0]  	1289	10 
[2, 1, 9, 6, 0]  	1290	8 
[2, 3, 8, 6, 0]  	1293	8 
[2, 2, 15, 1, 0]  	1293	8 
[4, 0, 10, 5, 0]  	1294	8 
[2, 27, 2, 1, 0]  	1295	9 
[2, 14, 1, 7, 0]  	1295	9 
[6, 30, 0, 0, 0]  	1296	12 
[4, 2, 9, 5, 0]  	1297	9 
[11, 1, 0, 10, 0]  	1298	9 
[2, 2, 6, 8, 0]  	1298	7 
[2, 1, 13, 3, 0]  	1298	8 
[1, 5, 1, 11, 0]  	1299	7 
[1, 4, 8, 6, 0]  	1299	7 
[3, 2, 3, 10, 0]  	1300	9 
[3, 1, 10, 5, 0]  	1300	8 
[1, 7, 13, 1, 0]  	1305	6 
[2, 3, 3, 10, 0]  	1306	8 
[2, 2, 10, 5, 0]  	1306	7 
[4, 27, 0, 2, 0]  	1307	9 
[4, 0, 5, 9, 0]  	1307	8 
[2, 26, 4, 0, 0]  	1308	9 
[2, 4, 9, 5, 0]  	1309	8 
[2, 3, 16, 0, 0]  	1309	8 
[2, 0, 15, 2, 0]  	1311	7 
[1, 17, 4, 4, 0]  	1312	7 
[1, 4, 3, 10, 0]  	1312	7 
[1, 6, 2, 10, 0]  	1315	7 
[2, 14, 0, 8, 0]  	1316	8 
[1, 15, 9, 1, 0]  	1317	8 
[2, 24, 0, 4, 0]  	1318	7 
[1, 21, 2, 4, 0]  	1318	7 
[1, 8, 1, 10, 0]  	1318	7 
[2, 29, 0, 2, 0]  	1319	7 
[2, 2, 5, 9, 0]  	1319	8 
[2, 1, 12, 4, 0]  	1319	7 
[2, 0, 10, 6, 0]  	1324	7 
[1, 30, 0, 2, 0]  	1325	7 
[1, 3, 5, 9, 0]  	1325	7 
[6, 27, 2, 0, 0]  	1327	9 
[2, 1, 16, 1, 0]  	1327	8 
[4, 0, 4, 10, 0]  	1328	7 
[1, 18, 5, 3, 0]  	1328	7 
[1, 5, 4, 9, 0]  	1328	7 
[2, 0, 1, 13, 0]  	1329	7 
[1, 23, 5, 1, 0]  	1329	7 
[1, 10, 4, 7, 0]  	1329	7 
[1, 15, 4, 5, 0]  	1330	7 
[1, 14, 11, 0, 0]  	1330	7 
[3, 1, 4, 10, 0]  	1334	8 
[3, 0, 11, 5, 0]  	1334	7 
[1, 27, 3, 1, 0]  	1335	7 
[1, 14, 2, 7, 0]  	1335	7 
[1, 4, 15, 1, 0]  	1336	6 
[2, 27, 0, 3, 0]  	1337	7 
[1, 8, 0, 11, 0]  	1339	7 
[2, 2, 4, 10, 0]  	1340	7 
[2, 1, 11, 5, 0]  	1340	7 
[1, 3, 13, 3, 0]  	1341	7 
[2, 2, 17, 0, 0]  	1343	6 
[1, 28, 0, 3, 0]  	1343	7 
[1, 5, 12, 3, 0]  	1344	7 
[1, 24, 6, 0, 0]  	1345	7 
[1, 11, 5, 6, 0]  	1345	7 
[1, 16, 5, 4, 0]  	1346	6 
[1, 3, 4, 10, 0]  	1346	6 
[1, 2, 11, 5, 0]  	1346	6 
[3, 0, 6, 9, 0]  	1347	7 
[1, 21, 5, 2, 0]  	1347	7 
[1, 8, 4, 8, 0]  	1347	7 
[1, 26, 5, 0, 0]  	1348	7 
[1, 13, 4, 6, 0]  	1348	7 
[2, 6, 15, 0, 0]  	1349	6 
[1, 4, 10, 5, 0]  	1349	6 
[1, 3, 17, 0, 0]  	1349	6 
[2, 26, 2, 2, 0]  	1350	8 
[2, 13, 1, 8, 0]  	1350	7 
[1, 14, 1, 8, 0]  	1356	7 
[14, 0, 13, 0, 0]  	1357	9 
[1, 16, 0, 8, 0]  	1359	7 
[1, 34, 1, 0, 0]  	1360	8 
[1, 21, 0, 6, 0]  	1360	7 
[2, 0, 17, 1, 0]  	1361	7 
[1, 26, 0, 4, 0]  	1361	7 
[5, 0, 17, 0, 0]  	1362	8 
[1, 13, 12, 0, 0]  	1364	7 
[1, 5, 11, 4, 0]  	1365	6 
[1, 10, 11, 2, 0]  	1366	6 
[3, 0, 5, 10, 0]  	1368	6 
[2, 24, 2, 3, 0]  	1368	6 
[2, 11, 1, 9, 0]  	1368	6 
[1, 21, 4, 3, 0]  	1368	6 
[1, 8, 3, 9, 0]  	1368	6 
[1, 26, 4, 1, 0]  	1369	7 
[1, 13, 3, 7, 0]  	1369	7 
[3, 0, 18, 0, 0]  	1371	8 
[1, 14, 9, 2, 0]  	1372	7 
[2, 1, 5, 10, 0]  	1374	5 
[2, 0, 12, 5, 0]  	1374	5 
[1, 25, 2, 3, 0]  	1374	5 
[1, 12, 1, 9, 0]  	1374	5 
[1, 3, 7, 8, 0]  	1375	6 
[1, 2, 14, 3, 0]  	1375	6 
[2, 1, 18, 0, 0]  	1377	5 
[1, 27, 1, 3, 0]  	1377	6 
[1, 14, 0, 9, 0]  	1377	5 
[0, 29, 3, 1, 0]  	1378	6 
[1, 15, 6, 4, 0]  	1380	5 
[1, 2, 5, 10, 0]  	1380	5 
[1, 1, 12, 5, 0]  	1380	6 
[1, 34, 0, 1, 0]  	1381	7 
[2, 1, 0, 14, 0]  	1387	6 
[2, 0, 7, 9, 0]  	1387	6 
[1, 24, 4, 2, 0]  	1387	6 
[1, 11, 3, 8, 0]  	1387	6 
[1, 26, 3, 2, 0]  	1390	5 
[1, 13, 2, 8, 0]  	1390	5 
[1, 12, 9, 3, 0]  	1390	5 
[1, 3, 15, 2, 0]  	1391	7 
[1, 28, 2, 2, 0]  	1393	7 
[1, 2, 13, 4, 0]  	1396	5 
[0, 27, 3, 2, 0]  	1396	5 
[1, 12, 13, 0, 0]  	1398	5 
[1, 0, 5, 11, 0]  	1398	5 
[0, 29, 2, 2, 0]  	1399	6 
[1, 2, 4, 11, 0]  	1401	6 
[1, 1, 11, 6, 0]  	1401	6 
[1, 3, 10, 6, 0]  	1404	5 
[1, 2, 17, 1, 0]  	1404	5 
[0, 28, 0, 4, 0]  	1404	5 
[1, 8, 10, 4, 0]  	1405	5 
[1, 13, 10, 2, 0]  	1406	7 
[2, 0, 6, 10, 0]  	1408	5 
[1, 24, 3, 3, 0]  	1408	5 
[1, 11, 2, 9, 0]  	1408	4 
[2, 19, 0, 7, 0]  	1409	7 
[1, 2, 8, 8, 0]  	1409	6 
[0, 18, 4, 5, 0]  	1410	5 
[2, 0, 19, 0, 0]  	1411	4 
[1, 12, 8, 4, 0]  	1411	4 
[1, 0, 0, 15, 0]  	1411	4 
[4, 0, 0, 14, 0]  	1412	6 
[0, 28, 4, 1, 0]  	1412	6 
[7, 0, 0, 13, 0]  	1413	8 
[1, 1, 19, 0, 0]  	1417	4 
[0, 27, 2, 3, 0]  	1417	4 
[0, 14, 1, 9, 0]  	1417	4 
[4, 35, 0, 0, 0]  	1419	7 
[1, 12, 12, 1, 0]  	1419	7 
[0, 16, 0, 9, 0]  	1420	5 
[1, 9, 11, 3, 0]  	1421	6 
[2, 0, 14, 4, 0]  	1424	6 
[1, 7, 16, 0, 0]  	1426	5 
[1, 1, 1, 14, 0]  	1427	4 
[1, 0, 8, 9, 0]  	1427	4 
[0, 29, 5, 0, 0]  	1428	6 
[1, 9, 15, 0, 0]  	1429	4 
[0, 21, 4, 4, 0]  	1429	4 
[1, 3, 0, 14, 0]  	1430	4 
[1, 2, 7, 9, 0]  	1430	4 
[1, 1, 14, 4, 0]  	1430	4 
[1, 11, 14, 0, 0]  	1432	5 
[0, 15, 2, 8, 0]  	1433	5 
[1, 0, 12, 6, 0]  	1435	4 
[0, 25, 2, 4, 0]  	1435	4 
[0, 17, 1, 8, 0]  	1436	4 
[0, 35, 2, 0, 0]  	1437	6 
[1, 1, 18, 1, 0]  	1438	5 
[0, 27, 1, 4, 0]  	1438	5 
[1, 0, 3, 13, 0]  	1440	5 
[0, 37, 1, 0, 0]  	1440	5 
[0, 15, 6, 5, 0]  	1441	4 
[0, 27, 5, 1, 0]  	1446	5 
[1, 0, 7, 10, 0]  	1448	3 
[0, 24, 4, 3, 0]  	1448	3 
[1, 19, 1, 7, 0]  	1449	5 
[0, 16, 3, 7, 0]  	1449	5 
[1, 0, 20, 0, 0]  	1451	4 
[0, 26, 3, 3, 0]  	1451	4 
[0, 18, 2, 7, 0]  	1452	5 
[0, 23, 2, 5, 0]  	1453	5 
[0, 14, 8, 4, 0]  	1454	4 
[0, 16, 7, 4, 0]  	1457	4 
[0, 22, 0, 7, 0]  	1458	4 
[1, 1, 17, 2, 0]  	1459	5 
[0, 27, 0, 5, 0]  	1459	5 
[1, 0, 2, 14, 0]  	1461	4 
[0, 37, 0, 1, 0]  	1461	4 
[0, 20, 5, 4, 0]  	1463	4 
[1, 0, 15, 4, 0]  	1464	4 
[0, 14, 3, 8, 0]  	1467	3 
[0, 24, 3, 4, 0]  	1469	4 
[0, 15, 9, 3, 0]  	1470	3 
[0, 3, 1, 14, 0]  	1470	3 
[0, 34, 3, 0, 0]  	1471	5 
[0, 21, 2, 6, 0]  	1471	5 
[1, 0, 19, 1, 0]  	1472	3 
[0, 13, 1, 10, 0]  	1472	3 
[0, 12, 8, 5, 0]  	1472	3 
[0, 15, 0, 10, 0]  	1475	5 
[1, 0, 10, 8, 0]  	1477	5 
[1, 3, 2, 13, 0]  	1480	6 
[1, 1, 16, 3, 0]  	1480	6 
[0, 15, 4, 7, 0]  	1483	4 
[1, 0, 14, 5, 0]  	1485	3 
[0, 3, 0, 15, 0]  	1491	3 
[0, 2, 7, 10, 0]  	1491	3 
[0, 34, 2, 1, 0]  	1492	4 
[0, 21, 1, 7, 0]  	1492	4 
[0, 20, 8, 2, 0]  	1492	4 
[1, 0, 18, 2, 0]  	1493	6 
[0, 27, 7, 0, 0]  	1496	5 
[0, 19, 6, 4, 0]  	1497	4 
[0, 24, 6, 2, 0]  	1498	3 
[0, 26, 5, 2, 0]  	1501	2 
[0, 13, 4, 8, 0]  	1501	3 
[0, 10, 3, 10, 0]  	1503	2 
[0, 2, 2, 14, 0]  	1504	3 
[0, 18, 8, 3, 0]  	1510	3 
[0, 6, 0, 14, 0]  	1510	3 
[0, 24, 1, 6, 0]  	1511	5 
[1, 0, 17, 3, 0]  	1514	4 
[0, 26, 0, 6, 0]  	1514	4 
[0, 11, 4, 9, 0]  	1519	2 
[0, 15, 11, 2, 0]  	1520	3 
[0, 3, 3, 13, 0]  	1520	3 
[0, 17, 10, 2, 0]  	1523	4 
[0, 2, 1, 15, 0]  	1525	3 
[0, 9, 0, 13, 0]  	1529	3 
[0, 26, 8, 0, 0]  	1530	5 
[0, 23, 7, 2, 0]  	1532	2 
[0, 10, 6, 8, 0]  	1532	2 
[0, 6, 12, 5, 0]  	1534	2 
[0, 1, 3, 14, 0]  	1538	2 
[0, 13, 15, 0, 0]  	1546	3 
[0, 2, 0, 16, 0]  	1546	3 
[0, 21, 7, 3, 0]  	1550	3 
[0, 26, 7, 1, 0]  	1551	3 
[0, 10, 5, 9, 0]  	1553	2 
[0, 42, 0, 0, 0]  	1554	5  <--- 2
[0, 13, 10, 4, 0]  	1559	1 
[0, 1, 2, 15, 0]  	1559	1 
[0, 0, 9, 10, 0]  	1559	1 
[0, 6, 2, 13, 0]  	1560	3 
[0, 8, 1, 13, 0]  	1563	3 
[0, 25, 9, 0, 0]  	1564	3 
[0, 1, 10, 9, 0]  	1575	2 
[0, 5, 8, 9, 0]  	1581	2 
[0, 11, 1, 12, 0]  	1582	3 
[0, 13, 13, 2, 0]  	1588	3 
[0, 10, 12, 4, 0]  	1590	1 
[0, 12, 11, 4, 0]  	1593	1 
[0, 0, 3, 15, 0]  	1593	1 
[0, 4, 10, 8, 0]  	1594	2 
[0, 22, 11, 0, 0]  	1595	2 
[0, 0, 16, 5, 0]  	1596	1 
[0, 1, 17, 4, 0]  	1612	1 
[0, 11, 17, 0, 0]  	1614	1 
[0, 0, 2, 16, 0]  	1614	1 
[0, 8, 7, 9, 0]  	1621	1 
[0, 7, 14, 4, 0]  	1621	1 
[0, 14, 0, 12, 0]  	1622	3 
[0, 9, 13, 4, 0]  	1624	1 
[0, 2, 5, 13, 0]  	1625	2 
[0, 1, 12, 8, 0]  	1625	2 
[0, 0, 23, 0, 0]  	1633	1  <--- 3
[0, 12, 13, 3, 0]  	1643	1 
[0, 0, 5, 14, 0]  	1643	1 
[0, 8, 19, 0, 0]  	1645	1 
[0, 4, 16, 4, 0]  	1652	1 
[0, 6, 15, 4, 0]  	1655	1 
[0, 11, 15, 2, 0]  	1656	2 
[0, 9, 15, 3, 0]  	1674	1 
[0, 5, 21, 0, 0]  	1676	1 
[0, 0, 12, 9, 0]  	1680	1 
[0, 1, 0, 18, 0]  	1693	2 
[0, 6, 17, 3, 0]  	1705	1 
[0, 0, 19, 4, 0]  	1717	1 
[0, 1, 7, 13, 0]  	1730	2 
[0, 3, 19, 3, 0]  	1736	1 
[0, 0, 0, 19, 0]  	1748	1  <--- 4
[0, 0, 21, 3, 0]  	1767	1 
[6, 4, 1, 1, 1]  	497	6 
[1, 17, 1, 0, 1]  	731	6 
[4, 14, 1, 1, 1]  	805	5 
[4, 4, 0, 6, 1]  	824	9 
[6, 1, 0, 7, 1]  	867	10 
[17, 1, 3, 1, 1]  	869	9 
[6, 3, 7, 1, 1]  	886	11 
[5, 15, 3, 0, 1]  	923	11 
[4, 1, 2, 7, 1]  	947	8 
[13, 15, 0, 0, 1]  	958	13 
[16, 1, 5, 1, 1]  	980	13 
[6, 2, 9, 1, 1]  	991	12 
[5, 1, 10, 1, 1]  	994	9 
[5, 3, 9, 1, 1]  	997	11 
[12, 15, 1, 0, 1]  	998	13 
[12, 17, 0, 0, 1]  	1001	16 
[16, 14, 0, 0, 1]  	1014	13 
[17, 1, 0, 5, 1]  	1024	9 
[5, 14, 5, 0, 1]  	1028	11 
[13, 2, 0, 6, 1]  	1029	10 
[13, 1, 7, 1, 1]  	1029	12 
[3, 16, 5, 0, 1]  	1040	10 
[15, 1, 0, 6, 1]  	1054	15 
[15, 0, 7, 1, 1]  	1054	14 
[4, 14, 6, 0, 1]  	1068	11 
[4, 1, 5, 6, 1]  	1068	10 
[4, 3, 4, 6, 1]  	1071	11 
[4, 2, 11, 1, 1]  	1071	11 
[17, 13, 1, 0, 1]  	1079	9 
[2, 16, 6, 0, 1]  	1080	9 
[9, 3, 2, 6, 1]  	1084	16 
[4, 14, 0, 5, 1]  	1102	12 
[4, 0, 6, 6, 1]  	1102	10 
[12, 1, 2, 6, 1]  	1103	12 
[12, 0, 9, 1, 1]  	1103	14 
[12, 2, 8, 1, 1]  	1106	14 
[3, 15, 0, 5, 1]  	1108	11 
[11, 1, 9, 1, 1]  	1109	14 
[3, 3, 5, 6, 1]  	1111	10 
[1, 17, 0, 5, 1]  	1120	8 
[14, 9, 5, 0, 1]  	1122	12 
[14, 0, 2, 6, 1]  	1128	14 
[4, 10, 9, 0, 1]  	1133	11 
[3, 14, 1, 5, 1]  	1142	11 
[3, 13, 8, 0, 1]  	1142	10 
[11, 0, 10, 1, 1]  	1143	12 
[10, 0, 4, 6, 1]  	1146	14 
[3, 0, 6, 7, 1]  	1163	8 
[17, 2, 8, 0, 1]  	1169	12 
[4, 1, 13, 1, 1]  	1176	10 
[3, 13, 2, 5, 1]  	1176	10 
[2, 14, 2, 5, 1]  	1182	9 
[6, 27, 0, 0, 1]  	1185	11 
[4, 4, 13, 0, 1]  	1195	11 
[11, 6, 9, 0, 1]  	1202	13 
[2, 14, 1, 6, 1]  	1203	8 
[10, 7, 9, 0, 1]  	1208	14 
[9, 4, 11, 0, 1]  	1208	13 
[1, 15, 1, 6, 1]  	1209	8 
[7, 2, 13, 0, 1]  	1214	12 
[3, 3, 0, 11, 1]  	1216	10 
[3, 2, 7, 6, 1]  	1216	10 
[6, 3, 13, 0, 1]  	1220	13 
[2, 4, 0, 11, 1]  	1222	9 
[2, 4, 13, 1, 1]  	1225	8 
[4, 3, 1, 10, 1]  	1226	10 
[1, 5, 0, 11, 1]  	1228	7 
[3, 1, 0, 12, 1]  	1234	8 
[2, 13, 2, 6, 1]  	1237	9 
[2, 22, 0, 4, 1]  	1244	9 
[13, 4, 10, 0, 1]  	1261	12 
[3, 3, 2, 10, 1]  	1266	9 
[3, 4, 8, 5, 1]  	1269	9 
[10, 1, 13, 0, 1]  	1270	12 
[3, 5, 14, 0, 1]  	1272	9 
[2, 1, 1, 12, 1]  	1274	8 
[2, 8, 0, 10, 1]  	1278	9 
[8, 1, 14, 0, 1]  	1279	10 
[1, 29, 0, 2, 1]  	1288	8 
[3, 0, 0, 13, 1]  	1289	9 
[2, 2, 2, 11, 1]  	1290	8 
[2, 1, 0, 13, 1]  	1295	8 
[4, 1, 16, 0, 1]  	1297	8 
[3, 3, 9, 5, 1]  	1303	8 
[2, 1, 17, 0, 1]  	1306	7 
[2, 0, 2, 12, 1]  	1308	9 
[2, 5, 15, 0, 1]  	1312	7 
[3, 28, 0, 2, 1]  	1313	10 
[1, 25, 0, 4, 1]  	1324	7 
[1, 35, 0, 0, 1]  	1326	8 
[4, 0, 17, 0, 1]  	1331	9 
[2, 0, 5, 10, 1]  	1337	7 
[1, 15, 8, 2, 1]  	1338	7 
[1, 14, 6, 4, 1]  	1343	6 
[2, 0, 0, 14, 1]  	1350	8 
[1, 8, 8, 5, 1]  	1355	6 
[1, 15, 7, 3, 1]  	1359	6 
[1, 2, 6, 9, 1]  	1359	6 
[1, 14, 5, 5, 1]  	1364	7 
[1, 2, 1, 13, 1]  	1372	6 
[1, 13, 7, 4, 1]  	1377	5 
[1, 0, 19, 0, 1]  	1380	5 
[1, 7, 9, 5, 1]  	1389	6 
[1, 14, 8, 3, 1]  	1393	7 
[1, 2, 0, 14, 1]  	1393	6 
[1, 11, 7, 5, 1]  	1395	6 
[0, 32, 3, 0, 1]  	1397	6 
[1, 13, 6, 5, 1]  	1398	5 
[1, 9, 12, 2, 1]  	1400	7 
[1, 1, 2, 13, 1]  	1406	6 
[1, 10, 9, 4, 1]  	1408	4 
[1, 1, 6, 10, 1]  	1414	5 
[0, 32, 2, 1, 1]  	1418	6 
[0, 29, 1, 3, 1]  	1420	5 
[1, 2, 3, 12, 1]  	1422	7 
[0, 26, 4, 2, 1]  	1430	4 
[0, 14, 13, 0, 1]  	1441	4 
[1, 1, 9, 8, 1]  	1443	6 
[1, 1, 4, 12, 1]  	1456	7 
[0, 35, 1, 1, 1]  	1458	4 
[1, 2, 10, 7, 1]  	1459	5 
[0, 18, 6, 4, 1]  	1460	4 
[0, 9, 3, 10, 1]  	1466	3 
[0, 35, 0, 2, 1]  	1479	3 
[0, 21, 6, 3, 1]  	1479	3 
[0, 14, 11, 2, 1]  	1483	4 
[0, 19, 11, 0, 1]  	1484	4 
[0, 23, 9, 0, 1]  	1490	4 
[0, 33, 0, 3, 1]  	1497	4 
[0, 6, 5, 10, 1]  	1497	3 
[0, 8, 4, 10, 1]  	1500	3 
[0, 14, 10, 3, 1]  	1504	3 
[0, 41, 0, 0, 1]  	1517	5 
[0, 8, 3, 11, 1]  	1521	3 
[0, 13, 3, 9, 1]  	1522	3 
[0, 5, 6, 10, 1]  	1531	3 
[0, 13, 11, 3, 1]  	1538	2 
[0, 22, 9, 1, 1]  	1545	4 
[0, 13, 6, 7, 1]  	1551	3 
[0, 5, 5, 11, 1]  	1552	3 
[0, 7, 8, 8, 1]  	1563	2 
[6, 3, 1, 2, 2]  	552	6 
[4, 14, 1, 0, 2]  	713	7 
[14, 3, 4, 1, 2]  	921	12 
[5, 2, 2, 6, 2]  	923	10 
[13, 1, 0, 6, 2]  	992	11 
[15, 13, 1, 0, 2]  	1017	15 
[3, 3, 9, 2, 2]  	1027	7 
[11, 1, 2, 6, 2]  	1072	14 
[8, 0, 4, 6, 2]  	1084	14 
[13, 13, 3, 0, 2]  	1097	13 
[2, 3, 4, 7, 2]  	1101	8 
[4, 0, 13, 1, 2]  	1139	10 
[9, 7, 9, 0, 2]  	1177	13 
[4, 0, 1, 11, 2]  	1207	10 
[4, 2, 0, 11, 2]  	1210	11 
[10, 9, 8, 0, 2]  	1211	12 
[3, 3, 3, 9, 2]  	1245	9 
[6, 0, 15, 0, 2]  	1251	10 
[2, 1, 2, 11, 2]  	1253	8 
[4, 2, 15, 0, 2]  	1263	9 
[3, 25, 0, 3, 2]  	1294	9 
[1, 3, 6, 8, 2]  	1304	7 
[1, 6, 13, 2, 2]  	1360	7 
[1, 3, 12, 4, 2]  	1362	7 
[1, 3, 3, 11, 2]  	1367	6 
[1, 2, 10, 6, 2]  	1367	6 
[1, 13, 11, 1, 2]  	1385	7 
[0, 30, 0, 3, 2]  	1386	5 
[0, 34, 1, 1, 2]  	1421	5 
[0, 16, 8, 3, 2]  	1436	4 
[0, 32, 1, 2, 2]  	1439	5 
[0, 19, 0, 8, 2]  	1439	4 
[0, 13, 10, 3, 2]  	1467	3 
[0, 23, 5, 3, 2]  	1482	3 
[0, 13, 9, 4, 2]  	1488	3 
[0, 18, 9, 2, 2]  	1489	4 
[0, 12, 11, 3, 2]  	1501	2 
[0, 9, 10, 5, 2]  	1503	2 
[0, 12, 15, 0, 2]  	1509	3 
[0, 2, 14, 5, 2]  	1528	2 
[0, 1, 15, 5, 2]  	1562	2 
[0, 1, 14, 6, 2]  	1583	2 
[0, 25, 8, 1, 2]  	1585	4 
[5, 0, 11, 1, 3]  	1028	9 
[3, 1, 4, 7, 3]  	1058	8 
[4, 12, 7, 0, 3]  	1065	9 
[15, 1, 2, 5, 3]  	1104	11 
[12, 11, 5, 0, 3]  	1134	13 
[5, 11, 2, 5, 3]  	1164	12 
[2, 15, 0, 6, 3]  	1169	8 
[3, 2, 0, 11, 3]  	1179	10 
[7, 5, 11, 0, 3]  	1183	13 
[8, 7, 10, 0, 3]  	1217	11 
[2, 2, 0, 12, 3]  	1240	8 
[8, 4, 12, 0, 3]  	1248	11 
[2, 4, 15, 0, 3]  	1275	8 
[2, 28, 0, 2, 3]  	1282	8 
[2, 1, 7, 8, 3]  	1332	8 
[1, 3, 0, 13, 3]  	1338	7 
[2, 1, 6, 9, 3]  	1353	7 
[1, 1, 10, 7, 3]  	1422	6 
[0, 12, 10, 4, 3]  	1522	2 
[12, 2, 0, 6, 4]  	998	13 
[6, 11, 7, 0, 4]  	1090	13 
[4, 1, 0, 11, 4]  	1173	10 
[1, 13, 9, 2, 4]  	1335	6 
[1, 13, 8, 3, 4]  	1356	6 
[1, 2, 18, 0, 4]  	1383	6 
[1, 8, 15, 0, 4]  	1392	5 
[0, 16, 1, 8, 4]  	1399	5 
[1, 1, 15, 3, 4]  	1409	5 
[0, 20, 7, 3, 4]  	1513	3 
[0, 8, 6, 9, 4]  	1550	2 
[0, 7, 7, 9, 4]  	1584	2 
[3, 5, 7, 5, 5]  	1235	10 
[4, 0, 3, 10, 5]  	1257	10 
[2, 13, 0, 9, 5]  	1371	7 
[0, 34, 0, 2, 5]  	1442	4 
[0, 2, 9, 9, 5]  	1541	2 
[1, 16, 0, 7, 6]  	1267	8 
[1, 12, 6, 5, 6]  	1361	6 
[0, 40, 0, 0, 6]  	1480	5 
[5, 10, 2, 5, 7]  	1127	13 
[3, 2, 16, 0, 7]  	1303	8 
[5, 9, 9, 0, 248]  	1127	11 
[3, 7, 11, 0, 249]  	1133	9 
[1, 10, 2, 9, 249]  	1371	5 
[3, 8, 9, 0, 250]  	1028	7 
[1, 15, 7, 2, 250]  	1267	7 
[2, 1, 4, 10, 250]  	1303	7 
[1, 11, 13, 0, 250]  	1361	5 
[0, 26, 5, 1, 250]  	1409	4 
[1, 15, 9, 0, 251]  	1225	7 
[3, 4, 14, 0, 251]  	1235	9 
[2, 13, 1, 7, 251]  	1258	8 
[1, 13, 2, 7, 251]  	1298	6 
[1, 1, 1, 13, 251]  	1335	5 
[0, 1, 16, 4, 251]  	1541	1 
[0, 7, 13, 4, 251]  	1550	1 
[3, 0, 11, 2, 252]  	1058	7 
[7, 10, 7, 0, 252]  	1084	12 
[11, 8, 7, 0, 252]  	1134	12 
[2, 2, 13, 1, 252]  	1151	7 
[1, 4, 6, 6, 252]  	1157	6 
[3, 19, 0, 4, 252]  	1164	11 
[2, 0, 13, 2, 252]  	1169	6 
[3, 1, 7, 6, 252]  	1179	9 
[9, 6, 10, 0, 252]  	1211	10 
[1, 4, 1, 11, 252]  	1262	7 
[2, 0, 11, 5, 252]  	1303	6 
[1, 2, 13, 3, 252]  	1304	6 
[1, 2, 7, 8, 252]  	1338	6 
[1, 1, 0, 14, 252]  	1356	5 
[0, 15, 0, 9, 252]  	1383	4 
[0, 20, 4, 4, 252]  	1392	4 
[0, 15, 8, 3, 252]  	1399	4 
[1, 0, 17, 2, 252]  	1422	4 
[0, 18, 7, 3, 252]  	1439	3 
[0, 20, 6, 3, 252]  	1442	3 
[0, 7, 6, 9, 252]  	1513	2 
[0, 6, 13, 4, 252]  	1513	1 
[0, 0, 2, 15, 252]  	1522	1 
[12, 1, 7, 1, 253]  	998	11 
[2, 0, 11, 2, 253]  	1027	5 
[2, 4, 4, 6, 253]  	1046	7 
[4, 0, 12, 1, 253]  	1068	7 
[2, 2, 12, 1, 253]  	1080	7 
[1, 4, 5, 6, 253]  	1086	6 
[1, 6, 4, 6, 253]  	1089	4 
[15, 0, 9, 0, 253]  	1104	9 
[3, 14, 7, 0, 253]  	1108	7 
[1, 16, 7, 0, 253]  	1120	5 
[2, 14, 8, 0, 253]  	1148	8 
[12, 10, 6, 0, 253]  	1168	8 
[1, 4, 0, 11, 253]  	1191	6 
[1, 4, 3, 9, 253]  	1220	6 
[1, 6, 2, 9, 253]  	1223	4 
[1, 14, 2, 6, 253]  	1243	7 
[1, 6, 1, 10, 253]  	1244	5 
[2, 0, 9, 6, 253]  	1253	6 
[3, 24, 0, 3, 253]  	1257	8 
[1, 3, 8, 6, 253]  	1262	6 
[1, 16, 4, 4, 253]  	1275	6 
[2, 6, 14, 0, 253]  	1278	8 
[0, 16, 4, 5, 253]  	1336	4 
[1, 11, 1, 9, 253]  	1337	5 
[5, 0, 3, 2, 254]  	552	5 
[1, 4, 2, 6, 254]  	873	4 
[3, 8, 7, 0, 254]  	886	6 
[4, 12, 5, 0, 254]  	923	7 
[2, 14, 5, 0, 254]  	935	6 
[5, 0, 10, 1, 254]  	957	6 
[4, 3, 9, 1, 254]  	966	6 
[4, 1, 4, 6, 254]  	997	8 
[4, 0, 11, 1, 254]  	997	8 
[3, 3, 4, 6, 254]  	1040	7 
[1, 16, 6, 0, 254]  	1049	5 
[2, 6, 11, 0, 254]  	1065	7 
[2, 8, 10, 0, 254]  	1068	7 
[3, 14, 0, 5, 254]  	1071	6 
[3, 3, 11, 1, 254]  	1077	6 
[13, 0, 2, 6, 254]  	1097	9 
[1, 4, 0, 10, 254]  	1099	4 
[1, 3, 6, 6, 254]  	1120	4 
[13, 6, 7, 0, 254]  	1122	9 
[3, 1, 0, 11, 254]  	1142	8 
[6, 1, 13, 0, 254]  	1146	11 
[0, 15, 2, 5, 254]  	1157	4 
[1, 14, 1, 6, 254]  	1172	6 
[3, 0, 1, 11, 254]  	1176	6 
[3, 16, 2, 4, 254]  	1195	7 
[10, 3, 11, 0, 254]  	1202	8 
[2, 21, 0, 4, 254]  	1207	9 
[4, 2, 8, 5, 254]  	1226	6 
[3, 3, 8, 5, 254]  	1232	8 
[2, 0, 1, 12, 254]  	1237	7 
[1, 1, 1, 12, 254]  	1243	5 
[3, 2, 10, 4, 254]  	1245	8 
[2, 3, 10, 4, 254]  	1251	8 
[1, 16, 5, 3, 254]  	1254	5 
[3, 1, 3, 10, 254]  	1263	7 
[3, 2, 9, 5, 254]  	1266	5 
[2, 3, 9, 5, 254]  	1272	4 
[1, 0, 15, 2, 254]  	1280	3 
[1, 14, 0, 8, 254]  	1285	5 
[2, 0, 16, 1, 254]  	1290	4 
[1, 3, 15, 1, 254]  	1299	6 
[1, 5, 9, 5, 254]  	1315	5 
[1, 13, 1, 8, 254]  	1319	6 
[1, 10, 13, 0, 254]  	1324	5 
[1, 10, 12, 1, 254]  	1345	5 
[1, 0, 7, 9, 254]  	1356	3 
[1, 1, 13, 4, 254]  	1359	2 
[0, 31, 3, 0, 254]  	1360	6 
[0, 28, 2, 2, 254]  	1362	6 
[1, 1, 17, 1, 254]  	1367	4 
[0, 27, 0, 4, 254]  	1367	3 
[0, 27, 4, 1, 254]  	1375	2 
[0, 16, 6, 4, 254]  	1386	3 
[0, 28, 5, 0, 254]  	1391	6 
[0, 3, 0, 14, 254]  	1399	1 
[0, 34, 2, 0, 254]  	1400	4 
[1, 0, 13, 5, 254]  	1414	3 
[0, 21, 0, 7, 254]  	1421	3 
[0, 0, 2, 14, 254]  	1430	1 
[1, 0, 11, 7, 254]  	1456	5 
[0, 26, 7, 0, 254]  	1459	3 
[0, 5, 5, 10, 254]  	1460	3 
[0, 7, 17, 0, 254]  	1466	1 
[0, 10, 4, 9, 254]  	1482	1 
[0, 1, 1, 15, 254]  	1488	2 
[0, 6, 1, 13, 254]  	1489	2 
[0, 4, 19, 0, 254]  	1497	1 
[0, 6, 18, 0, 254]  	1500	1 
[0, 1, 0, 16, 254]  	1509	2 
[0, 6, 17, 1, 254]  	1521	1 
[0, 1, 21, 0, 254]  	1528	1 
[0, 3, 20, 0, 254]  	1531	1 
[0, 3, 19, 1, 254]  	1552	1 
[0, 0, 22, 0, 254]  	1562	1 
[0, 0, 21, 1, 254]  	1583	1 
[0, 13, 0, 12, 254]  	1585	3 
[2, 6, 3, 0, 255]  	497	3 
[4, 0, 7, 1, 255]  	713	5 
[1, 4, 0, 6, 255]  	731	4 
[1, 16, 3, 0, 255]  	836	3 
[4, 1, 2, 6, 255]  	855	6 
[2, 2, 9, 1, 255]  	867	4 
[2, 0, 9, 2, 255]  	885	3 
[13, 14, 0, 0, 255]  	921	12 
[3, 0, 4, 6, 255]  	929	5 
[1, 0, 4, 7, 255]  	959	3 
[1, 3, 4, 6, 255]  	978	3 
[3, 8, 2, 5, 255]  	991	4 
[0, 15, 0, 5, 255]  	1015	3 
[15, 0, 0, 6, 255]  	1017	8 
[17, 0, 7, 0, 255]  	1024	4 
[2, 14, 0, 5, 255]  	1040	5 
[1, 16, 1, 4, 255]  	1062	3 
[1, 1, 13, 1, 255]  	1083	2 
[4, 16, 0, 4, 255]  	1084	3 
[3, 0, 13, 1, 255]  	1108	7 
[10, 5, 9, 0, 255]  	1134	4 
[1, 0, 13, 2, 255]  	1138	2 
[2, 13, 2, 5, 255]  	1145	7 
[5, 13, 2, 4, 255]  	1146	5 
[1, 13, 9, 0, 255]  	1151	4 
[4, 3, 0, 10, 255]  	1155	4 
[1, 5, 12, 1, 255]  	1160	2 
[3, 3, 7, 5, 255]  	1161	7 
[9, 3, 11, 0, 255]  	1171	5 
[1, 1, 0, 12, 255]  	1172	5 
[0, 26, 3, 0, 255]  	1175	2 
[6, 0, 1, 10, 255]  	1177	6 
[2, 1, 1, 11, 255]  	1182	5 
[2, 0, 8, 6, 255]  	1182	6 
[2, 5, 8, 4, 255]  	1183	5 
[3, 1, 2, 10, 255]  	1192	6 
[4, 24, 0, 2, 255]  	1196	7 
[1, 12, 9, 1, 255]  	1206	3 
[1, 22, 0, 4, 255]  	1213	6 
[2, 0, 2, 11, 255]  	1216	4 
[7, 4, 12, 0, 255]  	1217	9 
[5, 0, 2, 10, 255]  	1217	4 
[1, 10, 12, 0, 255]  	1253	5 
[11, 0, 0, 10, 255]  	1261	6 
[1, 8, 7, 5, 255]  	1284	4 
[0, 19, 3, 4, 255]  	1284	3 
[0, 26, 2, 2, 255]  	1288	2 
[0, 25, 0, 4, 255]  	1293	3 
[1, 5, 10, 4, 255]  	1294	2 
[1, 3, 10, 5, 255]  	1312	4 
[1, 4, 16, 0, 255]  	1315	2 
[0, 18, 4, 4, 255]  	1318	4 
[1, 9, 11, 2, 255]  	1329	3 
[1, 9, 10, 3, 255]  	1350	3 
[0, 6, 3, 10, 255]  	1355	1 
[1, 0, 11, 6, 255]  	1364	3 
[0, 11, 1, 10, 255]  	1398	2 
[0, 8, 4, 9, 255]  	1408	1 
[0, 5, 3, 11, 255]  	1410	1 
[0, 2, 6, 10, 255]  	1420	2 
[0, 2, 5, 11, 255]  	1441	2 
[0, 6, 12, 4, 255]  	1442	1 
[0, 1, 3, 13, 255]  	1446	2 
[0, 15, 10, 2, 255]  	1449	1 
[0, 21, 7, 2, 255]  	1458	1 
[0, 3, 19, 0, 255]  	1460	1 
[0, 6, 15, 2, 255]  	1471	1 
[0, 0, 16, 4, 255]  	1504	1 
[0, 11, 0, 12, 255]  	1511	2 
[0, 0, 10, 9, 255]  	1538	1 
[0, 12, 13, 2, 255]  	1551	1 
------
The gap is between 8 and 247.
Lengths: 5 5 8 12 5 8.
For 1536 = 3*d-d1-d2-d3-d4 you get 5 in char 0.
1 + 0*2^64 + 0*2^128 + 0*2^192*y^17*z^5*w^6
1 + 0*2^64 + 0*2^128 + 0*2^192*y^16*z^12*w^1
1 + 0*2^64 + 0*2^128 + 0*2^192*y^4*z^4*w^12
1 + 0*2^64 + 0*2^128 + 0*2^192*y^3*z^11*w^7
1 + 0*2^64 + 0*2^128 + 0*2^192*y^2*z^18*w^2

For 947 = 2*d-d1-d2-d3-d4 you get 8 in char 0.
1 + 0*2^64 + 0*2^128 + 0*2^192*x^14*y^2*z^1*w^4
1 + 0*2^64 + 0*2^128 + 0*2^192*x^4*z^9*w^2
1 + 0*2^64 + 0*2^128 + 0*2^192*x^2*y^9*w^6
1 + 0*2^64 + 0*2^128 + 0*2^192*x^1*y^6*z^2*w^6
1 + 0*2^64 + 0*2^128 + 0*2^192*x^1*y^5*z^9*w^1
1 + 0*2^64 + 0*2^128 + 0*2^192*y^16*z^5
1 + 0*2^64 + 0*2^128 + 0*2^192*y^3*z^4*w^6
1 + 0*2^64 + 0*2^128 + 0*2^192*y^2*z^11*w^1

For 358 = d-d1-d2-d3-d4 you get 5 in char 0.
1 + 0*2^64 + 0*2^128 + 0*2^192*x^5*y^3*w^1
1 + 0*2^64 + 0*2^128 + 0*2^192*x^4*z^2*w^1
1 + 0*2^64 + 0*2^128 + 0*2^192*x^2*y^8
1 + 0*2^64 + 0*2^128 + 0*2^192*x^1*y^5*z^2
1 + 0*2^64 + 0*2^128 + 0*2^192*y^2*z^4

Extra powers of p used 4.
The invariant extra is equal to 33.
Start computing 2^4 Delta^1 (x1x2x3x4)^1... Done.
Start computing 2^5 Delta^2 (x1x2x3x4)^1... Done.
Start computing 2^6 Delta^3 (x1x2x3x4)^1... Done.
Start computing 2^7 Delta^4 (x1x2x3x4)^1... Done.
Start computing 2^8 Delta^5 (x1x2x3x4)^1... Done.
Start computing 2^9 Delta^6 (x1x2x3x4)^1... Done.
Start computing 2^10 Delta^7 (x1x2x3x4)^1... Done.
Start computing 2^11 Delta^8 (x1x2x3x4)^1... Done.
Start computing 2^12 Delta^9 (x1x2x3x4)^1... Done.
Start computing 2^13 Delta^10 (x1x2x3x4)^1... Done.
Start computing 2^14 Delta^11 (x1x2x3x4)^1... Done.
Start computing 2^15 Delta^12 (x1x2x3x4)^1... Done.
Start computing 2^16 Delta^13 (x1x2x3x4)^1... Done.
Start computing 2^17 Delta^14 (x1x2x3x4)^1... Done.
Start computing 2^18 Delta^15 (x1x2x3x4)^1... Done.
Start computing 2^19 Delta^16 (x1x2x3x4)^1... Done.
Start computing 2^20 Delta^17 (x1x2x3x4)^1... Done.
Start computing 2^21 Delta^18 (x1x2x3x4)^1... Done.
Start computing 2^22 Delta^19 (x1x2x3x4)^1... Done.
Start computing 2^23 Delta^20 (x1x2x3x4)^1... Done.
Start computing 2^24 Delta^21 (x1x2x3x4)^1... Done.
Start computing 2^25 Delta^22 (x1x2x3x4)^1... Done.
Start computing 2^26 Delta^23 (x1x2x3x4)^1... Done.
Start computing 2^27 Delta^24 (x1x2x3x4)^1... Done.
Start computing 2^28 Delta^25 (x1x2x3x4)^1... Done.
Start computing 2^29 Delta^26 (x1x2x3x4)^1... Done.
Start computing 2^30 Delta^27 (x1x2x3x4)^1... Done.
Start computing 2^31 Delta^28 (x1x2x3x4)^1... Done.
Start computing 2^32 Delta^29 (x1x2x3x4)^1... Done.
Start computing 2^33 Delta^30 (x1x2x3x4)^1... Done.
Start computing 2^34 Delta^31 (x1x2x3x4)^1... Done.
Start computing 2^35 Delta^32 (x1x2x3x4)^1... Done.
Start computing 2^36 Delta^33 (x1x2x3x4)^1... Done.
Start computing 2^37 Delta^34 (x1x2x3x4)^1... Done.
Start computing 2^38 Delta^35 (x1x2x3x4)^1... Done.
Start computing aa.
1 2 3 4 5 6 7 8 9 10 11 12 13 14 15 16 17 18 
*/
A = \
[1169148297967841734 + 9280069710153470878*2^64 + 17856950915061337799*2^128 + 1582840258*2^192,9493820294414448944 + 9237059507707738602*2^64 + 1454868728649626963*2^128 + 4087485235*2^192,8561613891617729446 + 1480737874679508801*2^64 + 4956066442944098420*2^128 + 7014031337*2^192,15411014832180799970 + 14529438987140480997*2^64 + 18267504330814530141*2^128 + 1355433678*2^192,2882694164751698912 + 10724714873383332176*2^64 + 2950993311966329233*2^128 + 3199724075*2^192,7344479603768938336 + 4469051616437471629*2^64 + 13598877757258867062*2^128 + 2074879140*2^192,873308099179152168 + 17068331659078133462*2^64 + 7249088191723231298*2^128 + 133768367*2^192,183255200753082568 + 13784298202319460016*2^64 + 13292026087516804040*2^128 + 7627732701*2^192,3598606793717699784 + 6746666993024139649*2^64 + 5572079146158775204*2^128 + 6383383147*2^192,10780892446991895264 + 9206048664829377697*2^64 + 1699141671037121809*2^128 + 8375106187*2^192,16652162979018682568 + 7389512364711890299*2^64 + 7418677855861233747*2^128 + 7454214429*2^192,14182484931817858024 + 12267096547169094020*2^64 + 8892617809112953941*2^128 + 5522309452*2^192,12822616540387753912 + 15105835118425884546*2^64 + 766154070847250148*2^128 + 7912537470*2^192,10648244306666035144 + 10314175383043218682*2^64 + 17026017396040880841*2^128 + 4096740185*2^192,267973628950188448 + 5414334983291486275*2^64 + 13103519591556491373*2^128 + 873360677*2^192,12693093413670671328 + 8230555094299522231*2^64 + 9358359618218752144*2^128 + 3089100469*2^192,16785603166648549048 + 17832424590179284759*2^64 + 1878325673800166033*2^128 + 222817353*2^192,2404257092077915864 + 6989495639512240606*2^64 + 17671217850761855262*2^128 + 488075202*2^192;\
2535144030680364916 + 5318712339084681599*2^64 + 11958105963942238657*2^128 + 595485250*2^192,242591623185268000 + 9352889956107057317*2^64 + 15993912140433033442*2^128 + 3930268797*2^192,15966530083128841100 + 18399030619180869543*2^64 + 18178040654534527551*2^128 + 8228144034*2^192,12841887016672347724 + 4997088313190188966*2^64 + 13676132218830777201*2^128 + 7740366024*2^192,1636826370299676384 + 5838256991957694743*2^64 + 3758868889521973123*2^128 + 85444454*2^192,6620170458661218016 + 10956178386608278582*2^64 + 16849525573299098669*2^128 + 548112483*2^192,3686000211100389840 + 15643694705533914064*2^64 + 1543572075841160266*2^128 + 1144330212*2^192,4577882913759424880 + 857339575308933148*2^64 + 17134469353324523303*2^128 + 4132447586*2^192,11079970788619916784 + 563792034485732608*2^64 + 14527959029222111087*2^128 + 2041429916*2^192,2726206806541373952 + 12243086142358942835*2^64 + 7632907425805060525*2^128 + 6690105604*2^192,13582222266909749840 + 6693792630056117101*2^64 + 5748594760451548688*2^128 + 7693116407*2^192,3216537898071446736 + 2845625826421174518*2^64 + 15632114571673668377*2^128 + 1854206918*2^192,17622332496817966544 + 7576421457945483575*2^64 + 4910608944456281618*2^128 + 548145765*2^192,16517204813261720528 + 4108698441419353550*2^64 + 17129357854709746626*2^128 + 4267728795*2^192,3719687934129599904 + 8755613761154409813*2^64 + 7534535824519129199*2^128 + 4589351797*2^192,16005512016237025984 + 9066496187594359374*2^64 + 3059479506986238363*2^128 + 1292265970*2^192,6824062529248789872 + 7897788424114207993*2^64 + 17155584640789321925*2^128 + 4799219391*2^192,2037000691837146928 + 5043648840017853608*2^64 + 223687143462629805*2^128 + 1751580121*2^192;\
7980920429038357984 + 13649805270723033643*2^64 + 8821396287566637355*2^128 + 2202809271*2^192,16787458725973434232 + 1202671669158736256*2^64 + 1948018636324494084*2^128 + 3712209797*2^192,2753602470129466616 + 10115302774501767165*2^64 + 8005152637474977712*2^128 + 2949197698*2^192,11788722305375861984 + 18345610549748343235*2^64 + 141588377293420989*2^128 + 8030717881*2^192,2571949296072441648 + 10206678470106186407*2^64 + 984832599671858475*2^128 + 2446351014*2^192,2469376472685215584 + 11531052064504503644*2^64 + 11560375724062160132*2^128 + 1288060166*2^192,7197966131092153888 + 11372657011316292993*2^64 + 9285442417682530071*2^128 + 4389491125*2^192,16500941480243181280 + 5867294049551324862*2^64 + 6958507605185281734*2^128 + 1077412572*2^192,10724933656225745216 + 13540269571126584464*2^64 + 8060726912146448373*2^128 + 7996479530*2^192,17392883868555916160 + 5569798003466049604*2^64 + 9426146782075683997*2^128 + 5553973152*2^192,3539672442984713824 + 9750995639760551351*2^64 + 3966085021148425643*2^128 + 1827123824*2^192,3890736586635207296 + 14452697221695367024*2^64 + 14947233869230645888*2^128 + 1358275124*2^192,10464356799536286176 + 6726791233918183422*2^64 + 8096788226796830860*2^128 + 5055437273*2^192,10049398667160226752 + 14662555131516886750*2^64 + 1445026563262965123*2^128 + 1771363215*2^192,2691929192306981728 + 16331525861768849475*2^64 + 14571476527928054074*2^128 + 2259093244*2^192,15812203003819420544 + 2429841383976349042*2^64 + 18340999277597473638*2^128 + 4933632365*2^192,8610512179929635104 + 16886638062527056837*2^64 + 7339090911657354542*2^128 + 8413200700*2^192,275008932363799936 + 11463470649693129341*2^64 + 12498351015913088763*2^128 + 4247144985*2^192;\
11815676961093318742 + 16370815553335804492*2^64 + 12797600187999712103*2^128 + 1567968257*2^192,7432690443423226792 + 6622859328320352067*2^64 + 5302801129650981064*2^128 + 7615850249*2^192,2709894018291473814 + 14009195098199152617*2^64 + 16793997082421939848*2^128 + 203224901*2^192,5087121684314373138 + 16870939014969298289*2^64 + 7004717230925365949*2^128 + 4562906567*2^192,1895577131520778016 + 718844505341980442*2^64 + 5235186431954360283*2^128 + 3537421390*2^192,4371233148285380160 + 548155747896844058*2^64 + 14678790424069158155*2^128 + 6348867302*2^192,17593512595242228072 + 17637444549117139733*2^64 + 18420635893085546826*2^128 + 8420899344*2^192,15523208444257411880 + 4244387061452724065*2^64 + 7060847274938891775*2^128 + 2576466329*2^192,13749261428248066184 + 131964745264890938*2^64 + 8879115044098909520*2^128 + 5363772737*2^192,15124397090341278848 + 3360081604572853077*2^64 + 10200269984005477946*2^128 + 7592360144*2^192,17861444893818757384 + 5829390251699718548*2^64 + 8137238633207835729*2^128 + 5782533453*2^192,5849297515581361608 + 8980163089862263936*2^64 + 17633539528354261550*2^128 + 1308141573*2^192,4314411833601667416 + 3343590557242910293*2^64 + 16515387188572903303*2^128 + 4492966049*2^192,2281226235568495176 + 1094944411893744496*2^64 + 6620807334215724423*2^128 + 411310280*2^192,12693526891321483776 + 2346385708360291081*2^64 + 17651866278351031946*2^128 + 4208489268*2^192,2333857757629295136 + 17544236517968116199*2^64 + 11356381141545450466*2^128 + 5094786716*2^192,11052429664204713720 + 1577071039796367584*2^64 + 4127771784173188250*2^128 + 335341781*2^192,5250950353393727256 + 17379002293951553252*2^64 + 2814997335986093219*2^128 + 5791340655*2^192;\
1552887861812415298 + 15683359069773892015*2^64 + 8478817793819670621*2^128 + 3893132292*2^192,17471131913443851264 + 16329431495885085411*2^64 + 10650123613779533341*2^128 + 4405298516*2^192,18440555605651055218 + 18295018286499211699*2^64 + 13673385653814297717*2^128 + 2631264363*2^192,2307160289422315214 + 12673908846938736178*2^64 + 5609198416257697830*2^128 + 8316399410*2^192,6248387875585443416 + 13527317850144332548*2^64 + 7163963789437056734*2^128 + 5411047216*2^192,7949428292744610688 + 8789315170503788626*2^64 + 7352866684755718229*2^128 + 4798146532*2^192,13280336737279895736 + 8476711117737149950*2^64 + 7979752019973320766*2^128 + 1501651845*2^192,2983794859058929048 + 4211212076056621588*2^64 + 15097974300861075601*2^128 + 7374242611*2^192,17034261946013754936 + 6369221961230858730*2^64 + 1192723056478837173*2^128 + 3592560279*2^192,12334992687460196416 + 7939221688842254981*2^64 + 11256724196134768391*2^128 + 947951273*2^192,470449271184863384 + 6272325594154534946*2^64 + 734551703083651866*2^128 + 3503115834*2^192,4840998624724819128 + 7632120993216278510*2^64 + 17663542696804453881*2^128 + 5394136934*2^192,14369656445310425352 + 1939852921901704039*2^64 + 1023507844305828199*2^128 + 6806113565*2^192,14319543991173321272 + 9301896785052379943*2^64 + 15482027296876955511*2^128 + 871425310*2^192,5339913815548462880 + 1052882712306033400*2^64 + 13612081336527746592*2^128 + 1433340447*2^192,794563598475927552 + 11329217227613526290*2^64 + 5228306701781601332*2^128 + 2576581231*2^192,15592887228885501480 + 3587782361215574989*2^64 + 7370760940362110071*2^128 + 1495035819*2^192,5206584171230311752 + 17584263031795499724*2^64 + 10014386243107596042*2^128 + 3198500776*2^192;\
3103943219048865896 + 743806547352199283*2^64 + 2267116056465141402*2^128 + 2532822803*2^192,10733822862524014484 + 9916819183335966179*2^64 + 14842726954279151526*2^128 + 2237005120*2^192,12437419528378198344 + 3280591099813540389*2^64 + 18006560332036523123*2^128 + 1744760687*2^192,9266901225110098984 + 14289151620924312162*2^64 + 11991836937799839430*2^128 + 175685468*2^192,2313732020899913736 + 11323884597411623533*2^64 + 2736858220671584352*2^128 + 3911315258*2^192,2725770899629776560 + 5287230299177937230*2^64 + 17017206629428665591*2^128 + 1863183521*2^192,2482366553818359824 + 17408450961044114760*2^64 + 12646154390266616941*2^128 + 2696428421*2^192,2561070276605442976 + 17241622621902554295*2^64 + 5338784542989629304*2^128 + 1685275596*2^192,15977504910681450560 + 16532591893659563774*2^64 + 11232430020449768570*2^128 + 2069506970*2^192,14248453846944989968 + 14808973205569078236*2^64 + 7607521031819638953*2^128 + 3104631549*2^192,13237737412721813008 + 5623184757572691375*2^64 + 18006628705419435506*2^128 + 1340956470*2^192,10851055311832888480 + 8968704736595379362*2^64 + 4295728277673517247*2^128 + 4021386522*2^192,18039832561844654576 + 2448764517578855145*2^64 + 8501059889155086436*2^128 + 1211517578*2^192,11366109391148714672 + 2015090847056720551*2^64 + 1391895997942800521*2^128 + 3010127201*2^192,2874458002550780512 + 12405003873277999340*2^64 + 4942724512402239987*2^128 + 2177056531*2^192,5626608116205340608 + 10516664243393972785*2^64 + 7581939810728198200*2^128 + 698057309*2^192,676037891453030080 + 15034733373680171910*2^64 + 10219783937580843886*2^128 + 3099672765*2^192,12274284311134522608 + 4083525081358111181*2^64 + 10802550202914305585*2^128 + 2452749461*2^192;\
18204336120177739754 + 17643188580168410649*2^64 + 5909383655607900083*2^128 + 3230041861*2^192,3526481662926030628 + 8120101287139064249*2^64 + 5623809623475276751*2^128 + 8280113055*2^192,11771521127206005854 + 16996363292215910457*2^64 + 1466980658455655795*2^128 + 5305515743*2^192,11511851943321040582 + 280684292662636733*2^64 + 1451572062241572460*2^128 + 4377106126*2^192,77847101919354424 + 6493469669380851636*2^64 + 2265173281753157446*2^128 + 4183211398*2^192,17252619080453145896 + 9629064650434875329*2^64 + 5328385177299403362*2^128 + 4713111479*2^192,3010054919393904296 + 9675066307501957998*2^64 + 12212653468012240857*2^128 + 314344974*2^192,11474908741363250344 + 7234153483341947596*2^64 + 12787397220371773922*2^128 + 6343237009*2^192,5429409494774991288 + 15574472686556094992*2^64 + 14485080359457015752*2^128 + 1398171053*2^192,3021238568066900384 + 11908724366123156517*2^64 + 13299871883048261796*2^128 + 6846186970*2^192,13754175421964459528 + 7345548084447994566*2^64 + 2378318322389192161*2^128 + 3215341887*2^192,4555831118321785816 + 1383412763189665921*2^64 + 14113571090610035248*2^128 + 2687448246*2^192,7045960791621862168 + 5609962472877446477*2^64 + 5456200968840599062*2^128 + 2425492781*2^192,9870421110261478088 + 6016764772292615955*2^64 + 11097976387789033786*2^128 + 8383794976*2^192,5580758589811955744 + 680570507276855634*2^64 + 4993570735150326566*2^128 + 5583281215*2^192,15761932413561382416 + 11395149752451275496*2^64 + 14606559549056646986*2^128 + 3810972357*2^192,16416789983413355320 + 15016079059987563449*2^64 + 13765864154028184956*2^128 + 4331548891*2^192,4259876483221539096 + 314902555582633299*2^64 + 16945911818420448636*2^128 + 927462351*2^192;\
11651869209791545942 + 1015589430861262975*2^64 + 13295105258783125284*2^128 + 4950954154*2^192,11983147302122776506 + 7166905800420433231*2^64 + 5941389009477754499*2^128 + 1536858194*2^192,15739314551291201582 + 14331969995428574198*2^64 + 16400362894725980021*2^128 + 1957469818*2^192,11693245922637052126 + 7133776956650982763*2^64 + 10967423743327208533*2^128 + 2478754902*2^192,13864221468083090544 + 9215858153162733212*2^64 + 6971725089088653080*2^128 + 6836592181*2^192,5467799636024398752 + 11300255244166259248*2^64 + 8327429597776413476*2^128 + 4570735128*2^192,7105704987646010624 + 10091529462659487677*2^64 + 545800082395093662*2^128 + 4942402697*2^192,12644251029829275656 + 6434389006572577679*2^64 + 4649437896691299020*2^128 + 5820957762*2^192,5034242308292042456 + 6694681027526274264*2^64 + 15238948101304282895*2^128 + 6086335247*2^192,3962858960551866936 + 3371322713733777835*2^64 + 7587009532249532472*2^128 + 1104014545*2^192,14226326132829012096 + 13938882176109597720*2^64 + 17801783789827817827*2^128 + 1551518039*2^192,13898096628461419032 + 7813295079833170939*2^64 + 11530523887106502010*2^128 + 6356902632*2^192,6358183162535524112 + 2962920981464021663*2^64 + 8042745485443948793*2^128 + 5512262719*2^192,17692016712431033496 + 17313562653417594802*2^64 + 17253893523033032358*2^128 + 1712105979*2^192,14814100029623122304 + 16497588854837115539*2^64 + 13659861013714348659*2^128 + 6506478788*2^192,914754302612954720 + 3709481851024253493*2^64 + 2688526505438456759*2^128 + 5530942761*2^192,11316391588850362808 + 16230003635228161379*2^64 + 6692644486294056799*2^128 + 139303143*2^192,3251423890798831104 + 10182396908976041662*2^64 + 7167696286480042907*2^128 + 6584536939*2^192;\
10252964500418102488 + 12108673060176791667*2^64 + 7831364923174532247*2^128 + 2705298697*2^192,14157222360807237335 + 13986316395893060551*2^64 + 5609685765944642215*2^128 + 1337896295*2^192,1997626995646153264 + 14581381319896902561*2^64 + 12835723083109227547*2^128 + 1588106881*2^192,16833984697366886212 + 7792188668156807560*2^64 + 16602476344046704535*2^128 + 2057159515*2^192,6069121726711935518 + 4835012099138743799*2^64 + 6583490434861708972*2^128 + 2389412966*2^192,1206159624973292336 + 17616902058338768337*2^64 + 7586461869961505116*2^128 + 8190618406*2^192,238376840305966188 + 8649607285941822418*2^64 + 14240700736658536568*2^128 + 7219978505*2^192,929782878970516040 + 7666380968188451944*2^64 + 8703472815030657793*2^128 + 5424977121*2^192,17073828906013196552 + 15718048506221922743*2^64 + 4862580776001402015*2^128 + 2669918949*2^192,4162533379346897684 + 11523018135771575170*2^64 + 9886122935355234022*2^128 + 5096236395*2^192,8800885530344576444 + 12330122506431615831*2^64 + 2299783397955013443*2^128 + 8413255078*2^192,2312788477781053808 + 5345220339892842563*2^64 + 7329288738040080744*2^128 + 515467951*2^192,17754944365281681428 + 9605038126382826373*2^64 + 15185980862374502476*2^128 + 5533884631*2^192,2029516943080698352 + 10679379761420489067*2^64 + 17979862188535541901*2^128 + 4310456305*2^192,16072270663546234168 + 14284032279634547669*2^64 + 6014489176408977659*2^128 + 1334356745*2^192,4646067236675788704 + 10603156407808964665*2^64 + 10178922453100540670*2^128 + 183976011*2^192,5681936991032223808 + 16916714402762162667*2^64 + 17855293114170403294*2^128 + 6122567677*2^192,7781149628970611540 + 16737662503730476818*2^64 + 14108817920991859910*2^128 + 1621015314*2^192;\
13722515032888270353 + 14483238933479019193*2^64 + 17957521531657608234*2^128 + 3791134041*2^192,1619785916523020904 + 1512902073011961691*2^64 + 3267819394008886664*2^128 + 1896962598*2^192,2314204958105271813 + 7337176894046777648*2^64 + 15011766687433447733*2^128 + 6846009552*2^192,17026889229029747807 + 5509037556322885647*2^64 + 6169227739849950020*2^128 + 5643203601*2^192,695342248401989116 + 995635657192499206*2^64 + 7870962321180290715*2^128 + 6975443715*2^192,17617387066900002064 + 5711965041047016885*2^64 + 11870978573855004003*2^128 + 7572952333*2^192,14096676488258220188 + 362469292031561922*2^64 + 8557519565386522871*2^128 + 8332405184*2^192,2979019563267376812 + 11403947372836150387*2^64 + 4554050607167709543*2^128 + 2112277796*2^192,8296960398427587900 + 2530267831788419716*2^64 + 16450652214710446911*2^128 + 764748111*2^192,18112706106089525088 + 7684297907202556262*2^64 + 17620366363273831664*2^128 + 3307349876*2^192,15175647965680712844 + 1197586092991327005*2^64 + 16648733924121711658*2^128 + 1903052012*2^192,1740115832499404396 + 4449998709156342653*2^64 + 8510963012752227390*2^128 + 2498354244*2^192,9377993518883795188 + 9922098157980971348*2^64 + 2803790108888324010*2^128 + 1837599161*2^192,2248715973788095740 + 8238578654884158560*2^64 + 17221544971261141794*2^128 + 2395287850*2^192,7568667767687262272 + 16760248551899559994*2^64 + 3992780701169909639*2^128 + 7349337890*2^192,1409698542848114912 + 11667247193075042517*2^64 + 11472524414328092818*2^128 + 5521674147*2^192,8086748353749164132 + 6335984735242270434*2^64 + 2600983619244576906*2^128 + 1120241619*2^192,5644160911147244340 + 16427830016385171570*2^64 + 10945352783359275068*2^128 + 3726087004*2^192;\
14673175542912735475 + 2799724523817475241*2^64 + 17943738845851859183*2^128 + 7128934281*2^192,16317103502841164637 + 2992862735923053225*2^64 + 650447059936359739*2^128 + 526789491*2^192,5604354428089568483 + 1637057895458986196*2^64 + 3274570028513267443*2^128 + 4473745928*2^192,17553869441944688909 + 14126129739474693808*2^64 + 17460926777473382382*2^128 + 147434524*2^192,1784213157077453090 + 6358855115801580709*2^64 + 8748138857848565189*2^128 + 4390010797*2^192,2929972533021218760 + 4265665104834506010*2^64 + 15724046632193054313*2^128 + 5000511228*2^192,6522449334633729848 + 11038742424567559702*2^64 + 17901452611273515904*2^128 + 5060003801*2^192,1893156039729161964 + 3214693301668670230*2^64 + 2836369271223425833*2^128 + 6926376643*2^192,14531495689793273436 + 11282949287041247563*2^64 + 11754417619923236641*2^128 + 2612899994*2^192,2359199829989534732 + 10857666448490336736*2^64 + 3075366496239488565*2^128 + 5219551439*2^192,17902774174858385112 + 2095662005356164421*2^64 + 7079166978616195490*2^128 + 7377250726*2^192,15265358835662826276 + 13436671142408686839*2^64 + 10952036830634443451*2^128 + 4808982684*2^192,3734314713281534808 + 7629069313283130411*2^64 + 1919442498347030714*2^128 + 5795856599*2^192,15079952199541081780 + 14131559340153870678*2^64 + 13937692017903853720*2^128 + 814174747*2^192,3463145995528245112 + 8007665452048783067*2^64 + 6813353018628683299*2^128 + 3985083055*2^192,12239779097631071248 + 3067999449714738801*2^64 + 8370033466147950420*2^128 + 387879475*2^192,16516870449384864284 + 15838628158375493994*2^64 + 15953316826270545999*2^128 + 3604817445*2^192,299723903167192456 + 12006813922039917372*2^64 + 17484044188646140862*2^128 + 2213205530*2^192;\
8068542103295422029 + 9005094901098755331*2^64 + 14193923591598793869*2^128 + 4447775943*2^192,4613927420099433047 + 8331392995123194903*2^64 + 7614740159558577777*2^128 + 3938821970*2^192,1304633604354017265 + 8936271753305845884*2^64 + 6373648323979310010*2^128 + 2021595671*2^192,18121206123233439299 + 7303797597082350319*2^64 + 12131765697590605732*2^128 + 3294566791*2^192,9529716061084367222 + 9048789962578719942*2^64 + 18131247424664807865*2^128 + 6414907148*2^192,14081461241851624368 + 17520536854336608578*2^64 + 9816468235159823832*2^128 + 5790465334*2^192,11274587004434426792 + 2779341124448793868*2^64 + 499881359812802844*2^128 + 2523355824*2^192,827565640559284196 + 10501266923666055585*2^64 + 13041006976072700594*2^128 + 4081736919*2^192,5448404393385297364 + 1535292198524003319*2^64 + 16169980640653071433*2^128 + 2805606240*2^192,16018244203824080852 + 5886624988238421318*2^64 + 14381093804996888589*2^128 + 4488424204*2^192,7023320678034908360 + 10132630036209420660*2^64 + 15286006459733859519*2^128 + 570226884*2^192,7456596313226544060 + 7984315966576051786*2^64 + 3855685991866412155*2^128 + 7607151391*2^192,17341598866892512536 + 14095157548171642485*2^64 + 14752710532818016476*2^128 + 8189551158*2^192,10821151045848278588 + 1229248820854384463*2^64 + 4537148047102311894*2^128 + 124486509*2^192,3834965654549393736 + 16257683735944508954*2^64 + 8425761961591751898*2^128 + 6790647120*2^192,17434231625720138032 + 16490819461488734243*2^64 + 12826863637511756051*2^128 + 5308670333*2^192,7115445273702580180 + 2868086645756804257*2^64 + 161288684603431820*2^128 + 1486876895*2^192,1794620872782347720 + 9694589235554599865*2^64 + 17552812190166243363*2^128 + 7104315115*2^192;\
6285670744317425809 + 9034712050481462822*2^64 + 13074748012377660484*2^128 + 3090212735*2^192,12564612546156055789 + 17981023825008189044*2^64 + 4065857644520630590*2^128 + 7234551958*2^192,10594210357316448625 + 11789031953229574223*2^64 + 5003627935399210418*2^128 + 7578252629*2^192,7377693774181406507 + 13383522088948347133*2^64 + 10491266467024117698*2^128 + 1389224968*2^192,10471942526761962918 + 15155962710217569193*2^64 + 4824214298316184227*2^128 + 1841519075*2^192,2206593413718616592 + 11202869482159621193*2^64 + 7155698455482134247*2^128 + 2481769352*2^192,16016881134744791424 + 17026660006471988916*2^64 + 9435123110398348294*2^128 + 1148964530*2^192,1601133375591891652 + 12657736282686412249*2^64 + 6523194562611676224*2^128 + 455134426*2^192,7158446250802553796 + 3540022392970161183*2^64 + 11866148105357038617*2^128 + 5123811026*2^192,16103352971833785548 + 13594401644076589686*2^64 + 11392469039738235233*2^128 + 7430662385*2^192,6821629717924032000 + 12613022688054068171*2^64 + 17561682878108941928*2^128 + 4875119132*2^192,17515749489867140012 + 15351357716233537140*2^64 + 298812155349440576*2^128 + 1172071499*2^192,8591218266689109744 + 3958758536695079295*2^64 + 16171566753721219285*2^128 + 1421936175*2^192,17545318416620098076 + 2973436792077411181*2^64 + 3951508925001863752*2^128 + 4942793316*2^192,3145663413297453880 + 5957457705159681343*2^64 + 15109673686543413381*2^128 + 3631321615*2^192,15583825689028882896 + 14723557771307975723*2^64 + 1326657274883078623*2^128 + 4686379752*2^192,16323695268030737492 + 10999758973448395197*2^64 + 3111272810004021511*2^128 + 6382622600*2^192,17975570635372708032 + 16241745511251295035*2^64 + 14738191649780128394*2^128 + 2442352906*2^192;\
15116860804448673728 + 10257915942357514199*2^64 + 14815217809351045042*2^128 + 2710459273*2^192,17152748329643966176 + 4489605790935420520*2^64 + 4787943458786511824*2^128 + 1880804909*2^192,14396066912536924224 + 8796253880299482500*2^64 + 12507306093844269376*2^128 + 3810733366*2^192,17516898199930073648 + 4436805075313361205*2^64 + 5563773878045228615*2^128 + 186496004*2^192,3036815362785422160 + 10095625634231624801*2^64 + 5227127162241462908*2^128 + 3871678155*2^192,5677538323901180800 + 8415475040380130065*2^64 + 4325576185865736924*2^128 + 585799385*2^192,1077226896659097152 + 3093115827124156137*2^64 + 11143277994127520788*2^128 + 2975641580*2^192,5407794556309359232 + 8467118425420523768*2^64 + 14088293066080476217*2^128 + 1460532437*2^192,8440161049358121344 + 9641533142731363281*2^64 + 10528023875232980718*2^128 + 3103964223*2^192,7816473728790561024 + 2839005382419249647*2^64 + 18117979538848146023*2^128 + 3626273901*2^192,9030999048848449088 + 2941987158856580395*2^64 + 8676565218863674948*2^128 + 3710092502*2^192,2533902014642009408 + 11326758559338696430*2^64 + 2450929748218717583*2^128 + 1106932670*2^192,3052896346016295680 + 784899571800144160*2^64 + 10680327273021852632*2^128 + 2684085039*2^192,4186139994625555936 + 14205150008823378213*2^64 + 13055070908368100478*2^128 + 3828896887*2^192,1227848768669066304 + 15005875995766953351*2^64 + 13722940756942725171*2^128 + 2746361697*2^192,805843064109161472 + 3409739340152998309*2^64 + 10732340856234149290*2^128 + 3145006795*2^192,3409193039828762624 + 16052701630154256122*2^64 + 10033243677389582561*2^128 + 697860267*2^192,14593522251101155264 + 5872572648660936159*2^64 + 3008620336421349734*2^128 + 3317147417*2^192;\
28851072808635648 + 7880193849579715835*2^64 + 9544388586158963160*2^128 + 66238337*2^192,11124425718985564544 + 11014769224215362790*2^64 + 4926960170103724736*2^128 + 1922614446*2^192,8129786270031991680 + 12426210623433457120*2^64 + 5033476401637082681*2^128 + 1386458337*2^192,12823615876415749880 + 7423081894496576358*2^64 + 1370619881397418202*2^128 + 265826629*2^192,1043254129437311624 + 14929004651018892058*2^64 + 14255469731235716709*2^128 + 343766702*2^192,11721146806553724800 + 11193739748247416428*2^64 + 8533095648214412117*2^128 + 1690550841*2^192,10822632296483366176 + 1221704285502749784*2^64 + 4693238730861273378*2^128 + 1455353002*2^192,18047667223541008704 + 15375904505692533545*2^64 + 3810013307424167558*2^128 + 1560048838*2^192,15463159680801134720 + 17526494947128399420*2^64 + 7595731915753223148*2^128 + 1708637291*2^192,16965825787232509056 + 14325227214226267497*2^64 + 4713452249476853259*2^128 + 2511878458*2^192,6608466799604434464 + 8376298448260817507*2^64 + 4706010635196169745*2^128 + 2681454967*2^192,1350508033741386592 + 15562133722043717794*2^64 + 15476445035595877486*2^128 + 1754656345*2^192,16946848982324103360 + 15207116214244465144*2^64 + 14225213600930723550*2^128 + 3364005670*2^192,2326307551515059840 + 5934291482479012904*2^64 + 2272649359569038484*2^128 + 2051317942*2^192,8767463686204624448 + 1222765871177813200*2^64 + 16875535908092020824*2^128 + 759019228*2^192,5351006196015166688 + 13004619619399537337*2^64 + 1838341162297969854*2^128 + 491881928*2^192,3892851118148636160 + 2641007937522097880*2^64 + 12301119654004245789*2^128 + 4122922009*2^192,2186354450603606304 + 16519823659563615637*2^64 + 317662731168507228*2^128 + 2145183429*2^192;\
7017805679060372630 + 9734590548447029339*2^64 + 909354609562076919*2^128 + 6949865668*2^192,3185660028567446298 + 3982252815410562629*2^64 + 5513363913923177040*2^128 + 3737669591*2^192,4214445768377627822 + 8604337595795334265*2^64 + 4784147168498597288*2^128 + 7420386498*2^192,13210045872047358990 + 12809337050602773566*2^64 + 12224969973321065864*2^128 + 6561358345*2^192,14444793487413136000 + 12989481835732682812*2^64 + 6548076470427861449*2^128 + 1062737998*2^192,13755291564831733152 + 7515532333421044973*2^64 + 2526315025991055909*2^128 + 6828807852*2^192,12018112263336650496 + 13816524239539260647*2^64 + 7562040066787546167*2^128 + 1290651690*2^192,2159389501353448456 + 14445351397573282008*2^64 + 17486916593828260874*2^128 + 4605160725*2^192,5716982697366402584 + 16980300788971619228*2^64 + 4918888928975909094*2^128 + 6227477970*2^192,14926623669092060536 + 14855065212411237787*2^64 + 10430954892448904302*2^128 + 1237595885*2^192,5429648523287535232 + 5913991873194133299*2^64 + 7979039887383700534*2^128 + 7588868517*2^192,15970490547497370136 + 4263340452159395017*2^64 + 7898909456452175995*2^128 + 2887367371*2^192,10684182577196536720 + 2458157758330482072*2^64 + 777005740833971096*2^128 + 7275204004*2^192,2392565783958108024 + 708463551349836927*2^64 + 12974774656548421343*2^128 + 2541358755*2^192,677562007106785312 + 17775874313873443706*2^64 + 277389225555666458*2^128 + 4448925282*2^192,712019240036889344 + 177709425511762268*2^64 + 4530617796200533184*2^128 + 675686738*2^192,5229837300898768696 + 11827494492879642874*2^64 + 9197913825679117421*2^128 + 6893585560*2^192,8634479266683172672 + 6925990803593549562*2^64 + 9628199936459644455*2^128 + 5649515369*2^192;\
11074098908318770140 + 15359198499349739104*2^64 + 15364767622804177803*2^128 + 7849394819*2^192,3298055977336553826 + 2229974771570923118*2^64 + 6515594493305197719*2^128 + 6067735843*2^192,8508063325530595100 + 3745688078241021611*2^64 + 6491417432680162862*2^128 + 4834771428*2^192,5125706876906419328 + 5557095374841167936*2^64 + 17434243128109898048*2^128 + 7394623837*2^192,17650164000080776256 + 9876514333946543966*2^64 + 13857536260458185986*2^128 + 2837909832*2^192,5662663994896950048 + 8572761115386427828*2^64 + 1478266681133234038*2^128 + 2612300453*2^192,10490009618045408744 + 14873774418231409837*2^64 + 17317820356489813617*2^128 + 7502553781*2^192,14528252608811731248 + 6174486900470158861*2^64 + 12676713421844725588*2^128 + 2440765373*2^192,10847468442111006976 + 8130503515253607476*2^64 + 8153255760351894230*2^128 + 6420662089*2^192,790498487998138520 + 16294160983078674857*2^64 + 17636627128876222017*2^128 + 1222830658*2^192,16547818715469929992 + 13889016785792102966*2^64 + 2238043499101320916*2^128 + 8455882151*2^192,12553190875028459648 + 2542165808687912172*2^64 + 15825850840923492430*2^128 + 4093866033*2^192,377676178284132520 + 17723241891990916498*2^64 + 17400182490035504964*2^128 + 5586262601*2^192,9074146242491676384 + 7950409518418114449*2^64 + 7170804790679105632*2^128 + 1391857616*2^192,4128785311902112576 + 456788351375817398*2^64 + 15719076544877609389*2^128 + 1610109186*2^192,10041965426528804832 + 15691816350877639049*2^64 + 17891183325311223897*2^128 + 7370601070*2^192,7777818516552309424 + 12030079955612708068*2^64 + 9182790255255972487*2^128 + 881002406*2^192,17324948665029078456 + 4065304135382126174*2^64 + 6427255852015201975*2^128 + 622324031*2^192;\
16143090891856233163 + 174965465209921159*2^64 + 4982820829911468449*2^128 + 8299836889*2^192,15905628534953048292 + 10026719595923482414*2^64 + 12779804559533251150*2^128 + 5296408834*2^192,12944381584547081391 + 1230361730804578135*2^64 + 7953175426279484580*2^128 + 4738533*2^192,11676829176238990433 + 12568241945920281562*2^64 + 8797097759808513005*2^128 + 3660785896*2^192,10186122672210324208 + 74369099742160302*2^64 + 4158954837956028737*2^128 + 5159682422*2^192,8362670218230426480 + 2181324158650967147*2^64 + 2228344368144709952*2^128 + 4336268788*2^192,6922455615913781172 + 1757040031212658120*2^64 + 18309392768103996182*2^128 + 5534564631*2^192,1415102850267988308 + 7911912948556486294*2^64 + 4994114613455605303*2^128 + 1160945112*2^192,10816521297383275924 + 5048855349217089074*2^64 + 16671494347343800485*2^128 + 3209728000*2^192,5011125528988104048 + 16640938081391859811*2^64 + 3254575029273663355*2^128 + 6009688086*2^192,13044486292412346372 + 11429654255173593714*2^64 + 17305363134572857292*2^128 + 7163427753*2^192,9513598311577665396 + 4638610361101328612*2^64 + 9278804083852751815*2^128 + 2716685806*2^192,16137991277936047212 + 14467557073391005378*2^64 + 4510150925180797562*2^128 + 5292467049*2^192,6504964491711716388 + 262596502104587446*2^64 + 13078243403822205783*2^128 + 6275865171*2^192,6287419143612423632 + 6142531116236751366*2^64 + 8656103677029781966*2^128 + 3039158084*2^192,14677409722365280576 + 9809773012406711668*2^64 + 8231118754514496551*2^128 + 8304133497*2^192,9047815601588560236 + 16706790078634074844*2^64 + 13572131439802036317*2^128 + 3595926100*2^192,9996414227627727004 + 6670087017242006399*2^64 + 9824440283921356056*2^128 + 292547206*2^192]
/* 
This matrix times 2^(-3) should be the matrix of frobenius.
*/ 
B = 2^(-3) * A; 
/* Freed 5101 lists. */
The sign is: 1
The characteristic polynomial is: x^18 - 3*x^14 - 24*x^13 - 26*x^12 + 64*x^11 - 48*x^10 + 336*x^9 - 192*x^8 + 1024*x^7 - 1664*x^6 - 6144*x^5 - 3072*x^4 + 262144
Its Newton polygon is: [2, 2, 2, 2, 3/2, 3/2, 1, 1, 1, 1, 1, 1, 1/2, 1/2, 0, 0, 0, 0]
Its factorization is: Mat([x^18 - 3*x^14 - 24*x^13 - 26*x^12 + 64*x^11 - 48*x^10 + 336*x^9 - 192*x^8 + 1024*x^7 - 1664*x^6 - 6144*x^5 - 3072*x^4 + 262144, 1])
The valuation of f-g is: 26
The valuation of subst(g,x,A) is: 23
