/* Comments begin... 
No set up needed.

Please input coefficients below.
Coefficient of   x^19                     = Coefficient of   x^6 * y^4 * z^1 * w^2   = Coefficient of   x^5 * y^1 * z^3 * w^2   = Coefficient of   x^3 * y^9 * z^1 * w^1   = Coefficient of   x^2 * y^6 * z^3 * w^1   = Coefficient of   x^1 * y^3 * z^5 * w^1   = Coefficient of   y^14 * z^1               = Coefficient of   y^1 * w^6               = Coefficient of   z^7 * w^1               = 
Here is the polynomial we're using this time:

1 + 0*2^64 + 0*2^128 + 0*2^192*x^19 + 1 + 0*2^64 + 0*2^128 + 0*2^192*x^6*y^4*z^1*w^2 + 1 + 0*2^64 + 0*2^128 + 0*2^192*x^3*y^9*z^1*w^1 + 1 + 0*2^64 + 0*2^128 + 0*2^192*x^2*y^6*z^3*w^1 + 1 + 0*2^64 + 0*2^128 + 0*2^192*y^14*z^1 + 1 + 0*2^64 + 0*2^128 + 0*2^192*y^1*w^6 + 1 + 0*2^64 + 0*2^128 + 0*2^192*z^7*w^1


Allocate G_len 20 elements and old = 0.
Allocate M_len = 400 elements.
Allocate G_len 40 elements and old = 20.
Allocate M_len = 800 elements.
Allocate G_len 80 elements and old = 40.
Allocate M_len = 1600 elements.
Allocate M_len = 3200 elements.
Allocate G_len 160 elements and old = 80.
Allocate M_len = 6400 elements.
Allocate M_len = 12800 elements.
Allocate G_len 320 elements and old = 160.
Allocate M_len = 25600 elements.
Allocate M_len = 51200 elements.
Allocate G_len 640 elements and old = 320.
Allocate M_len = 102400 elements.
Allocate M_len = 204800 elements.
Allocate G_len 1280 elements and old = 640.
Allocate M_len = 409600 elements.
The final length of G is 707
[6, 4, 0, 2, 0]  	518	5 
[18, 0, 0, 0, 0]  	558	4  <--- 1
[3, 9, 1, 1, 0]  	589	4 
[2, 6, 3, 1, 0]  	589	3 
[3, 14, 1, 0, 0]  	682	6 
[1, 4, 0, 6, 0]  	731	5 
[3, 1, 0, 7, 0]  	774	5 
[4, 0, 7, 2, 0]  	805	6 
[15, 9, 1, 0, 0]  	869	7 
[3, 3, 7, 2, 0]  	885	5 
[6, 3, 7, 1, 0]  	886	9 
[15, 9, 0, 1, 0]  	890	7 
[15, 8, 1, 1, 0]  	924	13 
[12, 13, 1, 0, 0]  	924	13 
[17, 6, 3, 0, 0]  	962	8 
[2, 19, 3, 0, 0]  	978	3 
[12, 0, 6, 2, 0]  	982	10 
[17, 6, 2, 1, 0]  	983	8 
[2, 3, 9, 2, 0]  	996	6 
[5, 3, 9, 1, 0]  	997	9 
[2, 16, 5, 0, 0]  	1009	8 
[16, 14, 0, 0, 0]  	1014	8 
[12, 0, 0, 7, 0]  	1016	14 
[15, 0, 0, 6, 0]  	1017	13 
[2, 1, 4, 7, 0]  	1027	7 
[5, 1, 4, 6, 0]  	1028	12 
[3, 3, 4, 6, 0]  	1040	9 
[3, 4, 10, 1, 0]  	1043	9 
[2, 5, 10, 1, 0]  	1049	6 
[14, 11, 3, 0, 0]  	1054	12 
[15, 16, 0, 0, 0]  	1057	14 
[3, 0, 11, 2, 0]  	1058	7 
[13, 3, 0, 6, 0]  	1066	13 
[16, 6, 5, 0, 0]  	1073	13 
[2, 15, 0, 5, 0]  	1077	8 
[2, 3, 5, 6, 0]  	1080	8 
[2, 4, 11, 1, 0]  	1083	8 
[16, 0, 7, 1, 0]  	1085	7 
[14, 8, 5, 0, 0]  	1085	13 
[4, 14, 0, 5, 0]  	1102	9 
[4, 13, 7, 0, 0]  	1102	9 
[4, 0, 6, 6, 0]  	1102	10 
[16, 3, 7, 0, 0]  	1104	10 
[4, 3, 11, 1, 0]  	1108	10 
[10, 12, 5, 0, 0]  	1109	14 
[2, 3, 12, 1, 0]  	1117	8 
[1, 17, 0, 5, 0]  	1120	8 
[6, 12, 7, 0, 0]  	1127	9 
[15, 2, 7, 1, 0]  	1128	14 
[9, 23, 0, 0, 0]  	1130	11 
[2, 27, 1, 0, 0]  	1132	7 
[4, 12, 8, 0, 0]  	1136	9 
[4, 0, 0, 11, 0]  	1136	10 
[1, 28, 1, 0, 0]  	1138	7 
[10, 9, 7, 0, 0]  	1140	13 
[3, 13, 8, 0, 0]  	1142	9 
[3, 2, 6, 6, 0]  	1145	9 
[9, 10, 7, 0, 0]  	1146	13 
[3, 0, 6, 7, 0]  	1163	7 
[13, 11, 5, 0, 0]  	1165	13 
[12, 8, 7, 0, 0]  	1165	13 
[2, 26, 2, 0, 0]  	1166	7 
[5, 0, 13, 1, 0]  	1170	10 
[4, 11, 9, 0, 0]  	1170	10 
[1, 27, 2, 0, 0]  	1172	7 
[3, 12, 9, 0, 0]  	1176	10 
[9, 7, 9, 0, 0]  	1177	12 
[0, 28, 2, 0, 0]  	1178	5 
[3, 2, 13, 1, 0]  	1182	8 
[2, 14, 2, 5, 0]  	1182	8 
[2, 13, 9, 0, 0]  	1182	8 
[6, 10, 9, 0, 0]  	1195	11 
[4, 5, 6, 5, 0]  	1195	10 
[10, 0, 6, 5, 0]  	1196	9 
[3, 0, 0, 12, 0]  	1197	7 
[11, 6, 9, 0, 0]  	1202	12 
[2, 1, 0, 12, 0]  	1203	7 
[3, 9, 11, 0, 0]  	1207	9 
[1, 2, 0, 12, 0]  	1209	6 
[15, 3, 9, 0, 0]  	1215	12 
[13, 5, 9, 0, 0]  	1227	12 
[10, 0, 0, 10, 0]  	1230	7 
[4, 20, 0, 4, 0]  	1232	10 
[2, 0, 1, 12, 0]  	1237	7 
[3, 21, 0, 4, 0]  	1238	10 
[8, 3, 6, 5, 0]  	1245	11 
[3, 0, 15, 1, 0]  	1250	9 
[2, 3, 1, 11, 0]  	1256	9 
[12, 3, 11, 0, 0]  	1264	10 
[3, 2, 9, 5, 0]  	1266	8 
[1, 15, 7, 2, 0]  	1267	6 
[1, 6, 13, 1, 0]  	1268	6 
[2, 2, 3, 10, 0]  	1269	8 
[2, 0, 8, 7, 0]  	1274	7 
[2, 4, 15, 0, 0]  	1275	8 
[8, 3, 13, 0, 0]  	1282	9 
[7, 0, 15, 0, 0]  	1282	9 
[2, 12, 11, 0, 0]  	1287	7 
[8, 7, 11, 0, 0]  	1288	11 
[2, 0, 16, 1, 0]  	1290	7 
[2, 2, 15, 1, 0]  	1293	7 
[1, 14, 4, 5, 0]  	1293	7 
[3, 25, 0, 3, 0]  	1294	8 
[1, 26, 3, 1, 0]  	1298	6 
[1, 3, 15, 1, 0]  	1299	6 
[3, 1, 10, 5, 0]  	1300	8 
[1, 3, 6, 8, 0]  	1304	7 
[11, 5, 11, 0, 0]  	1307	10 
[10, 2, 13, 0, 0]  	1307	9 
[2, 0, 15, 2, 0]  	1311	7 
[6, 28, 0, 1, 0]  	1314	9 
[8, 2, 14, 0, 0]  	1316	7 
[3, 0, 3, 11, 0]  	1318	7 
[6, 0, 3, 10, 0]  	1319	7 
[5, 24, 0, 3, 0]  	1319	7 
[2, 29, 0, 2, 0]  	1319	7 
[2, 1, 3, 11, 0]  	1324	9 
[1, 30, 0, 2, 0]  	1325	8 
[3, 1, 17, 0, 0]  	1337	7 
[2, 27, 0, 3, 0]  	1337	7 
[15, 0, 11, 1, 0]  	1338	6 
[1, 3, 13, 3, 0]  	1341	6 
[1, 28, 0, 3, 0]  	1343	6 
[1, 14, 6, 4, 0]  	1343	6 
[4, 28, 0, 2, 0]  	1344	8 
[1, 3, 4, 10, 0]  	1346	7 
[1, 26, 5, 0, 0]  	1348	6 
[1, 4, 10, 5, 0]  	1349	6 
[1, 3, 17, 0, 0]  	1349	6 
[3, 0, 10, 6, 0]  	1355	8 
[2, 10, 13, 0, 0]  	1355	6 
[1, 8, 8, 5, 0]  	1355	6 
[14, 0, 13, 0, 0]  	1357	10 
[1, 10, 7, 5, 0]  	1358	6 
[1, 26, 0, 4, 0]  	1361	6 
[1, 11, 13, 0, 0]  	1361	5 
[5, 0, 17, 0, 0]  	1362	7 
[1, 13, 12, 0, 0]  	1364	6 
[1, 3, 3, 11, 0]  	1367	7 
[3, 0, 5, 10, 0]  	1368	6 
[6, 0, 5, 9, 0]  	1369	7 
[9, 0, 5, 8, 0]  	1370	7 
[1, 27, 1, 3, 0]  	1377	5 
[1, 13, 7, 4, 0]  	1377	5 
[1, 2, 5, 10, 0]  	1380	6 
[1, 34, 0, 1, 0]  	1381	8 
[1, 3, 11, 5, 0]  	1383	6 
[1, 1, 3, 12, 0]  	1385	6 
[0, 30, 0, 3, 0]  	1386	5 
[2, 0, 7, 9, 0]  	1387	6 
[2, 1, 13, 4, 0]  	1390	5 
[1, 8, 15, 0, 0]  	1392	5 
[1, 10, 14, 0, 0]  	1395	5 
[1, 2, 13, 4, 0]  	1396	5 
[0, 27, 3, 2, 0]  	1396	5 
[1, 2, 4, 11, 0]  	1401	7 
[1, 3, 10, 6, 0]  	1404	6 
[1, 2, 17, 1, 0]  	1404	6 
[1, 8, 10, 4, 0]  	1405	5 
[1, 13, 10, 2, 0]  	1406	6 
[1, 1, 2, 13, 0]  	1406	6 
[6, 33, 0, 0, 0]  	1407	7 
[2, 0, 6, 10, 0]  	1408	4 
[1, 10, 9, 4, 0]  	1408	4 
[1, 26, 2, 3, 0]  	1411	4 
[1, 12, 8, 4, 0]  	1411	4 
[1, 0, 0, 15, 0]  	1411	4 
[0, 27, 2, 3, 0]  	1417	4 
[1, 7, 12, 3, 0]  	1418	6 
[1, 12, 12, 1, 0]  	1419	7 
[2, 0, 14, 4, 0]  	1424	6 
[1, 1, 1, 14, 0]  	1427	4 
[1, 0, 8, 9, 0]  	1427	4 
[2, 0, 5, 11, 0]  	1429	4 
[1, 2, 7, 9, 0]  	1430	4 
[1, 1, 14, 4, 0]  	1430	4 
[0, 26, 4, 2, 0]  	1430	4 
[1, 1, 5, 11, 0]  	1435	4 
[0, 16, 8, 3, 0]  	1436	4 
[1, 38, 0, 0, 0]  	1437	7 
[1, 1, 18, 1, 0]  	1438	6 
[1, 7, 11, 4, 0]  	1439	5 
[1, 12, 11, 2, 0]  	1440	6 
[0, 29, 0, 4, 0]  	1441	4 
[0, 15, 6, 5, 0]  	1441	4 
[2, 0, 13, 5, 0]  	1445	5 
[0, 27, 5, 1, 0]  	1446	5 
[2, 1, 19, 0, 0]  	1448	4 
[1, 0, 7, 10, 0]  	1448	3 
[1, 1, 13, 5, 0]  	1451	5 
[0, 26, 3, 3, 0]  	1451	4 
[1, 25, 7, 0, 0]  	1453	4 
[1, 2, 19, 0, 0]  	1454	4 
[0, 14, 8, 4, 0]  	1454	4 
[0, 16, 7, 4, 0]  	1457	4 
[1, 24, 5, 2, 0]  	1458	5 
[1, 10, 11, 3, 0]  	1458	5 
[1, 12, 10, 3, 0]  	1461	5 
[1, 0, 2, 14, 0]  	1461	4 
[2, 0, 12, 6, 0]  	1466	5 
[1, 0, 6, 11, 0]  	1469	4 
[0, 15, 9, 3, 0]  	1470	3 
[0, 3, 1, 14, 0]  	1470	3 
[1, 1, 12, 6, 0]  	1472	3 
[1, 0, 19, 1, 0]  	1472	3 
[0, 26, 2, 4, 0]  	1472	3 
[0, 13, 1, 10, 0]  	1472	3 
[0, 12, 8, 5, 0]  	1472	3 
[0, 35, 0, 2, 0]  	1479	4 
[0, 15, 4, 7, 0]  	1483	5 
[0, 20, 4, 5, 0]  	1484	5 
[1, 1, 20, 0, 0]  	1488	3 
[0, 13, 9, 4, 0]  	1488	3 
[0, 18, 9, 2, 0]  	1489	4 
[1, 0, 5, 12, 0]  	1490	4 
[0, 2, 7, 10, 0]  	1491	3 
[1, 23, 6, 2, 0]  	1492	5 
[0, 20, 8, 2, 0]  	1492	4 
[1, 0, 18, 2, 0]  	1493	6 
[0, 27, 7, 0, 0]  	1496	5 
[0, 19, 6, 4, 0]  	1497	3 
[0, 13, 4, 8, 0]  	1501	3 
[0, 9, 10, 5, 0]  	1503	2 
[0, 6, 0, 14, 0]  	1510	3 
[1, 23, 5, 3, 0]  	1513	5 
[1, 0, 17, 3, 0]  	1514	5 
[0, 41, 0, 0, 0]  	1517	5  <--- 2
[0, 15, 11, 2, 0]  	1520	3 
[0, 3, 3, 13, 0]  	1520	3 
[1, 0, 21, 0, 0]  	1522	2 
[0, 13, 3, 9, 0]  	1522	2 
[0, 12, 10, 4, 0]  	1522	2 
[0, 17, 10, 2, 0]  	1523	4 
[0, 2, 1, 15, 0]  	1525	3 
[1, 0, 12, 7, 0]  	1527	5 
[0, 4, 0, 15, 0]  	1528	2 
[0, 2, 14, 5, 0]  	1528	2 
[0, 22, 1, 7, 0]  	1529	4 
[0, 26, 8, 0, 0]  	1530	5 
[0, 24, 0, 7, 0]  	1532	3 
[0, 10, 6, 8, 0]  	1532	2 
[0, 6, 12, 5, 0]  	1534	2 
[1, 0, 16, 4, 0]  	1535	4 
[0, 2, 0, 16, 0]  	1546	3 
[0, 21, 7, 3, 0]  	1550	2 
[0, 40, 1, 0, 0]  	1551	4 
[0, 26, 7, 1, 0]  	1551	4 
[0, 10, 5, 9, 0]  	1553	2 
[1, 0, 15, 5, 0]  	1556	3 
[0, 1, 2, 15, 0]  	1559	1 
[0, 0, 9, 10, 0]  	1559	1 
[0, 19, 3, 7, 0]  	1560	3 
[0, 6, 2, 13, 0]  	1560	3 
[0, 1, 15, 5, 0]  	1562	2 
[0, 21, 2, 7, 0]  	1563	2 
[0, 8, 1, 13, 0]  	1563	2 
[0, 7, 8, 8, 0]  	1563	2 
[0, 25, 9, 0, 0]  	1564	3 
[0, 40, 0, 1, 0]  	1572	3 
[1, 0, 14, 6, 0]  	1577	3 
[0, 5, 8, 9, 0]  	1581	2 
[0, 1, 14, 6, 0]  	1583	2 
[0, 25, 8, 1, 0]  	1585	4 
[0, 13, 13, 2, 0]  	1588	3 
[0, 24, 6, 3, 0]  	1590	1 
[0, 10, 12, 4, 0]  	1590	1 
[0, 0, 3, 15, 0]  	1593	1 
[0, 4, 10, 8, 0]  	1594	2 
[0, 0, 16, 5, 0]  	1596	1 
[0, 2, 10, 9, 0]  	1612	1 
[0, 1, 17, 4, 0]  	1612	1 
[0, 11, 17, 0, 0]  	1614	1 
[0, 0, 2, 16, 0]  	1614	1 
[0, 8, 7, 9, 0]  	1621	1 
[0, 7, 14, 4, 0]  	1621	1 
[0, 14, 0, 12, 0]  	1622	4 
[0, 9, 13, 4, 0]  	1624	1 
[0, 2, 5, 13, 0]  	1625	2 
[0, 1, 12, 8, 0]  	1625	2 
[0, 19, 13, 0, 0]  	1626	2 
[0, 0, 23, 0, 0]  	1633	1  <--- 3
[0, 12, 13, 3, 0]  	1643	1 
[0, 0, 5, 14, 0]  	1643	1 
[0, 8, 19, 0, 0]  	1645	1 
[0, 4, 16, 4, 0]  	1652	1 
[0, 6, 15, 4, 0]  	1655	1 
[0, 11, 15, 2, 0]  	1656	2 
[0, 9, 15, 3, 0]  	1674	1 
[0, 21, 1, 9, 0]  	1676	1 
[0, 5, 21, 0, 0]  	1676	1 
[0, 0, 12, 9, 0]  	1680	1 
[0, 6, 17, 3, 0]  	1705	1 
[0, 0, 19, 4, 0]  	1717	1 
[0, 1, 7, 13, 0]  	1730	2 
[0, 3, 19, 3, 0]  	1736	1 
[0, 0, 0, 19, 0]  	1748	1  <--- 4
[0, 0, 21, 3, 0]  	1767	1 
[6, 4, 1, 1, 1]  	497	5 
[4, 1, 0, 6, 1]  	713	6 
[5, 1, 9, 1, 1]  	923	11 
[12, 0, 7, 1, 1]  	961	12 
[2, 5, 9, 1, 1]  	978	5 
[15, 14, 0, 0, 1]  	983	11 
[16, 1, 0, 5, 1]  	993	8 
[2, 18, 4, 0, 1]  	1012	8 
[7, 13, 5, 0, 1]  	1053	13 
[4, 13, 0, 5, 1]  	1065	10 
[4, 2, 11, 1, 1]  	1071	11 
[3, 14, 0, 5, 1]  	1071	9 
[11, 0, 9, 1, 1]  	1072	15 
[1, 17, 6, 0, 1]  	1086	6 
[2, 2, 11, 2, 1]  	1101	7 
[11, 13, 4, 0, 1]  	1106	11 
[1, 17, 5, 1, 1]  	1107	6 
[3, 2, 12, 1, 1]  	1111	9 
[5, 9, 9, 0, 1]  	1127	12 
[14, 0, 2, 6, 1]  	1128	13 
[4, 10, 9, 0, 1]  	1133	11 
[16, 2, 8, 0, 1]  	1138	8 
[4, 0, 13, 1, 1]  	1139	10 
[1, 3, 5, 7, 1]  	1141	6 
[3, 1, 13, 1, 1]  	1145	9 
[14, 6, 7, 0, 1]  	1153	12 
[4, 7, 11, 0, 1]  	1164	11 
[3, 19, 0, 4, 1]  	1164	11 
[3, 0, 1, 11, 1]  	1176	9 
[3, 1, 7, 6, 1]  	1179	9 
[10, 0, 11, 1, 1]  	1183	13 
[8, 8, 9, 0, 1]  	1183	12 
[3, 7, 12, 0, 1]  	1204	10 
[2, 21, 0, 4, 1]  	1207	9 
[12, 0, 4, 6, 1]  	1208	13 
[3, 0, 8, 6, 1]  	1213	9 
[2, 10, 11, 0, 1]  	1213	8 
[8, 5, 11, 0, 1]  	1214	11 
[2, 2, 1, 11, 1]  	1219	8 
[3, 6, 13, 0, 1]  	1238	9 
[2, 18, 2, 4, 1]  	1238	9 
[2, 7, 13, 0, 1]  	1244	8 
[15, 1, 4, 5, 1]  	1246	12 
[2, 9, 12, 0, 1]  	1247	8 
[7, 3, 13, 0, 1]  	1251	10 
[2, 1, 2, 11, 1]  	1253	7 
[2, 0, 9, 6, 1]  	1253	7 
[6, 4, 13, 0, 1]  	1257	11 
[4, 0, 3, 10, 1]  	1257	9 
[3, 3, 15, 0, 1]  	1269	8 
[2, 5, 8, 5, 1]  	1275	8 
[2, 0, 3, 11, 1]  	1287	7 
[1, 24, 0, 4, 1]  	1287	7 
[5, 2, 15, 0, 1]  	1294	8 
[2, 1, 13, 3, 1]  	1298	6 
[4, 5, 14, 0, 1]  	1303	8 
[2, 2, 10, 5, 1]  	1306	7 
[1, 15, 5, 4, 1]  	1309	7 
[1, 17, 4, 4, 1]  	1312	7 
[1, 19, 3, 4, 1]  	1315	7 
[1, 21, 2, 4, 1]  	1318	7 
[15, 2, 11, 0, 1]  	1320	10 
[1, 14, 11, 0, 1]  	1330	7 
[1, 2, 3, 11, 1]  	1330	6 
[4, 0, 17, 0, 1]  	1331	8 
[2, 1, 11, 5, 1]  	1340	7 
[2, 0, 0, 14, 1]  	1350	7 
[1, 1, 4, 11, 1]  	1364	6 
[2, 24, 2, 3, 1]  	1368	6 
[1, 21, 4, 3, 1]  	1368	6 
[3, 0, 18, 0, 1]  	1371	7 
[2, 26, 1, 3, 1]  	1371	6 
[2, 1, 18, 0, 1]  	1377	5 
[0, 21, 2, 5, 1]  	1379	5 
[1, 2, 18, 0, 1]  	1383	6 
[1, 7, 9, 5, 1]  	1389	6 
[1, 13, 6, 5, 1]  	1398	6 
[1, 0, 5, 11, 1]  	1398	5 
[1, 4, 12, 4, 1]  	1399	5 
[0, 16, 1, 8, 1]  	1399	5 
[0, 28, 0, 4, 1]  	1404	5 
[1, 24, 3, 3, 1]  	1408	4 
[1, 2, 12, 5, 1]  	1417	5 
[1, 1, 19, 0, 1]  	1417	4 
[0, 14, 1, 9, 1]  	1417	4 
[0, 29, 1, 3, 1]  	1420	5 
[0, 16, 0, 9, 1]  	1420	5 
[1, 9, 11, 3, 1]  	1421	6 
[1, 7, 16, 0, 1]  	1426	5 
[0, 23, 3, 4, 1]  	1432	4 
[0, 15, 2, 8, 1]  	1433	5 
[1, 0, 12, 6, 1]  	1435	4 
[0, 25, 2, 4, 1]  	1435	4 
[0, 27, 1, 4, 1]  	1438	5 
[0, 32, 1, 2, 1]  	1439	4 
[0, 19, 0, 8, 1]  	1439	4 
[0, 14, 13, 0, 1]  	1441	4 
[1, 2, 15, 3, 1]  	1446	5 
[0, 24, 4, 3, 1]  	1448	3 
[0, 18, 2, 7, 1]  	1452	5 
[0, 22, 9, 0, 1]  	1453	4 
[0, 35, 1, 1, 1]  	1458	4 
[0, 22, 0, 7, 1]  	1458	4 
[1, 1, 17, 2, 1]  	1459	5 
[0, 27, 0, 5, 1]  	1459	5 
[0, 18, 6, 4, 1]  	1460	4 
[1, 14, 9, 3, 1]  	1464	5 
[1, 0, 15, 4, 1]  	1464	4 
[0, 9, 3, 10, 1]  	1466	3 
[0, 14, 3, 8, 1]  	1467	3 
[0, 13, 10, 3, 1]  	1467	3 
[0, 15, 0, 10, 1]  	1475	5 
[0, 21, 6, 3, 1]  	1479	3 
[1, 1, 16, 3, 1]  	1480	6 
[2, 0, 20, 0, 1]  	1482	3 
[0, 23, 5, 3, 1]  	1482	3 
[0, 14, 11, 2, 1]  	1483	4 
[1, 0, 14, 5, 1]  	1485	3 
[0, 21, 1, 7, 1]  	1492	4 
[0, 26, 1, 5, 1]  	1493	5 
[0, 6, 5, 10, 1]  	1497	3 
[0, 38, 0, 1, 1]  	1498	4 
[0, 8, 4, 10, 1]  	1500	3 
[0, 12, 11, 3, 1]  	1501	2 
[0, 12, 15, 0, 1]  	1509	3 
[0, 24, 1, 6, 1]  	1511	5 
[0, 39, 1, 0, 1]  	1514	4 
[0, 26, 0, 6, 1]  	1514	4 
[0, 11, 4, 9, 1]  	1519	2 
[0, 8, 3, 11, 1]  	1521	3 
[0, 5, 6, 10, 1]  	1531	3 
[0, 5, 5, 11, 1]  	1552	3 
[0, 1, 10, 9, 1]  	1575	2 
[0, 11, 1, 12, 1]  	1582	3 
[6, 3, 1, 2, 2]  	552	5 
[6, 2, 8, 1, 2]  	920	8 
[5, 13, 5, 0, 2]  	991	12 
[5, 0, 11, 1, 2]  	1028	11 
[1, 16, 6, 0, 2]  	1049	6 
[1, 16, 5, 1, 2]  	1070	6 
[6, 11, 7, 0, 2]  	1090	12 
[9, 22, 0, 0, 2]  	1093	12 
[11, 11, 5, 0, 2]  	1103	14 
[4, 1, 12, 1, 2]  	1105	10 
[2, 1, 12, 2, 2]  	1135	7 
[12, 0, 3, 6, 2]  	1137	13 
[8, 7, 9, 0, 2]  	1146	13 
[3, 10, 10, 0, 2]  	1173	9 
[8, 4, 11, 0, 2]  	1177	12 
[13, 10, 6, 0, 2]  	1199	10 
[2, 12, 10, 0, 2]  	1216	8 
[7, 6, 11, 0, 2]  	1220	11 
[4, 5, 13, 0, 2]  	1232	9 
[8, 2, 13, 0, 2]  	1245	10 
[5, 1, 15, 0, 2]  	1257	10 
[4, 4, 14, 0, 2]  	1266	8 
[6, 27, 0, 1, 2]  	1277	9 
[2, 6, 14, 0, 2]  	1278	8 
[1, 22, 1, 4, 2]  	1284	7 
[4, 24, 0, 3, 2]  	1288	8 
[4, 1, 16, 0, 2]  	1297	8 
[3, 2, 16, 0, 2]  	1303	7 
[1, 2, 13, 3, 2]  	1304	6 
[2, 1, 17, 0, 2]  	1306	7 
[4, 27, 0, 2, 2]  	1307	10 
[1, 9, 12, 1, 2]  	1308	6 
[2, 3, 16, 0, 2]  	1309	7 
[1, 11, 6, 5, 2]  	1324	6 
[1, 13, 5, 5, 2]  	1327	7 
[1, 9, 11, 2, 2]  	1329	6 
[1, 2, 11, 5, 2]  	1346	6 
[1, 12, 11, 1, 2]  	1348	6 
[1, 2, 10, 6, 2]  	1367	6 
[2, 0, 12, 5, 2]  	1374	6 
[1, 1, 12, 5, 2]  	1380	5 
[1, 0, 19, 0, 2]  	1380	5 
[1, 12, 9, 3, 2]  	1390	5 
[1, 1, 11, 6, 2]  	1401	6 
[1, 0, 18, 1, 2]  	1401	5 
[1, 2, 8, 8, 2]  	1409	6 
[1, 1, 6, 10, 2]  	1414	5 
[1, 1, 10, 7, 2]  	1422	6 
[0, 21, 4, 4, 2]  	1429	4 
[1, 0, 3, 13, 2]  	1440	5 
[0, 37, 1, 0, 2]  	1440	5 
[0, 34, 0, 2, 2]  	1442	4 
[1, 1, 9, 8, 2]  	1443	6 
[0, 16, 3, 7, 2]  	1449	5 
[0, 37, 0, 1, 2]  	1461	4 
[0, 20, 5, 4, 2]  	1463	4 
[1, 0, 10, 8, 2]  	1477	5 
[0, 19, 11, 0, 2]  	1484	4 
[0, 3, 0, 15, 2]  	1491	3 
[0, 20, 7, 3, 2]  	1513	3 
[0, 1, 3, 14, 2]  	1538	2 
[0, 8, 6, 9, 2]  	1550	2 
[0, 7, 7, 9, 2]  	1584	2 
[0, 14, 6, 7, 2]  	1588	3 
[0, 1, 0, 18, 2]  	1693	2 
[6, 10, 7, 0, 3]  	1053	13 
[1, 15, 6, 1, 3]  	1104	6 
[2, 15, 8, 0, 3]  	1185	9 
[2, 2, 8, 6, 3]  	1256	8 
[1, 2, 6, 8, 3]  	1267	6 
[2, 0, 5, 10, 3]  	1337	6 
[1, 13, 8, 3, 3]  	1356	6 
[1, 25, 2, 3, 3]  	1374	5 
[1, 0, 4, 12, 3]  	1419	6 
[1, 0, 17, 2, 3]  	1422	5 
[1, 0, 11, 7, 3]  	1456	6 
[0, 40, 0, 0, 3]  	1480	5 
[0, 2, 2, 14, 3]  	1504	3 
[0, 23, 7, 2, 3]  	1532	2 
[0, 2, 9, 9, 3]  	1541	2 
[3, 4, 14, 0, 4]  	1235	9 
[1, 13, 9, 2, 4]  	1335	6 
[1, 24, 4, 2, 4]  	1387	6 
[1, 1, 15, 3, 4]  	1409	5 
[0, 34, 1, 1, 4]  	1421	5 
[0, 9, 0, 13, 4]  	1529	3 
[1, 16, 1, 5, 5]  	1154	8 
[0, 24, 6, 2, 5]  	1498	3 
[0, 13, 6, 7, 5]  	1551	3 
[1, 23, 5, 0, 7]  	1237	6 
[1, 5, 11, 4, 7]  	1365	6 
[2, 0, 18, 0, 8]  	1340	6 
[0, 18, 4, 5, 9]  	1410	5 
[1, 26, 1, 3, 249]  	1340	5 
[0, 17, 11, 0, 249]  	1410	4 
[1, 29, 0, 2, 250]  	1288	7 
[0, 30, 1, 2, 250]  	1365	5 
[0, 11, 5, 8, 250]  	1498	2 
[0, 12, 13, 2, 250]  	1551	2 
[5, 8, 2, 5, 251]  	1053	12 
[1, 9, 11, 1, 251]  	1237	5 
[1, 1, 13, 4, 251]  	1359	5 
[0, 26, 5, 1, 251]  	1409	4 
[0, 21, 0, 7, 251]  	1421	4 
[2, 3, 2, 10, 252]  	1235	8 
[3, 24, 0, 3, 252]  	1257	7 
[1, 1, 1, 13, 252]  	1335	5 
[1, 11, 8, 4, 252]  	1374	3 
[1, 10, 10, 3, 252]  	1387	5 
[0, 26, 0, 5, 252]  	1422	4 
[0, 0, 16, 4, 252]  	1504	1 
[0, 8, 7, 8, 252]  	1529	2 
[0, 9, 13, 3, 252]  	1532	1 
[4, 13, 1, 0, 253]  	676	8 
[6, 7, 9, 0, 253]  	1084	12 
[5, 8, 9, 0, 253]  	1090	11 
[10, 8, 7, 0, 253]  	1103	9 
[5, 7, 10, 0, 253]  	1124	10 
[1, 3, 0, 11, 253]  	1154	6 
[9, 0, 0, 10, 253]  	1199	6 
[5, 0, 2, 10, 253]  	1217	6 
[2, 1, 15, 1, 253]  	1256	7 
[1, 8, 7, 5, 253]  	1284	5 
[3, 0, 4, 10, 253]  	1297	6 
[1, 27, 0, 3, 253]  	1306	6 
[1, 2, 4, 10, 253]  	1309	4 
[1, 12, 7, 4, 253]  	1340	4 
[1, 0, 7, 9, 253]  	1356	3 
[0, 26, 3, 2, 253]  	1359	2 
[0, 26, 1, 4, 253]  	1401	4 
[1, 0, 13, 5, 253]  	1414	4 
[0, 26, 7, 0, 253]  	1459	4 
[0, 6, 13, 4, 253]  	1513	1 
[0, 0, 10, 9, 253]  	1538	1 
[0, 1, 5, 13, 253]  	1588	2 
[3, 8, 1, 1, 254]  	552	4 
[3, 13, 1, 0, 254]  	645	5 
[4, 0, 0, 7, 254]  	768	5 
[2, 3, 2, 7, 254]  	959	5 
[3, 2, 9, 2, 254]  	990	5 
[5, 0, 4, 6, 254]  	991	12 
[3, 0, 4, 7, 254]  	1021	5 
[1, 3, 5, 6, 254]  	1049	5 
[4, 10, 8, 0, 254]  	1062	9 
[1, 3, 4, 7, 254]  	1070	5 
[0, 26, 2, 0, 254]  	1104	2 
[3, 12, 8, 0, 254]  	1105	7 
[11, 0, 3, 6, 254]  	1106	13 
[3, 4, 6, 5, 254]  	1127	8 
[6, 2, 6, 5, 254]  	1146	7 
[1, 15, 8, 0, 254]  	1154	7 
[2, 3, 1, 10, 254]  	1164	6 
[2, 7, 12, 0, 254]  	1173	7 
[3, 22, 0, 3, 254]  	1183	7 
[3, 2, 8, 5, 254]  	1195	5 
[1, 3, 2, 10, 254]  	1204	5 
[2, 0, 2, 11, 254]  	1216	5 
[3, 0, 3, 10, 254]  	1226	5 
[1, 10, 7, 4, 254]  	1266	2 
[2, 2, 16, 0, 254]  	1272	7 
[1, 14, 5, 4, 254]  	1272	6 
[3, 27, 0, 2, 254]  	1276	9 
[1, 0, 6, 9, 254]  	1285	2 
[0, 21, 1, 5, 254]  	1308	5 
[1, 10, 13, 0, 254]  	1324	1 
[1, 12, 12, 0, 254]  	1327	5 
[0, 29, 1, 2, 254]  	1328	5 
[1, 0, 17, 1, 254]  	1330	4 
[1, 1, 5, 10, 254]  	1343	5 
[1, 7, 11, 3, 254]  	1347	6 
[1, 9, 10, 3, 254]  	1350	5 
[2, 0, 13, 4, 254]  	1353	3 
[0, 16, 7, 3, 254]  	1365	2 
[1, 23, 3, 3, 254]  	1371	4 
[1, 1, 8, 8, 254]  	1372	5 
[0, 4, 11, 5, 254]  	1389	2 
[0, 15, 8, 3, 254]  	1399	3 
[0, 4, 10, 6, 254]  	1410	2 
[0, 13, 8, 4, 254]  	1417	3 
[0, 7, 10, 5, 254]  	1429	1 
[0, 4, 0, 14, 254]  	1436	3 
[0, 9, 13, 2, 254]  	1440	1 
[0, 20, 6, 3, 254]  	1442	2 
[0, 15, 10, 2, 254]  	1449	2 
[0, 7, 17, 0, 254]  	1466	1 
[0, 1, 14, 5, 254]  	1491	2 
[0, 25, 8, 0, 254]  	1493	2 
[0, 6, 18, 0, 254]  	1500	1 
[0, 7, 6, 9, 254]  	1513	2 
[0, 10, 11, 4, 254]  	1519	1 
[0, 6, 17, 1, 254]  	1521	1 
[0, 5, 19, 0, 254]  	1534	1 
[0, 0, 5, 13, 254]  	1551	1 
[3, 9, 1, 0, 255]  	497	3 
[5, 5, 3, 1, 255]  	645	6 
[2, 5, 5, 1, 255]  	694	5 
[1, 3, 0, 6, 255]  	694	3 
[3, 0, 0, 7, 255]  	737	2 
[3, 2, 7, 2, 255]  	848	3 
[10, 8, 5, 0, 255]  	961	4 
[4, 11, 0, 5, 255]  	991	9 
[16, 0, 7, 0, 255]  	993	2 
[8, 3, 9, 0, 255]  	998	3 
[2, 4, 10, 1, 255]  	1012	3 
[2, 14, 0, 5, 255]  	1040	3 
[3, 2, 6, 5, 255]  	1053	4 
[1, 3, 12, 1, 255]  	1086	4 
[1, 27, 1, 0, 255]  	1101	3 
[1, 1, 12, 2, 255]  	1104	3 
[1, 3, 11, 2, 255]  	1107	4 
[0, 7, 7, 4, 255]  	1124	1 
[2, 10, 10, 0, 255]  	1142	3 
[2, 13, 2, 5, 255]  	1145	3 
[9, 0, 6, 5, 255]  	1165	6 
[1, 1, 0, 12, 255]  	1172	3 
[1, 5, 7, 5, 255]  	1173	3 
[1, 21, 0, 4, 255]  	1176	5 
[0, 5, 1, 10, 255]  	1176	2 
[0, 2, 4, 9, 255]  	1186	2 
[2, 2, 2, 10, 255]  	1198	6 
[2, 17, 2, 4, 255]  	1201	6 
[2, 3, 8, 5, 255]  	1201	4 
[1, 4, 8, 5, 255]  	1207	3 
[2, 0, 15, 1, 255]  	1219	3 
[6, 3, 13, 0, 255]  	1220	9 
[5, 0, 15, 0, 255]  	1220	2 
[3, 0, 16, 0, 255]  	1229	5 
[3, 2, 15, 0, 255]  	1232	7 
[2, 1, 3, 10, 255]  	1232	5 
[2, 2, 9, 5, 255]  	1235	5 
[2, 1, 16, 0, 255]  	1235	2 
[0, 15, 7, 2, 255]  	1236	1 
[0, 21, 0, 5, 255]  	1237	4 
[0, 7, 6, 6, 255]  	1237	1 
[2, 3, 15, 0, 255]  	1238	5 
[1, 3, 9, 5, 255]  	1241	3 
[1, 4, 15, 0, 255]  	1244	2 
[15, 0, 11, 0, 255]  	1246	7 
[1, 26, 1, 2, 255]  	1248	2 
[1, 10, 12, 0, 255]  	1253	3 
[0, 14, 0, 8, 255]  	1254	3 
[0, 0, 6, 9, 255]  	1254	1 
[1, 4, 10, 4, 255]  	1257	3 
[3, 0, 10, 5, 255]  	1263	6 
[2, 1, 10, 5, 255]  	1269	5 
[1, 1, 17, 0, 255]  	1275	4 
[1, 18, 3, 4, 255]  	1278	4 
[2, 22, 2, 3, 255]  	1294	6 
[1, 21, 3, 3, 255]  	1297	3 
[0, 10, 4, 7, 255]  	1298	2 
[0, 2, 3, 11, 255]  	1299	2 
[1, 25, 1, 3, 255]  	1303	5 
[0, 14, 6, 4, 255]  	1312	1 
[1, 0, 0, 14, 255]  	1319	2 
[0, 1, 13, 4, 255]  	1328	1 
[0, 34, 1, 0, 255]  	1329	5 
[1, 24, 2, 3, 255]  	1337	4 
[0, 23, 2, 4, 255]  	1361	3 
[0, 0, 5, 11, 255]  	1367	1 
[0, 32, 0, 2, 255]  	1368	2 
[1, 0, 15, 3, 255]  	1372	3 
[0, 9, 3, 9, 255]  	1374	1 
[0, 13, 1, 9, 255]  	1380	3 
[0, 23, 5, 2, 255]  	1390	3 
[0, 5, 12, 4, 255]  	1405	1 
[0, 23, 4, 3, 255]  	1411	3 
[0, 25, 7, 0, 255]  	1422	1 
[0, 14, 9, 3, 255]  	1433	4 
[0, 2, 1, 14, 255]  	1433	2 
[0, 1, 12, 6, 255]  	1441	1 
[0, 1, 2, 14, 255]  	1467	1 
[0, 0, 21, 0, 255]  	1491	1 
[0, 4, 19, 0, 255]  	1497	1 
[0, 0, 3, 14, 255]  	1501	1 
[0, 3, 20, 0, 255]  	1531	1 
[0, 3, 19, 1, 255]  	1552	1 
------
The gap is between 10 and 248.
Lengths: 5 5 8 8 5 6.
For 1536 = 3*d-d1-d2-d3-d4 you get 5 in char 0.
1 + 0*2^64 + 0*2^128 + 0*2^192*y^17*z^5*w^6
1 + 0*2^64 + 0*2^128 + 0*2^192*y^16*z^12*w^1
1 + 0*2^64 + 0*2^128 + 0*2^192*y^4*z^4*w^12
1 + 0*2^64 + 0*2^128 + 0*2^192*y^3*z^11*w^7
1 + 0*2^64 + 0*2^128 + 0*2^192*y^2*z^18*w^2

For 947 = 2*d-d1-d2-d3-d4 you get 8 in char 0.
1 + 0*2^64 + 0*2^128 + 0*2^192*x^14*y^2*z^1*w^4
1 + 0*2^64 + 0*2^128 + 0*2^192*x^9*y^1*z^5*w^3
1 + 0*2^64 + 0*2^128 + 0*2^192*x^2*y^22*z^1
1 + 0*2^64 + 0*2^128 + 0*2^192*x^1*y^19*z^3
1 + 0*2^64 + 0*2^128 + 0*2^192*x^1*y^5*z^9*w^1
1 + 0*2^64 + 0*2^128 + 0*2^192*y^16*z^5
1 + 0*2^64 + 0*2^128 + 0*2^192*y^3*z^4*w^6
1 + 0*2^64 + 0*2^128 + 0*2^192*y^2*z^11*w^1

For 358 = d-d1-d2-d3-d4 you get 5 in char 0.
1 + 0*2^64 + 0*2^128 + 0*2^192*x^5*y^3*w^1
1 + 0*2^64 + 0*2^128 + 0*2^192*x^4*z^2*w^1
1 + 0*2^64 + 0*2^128 + 0*2^192*x^2*y^8
1 + 0*2^64 + 0*2^128 + 0*2^192*x^1*y^5*z^2
1 + 0*2^64 + 0*2^128 + 0*2^192*y^2*z^4

Extra powers of p used 2.
The invariant extra is equal to 33.
Start computing 2^4 Delta^1 (x1x2x3x4)^1... Done.
Start computing 2^5 Delta^2 (x1x2x3x4)^1... Done.
Start computing 2^6 Delta^3 (x1x2x3x4)^1... Done.
Start computing 2^7 Delta^4 (x1x2x3x4)^1... Done.
Start computing 2^8 Delta^5 (x1x2x3x4)^1... Done.
Start computing 2^9 Delta^6 (x1x2x3x4)^1... Done.
Start computing 2^10 Delta^7 (x1x2x3x4)^1... Done.
Start computing 2^11 Delta^8 (x1x2x3x4)^1... Done.
Start computing 2^12 Delta^9 (x1x2x3x4)^1... Done.
Start computing 2^13 Delta^10 (x1x2x3x4)^1... Done.
Start computing 2^14 Delta^11 (x1x2x3x4)^1... Done.
Start computing 2^15 Delta^12 (x1x2x3x4)^1... Done.
Start computing 2^16 Delta^13 (x1x2x3x4)^1... Done.
Start computing 2^17 Delta^14 (x1x2x3x4)^1... Done.
Start computing 2^18 Delta^15 (x1x2x3x4)^1... Done.
Start computing 2^19 Delta^16 (x1x2x3x4)^1... Done.
Start computing 2^20 Delta^17 (x1x2x3x4)^1... Done.
Start computing 2^21 Delta^18 (x1x2x3x4)^1... Done.
Start computing 2^22 Delta^19 (x1x2x3x4)^1... Done.
Start computing 2^23 Delta^20 (x1x2x3x4)^1... Done.
Start computing 2^24 Delta^21 (x1x2x3x4)^1... Done.
Start computing 2^25 Delta^22 (x1x2x3x4)^1... Done.
Start computing 2^26 Delta^23 (x1x2x3x4)^1... Done.
Start computing 2^27 Delta^24 (x1x2x3x4)^1... Done.
Start computing 2^28 Delta^25 (x1x2x3x4)^1... Done.
Start computing 2^29 Delta^26 (x1x2x3x4)^1... Done.
Start computing 2^30 Delta^27 (x1x2x3x4)^1... Done.
Start computing 2^31 Delta^28 (x1x2x3x4)^1... Done.
Start computing 2^32 Delta^29 (x1x2x3x4)^1... Done.
Start computing 2^33 Delta^30 (x1x2x3x4)^1... Done.
Start computing 2^34 Delta^31 (x1x2x3x4)^1... Done.
Start computing 2^35 Delta^32 (x1x2x3x4)^1... Done.
Start computing 2^36 Delta^33 (x1x2x3x4)^1... Done.
Start computing 2^37 Delta^34 (x1x2x3x4)^1... Done.
Start computing 2^38 Delta^35 (x1x2x3x4)^1... Done.
Start computing aa.
1 2 3 4 5 6 7 8 9 10 11 12 13 14 15 16 17 18 
*/
A = \
[11123252540396867172 + 16508097260765398538*2^64 + 1998796219150368509*2^128 + 476771077*2^192,4462277207256660584 + 16449945576683103350*2^64 + 1231671358869437266*2^128 + 1766085137*2^192,229831894648639608 + 2825381532285453919*2^64 + 11548455110187176770*2^128 + 3591003921*2^192,13599878592722078344 + 11468097267451795285*2^64 + 15203005307280530510*2^128 + 2320621384*2^192,4007264592668974336 + 13228463235232032114*2^64 + 334215444626253659*2^128 + 1460750502*2^192,444350819225957248 + 3767998401235045350*2^64 + 4986599447522581991*2^128 + 3419518446*2^192,7760887653910522608 + 2734216184844350138*2^64 + 7928157873135412403*2^128 + 1562625027*2^192,8953516123372086480 + 15937884255519601690*2^64 + 9116109377201095442*2^128 + 2084384060*2^192,9921698877627332096 + 13372023311771276710*2^64 + 16052217860485472483*2^128 + 3442933647*2^192,17161548337236921184 + 3787444708952666094*2^64 + 2656400066096142606*2^128 + 1458064977*2^192,12308649824799296816 + 9658443312415428007*2^64 + 1565732448073850715*2^128 + 3294709484*2^192,9583916617961564256 + 13658584901119252481*2^64 + 7518696540909940679*2^128 + 271623311*2^192,5026278725795405216 + 13565417747123963536*2^64 + 3844571949918302874*2^128 + 1570995831*2^192,13713386493476649072 + 3286153253194543174*2^64 + 11855532604781282705*2^128 + 4057710943*2^192,546827605657513488 + 15505078006422346157*2^64 + 2396695744185373365*2^128 + 2166229731*2^192,64896346423078208 + 6345088121454097682*2^64 + 18011456636706576433*2^128 + 1430639183*2^192,5100746021582417216 + 6527452777773785843*2^64 + 1209039155572146099*2^128 + 2918887641*2^192,8870073031944563040 + 2292614275433942600*2^64 + 4099574016241988663*2^128 + 161341300*2^192;\
11570100869393861712 + 10170585376373080781*2^64 + 15333482423011493844*2^128 + 1952706660*2^192,9093834370449786056 + 17174830253681263999*2^64 + 13460253119775214815*2^128 + 482100751*2^192,11320282261743045056 + 6699737469426239332*2^64 + 12200044291007639626*2^128 + 466269361*2^192,13838812573733550912 + 3579647056547726638*2^64 + 1034730896808729909*2^128 + 2637761938*2^192,14819398983136716080 + 8157856647379143750*2^64 + 4366206942307781491*2^128 + 2743527820*2^192,11381066455314559904 + 12428356844381204021*2^64 + 3297961294702484015*2^128 + 145975516*2^192,747557495321462480 + 955717903462033146*2^64 + 9146449706788389368*2^128 + 2165245881*2^192,2772953231989140080 + 10197374896414150806*2^64 + 11305150896695190085*2^128 + 833941691*2^192,2622555302540164944 + 7264881429136851596*2^64 + 16454503436747293147*2^128 + 276075768*2^192,7180815108045182528 + 3698768666540780767*2^64 + 18042404728138716242*2^128 + 2393844839*2^192,152536870586300336 + 7574558475454373759*2^64 + 13983947044430403575*2^128 + 2706698194*2^192,17609937030681418048 + 128136169019641297*2^64 + 7803091809448453534*2^128 + 2590653027*2^192,6405147058995892192 + 11815692062998470737*2^64 + 3331519400115035734*2^128 + 255155048*2^192,7426842953873179760 + 6352286593288648455*2^64 + 12416655850287288182*2^128 + 289479922*2^192,8379109302162746832 + 10035700729506177645*2^64 + 2015798516921155353*2^128 + 309165202*2^192,16205183666159604512 + 14879829028790561736*2^64 + 324543841721559923*2^128 + 2838616182*2^192,2566385506153085504 + 11560052131035996837*2^64 + 7319916130430627287*2^128 + 642383580*2^192,7117056083704323520 + 12903677372523889842*2^64 + 14290765348542873834*2^128 + 374716048*2^192;\
13452428094841559112 + 16306434228283855652*2^64 + 11222184889139855638*2^128 + 2057071449*2^192,2979378027472084586 + 13449844269788271972*2^64 + 15007673813840508863*2^128 + 3203435405*2^192,5399847141392388116 + 11304307355337547150*2^64 + 1191838137297149217*2^128 + 3611138637*2^192,13977636217175906488 + 14465237544312119185*2^64 + 3577957459735539008*2^128 + 1307870311*2^192,6939592080263408904 + 6866575089868267143*2^64 + 3607746582718548516*2^128 + 2668721160*2^192,3214004699084274224 + 9386463675510046365*2^64 + 2989198250855008179*2^128 + 663603092*2^192,1630427855518901080 + 8518168540946408095*2^64 + 4288627809526790165*2^128 + 2911849599*2^192,1923033199031440608 + 12900173489782212321*2^64 + 10440037087336253476*2^128 + 2194284667*2^192,3084587779481766224 + 13602045226765763480*2^64 + 2313348898037117427*2^128 + 3196093103*2^192,1332777588335965936 + 3309805796751121911*2^64 + 17901398878785981499*2^128 + 129554069*2^192,1825000781880518040 + 1140787523446829226*2^64 + 8338084416598672578*2^128 + 4160078253*2^192,18190267790676611120 + 14368795514925026977*2^64 + 16703710192232971435*2^128 + 2321789715*2^192,7572810697902803488 + 4994903515831340647*2^64 + 18033619794215927077*2^128 + 1797398039*2^192,2798334870043668080 + 6342427615840555301*2^64 + 6294974721125287718*2^128 + 1738739537*2^192,788152162416978160 + 10766181570797714218*2^64 + 1685663321831965808*2^128 + 2693598993*2^192,10025894704287584496 + 17251901920934660411*2^64 + 14591530338258694031*2^128 + 1891599031*2^192,6905641204756931040 + 3869471325836409760*2^64 + 304904808544496012*2^128 + 812918018*2^192,13954472186946999072 + 9991570439897571326*2^64 + 3417612998409061380*2^128 + 108362520*2^192;\
10064233700920270724 + 11056592509859396972*2^64 + 10428289737787515792*2^128 + 677515549*2^192,15835834624079135682 + 10838326350504418124*2^64 + 8403248400711275831*2^128 + 2150992806*2^192,6560435710865485024 + 1391633066152349490*2^64 + 13115153650431988417*2^128 + 693633410*2^192,1014471027515633716 + 9221363840052738103*2^64 + 1756234477047242230*2^128 + 3228573980*2^192,1303101960351666028 + 13482711838950717188*2^64 + 5718649151665190469*2^128 + 445300388*2^192,10020130597129257328 + 6716999436867647433*2^64 + 8692306287187231441*2^128 + 679062384*2^192,3964936638064022152 + 15451928151709565899*2^64 + 10204134410035593308*2^128 + 2902259304*2^192,4809232084643358880 + 4263012908604988630*2^64 + 17226119840705514063*2^128 + 2092669381*2^192,17450249822472712368 + 6522191538053066322*2^64 + 14851656416803652424*2^128 + 3492848547*2^192,5580453814550215120 + 10636544255559862333*2^64 + 12167796060700236841*2^128 + 3033794454*2^192,10709909056758955656 + 4807374456536383502*2^64 + 7819264541327239534*2^128 + 2242891349*2^192,1412645096358797536 + 14639548186393347165*2^64 + 2617615269911702877*2^128 + 710458050*2^192,6497395378748248192 + 11629652327950186012*2^64 + 11008802646130799371*2^128 + 588583573*2^192,17439960294933860400 + 4410951966568615644*2^64 + 2499340295202539964*2^128 + 3771839065*2^192,6295339127361407440 + 9465670457959596637*2^64 + 1112331925054335411*2^128 + 1601289496*2^192,14052672723809720112 + 9948612531046860818*2^64 + 4099289135449502047*2^128 + 996574240*2^192,9708264272725566768 + 18021358844372012583*2^64 + 6959318460094399663*2^128 + 3948213775*2^192,7510422152426621872 + 57533449073996542*2^64 + 12477862483547324847*2^128 + 952233294*2^192;\
5602486695857614472 + 8441797609949736087*2^64 + 5762487033760446142*2^128 + 1254544992*2^192,3918496485356915348 + 3448976744109129594*2^64 + 8233231103634276917*2^128 + 3303778210*2^192,10605905606718071600 + 5495886252270506420*2^64 + 18098597990389959427*2^128 + 2139673415*2^192,2146479373205945016 + 17358811238395298395*2^64 + 13217486093802092437*2^128 + 122144763*2^192,8233194853841484544 + 5381219632712604636*2^64 + 15125419211454052945*2^128 + 3487951178*2^192,9232224130861377008 + 5535415744137657134*2^64 + 16846223850839605034*2^128 + 2308267985*2^192,5279350072418503312 + 12684182367769665627*2^64 + 16489342505020787651*2^128 + 3467533522*2^192,17004462431611330672 + 9664416976088246795*2^64 + 3538734626373912096*2^128 + 957808901*2^192,7320021609990222528 + 8823915617850781110*2^64 + 11713299246563489952*2^128 + 1144979444*2^192,10841390209885575568 + 16760253290219672092*2^64 + 8885110497722312418*2^128 + 654554107*2^192,3194240976598656896 + 13746191730380372299*2^64 + 17710926258384500186*2^128 + 2492235424*2^192,11570389186434952912 + 7738316615803353870*2^64 + 6295541731249396834*2^128 + 2916253118*2^192,738080036416697728 + 16141304843800602474*2^64 + 1035248761796935245*2^128 + 3821519377*2^192,4549023704347480992 + 331182788151624897*2^64 + 13704884119725745966*2^128 + 1269034485*2^192,4451221290620078080 + 6847508867761542015*2^64 + 16145627690716509521*2^128 + 1141018690*2^192,8773170256555667616 + 13021449186456966551*2^64 + 7751216531732273545*2^128 + 1495272121*2^192,6703154951269625216 + 3197445079301132872*2^64 + 18006732914119258701*2^128 + 3988278616*2^192,12995862401135993376 + 13959677104239515238*2^64 + 12039215242295395853*2^128 + 2847174117*2^192;\
5131885295398458434 + 422177608075715593*2^64 + 11385264119835177214*2^128 + 1240526997*2^192,2446680303963942385 + 777387173054092180*2^64 + 15386051761866956941*2^128 + 1405802751*2^192,15175739320961097128 + 6864781773830417506*2^64 + 1629889439685401047*2^128 + 1226515337*2^192,6411807627834492418 + 17943164602804598298*2^64 + 12840818898079296477*2^128 + 1988830993*2^192,4552652684682368964 + 2104704369829367298*2^64 + 9862783739344100816*2^128 + 1388428978*2^192,12459659900653133688 + 5536924557469447286*2^64 + 9242529674702577347*2^128 + 1444399643*2^192,4752307129525354028 + 8728725166160150881*2^64 + 16180384133979882013*2^128 + 1186372777*2^192,9702724719727966480 + 17623368520393934552*2^64 + 12798219634654936858*2^128 + 527450968*2^192,8824272378750480064 + 12894669734204648386*2^64 + 529140852043857189*2^128 + 935118945*2^192,12429261851221552920 + 8861788584055581139*2^64 + 1613494571165085830*2^128 + 1975545430*2^192,7986373568117983036 + 5752996563281666829*2^64 + 17102215891337763548*2^128 + 1560161072*2^192,13579300471214889720 + 11525030341959369784*2^64 + 8391733539149212491*2^128 + 1907973944*2^192,9692023224830190664 + 13794184602867327737*2^64 + 2792740855389182915*2^128 + 1459704295*2^192,11639828510953375152 + 14136261912159988263*2^64 + 3975411748733172874*2^128 + 370984585*2^192,5598317359222801728 + 17918325569563710084*2^64 + 17386953783405024485*2^128 + 1419519403*2^192,4158690527230217528 + 6969392055650886751*2^64 + 11418566300104758863*2^128 + 154237916*2^192,6323200123410185728 + 7837649444987943805*2^64 + 6159170058455383818*2^128 + 906566321*2^192,11339515251550166800 + 11566526594651513149*2^64 + 2959100293752760922*2^128 + 1229665239*2^192;\
17888487637429963724 + 16791739306297138090*2^64 + 3887867812629571586*2^128 + 1773092219*2^192,12386682699076434996 + 3407271417392413469*2^64 + 1392634724760645961*2^128 + 1073131743*2^192,3384419454789506548 + 14028018843424437600*2^64 + 8560866447636717717*2^128 + 730734719*2^192,11580232544696671828 + 3221473558924438539*2^64 + 14008550659228202673*2^128 + 1853632606*2^192,11859112405983377092 + 15084013249117164746*2^64 + 5790399158345611289*2^128 + 1749369140*2^192,4584899347177081760 + 17378120048051679*2^64 + 4732654019859397367*2^128 + 1772164919*2^192,6858804573329470576 + 6810592925126663080*2^64 + 16392380377318436084*2^128 + 986059823*2^192,9093409760383837824 + 11566886690685505138*2^64 + 16731897482406184760*2^128 + 181295605*2^192,15207461131763986448 + 15997977184020934128*2^64 + 5637902136734146484*2^128 + 1887628064*2^192,8915054910408700032 + 9679936687114676882*2^64 + 1884988278730300854*2^128 + 609115076*2^192,7975410415788272816 + 13702532422121927954*2^64 + 2858185379505741755*2^128 + 1117555132*2^192,7031914012564989792 + 7022199427019706489*2^64 + 15085717432763034176*2^128 + 1459427874*2^192,1957414866393637696 + 7639646223006657094*2^64 + 15252093854188375374*2^128 + 182112138*2^192,15229351593704110240 + 2813548592559722137*2^64 + 15729800197687867350*2^128 + 138004754*2^192,8838599405833618192 + 3696471000508533548*2^64 + 17523135992114885028*2^128 + 1185204769*2^192,11188468309698205664 + 16277343996355941848*2^64 + 17143825940767112334*2^128 + 744712959*2^192,11546611387684632208 + 16283881451353512948*2^64 + 13392075103160793346*2^128 + 1038639*2^192,16376941937023967024 + 7608713434288408509*2^64 + 875299808292192127*2^128 + 1315332360*2^192;\
17018639262612008366 + 5461085894020551336*2^64 + 16696780185677152951*2^128 + 388272974*2^192,9254139601947168433 + 10561857620619995438*2^64 + 6800992911510248360*2^128 + 3029126217*2^192,6194493461995113572 + 11780500093150899781*2^64 + 15478894768542332724*2^128 + 3865956452*2^192,8107149074003679938 + 11699873280933057903*2^64 + 14664947126449906226*2^128 + 1169298375*2^192,3126347813370080680 + 12430904079209381125*2^64 + 15568709713868497658*2^128 + 1419598710*2^192,6231883003269478824 + 14211532283500648868*2^64 + 12594925996817464154*2^128 + 3387331634*2^192,8400007435523800364 + 9425197440589693657*2^64 + 13155943793754676545*2^128 + 1827963871*2^192,15646741586070680984 + 14451472247236023310*2^64 + 7195765589104804457*2^128 + 1518810765*2^192,17150702250967575104 + 6144568725163733749*2^64 + 13716535064912112729*2^128 + 577914465*2^192,6819728520580612824 + 6597286161848318876*2^64 + 995853728967960934*2^128 + 2669096634*2^192,950520646413024092 + 8967974667410177139*2^64 + 7613734327785320198*2^128 + 2750523751*2^192,6711313925836873736 + 17976712702973870917*2^64 + 15876792323570929168*2^128 + 186154968*2^192,3536534812852584680 + 2686140239609988812*2^64 + 8854485422678318830*2^128 + 3191803422*2^192,16214859661575811936 + 9276525654195410595*2^64 + 1279993923053780876*2^128 + 2124531454*2^192,3954485311021242336 + 17510828894010795799*2^64 + 10643926848382832497*2^128 + 1236238585*2^192,1196112773490725640 + 5952393804444001101*2^64 + 5865317877867132773*2^128 + 2005101842*2^192,16950010394455871136 + 7596830315740694719*2^64 + 10321950568198647611*2^128 + 2474217244*2^192,14220376867572300096 + 9795843142870948437*2^64 + 6870587209499864378*2^128 + 2880380453*2^192;\
15224473436997309764 + 539925313250576217*2^64 + 5478711012033374900*2^128 + 1143107176*2^192,11405435947742957446 + 18175323748438535093*2^64 + 8207545122643509872*2^128 + 1113447454*2^192,4474431339839359040 + 16571379913128758089*2^64 + 7498068355759231098*2^128 + 2868925901*2^192,10373516042698786816 + 14769132548792203833*2^64 + 8623700551864099688*2^128 + 3132322185*2^192,1550913843707658360 + 18445692643764194614*2^64 + 8056778488977578321*2^128 + 1219847782*2^192,7340142027288923544 + 228438088565392320*2^64 + 10449447615419156192*2^128 + 3965362723*2^192,2892807208294535192 + 17919622236327914749*2^64 + 16506756645607234485*2^128 + 2928460806*2^192,14448779082630580048 + 16353621845834074567*2^64 + 10056739372823129639*2^128 + 1180510326*2^192,5378144434403130608 + 2746869273017318073*2^64 + 4221156745654050195*2^128 + 2627883714*2^192,2119512270248742240 + 13422996495210002314*2^64 + 7509388303333681801*2^128 + 2974339464*2^192,14311448409658559056 + 1597214547780985140*2^64 + 7459141304945106470*2^128 + 482627473*2^192,12162771798949612880 + 16982432263689195789*2^64 + 15816240372506134625*2^128 + 4103451751*2^192,1387930942266271456 + 10868032427289868565*2^64 + 13955377528889536898*2^128 + 4106843905*2^192,14907708654534130016 + 1750397514847153276*2^64 + 8855101319879392798*2^128 + 113735874*2^192,12409032856563535200 + 3387347930067462278*2^64 + 7775798708307883236*2^128 + 1936833894*2^192,5126145563929190560 + 2816991969794028856*2^64 + 12485948577830937108*2^128 + 3051015318*2^192,14408787050445259120 + 11718355222407335505*2^64 + 15393739554436995691*2^128 + 3571332797*2^192,15068770960154256576 + 16645369665103138953*2^64 + 18241073681185541828*2^128 + 758654286*2^192;\
16044792433738440644 + 6485781896941239926*2^64 + 702045715060938347*2^128 + 3324522621*2^192,6544010526881506323 + 16250269548858735130*2^64 + 1154801519163117499*2^128 + 1129458814*2^192,8840005985883352166 + 11309497817154282137*2^64 + 18175782175832782883*2^128 + 1331949145*2^192,1450161830387269260 + 9431967211241478689*2^64 + 12569859762515807668*2^128 + 424193941*2^192,324281321848158232 + 14441434456934934098*2^64 + 6968074021598710559*2^128 + 2521515327*2^192,7857082739779159040 + 6705972761301630677*2^64 + 7631024080246028534*2^128 + 3126600105*2^192,1182528283456636164 + 10795178377898787990*2^64 + 4427909553220831396*2^128 + 3824580641*2^192,11769604403814105128 + 7697876404800341089*2^64 + 5626570900738706669*2^128 + 4002607949*2^192,7822914948691893888 + 8100298511633413574*2^64 + 8579103049293318688*2^128 + 1695334072*2^192,4805760739217241976 + 11722759024791865174*2^64 + 15209894918285189880*2^128 + 1427707143*2^192,5264124648362324972 + 12778242513591700070*2^64 + 15085874573016515942*2^128 + 3634863672*2^192,14975522738331950496 + 1629339091270346738*2^64 + 17758381544067035741*2^128 + 90212833*2^192,2476459796190977688 + 2117484608457129622*2^64 + 5455732770914801578*2^128 + 4182888106*2^192,14302854727597274632 + 13305154676819723261*2^64 + 3163305283141574753*2^128 + 4028683245*2^192,5426176996958775224 + 5684284323510215747*2^64 + 14749908452221797697*2^128 + 4134438706*2^192,7200279526457880232 + 5398633285677927683*2^64 + 1675331745873894517*2^128 + 4030874884*2^192,10241322534639211744 + 6913213571198001173*2^64 + 5237496681573707360*2^128 + 2805427841*2^192,4956290468215396352 + 6650628011993324943*2^64 + 4466272999911314701*2^128 + 708761787*2^192;\
12428112975894174904 + 17211095040308147248*2^64 + 188231472712817505*2^128 + 3025514844*2^192,382936834395934914 + 16571803776205448430*2^64 + 14993144633053650978*2^128 + 444878798*2^192,12104542256546727568 + 860685341091915207*2^64 + 10717481212079604855*2^128 + 235550442*2^192,10244390608562374140 + 12954182408375905999*2^64 + 12489239018289311503*2^128 + 4227456648*2^192,17238144047166335888 + 13790704083361745355*2^64 + 318376657418993262*2^128 + 235787834*2^192,482892593582142800 + 12288217190008589899*2^64 + 9000880436022638280*2^128 + 1015448231*2^192,7024482462729083432 + 13620282478596106652*2^64 + 107671718577029307*2^128 + 792660447*2^192,9453373589113040432 + 16343837165049967606*2^64 + 17320732750898994915*2^128 + 2246701330*2^192,12351543679848518200 + 12010138487383691760*2^64 + 8459984063662666333*2^128 + 1727131300*2^192,7270589985922542608 + 11222721820467305418*2^64 + 13456392499331307306*2^128 + 2757045224*2^192,8094830972120525888 + 16844173450364177022*2^64 + 5567423780375912408*2^128 + 3140448414*2^192,2107333239997807648 + 925061291640155856*2^64 + 5019457705088947800*2^128 + 1000030620*2^192,4875984334566564880 + 1455903013636356008*2^64 + 13431870357319185350*2^128 + 131561104*2^192,6767840786075302752 + 12980565212556305607*2^64 + 17642443960157861240*2^128 + 1932294532*2^192,4326387482724272624 + 12452490072509249810*2^64 + 2693386521872703934*2^128 + 1819076782*2^192,16923030575541745872 + 7201461659249423347*2^64 + 4982389036019789224*2^128 + 4187895091*2^192,18424091920141941632 + 11906714595730205586*2^64 + 11180905256052027455*2^128 + 2189370093*2^192,16688316108587570816 + 5736956651863795413*2^64 + 7562653256236490278*2^128 + 3355203062*2^192;\
16687247584830871058 + 7202613995197477809*2^64 + 7923643894658163699*2^128 + 1623929712*2^192,8117451374625041315 + 7479755095195418861*2^64 + 4021582675986799457*2^128 + 3332679788*2^192,7182036451100675820 + 8219582990926531173*2^64 + 2673648728631027068*2^128 + 3307325564*2^192,7586785959756011598 + 7708746402075967500*2^64 + 1732307108868288551*2^128 + 2160225106*2^192,7738243533443996302 + 436047875429143107*2^64 + 1579259613454751617*2^128 + 1357906203*2^192,9909245018009525744 + 4135802995801812374*2^64 + 3088030230548572164*2^128 + 4197527735*2^192,1889312055128925348 + 2636119253463491599*2^64 + 9512562132822134322*2^128 + 819788201*2^192,9643721869966552840 + 14925377178596726331*2^64 + 2296118444406119455*2^128 + 1143880926*2^192,7613409419266791400 + 17078231361317123705*2^64 + 7302238218969858680*2^128 + 3882714248*2^192,1653435666679902952 + 14255952292584700750*2^64 + 10607735391138648879*2^128 + 3698333075*2^192,6093929816518604012 + 4925375739717654069*2^64 + 5573558941069401651*2^128 + 1740548167*2^192,15510325228584836464 + 5181810252234320849*2^64 + 13773799557565821615*2^128 + 3333848419*2^192,12453044300415016312 + 14115723504714803293*2^64 + 7740965102960494093*2^128 + 3732650030*2^192,1593458807174618664 + 7510202332757092011*2^64 + 8341695481685391637*2^128 + 3473307837*2^192,6194910068599608552 + 11163336152367669083*2^64 + 921718624851688981*2^128 + 1711554251*2^192,4280125368546637464 + 1925712300293001467*2^64 + 8330621429447835304*2^128 + 4232401715*2^192,15021576330255122440 + 4573414672933966970*2^64 + 3459730449257545835*2^128 + 2171510218*2^192,18255539334172257336 + 9431364268638224754*2^64 + 7669270096363142810*2^128 + 1644796684*2^192;\
9636307478107958156 + 6943279076703972057*2^64 + 18036813807354792357*2^128 + 140972468*2^192,10541105649970484057 + 3859268165406010718*2^64 + 14051304155686290879*2^128 + 2025111112*2^192,13447912811576936946 + 6990662004981629036*2^64 + 3773613000908480738*2^128 + 1819589884*2^192,2569223699135334096 + 8599224944070542408*2^64 + 4638026511528097168*2^128 + 3881669263*2^192,3146017244051121320 + 1057815170907853562*2^64 + 16806555672377816716*2^128 + 2452060345*2^192,4392511115749345224 + 1520957993513577067*2^64 + 11721970407243984465*2^128 + 3685789352*2^192,10683282961644209180 + 17316832469482107543*2^64 + 2486639111435039242*2^128 + 1565878882*2^192,13929483597376435728 + 16691122893414595455*2^64 + 18105068696320314857*2^128 + 3966491408*2^192,13551618667414260784 + 15670889169708320688*2^64 + 15003292731947710682*2^128 + 2850759282*2^192,9188933552433123192 + 16099802156151315421*2^64 + 498913248456708030*2^128 + 3167878415*2^192,14596395637106154516 + 11203350888406720784*2^64 + 6989951439116737155*2^128 + 1447235246*2^192,17147715061896293472 + 5966287723270625982*2^64 + 976146627913929289*2^128 + 4280525316*2^192,311695639276419872 + 15416480492817291740*2^64 + 14398963491885890345*2^128 + 243861642*2^192,207525390250554072 + 12970913240471831301*2^64 + 5165641571802754974*2^128 + 3659621548*2^192,15813769483072705688 + 18082700043215185987*2^64 + 17992260787986309239*2^128 + 3185051304*2^192,11678623173592653416 + 12400366891837570623*2^64 + 8019142365592463472*2^128 + 3446496208*2^192,220193741423846944 + 16478185873481448319*2^64 + 1515748767973268838*2^128 + 3493534017*2^192,6781586707964990928 + 18218218930135668114*2^64 + 6729198168610542000*2^128 + 1722544578*2^192;\
11208455853352647780 + 2810051121216703494*2^64 + 12141795476636246104*2^128 + 2796231*2^192,15499469748011895892 + 10020875756590674122*2^64 + 16800666282774937570*2^128 + 2099396761*2^192,2878336417964185788 + 12769847858057748700*2^64 + 8403605639544536555*2^128 + 1648592713*2^192,16958355679642570220 + 2017535552646616822*2^64 + 6798476547682831387*2^128 + 447110814*2^192,8536209434017090512 + 11350517420308074859*2^64 + 8968831140696192018*2^128 + 940118524*2^192,6977644797533223008 + 6887545010344077484*2^64 + 14734169426435748565*2^128 + 2141323225*2^192,12601525319859223632 + 16606515788672823912*2^64 + 10037993526689160023*2^128 + 962817680*2^192,907528368687548368 + 3316220633002065835*2^64 + 16007212861529787860*2^128 + 1657947082*2^192,12471667341100006848 + 8056315921286743859*2^64 + 13392638665583453734*2^128 + 662864573*2^192,16807474558823619168 + 10664508063253108397*2^64 + 5578572029253131866*2^128 + 1238944754*2^192,17093878808131360160 + 1707043922829017167*2^64 + 17679045383453323052*2^128 + 203209077*2^192,7963659600077905552 + 1736560553606689536*2^64 + 3322963985123300438*2^128 + 1319014833*2^192,6533497703893967040 + 13516316835979313850*2^64 + 6733111865571844399*2^128 + 1004142634*2^192,1350932715393259680 + 11502525750026351274*2^64 + 1393000134308539780*2^128 + 1077097216*2^192,10056900311134989168 + 10361300777252790637*2^64 + 12213379701252836519*2^128 + 1505608041*2^192,12803013877847838304 + 13418747918883677258*2^64 + 687603779939085268*2^128 + 208054307*2^192,2738810546911608768 + 16564096079428667947*2^64 + 14738043303401618360*2^128 + 1168436984*2^192,9996977356446037920 + 10353519588806473597*2^64 + 7144053180626570042*2^128 + 725202669*2^192;\
6569319549193524304 + 13774075349867346381*2^64 + 6291193587983705443*2^128 + 2793090813*2^192,6281934332070622164 + 14592835288734307957*2^64 + 16654608847449717031*2^128 + 2506757897*2^192,9298849346447022088 + 10104821670376626964*2^64 + 10788589361713977739*2^128 + 2710452809*2^192,5386377182132668820 + 18446189807234951020*2^64 + 457761373074776656*2^128 + 458059667*2^192,11779698158717029348 + 15845950629590552057*2^64 + 9965569301032958200*2^128 + 760747288*2^192,13060961658570207896 + 13198985865279967635*2^64 + 14542084259406802487*2^128 + 3131174973*2^192,13130887646723931552 + 793932870074594455*2^64 + 16338376009891594540*2^128 + 1911342616*2^192,2611318243840043200 + 13150549264312165413*2^64 + 12643780579708046374*2^128 + 347364395*2^192,14168895269862199904 + 7093052257773115450*2^64 + 9860016595452450413*2^128 + 4259941955*2^192,7052515805874109808 + 15573279965442620423*2^64 + 8081606310647066417*2^128 + 35881102*2^192,8848750243979496816 + 9788037996753558098*2^64 + 8401729040661222033*2^128 + 3673018333*2^192,13200017013986781008 + 12962553675351623572*2^64 + 9890011848680916910*2^128 + 1214536232*2^192,12425696234504822944 + 5864269192073927048*2^64 + 13258180741708495562*2^128 + 184799296*2^192,17960073689559420256 + 17484075953159501274*2^64 + 4214477605847772836*2^128 + 4152180557*2^192,10135169253606667968 + 7427603709037839527*2^64 + 3553761822009174303*2^128 + 3168513000*2^192,9099829141717152816 + 16302288028825986903*2^64 + 6410924882324713275*2^128 + 1561390621*2^192,1201381223771589984 + 3548260029673295891*2^64 + 2850400722233168122*2^128 + 2726879212*2^192,13207851400146999792 + 11095972130588857014*2^64 + 5051560655763405779*2^128 + 63859216*2^192;\
15071620945682066724 + 8780520949033995583*2^64 + 5858581681099461276*2^128 + 3044812208*2^192,14026761909046983278 + 12137404121727357848*2^64 + 3540376918631664714*2^128 + 2969392370*2^192,16849782703948358104 + 8918884284692252201*2^64 + 1370655596025061436*2^128 + 3510391665*2^192,9508509296617596204 + 7170630700833229870*2^64 + 7546506363269733743*2^128 + 3924079911*2^192,8089832873284574272 + 5412704599517309034*2^64 + 6012152276785403004*2^128 + 1935439586*2^192,12019582002247000368 + 3846533642776557408*2^64 + 16903160647367646699*2^128 + 670056582*2^192,7104993090837435048 + 12137844081184170265*2^64 + 11305077082220451306*2^128 + 4115156355*2^192,1461910208509096656 + 4634959631339623232*2^64 + 1315738642500640834*2^128 + 4196881224*2^192,14232853675815832832 + 6334249840411447150*2^64 + 9097232301991229171*2^128 + 1529469944*2^192,3643980203966317200 + 17299024091774442794*2^64 + 5948907108762637464*2^128 + 3313797877*2^192,5604277467923133704 + 11300924402078675002*2^64 + 8745743309823575800*2^128 + 2207980099*2^192,480199600857730416 + 1732213170931358361*2^64 + 13700498818184831385*2^128 + 222907711*2^192,5556455147394703600 + 9410432138912316879*2^64 + 5809915592695986071*2^128 + 2492299532*2^192,4712112577410359504 + 5990673185903257335*2^64 + 13623783958696241547*2^128 + 3207064112*2^192,3781452458659862272 + 9809686816251903719*2^64 + 11038935598904744809*2^128 + 2809828853*2^192,7994926715817491552 + 12076322124973652725*2^64 + 13002592761293844583*2^128 + 4079477934*2^192,2433214237427282560 + 14640326023673169738*2^64 + 16630842015179354953*2^128 + 279919581*2^192,16897295425939158144 + 12098647465250308257*2^64 + 283173007682383739*2^128 + 1976867938*2^192;\
12848795412880575508 + 3991045921816304174*2^64 + 14217046395550157174*2^128 + 1194013709*2^192,731867333019764941 + 6419773780226797803*2^64 + 12192271280165918124*2^128 + 3051860739*2^192,9507726310472774962 + 16637599821848500734*2^64 + 12812515308791239491*2^128 + 1708884030*2^192,16740344173827088996 + 9790040394248208671*2^64 + 703407536884297357*2^128 + 3706301728*2^192,16947855687139537688 + 13737261249193867008*2^64 + 5754334421345811587*2^128 + 2516375061*2^192,2243182386461515424 + 8707758220050698144*2^64 + 3898788945635403952*2^128 + 3343585641*2^192,2134705783878359932 + 14969410417231173286*2^64 + 1400905485369574086*2^128 + 1770041791*2^192,6095897960342382392 + 5919031416011475488*2^64 + 2073351907655902512*2^128 + 1048872554*2^192,1795988946121514624 + 18263969234754194924*2^64 + 9640851381958770956*2^128 + 743081681*2^192,4297466280292676552 + 18187414792418231262*2^64 + 15565134099134361335*2^128 + 1248477708*2^192,3502384619678600948 + 9546562432276929042*2^64 + 13412801206324563404*2^128 + 1413000038*2^192,6214581893955145936 + 551733647176764513*2^64 + 17289815986863301458*2^128 + 1324938065*2^192,9757548864033578808 + 13363940463277444179*2^64 + 533829776921859168*2^128 + 1873639235*2^192,16009713090680097496 + 16655798024719558892*2^64 + 17853381596462795846*2^128 + 2272678098*2^192,13591245539148926248 + 3064503574542246224*2^64 + 66273016890800682*2^128 + 3739370460*2^192,17804486539167082968 + 9751237680427201626*2^64 + 10220691900214196090*2^128 + 3692281254*2^192,11789660921856881696 + 2986492093358464503*2^64 + 749153703232893876*2^128 + 2359449565*2^192,12858177709527478256 + 17360690083355042911*2^64 + 11763334691669426863*2^128 + 4053074050*2^192;\
17118362840299056828 + 5827661971599078418*2^64 + 10689582829320517156*2^128 + 3996498048*2^192,12702561860872128087 + 2414533187911455010*2^64 + 11671644913727436062*2^128 + 4013840229*2^192,11651331557053048550 + 9825753420108412957*2^64 + 5400654675018207538*2^128 + 2597418279*2^192,9956807926804261716 + 4057966851189254091*2^64 + 8181993654177886467*2^128 + 1898538650*2^192,5238235806888921248 + 3493457340006301832*2^64 + 16265113259422717113*2^128 + 2925993751*2^192,13997845496111901664 + 18135294386385200271*2^64 + 2697619877403137766*2^128 + 3156265301*2^192,6146810234835942196 + 9464460938055825509*2^64 + 17098461190338946410*2^128 + 3542382289*2^192,9070763638626632808 + 12742182902854780290*2^64 + 7491633847906104837*2^128 + 2692434207*2^192,3523549657981569760 + 10389579453041873513*2^64 + 12625423613897118934*2^128 + 1969259288*2^192,14775829156772342616 + 14724288761672102456*2^64 + 7753095499338291345*2^128 + 901186982*2^192,12652312116670347660 + 13049656494315480242*2^64 + 7965412263672702933*2^128 + 112164494*2^192,15548832624722113696 + 2726104673099892393*2^64 + 5195695092296816521*2^128 + 4265783630*2^192,6822157034627715768 + 9765793174067992440*2^64 + 6096347642411231485*2^128 + 615857943*2^192,14351890567265287112 + 6533468608239576927*2^64 + 531352940360349161*2^128 + 3882462426*2^192,1826532769651101176 + 6657636362707413840*2^64 + 4459175054430696334*2^128 + 3224480637*2^192,12167973701406026152 + 17705622852637994195*2^64 + 15765027327031628005*2^128 + 2278057871*2^192,7007194186025436144 + 1414186316374317802*2^64 + 10171095710870973182*2^128 + 2043031526*2^192,1354379367300984560 + 15875130699882513054*2^64 + 2728528238002780082*2^128 + 3358973686*2^192]
/* 
This matrix times 2^(-2) should be the matrix of frobenius.
*/ 
B = 2^(-2) * A; 
/* Freed 5003 lists. */
The sign is: 1
The characteristic polynomial is: x^18 + x^17 - 2*x^16 + 5*x^15 - 9*x^14 - 30*x^13 + 36*x^12 - 76*x^11 - 88*x^10 + 560*x^9 - 352*x^8 - 1216*x^7 + 2304*x^6 - 7680*x^5 - 9216*x^4 + 20480*x^3 - 32768*x^2 + 65536*x + 262144
Its Newton polygon is: [2, 2, 2, 2, 4/3, 4/3, 4/3, 1, 1, 1, 1, 2/3, 2/3, 2/3, 0, 0, 0, 0]
Its factorization is: Mat([x^18 + x^17 - 2*x^16 + 5*x^15 - 9*x^14 - 30*x^13 + 36*x^12 - 76*x^11 - 88*x^10 + 560*x^9 - 352*x^8 - 1216*x^7 + 2304*x^6 - 7680*x^5 - 9216*x^4 + 20480*x^3 - 32768*x^2 + 65536*x + 262144, 1])
The valuation of f-g is: 28
The valuation of subst(g,x,A) is: 27
