/* Comments begin... 
No set up needed.

Please input coefficients below.
Coefficient of   x^23                     = Coefficient of   x^12 * w^2               = Coefficient of   x^6 * y^6 * w^1         = Coefficient of   x^5 * y^5 * z^1 * w^1   = Coefficient of   x^4 * y^4 * z^2 * w^1   = Coefficient of   x^3 * y^3 * z^3 * w^1   = Coefficient of   x^2 * y^2 * z^4 * w^1   = Coefficient of   x^1 * y^1 * z^5 * w^1   = Coefficient of   x^1 * w^4               = Coefficient of   y^12                     = Coefficient of   z^6 * w^1               = 
Here is the polynomial we're using this time:

1 + 0*2^64 + 0*2^128 + 0*2^192*x^23 + 1 + 0*2^64 + 0*2^128 + 0*2^192*x^12*w^2 + 1 + 0*2^64 + 0*2^128 + 0*2^192*x^6*y^6*w^1 + 1 + 0*2^64 + 0*2^128 + 0*2^192*x^5*y^5*z^1*w^1 + 1 + 0*2^64 + 0*2^128 + 0*2^192*x^3*y^3*z^3*w^1 + 1 + 0*2^64 + 0*2^128 + 0*2^192*x^2*y^2*z^4*w^1 + 1 + 0*2^64 + 0*2^128 + 0*2^192*x^1*w^4 + 1 + 0*2^64 + 0*2^128 + 0*2^192*y^12 + 1 + 0*2^64 + 0*2^128 + 0*2^192*z^6*w^1


Allocate G_len 20 elements and old = 0.
Allocate M_len = 400 elements.
Allocate G_len 40 elements and old = 20.
Allocate M_len = 800 elements.
Allocate G_len 80 elements and old = 40.
Allocate M_len = 1600 elements.
Allocate M_len = 3200 elements.
Allocate G_len 160 elements and old = 80.
Allocate M_len = 6400 elements.
Allocate M_len = 12800 elements.
Allocate G_len 320 elements and old = 160.
Allocate M_len = 25600 elements.
Allocate M_len = 51200 elements.
Allocate G_len 640 elements and old = 320.
Allocate M_len = 102400 elements.
Allocate M_len = 204800 elements.
Allocate G_len 1280 elements and old = 640.
Allocate M_len = 409600 elements.
Allocate M_len = 819200 elements.
The final length of G is 816
[5, 5, 0, 1, 0]  	241	4 
[5, 4, 1, 1, 0]  	253	6 
[22, 0, 0, 0, 0]  	264	8  <--- 1
[12, 0, 0, 2, 0]  	276	3 
[4, 4, 2, 1, 0]  	276	6 
[16, 6, 0, 0, 0]  	330	12 
[6, 13, 0, 0, 0]  	371	9 
[8, 12, 0, 0, 0]  	372	13 
[11, 11, 0, 0, 0]  	385	12 
[10, 10, 1, 0, 0]  	385	12 
[10, 3, 2, 2, 0]  	391	5 
[6, 2, 6, 1, 0]  	394	9 
[8, 1, 6, 1, 0]  	395	12 
[7, 12, 1, 0, 0]  	395	12 
[10, 0, 6, 1, 0]  	396	15 
[9, 11, 1, 0, 0]  	396	15 
[21, 5, 1, 0, 0]  	402	14 
[10, 2, 3, 2, 0]  	403	9 
[8, 0, 7, 1, 0]  	407	13 
[9, 10, 2, 0, 0]  	408	15 
[8, 9, 3, 0, 0]  	408	15 
[20, 3, 3, 0, 0]  	414	14 
[6, 12, 2, 0, 0]  	418	11 
[8, 11, 2, 0, 0]  	419	14 
[20, 5, 2, 0, 0]  	425	15 
[9, 2, 4, 2, 0]  	426	9 
[7, 0, 8, 1, 0]  	430	12 
[8, 3, 4, 2, 0]  	437	8 
[6, 1, 6, 2, 0]  	437	8 
[21, 2, 4, 0, 0]  	438	12 
[8, 0, 6, 2, 0]  	438	9 
[5, 3, 7, 1, 0]  	440	8 
[6, 1, 8, 1, 0]  	441	10 
[7, 8, 5, 0, 0]  	443	14 
[6, 7, 6, 0, 0]  	443	14 
[20, 3, 2, 1, 0]  	445	18 
[14, 9, 2, 0, 0]  	445	18 
[5, 2, 6, 2, 0]  	448	6 
[8, 2, 5, 2, 0]  	449	8 
[6, 0, 7, 2, 0]  	449	8 
[20, 0, 6, 0, 0]  	450	12 
[5, 17, 0, 0, 0]  	451	7 
[4, 16, 1, 0, 0]  	451	7 
[4, 1, 9, 1, 0]  	452	8 
[6, 0, 9, 1, 0]  	453	11 
[7, 10, 4, 0, 0]  	454	13 
[6, 9, 5, 0, 0]  	454	13 
[6, 6, 7, 0, 0]  	455	12 
[20, 2, 3, 1, 0]  	457	18 
[14, 8, 3, 0, 0]  	457	18 
[4, 0, 8, 2, 0]  	460	7 
[20, 2, 5, 0, 0]  	461	14 
[4, 18, 0, 0, 0]  	462	10 
[4, 15, 2, 0, 0]  	463	8 
[4, 3, 8, 1, 0]  	463	6 
[6, 11, 4, 0, 0]  	465	12 
[18, 2, 4, 1, 0]  	468	18 
[12, 8, 4, 0, 0]  	468	19 
[3, 16, 2, 0, 0]  	474	11 
[3, 4, 8, 1, 0]  	474	7 
[4, 14, 3, 0, 0]  	475	8 
[5, 0, 10, 1, 0]  	476	10 
[5, 6, 8, 0, 0]  	478	13 
[4, 5, 9, 0, 0]  	478	13 
[11, 6, 6, 0, 0]  	480	18 
[15, 7, 4, 0, 0]  	481	18 
[14, 6, 5, 0, 0]  	481	14 
[16, 2, 7, 0, 0]  	483	10 
[2, 2, 10, 1, 0]  	486	6 
[2, 0, 0, 7, 0]  	486	6 
[4, 13, 4, 0, 0]  	487	8 
[5, 8, 7, 0, 0]  	489	12 
[4, 7, 8, 0, 0]  	489	12 
[8, 5, 8, 0, 0]  	491	16 
[13, 7, 5, 0, 0]  	492	17 
[11, 5, 7, 0, 0]  	492	16 
[19, 1, 7, 0, 0]  	496	14 
[4, 12, 5, 0, 0]  	499	10 
[3, 5, 10, 0, 0]  	501	12 
[19, 0, 8, 0, 0]  	508	13 
[4, 3, 0, 6, 0]  	513	13 
[3, 4, 11, 0, 0]  	513	12 
[3, 0, 10, 2, 0]  	518	6 
[18, 1, 8, 0, 0]  	519	16 
[1, 4, 10, 1, 0]  	520	7 
[4, 10, 7, 0, 0]  	523	10 
[7, 4, 10, 0, 0]  	526	14 
[6, 3, 11, 0, 0]  	526	13 
[4, 5, 1, 5, 0]  	528	10 
[3, 17, 1, 1, 0]  	528	7 
[3, 5, 7, 2, 0]  	528	6 
[2, 1, 10, 2, 0]  	529	6 
[18, 0, 9, 0, 0]  	531	13 
[2, 16, 4, 0, 0]  	532	8 
[4, 0, 12, 1, 0]  	534	9 
[3, 8, 9, 0, 0]  	535	10 
[2, 7, 10, 0, 0]  	535	10 
[4, 14, 1, 2, 0]  	537	13 
[2, 0, 11, 2, 0]  	541	6 
[17, 1, 9, 0, 0]  	542	16 
[1, 2, 12, 1, 0]  	544	7 
[8, 2, 4, 4, 0]  	546	11 
[3, 10, 8, 0, 0]  	546	9 
[3, 5, 0, 6, 0]  	547	10 
[5, 3, 12, 0, 0]  	549	12 
[15, 4, 8, 0, 0]  	552	13 
[17, 0, 10, 0, 0]  	554	15 
[2, 14, 6, 0, 0]  	556	9 
[5, 1, 6, 4, 0]  	557	11 
[7, 0, 6, 4, 0]  	558	10 
[3, 5, 6, 3, 0]  	559	12 
[3, 4, 1, 6, 0]  	559	10 
[4, 3, 7, 3, 0]  	560	12 
[3, 3, 13, 0, 0]  	560	11 
[2, 4, 9, 2, 0]  	563	9 
[1, 3, 10, 2, 0]  	563	6 
[15, 3, 9, 0, 0]  	564	14 
[16, 1, 10, 0, 0]  	565	15 
[5, 0, 7, 4, 0]  	569	10 
[2, 5, 1, 6, 0]  	570	9 
[4, 17, 0, 2, 0]  	571	12 
[3, 16, 1, 2, 0]  	571	10 
[3, 4, 7, 3, 0]  	571	9 
[3, 3, 2, 6, 0]  	571	11 
[2, 2, 3, 6, 0]  	571	9 
[15, 2, 10, 0, 0]  	576	13 
[16, 0, 11, 0, 0]  	577	13 
[4, 13, 1, 3, 0]  	580	11 
[3, 13, 7, 0, 0]  	580	9 
[3, 1, 13, 1, 0]  	580	7 
[2, 7, 0, 6, 0]  	581	8 
[2, 17, 1, 2, 0]  	582	9 
[2, 5, 7, 3, 0]  	582	9 
[2, 4, 2, 6, 0]  	582	9 
[2, 3, 14, 0, 0]  	583	9 
[14, 3, 10, 0, 0]  	587	12 
[15, 1, 11, 0, 0]  	588	14 
[3, 0, 14, 1, 0]  	592	7 
[2, 11, 9, 0, 0]  	592	9 
[2, 19, 0, 2, 0]  	593	7 
[2, 7, 6, 3, 0]  	593	7 
[1, 7, 12, 0, 0]  	593	7 
[2, 16, 2, 2, 0]  	594	9 
[2, 5, 13, 0, 0]  	594	8 
[2, 4, 8, 3, 0]  	594	7 
[3, 1, 4, 6, 0]  	595	9 
[15, 0, 12, 0, 0]  	600	16 
[4, 2, 7, 4, 0]  	603	7 
[2, 1, 14, 1, 0]  	603	6 
[1, 20, 0, 2, 0]  	604	7 
[1, 9, 11, 0, 0]  	604	7 
[1, 6, 13, 0, 0]  	605	6 
[1, 5, 8, 3, 0]  	605	6 
[1, 2, 10, 3, 0]  	606	7 
[2, 11, 0, 5, 0]  	607	9 
[1, 3, 0, 8, 0]  	609	6 
[2, 2, 6, 5, 0]  	610	10 
[2, 0, 15, 1, 0]  	615	6 
[1, 11, 10, 0, 0]  	615	6 
[1, 9, 0, 6, 0]  	615	5 
[1, 6, 2, 6, 0]  	616	5 
[1, 5, 14, 0, 0]  	617	6 
[1, 4, 9, 3, 0]  	617	7 
[1, 12, 0, 5, 0]  	618	7 
[2, 23, 0, 1, 0]  	619	8 
[2, 11, 6, 2, 0]  	619	8 
[10, 2, 13, 0, 0]  	621	10 
[1, 16, 5, 1, 0]  	621	7 
[1, 2, 1, 8, 0]  	621	6 
[14, 0, 13, 0, 0]  	623	12 
[2, 4, 7, 4, 0]  	625	8 
[1, 16, 7, 0, 0]  	625	7 
[1, 2, 3, 7, 0]  	625	6 
[1, 8, 1, 6, 0]  	627	4 
[1, 18, 2, 2, 0]  	628	4 
[1, 5, 3, 6, 0]  	628	4 
[1, 2, 5, 6, 0]  	629	5 
[0, 13, 0, 5, 0]  	629	5 
[2, 0, 6, 6, 0]  	630	8 
[1, 24, 0, 1, 0]  	630	8 
[1, 11, 1, 5, 0]  	630	7 
[3, 10, 1, 5, 0]  	631	8 
[2, 10, 7, 2, 0]  	631	7 
[8, 2, 14, 0, 0]  	632	12 
[1, 15, 6, 1, 0]  	633	7 
[1, 1, 2, 8, 0]  	633	6 
[13, 1, 13, 0, 0]  	634	14 
[1, 18, 6, 0, 0]  	636	8 
[1, 15, 8, 0, 0]  	637	5 
[1, 1, 4, 7, 0]  	637	5 
[1, 0, 16, 1, 0]  	638	5 
[0, 19, 2, 2, 0]  	639	3 
[0, 8, 13, 0, 0]  	639	3 
[1, 4, 4, 6, 0]  	640	4 
[0, 16, 4, 2, 0]  	640	4 
[1, 1, 6, 6, 0]  	641	6 
[0, 25, 0, 1, 0]  	641	6 
[1, 23, 1, 1, 0]  	642	7 
[1, 8, 9, 2, 0]  	643	6 
[13, 0, 14, 0, 0]  	646	12 
[3, 25, 1, 0, 0]  	646	10 
[1, 20, 5, 0, 0]  	647	7 
[1, 14, 9, 0, 0]  	649	8 
[0, 18, 3, 2, 0]  	651	2 
[0, 7, 14, 0, 0]  	651	2 
[0, 6, 9, 3, 0]  	651	2 
[1, 2, 0, 9, 0]  	652	3 
[1, 1, 12, 3, 0]  	653	5 
[1, 0, 7, 6, 0]  	653	5 
[0, 24, 1, 1, 0]  	653	5 
[2, 10, 2, 5, 0]  	654	7 
[1, 10, 8, 2, 0]  	654	5 
[7, 2, 15, 0, 0]  	655	7 
[2, 7, 4, 5, 0]  	655	5 
[1, 19, 4, 1, 0]  	655	5 
[10, 0, 4, 6, 0]  	656	11 
[12, 1, 14, 0, 0]  	657	13 
[1, 8, 0, 7, 0]  	658	6 
[1, 5, 2, 7, 0]  	659	6 
[0, 15, 9, 0, 0]  	660	4 
[0, 3, 15, 1, 0]  	660	4 
[0, 23, 0, 2, 0]  	661	5 
[0, 6, 15, 0, 0]  	663	1 
[0, 5, 10, 3, 0]  	663	1 
[0, 4, 5, 6, 0]  	663	1 
[0, 3, 0, 9, 0]  	663	1 
[0, 14, 6, 2, 0]  	664	3 
[0, 3, 17, 0, 0]  	664	3 
[0, 2, 12, 3, 0]  	664	3 
[1, 1, 18, 0, 0]  	665	5 
[1, 0, 13, 3, 0]  	665	5 
[2, 22, 2, 1, 0]  	666	6 
[8, 0, 5, 6, 0]  	667	9 
[1, 5, 6, 5, 0]  	667	7 
[12, 0, 15, 0, 0]  	669	8 
[3, 1, 8, 5, 0]  	669	8 
[2, 0, 9, 5, 0]  	669	8 
[1, 7, 1, 7, 0]  	670	5 
[0, 17, 8, 0, 0]  	671	5 
[0, 14, 10, 0, 0]  	672	5 
[0, 12, 0, 6, 0]  	672	4 
[0, 5, 16, 0, 0]  	675	1 
[0, 4, 11, 3, 0]  	675	1 
[0, 3, 6, 6, 0]  	675	1 
[0, 2, 1, 9, 0]  	675	1 
[1, 0, 2, 9, 0]  	676	4 
[0, 12, 2, 5, 0]  	676	3 
[1, 10, 3, 5, 0]  	677	5 
[6, 2, 16, 0, 0]  	678	9 
[1, 7, 5, 5, 0]  	678	4 
[0, 19, 5, 1, 0]  	678	4 
[3, 6, 5, 5, 0]  	679	5 
[1, 4, 7, 5, 0]  	679	6 
[10, 0, 16, 0, 0]  	680	10 
[3, 28, 0, 0, 0]  	680	8 
[0, 3, 10, 4, 0]  	683	3 
[1, 0, 6, 7, 0]  	684	5 
[0, 2, 7, 6, 0]  	687	1 
[0, 1, 2, 9, 0]  	687	1 
[0, 12, 8, 2, 0]  	688	3 
[0, 11, 3, 5, 0]  	688	3 
[1, 22, 3, 1, 0]  	689	3 
[1, 9, 4, 5, 0]  	689	3 
[0, 21, 4, 1, 0]  	689	3 
[0, 9, 10, 2, 0]  	689	3 
[5, 0, 18, 0, 0]  	690	7 
[2, 29, 0, 0, 0]  	691	9 
[1, 28, 1, 0, 0]  	691	7 
[0, 6, 14, 1, 0]  	694	3 
[0, 2, 11, 4, 0]  	695	3 
[0, 12, 12, 0, 0]  	696	4 
[0, 1, 8, 6, 0]  	699	1 
[0, 0, 3, 9, 0]  	699	1 
[0, 23, 3, 1, 0]  	700	3 
[0, 11, 9, 2, 0]  	700	3 
[5, 2, 17, 0, 0]  	701	4 
[0, 8, 11, 2, 0]  	701	3 
[0, 29, 1, 0, 0]  	702	5 
[0, 17, 7, 1, 0]  	702	4 
[1, 2, 9, 5, 0]  	703	6 
[0, 20, 7, 0, 0]  	705	3 
[0, 2, 17, 1, 0]  	707	3 
[0, 2, 19, 0, 0]  	711	1 
[0, 1, 14, 3, 0]  	711	1 
[0, 0, 9, 6, 0]  	711	1 
[4, 0, 19, 0, 0]  	713	5 
[0, 31, 0, 0, 0]  	713	3  <--- 2
[0, 7, 12, 2, 0]  	713	3 
[1, 0, 5, 8, 0]  	715	7 
[0, 2, 6, 7, 0]  	718	2 
[0, 11, 2, 6, 0]  	719	3 
[0, 1, 20, 0, 0]  	723	1 
[0, 0, 15, 3, 0]  	723	1 
[0, 20, 0, 4, 0]  	724	2 
[0, 8, 6, 5, 0]  	724	2 
[0, 6, 13, 2, 0]  	725	3 
[1, 25, 4, 0, 0]  	727	7 
[0, 1, 7, 7, 0]  	730	2 
[0, 10, 5, 5, 0]  	735	1 
[0, 9, 0, 8, 0]  	735	1 
[0, 0, 21, 0, 0]  	735	1  <--- 3
[3, 0, 20, 0, 0]  	736	4 
[0, 5, 14, 2, 0]  	737	3 
[1, 0, 0, 11, 0]  	738	6 
[0, 1, 13, 4, 0]  	742	2 
[0, 8, 1, 8, 0]  	747	1 
[0, 18, 2, 4, 0]  	748	2 
[0, 6, 8, 5, 0]  	748	2 
[0, 28, 3, 0, 0]  	749	3 
[1, 1, 11, 5, 0]  	750	7 
[0, 1, 19, 1, 0]  	754	2 
[0, 7, 2, 8, 0]  	759	1 
[1, 0, 12, 5, 0]  	762	5 
[0, 6, 3, 8, 0]  	771	1 
[0, 5, 4, 8, 0]  	783	1 
[0, 25, 6, 0, 0]  	785	4 
[0, 0, 0, 12, 0]  	792	1  <--- 4
[12, 0, 0, 1, 1]  	210	7 
[3, 3, 4, 1, 1]  	311	6 
[3, 2, 5, 1, 1]  	323	6 
[10, 3, 2, 1, 1]  	325	9 
[10, 2, 3, 1, 1]  	337	12 
[2, 14, 0, 0, 1]  	346	6 
[9, 2, 4, 1, 1]  	360	12 
[10, 11, 0, 0, 1]  	373	16 
[11, 0, 0, 4, 1]  	396	16 
[6, 1, 7, 1, 1]  	406	10 
[9, 3, 3, 2, 1]  	414	9 
[4, 13, 2, 0, 1]  	417	7 
[8, 8, 4, 0, 1]  	420	12 
[11, 1, 4, 2, 1]  	427	11 
[10, 0, 5, 2, 1]  	427	8 
[5, 1, 8, 1, 1]  	429	9 
[7, 9, 4, 0, 1]  	431	14 
[9, 1, 5, 2, 1]  	438	10 
[4, 4, 1, 4, 1]  	439	11 
[3, 13, 3, 0, 1]  	440	7 
[5, 12, 3, 0, 1]  	441	10 
[7, 11, 3, 0, 1]  	442	13 
[19, 5, 3, 0, 1]  	448	15 
[2, 2, 9, 1, 1]  	451	6 
[19, 4, 4, 0, 1]  	460	13 
[5, 1, 7, 2, 1]  	460	7 
[3, 7, 0, 4, 1]  	461	9 
[2, 13, 4, 0, 1]  	463	6 
[4, 12, 4, 0, 1]  	464	9 
[18, 5, 4, 0, 1]  	471	15 
[3, 13, 2, 1, 1]  	471	6 
[19, 3, 5, 0, 1]  	472	13 
[3, 6, 1, 4, 1]  	473	9 
[1, 14, 4, 0, 1]  	474	7 
[5, 9, 6, 0, 1]  	477	12 
[3, 12, 3, 1, 1]  	483	7 
[3, 0, 9, 2, 1]  	483	6 
[19, 2, 6, 0, 1]  	484	14 
[2, 8, 6, 1, 1]  	484	7 
[3, 5, 2, 4, 1]  	485	9 
[2, 5, 8, 1, 1]  	485	8 
[1, 13, 5, 0, 1]  	486	6 
[3, 12, 5, 0, 1]  	487	8 
[17, 5, 5, 0, 1]  	494	17 
[2, 10, 5, 1, 1]  	495	6 
[2, 9, 0, 4, 1]  	495	6 
[3, 4, 3, 4, 1]  	497	11 
[8, 4, 9, 0, 1]  	503	15 
[2, 12, 4, 1, 1]  	506	6 
[2, 8, 1, 4, 1]  	507	6 
[9, 3, 2, 4, 1]  	511	13 
[4, 11, 6, 0, 1]  	511	10 
[3, 7, 9, 0, 1]  	512	11 
[6, 4, 10, 0, 1]  	514	15 
[6, 2, 0, 6, 1]  	514	15 
[16, 5, 6, 0, 1]  	517	15 
[2, 7, 2, 4, 1]  	519	6 
[2, 4, 4, 4, 1]  	520	8 
[9, 2, 3, 4, 1]  	523	12 
[3, 9, 8, 0, 1]  	523	10 
[3, 4, 0, 6, 1]  	524	11 
[4, 2, 1, 6, 1]  	525	12 
[2, 6, 3, 4, 1]  	531	7 
[1, 3, 11, 1, 1]  	532	7 
[1, 4, 5, 4, 1]  	543	6 
[2, 2, 6, 4, 1]  	544	8 
[9, 0, 5, 4, 1]  	547	13 
[3, 2, 2, 6, 1]  	548	11 
[11, 3, 10, 0, 1]  	551	13 
[1, 12, 0, 4, 1]  	552	6 
[1, 3, 6, 4, 1]  	555	6 
[2, 4, 7, 3, 1]  	559	10 
[1, 2, 7, 4, 1]  	567	6 
[2, 10, 9, 0, 1]  	569	8 
[2, 6, 6, 3, 1]  	570	9 
[2, 4, 13, 0, 1]  	571	10 
[1, 17, 3, 1, 1]  	574	7 
[1, 2, 11, 2, 1]  	575	6 
[1, 1, 8, 4, 1]  	579	6 
[4, 1, 7, 4, 1]  	580	10 
[2, 12, 8, 0, 1]  	580	7 
[2, 8, 5, 3, 1]  	581	9 
[1, 18, 1, 2, 1]  	593	7 
[1, 15, 3, 2, 1]  	594	8 
[1, 3, 9, 3, 1]  	594	7 
[2, 2, 15, 0, 1]  	595	9 
[2, 0, 5, 6, 1]  	595	9 
[5, 0, 4, 6, 1]  	596	11 
[8, 2, 13, 0, 1]  	597	12 
[2, 3, 5, 5, 1]  	598	7 
[1, 2, 6, 5, 1]  	598	7 
[14, 2, 11, 0, 1]  	599	12 
[2, 12, 3, 3, 1]  	603	7 
[2, 0, 9, 4, 1]  	603	6 
[1, 12, 9, 0, 1]  	603	6 
[1, 17, 2, 2, 1]  	605	6 
[1, 3, 15, 0, 1]  	606	8 
[10, 1, 2, 6, 1]  	609	11 
[1, 26, 0, 0, 1]  	610	8 
[14, 1, 12, 0, 1]  	611	12 
[1, 3, 4, 6, 1]  	617	6 
[1, 2, 16, 0, 1]  	618	7 
[7, 2, 14, 0, 1]  	620	12 
[13, 2, 12, 0, 1]  	622	14 
[0, 20, 1, 2, 1]  	627	4 
[0, 17, 3, 2, 1]  	628	4 
[1, 1, 0, 9, 1]  	629	5 
[0, 14, 5, 2, 1]  	629	5 
[1, 4, 2, 7, 1]  	636	6 
[1, 14, 3, 3, 1]  	637	7 
[0, 14, 9, 0, 1]  	637	5 
[1, 8, 7, 3, 1]  	639	3 
[1, 0, 1, 9, 1]  	641	5 
[1, 11, 7, 2, 1]  	642	6 
[1, 7, 4, 5, 1]  	643	5 
[1, 6, 1, 7, 1]  	647	6 
[1, 16, 2, 3, 1]  	648	6 
[0, 16, 8, 0, 1]  	648	5 
[1, 0, 5, 7, 1]  	649	5 
[0, 13, 10, 0, 1]  	649	5 
[0, 3, 11, 3, 1]  	652	3 
[0, 18, 5, 1, 1]  	655	5 
[0, 14, 4, 3, 1]  	660	4 
[1, 0, 11, 4, 1]  	661	5 
[3, 0, 18, 0, 1]  	666	5 
[0, 29, 0, 0, 1]  	667	6 
[0, 17, 6, 1, 1]  	667	5 
[9, 0, 16, 0, 1]  	668	10 
[1, 24, 3, 0, 1]  	669	7 
[1, 11, 4, 4, 1]  	669	6 
[1, 0, 0, 10, 1]  	672	4 
[7, 0, 17, 0, 1]  	679	7 
[0, 28, 1, 0, 1]  	679	6 
[0, 16, 7, 1, 1]  	679	5 
[0, 19, 7, 0, 1]  	682	5 
[0, 18, 2, 3, 1]  	682	4 
[2, 0, 19, 0, 1]  	689	3 
[0, 17, 1, 4, 1]  	690	4 
[0, 15, 8, 1, 1]  	691	5 
[0, 19, 0, 4, 1]  	701	3 
[0, 26, 3, 0, 1]  	703	6 
[1, 0, 20, 0, 1]  	712	3 
[0, 15, 3, 4, 1]  	714	4 
[0, 7, 7, 5, 1]  	736	2 
[0, 25, 5, 0, 1]  	750	6 
[0, 5, 9, 5, 1]  	760	2 
[4, 3, 3, 1, 2]  	288	6 
[11, 1, 4, 1, 2]  	361	13 
[10, 0, 5, 1, 2]  	361	14 
[9, 1, 5, 1, 2]  	372	13 
[4, 13, 1, 1, 2]  	448	6 
[3, 4, 2, 4, 2]  	462	9 
[14, 7, 4, 0, 2]  	469	18 
[12, 7, 5, 0, 2]  	480	18 
[5, 11, 5, 0, 2]  	488	11 
[2, 7, 7, 1, 2]  	496	7 
[2, 5, 3, 4, 2]  	508	7 
[3, 12, 0, 3, 2]  	510	8 
[8, 3, 10, 0, 2]  	515	14 
[12, 4, 8, 0, 2]  	516	15 
[10, 0, 0, 6, 2]  	516	11 
[9, 1, 0, 6, 2]  	527	10 
[2, 4, 8, 2, 2]  	528	6 
[4, 11, 1, 3, 2]  	534	9 
[4, 3, 12, 0, 2]  	537	13 
[9, 0, 1, 6, 2]  	539	11 
[3, 9, 3, 3, 2]  	546	9 
[10, 1, 4, 4, 2]  	547	12 
[5, 1, 2, 6, 2]  	549	11 
[2, 1, 7, 4, 2]  	556	7 
[3, 11, 2, 3, 2]  	557	8 
[8, 1, 5, 4, 2]  	558	11 
[2, 7, 5, 3, 2]  	558	9 
[2, 5, 12, 0, 2]  	559	11 
[5, 2, 13, 0, 2]  	561	11 
[2, 3, 4, 5, 2]  	563	8 
[1, 24, 0, 0, 2]  	564	6 
[2, 3, 8, 3, 2]  	571	9 
[4, 1, 3, 6, 2]  	572	11 
[3, 2, 14, 0, 2]  	572	10 
[1, 19, 0, 2, 2]  	581	8 
[4, 0, 4, 6, 2]  	584	10 
[2, 10, 4, 3, 2]  	592	7 
[1, 4, 14, 0, 2]  	594	7 
[8, 0, 3, 6, 2]  	597	8 
[8, 1, 14, 0, 2]  	609	8 
[1, 7, 7, 3, 2]  	616	5 
[1, 1, 11, 3, 2]  	618	7 
[0, 27, 0, 0, 2]  	621	6 
[1, 1, 15, 1, 2]  	626	6 
[1, 12, 6, 2, 2]  	630	7 
[6, 0, 16, 0, 2]  	632	9 
[0, 26, 1, 0, 2]  	633	6 
[1, 17, 1, 3, 2]  	636	7 
[0, 5, 15, 0, 2]  	640	4 
[0, 13, 6, 2, 2]  	641	5 
[1, 0, 3, 8, 2]  	645	6 
[1, 13, 4, 3, 2]  	649	7 
[0, 4, 16, 0, 2]  	652	4 
[1, 1, 14, 2, 2]  	657	6 
[0, 18, 7, 0, 2]  	659	5 
[0, 20, 4, 1, 2]  	666	4 
[0, 2, 18, 0, 2]  	676	3 
[1, 0, 19, 0, 2]  	677	4 
[0, 18, 0, 4, 2]  	678	4 
[0, 22, 5, 0, 2]  	681	5 
[0, 21, 6, 0, 2]  	693	5 
[0, 9, 5, 5, 2]  	712	2 
[0, 25, 4, 0, 2]  	715	5 
[0, 11, 8, 3, 2]  	731	3 
[8, 1, 5, 1, 3]  	360	12 
[7, 1, 6, 1, 3]  	383	11 
[10, 1, 4, 2, 3]  	415	11 
[5, 7, 7, 0, 3]  	466	13 
[11, 7, 5, 0, 3]  	468	18 
[2, 9, 5, 1, 3]  	472	7 
[3, 1, 10, 1, 3]  	475	7 
[4, 4, 10, 0, 3]  	490	13 
[14, 5, 6, 0, 3]  	493	16 
[2, 3, 4, 4, 3]  	497	8 
[2, 12, 0, 3, 3]  	498	6 
[4, 11, 0, 3, 3]  	499	9 
[4, 9, 7, 0, 3]  	500	11 
[11, 4, 8, 0, 3]  	504	15 
[2, 2, 5, 4, 3]  	509	8 
[1, 13, 0, 3, 3]  	509	7 
[3, 3, 1, 6, 3]  	536	11 
[7, 1, 5, 4, 3]  	546	11 
[2, 6, 11, 0, 3]  	547	10 
[8, 0, 2, 6, 3]  	562	11 
[6, 0, 3, 6, 3]  	573	11 
[9, 2, 12, 0, 3]  	574	9 
[2, 1, 4, 6, 3]  	583	9 
[6, 1, 14, 0, 3]  	585	10 
[1, 12, 3, 3, 3]  	591	6 
[1, 6, 9, 2, 3]  	597	6 
[1, 1, 1, 8, 3]  	598	6 
[1, 1, 5, 6, 3]  	606	7 
[4, 0, 16, 0, 3]  	608	11 
[1, 10, 5, 3, 3]  	615	5 
[1, 9, 6, 3, 3]  	627	5 
[1, 21, 2, 1, 3]  	631	6 
[0, 4, 10, 3, 3]  	640	3 
[2, 1, 17, 0, 3]  	642	6 
[0, 20, 6, 0, 3]  	670	5 
[0, 16, 3, 3, 3]  	671	4 
[0, 13, 5, 3, 3]  	672	4 
[1, 0, 10, 5, 3]  	692	6 
[8, 2, 4, 1, 4]  	348	9 
[10, 1, 4, 1, 4]  	349	14 
[4, 6, 0, 4, 4]  	450	10 
[3, 3, 3, 4, 4]  	474	9 
[1, 18, 3, 0, 4]  	531	6 
[7, 2, 4, 4, 4]  	534	13 
[9, 1, 4, 4, 4]  	535	12 
[7, 2, 12, 0, 4]  	550	12 
[2, 4, 3, 5, 4]  	551	8 
[3, 1, 3, 6, 4]  	560	11 
[3, 0, 8, 4, 4]  	580	8 
[1, 16, 2, 2, 4]  	582	8 
[4, 1, 15, 0, 4]  	596	9 
[1, 8, 6, 3, 4]  	604	6 
[1, 1, 7, 5, 4]  	610	7 
[2, 0, 18, 0, 4]  	654	6 
[0, 12, 7, 3, 4]  	719	3 
[0, 10, 4, 6, 4]  	766	2 
[9, 0, 6, 1, 5]  	384	14 
[5, 13, 1, 0, 5]  	394	8 
[7, 1, 1, 6, 5]  	538	13 
[1, 3, 5, 5, 5]  	586	7 
[1, 10, 10, 0, 5]  	592	7 
[3, 1, 16, 0, 5]  	619	9 
[0, 12, 6, 3, 5]  	684	4 
[0, 16, 2, 4, 5]  	702	4 
[0, 3, 5, 7, 5]  	706	2 
[2, 1, 16, 0, 6]  	607	8 
[3, 0, 17, 0, 6]  	631	8 
[2, 0, 17, 0, 7]  	619	7 
[0, 15, 4, 2, 9]  	617	5 
[0, 4, 15, 0, 248]  	617	4 
[1, 9, 3, 5, 248]  	654	4 
[0, 8, 10, 2, 248]  	666	3 
[8, 11, 1, 0, 249]  	384	13 
[1, 6, 4, 5, 249]  	620	4 
[1, 9, 8, 2, 249]  	631	5 
[0, 5, 13, 2, 249]  	702	3 
[2, 6, 2, 5, 250]  	562	6 
[1, 5, 13, 0, 250]  	582	6 
[1, 8, 0, 6, 250]  	592	5 
[1, 5, 4, 5, 250]  	597	4 
[1, 23, 0, 1, 250]  	607	6 
[1, 20, 2, 1, 250]  	608	5 
[1, 22, 1, 1, 250]  	619	5 
[1, 10, 7, 2, 250]  	619	5 
[1, 8, 3, 5, 250]  	631	4 
[0, 2, 0, 9, 250]  	640	1 
[0, 19, 4, 1, 250]  	643	3 
[0, 7, 10, 2, 250]  	643	3 
[1, 11, 9, 1, 250]  	646	6 
[0, 11, 1, 6, 250]  	684	3 
[3, 5, 1, 5, 251]  	516	9 
[2, 7, 6, 2, 251]  	527	5 
[1, 15, 3, 1, 251]  	528	5 
[1, 17, 2, 1, 251]  	539	4 
[2, 12, 7, 0, 251]  	545	6 
[1, 8, 7, 2, 251]  	573	5 
[1, 22, 0, 1, 251]  	584	5 
[1, 7, 8, 2, 251]  	585	2 
[1, 6, 3, 5, 251]  	585	4 
[1, 2, 0, 8, 251]  	586	5 
[1, 21, 1, 1, 251]  	596	5 
[0, 17, 4, 1, 251]  	597	3 
[0, 9, 12, 0, 251]  	627	2 
[0, 8, 12, 1, 251]  	670	2 
[0, 24, 4, 0, 251]  	692	5 
[0, 1, 18, 1, 251]  	719	2 
[6, 12, 1, 0, 252]  	383	7 
[5, 1, 7, 1, 252]  	394	7 
[4, 6, 8, 0, 252]  	466	10 
[10, 6, 6, 0, 252]  	468	12 
[2, 5, 7, 2, 252]  	516	4 
[1, 6, 9, 1, 252]  	531	6 
[1, 5, 4, 4, 252]  	531	4 
[2, 8, 0, 5, 252]  	538	6 
[1, 2, 10, 2, 252]  	540	5 
[2, 4, 1, 6, 252]  	547	8 
[2, 7, 1, 5, 252]  	550	6 
[1, 19, 1, 1, 252]  	550	5 
[1, 4, 9, 2, 252]  	551	3 
[3, 0, 13, 1, 252]  	557	5 
[1, 21, 0, 1, 252]  	561	5 
[1, 6, 8, 2, 252]  	562	3 
[0, 14, 5, 1, 252]  	563	3 
[2, 11, 3, 3, 252]  	580	7 
[0, 5, 10, 2, 252]  	597	2 
[0, 8, 12, 0, 252]  	604	2 
[0, 4, 11, 2, 252]  	609	2 
[1, 3, 2, 7, 252]  	613	4 
[0, 21, 0, 2, 252]  	615	4 
[0, 15, 8, 0, 252]  	625	4 
[1, 0, 10, 4, 252]  	626	5 
[0, 11, 0, 6, 252]  	649	1 
[0, 17, 0, 4, 252]  	655	4 
[1, 0, 9, 5, 252]  	657	5 
[0, 2, 16, 1, 252]  	672	2 
[0, 7, 13, 1, 252]  	682	3 
[0, 14, 3, 4, 252]  	691	4 
[0, 0, 18, 1, 252]  	696	1 
[6, 12, 0, 0, 253]  	348	7 
[9, 10, 1, 0, 253]  	373	11 
[6, 0, 6, 2, 253]  	414	5 
[3, 5, 1, 4, 253]  	450	7 
[1, 15, 3, 0, 253]  	462	5 
[13, 6, 5, 0, 253]  	469	13 
[1, 2, 10, 1, 253]  	474	6 
[2, 12, 5, 0, 253]  	475	3 
[10, 5, 7, 0, 253]  	480	15 
[4, 2, 0, 6, 253]  	490	10 
[2, 6, 2, 4, 253]  	496	6 
[1, 0, 12, 1, 253]  	498	2 
[4, 0, 11, 1, 253]  	499	5 
[2, 3, 8, 2, 253]  	505	5 
[0, 1, 12, 1, 253]  	509	1 
[1, 2, 6, 4, 253]  	532	6 
[5, 0, 6, 4, 253]  	534	9 
[3, 11, 7, 0, 253]  	534	7 
[2, 2, 2, 6, 253]  	536	8 
[1, 0, 2, 7, 253]  	544	4 
[2, 6, 0, 6, 253]  	558	9 
[2, 13, 3, 2, 253]  	560	7 
[1, 12, 8, 0, 253]  	568	3 
[1, 4, 4, 5, 253]  	574	4 
[0, 4, 10, 2, 253]  	574	1 
[0, 13, 8, 0, 253]  	579	3 
[1, 0, 9, 4, 253]  	591	2 
[0, 12, 9, 0, 253]  	591	2 
[0, 0, 15, 1, 253]  	591	1 
[1, 4, 1, 7, 253]  	601	5 
[0, 25, 1, 0, 253]  	610	2 
[0, 18, 2, 2, 253]  	616	4 
[0, 17, 7, 0, 253]  	636	5 
[1, 10, 2, 5, 253]  	642	5 
[0, 2, 6, 6, 253]  	652	1 
[0, 8, 0, 8, 253]  	712	1 
[0, 0, 8, 7, 253]  	742	1 
[7, 1, 5, 1, 254]  	348	8 
[9, 0, 5, 1, 254]  	349	12 
[8, 11, 0, 0, 254]  	349	6 
[8, 10, 1, 0, 254]  	361	6 
[8, 0, 6, 1, 254]  	372	7 
[2, 5, 6, 1, 254]  	415	3 
[6, 0, 8, 1, 254]  	418	5 
[6, 6, 6, 0, 254]  	420	5 
[2, 4, 7, 1, 254]  	427	3 
[1, 15, 2, 0, 254]  	427	4 
[6, 8, 5, 0, 254]  	431	8 
[1, 14, 3, 0, 254]  	439	3 
[6, 10, 4, 0, 254]  	442	5 
[2, 8, 0, 4, 254]  	472	3 
[1, 4, 9, 1, 254]  	485	3 
[0, 0, 12, 1, 254]  	486	1 
[3, 4, 1, 5, 254]  	493	5 
[1, 6, 8, 1, 254]  	496	1 
[0, 14, 5, 0, 254]  	497	2 
[3, 8, 8, 0, 254]  	500	8 
[2, 7, 9, 0, 254]  	500	6 
[2, 5, 1, 5, 254]  	504	4 
[2, 0, 10, 2, 254]  	506	4 
[1, 8, 7, 1, 254]  	507	4 
[0, 4, 10, 1, 254]  	508	1 
[5, 3, 11, 0, 254]  	514	11 
[4, 1, 7, 3, 254]  	514	4 
[2, 8, 5, 2, 254]  	515	7 
[1, 6, 3, 4, 254]  	519	3 
[1, 2, 0, 7, 254]  	520	2 
[0, 17, 4, 0, 254]  	531	2 
[6, 1, 5, 4, 254]  	534	10 
[8, 0, 5, 4, 254]  	535	10 
[2, 12, 3, 2, 254]  	537	4 
[6, 0, 2, 6, 254]  	538	8 
[1, 20, 0, 1, 254]  	538	2 
[1, 0, 8, 4, 254]  	556	3 
[0, 12, 8, 0, 254]  	556	1 
[2, 11, 8, 0, 254]  	557	3 
[0, 8, 11, 0, 254]  	569	1 
[1, 17, 1, 2, 254]  	570	5 
[3, 0, 4, 6, 254]  	572	6 
[0, 19, 2, 1, 254]  	573	2 
[0, 16, 4, 1, 254]  	574	3 
[1, 0, 1, 8, 254]  	575	4 
[0, 25, 0, 0, 254]  	575	2 
[1, 11, 9, 0, 254]  	580	2 
[1, 2, 15, 0, 254]  	583	4 
[0, 18, 3, 1, 254]  	585	2 
[0, 14, 0, 4, 254]  	586	4 
[0, 2, 10, 3, 254]  	594	2 
[0, 11, 10, 0, 254]  	603	1 
[1, 0, 0, 9, 254]  	606	3 
[0, 12, 0, 5, 254]  	606	2 
[1, 0, 6, 6, 254]  	618	3 
[0, 24, 0, 1, 254]  	618	2 
[0, 24, 2, 0, 254]  	622	3 
[0, 7, 8, 3, 254]  	639	2 
[0, 0, 2, 9, 254]  	664	1 
[0, 0, 6, 7, 254]  	672	1 
[0, 0, 8, 6, 254]  	676	1 
[0, 6, 2, 8, 254]  	736	1 
[0, 4, 4, 8, 254]  	760	1 
[6, 6, 0, 0, 255]  	210	5 
[3, 2, 4, 1, 255]  	288	3 
[1, 0, 6, 1, 255]  	288	1 
[1, 12, 2, 0, 255]  	358	2 
[4, 5, 1, 3, 255]  	396	5 
[4, 5, 7, 0, 255]  	408	3 
[0, 0, 10, 1, 255]  	416	1 
[3, 5, 8, 0, 255]  	431	4 
[0, 13, 4, 0, 255]  	439	2 
[15, 1, 7, 0, 255]  	448	6 
[0, 12, 5, 0, 255]  	451	2 
[3, 3, 10, 0, 255]  	455	4 
[2, 10, 4, 1, 255]  	460	4 
[0, 20, 0, 0, 255]  	460	1 
[2, 5, 0, 5, 255]  	469	3 
[2, 2, 4, 4, 255]  	474	7 
[1, 0, 0, 7, 255]  	474	1 
[2, 4, 1, 5, 255]  	481	3 
[2, 7, 1, 4, 255]  	484	5 
[1, 19, 1, 0, 255]  	484	4 
[0, 18, 2, 0, 255]  	484	1 
[3, 9, 7, 0, 255]  	488	4 
[13, 4, 7, 0, 255]  	493	8 
[0, 1, 6, 4, 255]  	497	2 
[3, 3, 0, 6, 255]  	501	4 
[9, 0, 0, 6, 255]  	504	6 
[1, 7, 2, 4, 255]  	507	3 
[1, 4, 4, 4, 255]  	508	2 
[2, 4, 0, 6, 255]  	512	3 
[1, 7, 10, 0, 255]  	523	4 
[1, 2, 2, 6, 255]  	524	4 
[1, 8, 0, 5, 255]  	526	1 
[0, 0, 0, 8, 255]  	528	1 
[2, 6, 5, 3, 255]  	535	7 
[3, 2, 13, 0, 255]  	537	7 
[0, 7, 7, 2, 255]  	538	2 
[0, 0, 6, 5, 255]  	540	1 
[0, 9, 6, 2, 255]  	549	2 
[6, 1, 13, 0, 255]  	550	7 
[1, 6, 2, 5, 255]  	550	1 
[0, 5, 9, 2, 255]  	562	2 
[1, 8, 5, 3, 255]  	569	4 
[0, 7, 12, 0, 255]  	581	3 
[0, 11, 0, 5, 255]  	583	1 
[0, 4, 5, 5, 255]  	597	1 
[12, 0, 13, 0, 255]  	599	7 
[1, 11, 4, 3, 255]  	603	2 
[1, 7, 1, 6, 255]  	604	3 
[0, 12, 2, 4, 255]  	610	2 
[0, 15, 2, 3, 255]  	613	4 
[0, 0, 5, 7, 255]  	637	1 
------
The gap is between 10 and 247.
Lengths: 5 5 10 14 5 13.
For 692 = 3*d-d1-d2-d3-d4 you get 5 in char 0.
1 + 0*2^64 + 0*2^128 + 0*2^192*y^24*z^4
1 + 0*2^64 + 0*2^128 + 0*2^192*y^12*z^10*w^1
1 + 0*2^64 + 0*2^128 + 0*2^192*y^11*z^5*w^4
1 + 0*2^64 + 0*2^128 + 0*2^192*y^10*w^7
1 + 0*2^64 + 0*2^128 + 0*2^192*z^16*w^2

For 416 = 2*d-d1-d2-d3-d4 you get 10 in char 0.
1 + 0*2^64 + 0*2^128 + 0*2^192*x^5*y^4*w^4
1 + 0*2^64 + 0*2^128 + 0*2^192*x^4*y^3*z^1*w^4
1 + 0*2^64 + 0*2^128 + 0*2^192*x^3*y^2*z^2*w^4
1 + 0*2^64 + 0*2^128 + 0*2^192*x^2*y^2*z^8*w^1
1 + 0*2^64 + 0*2^128 + 0*2^192*x^2*y^1*z^3*w^4
1 + 0*2^64 + 0*2^128 + 0*2^192*x^1*y^13*z^3
1 + 0*2^64 + 0*2^128 + 0*2^192*x^1*y^1*z^9*w^1
1 + 0*2^64 + 0*2^128 + 0*2^192*x^1*z^4*w^4
1 + 0*2^64 + 0*2^128 + 0*2^192*y^12*z^4
1 + 0*2^64 + 0*2^128 + 0*2^192*z^10*w^1

For 140 = d-d1-d2-d3-d4 you get 5 in char 0.
1 + 0*2^64 + 0*2^128 + 0*2^192*x^4*y^4
1 + 0*2^64 + 0*2^128 + 0*2^192*x^3*y^3*z^1
1 + 0*2^64 + 0*2^128 + 0*2^192*x^2*y^2*z^2
1 + 0*2^64 + 0*2^128 + 0*2^192*x^1*y^1*z^3
1 + 0*2^64 + 0*2^128 + 0*2^192*z^4

Extra powers of p used 8.
The invariant extra is equal to 33.
Start computing 2^4 Delta^1 (x1x2x3x4)^1... Done.
Start computing 2^5 Delta^2 (x1x2x3x4)^1... Done.
Start computing 2^6 Delta^3 (x1x2x3x4)^1... Done.
Start computing 2^7 Delta^4 (x1x2x3x4)^1... Done.
Start computing 2^8 Delta^5 (x1x2x3x4)^1... Done.
Start computing 2^9 Delta^6 (x1x2x3x4)^1... Done.
Start computing 2^10 Delta^7 (x1x2x3x4)^1... Done.
Start computing 2^11 Delta^8 (x1x2x3x4)^1... Done.
Start computing 2^12 Delta^9 (x1x2x3x4)^1... Done.
Start computing 2^13 Delta^10 (x1x2x3x4)^1... Done.
Start computing 2^14 Delta^11 (x1x2x3x4)^1... Done.
Start computing 2^15 Delta^12 (x1x2x3x4)^1... Done.
Start computing 2^16 Delta^13 (x1x2x3x4)^1... Done.
Start computing 2^17 Delta^14 (x1x2x3x4)^1... Done.
Start computing 2^18 Delta^15 (x1x2x3x4)^1... Done.
Start computing 2^19 Delta^16 (x1x2x3x4)^1... Done.
Start computing 2^20 Delta^17 (x1x2x3x4)^1... Done.
Start computing 2^21 Delta^18 (x1x2x3x4)^1... Done.
Start computing 2^22 Delta^19 (x1x2x3x4)^1... Done.
Start computing 2^23 Delta^20 (x1x2x3x4)^1... Done.
Start computing 2^24 Delta^21 (x1x2x3x4)^1... Done.
Start computing 2^25 Delta^22 (x1x2x3x4)^1... Done.
Start computing 2^26 Delta^23 (x1x2x3x4)^1... Done.
Start computing 2^27 Delta^24 (x1x2x3x4)^1... Done.
Start computing 2^28 Delta^25 (x1x2x3x4)^1... Done.
Start computing 2^29 Delta^26 (x1x2x3x4)^1... Done.
Start computing 2^30 Delta^27 (x1x2x3x4)^1... Done.
Start computing 2^31 Delta^28 (x1x2x3x4)^1... Done.
Start computing 2^32 Delta^29 (x1x2x3x4)^1... Done.
Start computing 2^33 Delta^30 (x1x2x3x4)^1... Done.
Start computing 2^34 Delta^31 (x1x2x3x4)^1... Done.
Start computing 2^35 Delta^32 (x1x2x3x4)^1... Done.
Start computing 2^36 Delta^33 (x1x2x3x4)^1... Done.
Start computing 2^37 Delta^34 (x1x2x3x4)^1... Done.
Start computing 2^38 Delta^35 (x1x2x3x4)^1... Done.
Start computing aa.
1 2 3 4 5 6 7 8 9 10 11 12 13 14 15 16 17 18 19 20 
*/
A = \
[11074380878047860232 + 4998152182303817120*2^64 + 16603325540768768224*2^128 + 28145623901*2^192,2909335844742805296 + 17181682689351814425*2^64 + 2902870228144310833*2^128 + 137055043790*2^192,9183145309658416312 + 238714378423809542*2^64 + 16891675127619029152*2^128 + 28607835066*2^192,2428339689180347592 + 17789999161996235810*2^64 + 7098618478035056727*2^128 + 82303906233*2^192,16579215726524312928 + 4949408020042500223*2^64 + 15647040620816226694*2^128 + 92620577033*2^192,6738968170633659200 + 11455496261865562807*2^64 + 6647773173034471109*2^128 + 45904387654*2^192,9740915531080050336 + 4539505016140441794*2^64 + 8788000613855132473*2^128 + 78432059080*2^192,14065060643912372800 + 12515166518452746487*2^64 + 15239434375836643046*2^128 + 49302530160*2^192,2081674930838368640 + 3435389430812493910*2^64 + 5771580877420353142*2^128 + 15176987320*2^192,963334140819627872 + 3712905506376528483*2^64 + 9629153530519003833*2^128 + 122256386395*2^192,6108558275027682496 + 17539316532537721798*2^64 + 1251741929982014009*2^128 + 89273451839*2^192,4565366512002818816 + 11796555245630616902*2^64 + 4732602262761176212*2^128 + 69205497255*2^192,10882966621402394816 + 9977974974188225274*2^64 + 2266285191228579949*2^128 + 57242496278*2^192,13300437790013933696 + 2864543597772803180*2^64 + 5591943975720072708*2^128 + 54903186632*2^192,14918469078967699328 + 616701330924370866*2^64 + 11087272073075507849*2^128 + 46292304142*2^192,12938954576890789568 + 12071044156359408220*2^64 + 5420670521333980833*2^128 + 46679860137*2^192,5828594565151313088 + 11897654741666214573*2^64 + 11719554969121786572*2^128 + 19523861386*2^192,17671765020397382464 + 1956784164923998738*2^64 + 12104624242843030986*2^128 + 116619940173*2^192,5164701670602177664 + 6716496164553452826*2^64 + 17940034611138084856*2^128 + 15666172000*2^192,6233161023464270016 + 11660047277301229515*2^64 + 5286450660725962949*2^128 + 133717900918*2^192;\
2082245452847215016 + 4437201718369787179*2^64 + 12140325156190702515*2^128 + 55978771791*2^192,2307588766753556976 + 4860732652835469725*2^64 + 4069540056895452644*2^128 + 78225017063*2^192,16727144363165671464 + 6920909595281516703*2^64 + 10559609083154130859*2^128 + 115142967722*2^192,14583287639544801016 + 10889270521369010676*2^64 + 8387155362404577942*2^128 + 41184840444*2^192,10431191998043532512 + 7487482788783951937*2^64 + 6382268051641647918*2^128 + 50362970134*2^192,15059137711036468288 + 6188362113223875901*2^64 + 12356878932835566073*2^128 + 133384516053*2^192,821766656807734688 + 8571633334647718702*2^64 + 16218414585527154380*2^128 + 63815175796*2^192,14246063566914602560 + 17447745326035049321*2^64 + 5208600724724027598*2^128 + 71293878738*2^192,6189410397336566656 + 7230649607157698996*2^64 + 17720196835875283945*2^128 + 137423550709*2^192,17386416621861782624 + 9293912249182861636*2^64 + 7382794994537417455*2^128 + 45369584607*2^192,3515375899207439296 + 17723298114127918531*2^64 + 6938822396671386123*2^128 + 86926695648*2^192,14008982786778943232 + 16322617959482580674*2^64 + 11950207313274676218*2^128 + 78945533395*2^192,18326202032108147520 + 18383941751944362904*2^64 + 14673565500576387708*2^128 + 55436939640*2^192,10569476821704474240 + 7472597139549507101*2^64 + 10599768996140354540*2^128 + 49968241600*2^192,15010882972124411776 + 3212965817201640391*2^64 + 4001662137113203056*2^128 + 103385236058*2^192,5422558066064962240 + 16829668882234667496*2^64 + 10888645531213359955*2^128 + 34515867373*2^192,15165574293462772416 + 6264482083549856825*2^64 + 3416918163911358447*2^128 + 5720442847*2^192,6357632587719343936 + 17902933547448665473*2^64 + 14958535402451964284*2^128 + 12597612078*2^192,13304474778560298112 + 13155951230560131288*2^64 + 5717435582575539285*2^128 + 130815525418*2^192,14023866237423722176 + 1785122851815843736*2^64 + 17472174713494236666*2^128 + 17385900204*2^192;\
12619265653754059136 + 10425645350535666928*2^64 + 16673816465279346897*2^128 + 32566166189*2^192,11636388706826339584 + 14223209891532305765*2^64 + 17908211182688376534*2^128 + 127101720703*2^192,15947106874362625152 + 2595858253546618783*2^64 + 11559660769716190190*2^128 + 27243536815*2^192,15348622459305066496 + 10892998683834792151*2^64 + 3272609198495807579*2^128 + 81808062048*2^192,8343853455466435072 + 2480106182627731395*2^64 + 9315215575061477172*2^128 + 124284485976*2^192,8282199646891891712 + 9416442538152171331*2^64 + 4266818196383932443*2^128 + 78248854741*2^192,16042117239354579456 + 768531016534426568*2^64 + 2466545743005227072*2^128 + 17007282391*2^192,6678546337978745856 + 3935717096263450649*2^64 + 4783007351199702112*2^128 + 71601970872*2^192,2531704081748199424 + 1581526256615963670*2^64 + 2616520675851483272*2^128 + 22043103276*2^192,11187781816952477184 + 3401968650413664120*2^64 + 10885799399410432728*2^128 + 110681203143*2^192,7742938979787076608 + 6291085380881143402*2^64 + 6534748278136610091*2^128 + 1967375166*2^192,17820673355185422336 + 1680033884653830303*2^64 + 15957829877441072928*2^128 + 51547213103*2^192,13558574070072354816 + 4302202747711977270*2^64 + 719606934703810661*2^128 + 130768067653*2^192,4650965649219176448 + 10099326154629446120*2^64 + 587666401062271028*2^128 + 87546502932*2^192,11354461176918120448 + 9576727619475091325*2^64 + 9687362111462129647*2^128 + 135027986173*2^192,4057818722990009344 + 14794211208521410510*2^64 + 4042333312431272269*2^128 + 8216648359*2^192,10667830015116397568 + 16326189183079511626*2^64 + 4301879482187559279*2^128 + 107335758076*2^192,7732634901965132800 + 6264354260427882502*2^64 + 4597927809013698982*2^128 + 129482515835*2^192,6195520537885571072 + 156631320930287272*2^64 + 1740023028143831440*2^128 + 80782713160*2^192,15472315132555975680 + 15210744277533139241*2^64 + 12149078669513392667*2^128 + 94634741630*2^192;\
10585454324239172384 + 4097565563564126594*2^64 + 8978339608227019589*2^128 + 26577551402*2^192,3125162826355199680 + 13501365654191871784*2^64 + 2522477115853030674*2^128 + 136105090032*2^192,11108155322396607456 + 15948935661389052249*2^64 + 7074046549182968471*2^128 + 72562440630*2^192,1510245362282045344 + 17077270311511437841*2^64 + 517991388989329356*2^128 + 97288848076*2^192,6570313953539438976 + 865127540530114635*2^64 + 3721216604135463989*2^128 + 80908918663*2^192,9375181345759063296 + 13427360800715919999*2^64 + 11027374824165688651*2^128 + 31963368974*2^192,6799432268492383872 + 17339430431765462027*2^64 + 7920361026325320404*2^128 + 92288334693*2^192,11028889825756438784 + 684457367018366882*2^64 + 13651988290105442201*2^128 + 125083681771*2^192,13050080832854230528 + 13979376911921943726*2^64 + 13318579340153996447*2^128 + 112025663806*2^192,12825974695607983488 + 5245445330763556170*2^64 + 5177651960770694212*2^128 + 99890682626*2^192,1091528922739610368 + 2102227252691935494*2^64 + 3701278919578182217*2^128 + 115160985304*2^192,11380688925077836800 + 10889982489180605739*2^64 + 3963124343959709342*2^128 + 22163788575*2^192,16351135625360677632 + 16267424598103760717*2^64 + 2306021248370918516*2^128 + 109270155057*2^192,8318027658074161664 + 11454642427862079205*2^64 + 15718530908416203741*2^128 + 109568928325*2^192,6474212744328203776 + 18067313560155644795*2^64 + 16119940830534682004*2^128 + 22339094597*2^192,6504452121055015680 + 7322350163389731449*2^64 + 9538090996588724073*2^128 + 28036535278*2^192,10920338952438141696 + 3750939938830093232*2^64 + 15371594005166731482*2^128 + 59309752676*2^192,1557349324125193472 + 4155875458665997519*2^64 + 6906432038986104372*2^128 + 74236816085*2^192,16465087838676818432 + 13829843599499956204*2^64 + 2502025310645505297*2^128 + 54712565125*2^192,9427885241258642176 + 8142850384112632070*2^64 + 6068241984335462279*2^128 + 127702157412*2^192;\
9866388497210965026 + 7863113151546571849*2^64 + 14183421556552068763*2^128 + 122682322724*2^192,8860566061212687628 + 5526309543846333386*2^64 + 1505250513441115521*2^128 + 1060461436*2^192,3303459228764164550 + 17598532365938073562*2^64 + 3327948257194411627*2^128 + 52195565026*2^192,178146446112009434 + 11578183583138823190*2^64 + 2324407561092205043*2^128 + 28134980870*2^192,641001223847557336 + 15902117303322652694*2^64 + 11430672115958069525*2^128 + 54849297676*2^192,14348392384861795408 + 16809017585198308544*2^64 + 7695135159763266371*2^128 + 7441793002*2^192,4339556137622537320 + 3494374421717251864*2^64 + 15638178565284557419*2^128 + 121785861202*2^192,6497922066568597904 + 2457270179234961190*2^64 + 12938678400810030838*2^128 + 53310466924*2^192,7796725768927163488 + 11883850358687299710*2^64 + 17656838961141081687*2^128 + 69526570227*2^192,547859111191502232 + 13707180198723597111*2^64 + 14097748255959863162*2^128 + 103677088760*2^192,6827568305300536880 + 15043830030110365354*2^64 + 12252569491191631614*2^128 + 108403128134*2^192,2532326000565477568 + 8401842834110933127*2^64 + 10186054510586511568*2^128 + 116421315494*2^192,16122939962425088112 + 13309076146848451018*2^64 + 1533604682766052358*2^128 + 117519096512*2^192,2216041697013112096 + 8371616213839456843*2^64 + 15369946605465482698*2^128 + 59440581924*2^192,16979363425986874592 + 11893593349300997661*2^64 + 10132766331951522579*2^128 + 81799847646*2^192,5302569500944032304 + 4973045626058231476*2^64 + 13367793913280765103*2^128 + 93632895326*2^192,4053169835795108528 + 1338712756193217029*2^64 + 6667509842928065661*2^128 + 76496684147*2^192,3690772958594265168 + 16562490862365585216*2^64 + 3385146661345977720*2^128 + 82913566912*2^192,6897621666200787488 + 8534327955984936637*2^64 + 16349174111888365769*2^128 + 16462539838*2^192,6858572388881806256 + 15544376344360215143*2^64 + 10532081042850164650*2^128 + 102967863296*2^192;\
5210725423637869888 + 17988737836364953532*2^64 + 14665528536367475836*2^128 + 18677208226*2^192,1790154973630076800 + 4086113284313022306*2^64 + 15169490367209965343*2^128 + 109812253485*2^192,1049324118119634112 + 376828883850974740*2^64 + 18281425106292259566*2^128 + 126740131052*2^192,1645316254301854528 + 1915468302925287259*2^64 + 8235611542491796774*2^128 + 110255277681*2^192,13525708866939213568 + 15776915694995509589*2^64 + 12616594154390456871*2^128 + 99444661049*2^192,16601397771780888576 + 1757288545741998026*2^64 + 18016436346240395825*2^128 + 106143704707*2^192,8096305035501962240 + 9998877195906140974*2^64 + 11630008650662823810*2^128 + 23738102107*2^192,4782957224646542080 + 10768356839220417261*2^64 + 15239291631347143166*2^128 + 99477123336*2^192,17568001843381632000 + 8489121795317135837*2^64 + 2085604449366844154*2^128 + 45795709246*2^192,12637104475879618048 + 2026038100973913442*2^64 + 9785030442995264892*2^128 + 130474367487*2^192,14328909716454820352 + 12964214563371683369*2^64 + 11364560958942377757*2^128 + 81892707669*2^192,3081462642060120064 + 7323732271846303294*2^64 + 4521095065173669296*2^128 + 95626520938*2^192,16146321878693168128 + 13914810638069174270*2^64 + 14515893014403457272*2^128 + 38762088547*2^192,8553795233900186624 + 7218112003590516208*2^64 + 15667209503004043719*2^128 + 41005699935*2^192,14347586998379600896 + 4563284604088791628*2^64 + 5472158785299933948*2^128 + 99236400161*2^192,12057314804379031040 + 14408263839974656097*2^64 + 9013323072922202247*2^128 + 24307971048*2^192,8001325829708570112 + 12951280670158184848*2^64 + 14701398312186211130*2^128 + 85309197914*2^192,14922169655926888960 + 11279709161062960921*2^64 + 2860020012640136273*2^128 + 49289980652*2^192,12906909651019525120 + 13573213842587324984*2^64 + 1144069542286306776*2^128 + 68295429384*2^192,5122011136791191040 + 72043896435392595*2^64 + 17068368167444222267*2^128 + 76940310993*2^192;\
17070812320512713280 + 2813234848047256943*2^64 + 18072404647136252419*2^128 + 81639761393*2^192,7244411516334504320 + 9167486146823960043*2^64 + 17432953780428002744*2^128 + 15637129481*2^192,10992260701931922240 + 6495876732410467980*2^64 + 11151470955207427085*2^128 + 20233304728*2^192,1462956952183563712 + 15623044898937418309*2^64 + 18116818234567364179*2^128 + 9953040330*2^192,346158461388149504 + 3673521737732585660*2^64 + 4428417161622585139*2^128 + 107035639307*2^192,4309323044669746432 + 6032878924885416406*2^64 + 660812489888256351*2^128 + 68243096765*2^192,1211650678154858496 + 12824403040834285235*2^64 + 1604967247643405463*2^128 + 122206874643*2^192,2257920554127860480 + 11071983015994353533*2^64 + 16333933111960233717*2^128 + 7822405751*2^192,2843627406059740160 + 5447027826426289927*2^64 + 5282999025920523738*2^128 + 16546969707*2^192,7839523400137996288 + 729308213679019484*2^64 + 7642470491730614225*2^128 + 43924819446*2^192,17030484228004333056 + 16906360581397495420*2^64 + 14337964004220389816*2^128 + 65471044115*2^192,6223044533128273920 + 2950448118835800752*2^64 + 13773604492747398546*2^128 + 9430890572*2^192,4226030049768313344 + 1164008491254697998*2^64 + 8254366688507971153*2^128 + 36275129661*2^192,14533688081950802944 + 16061419903318623362*2^64 + 5933417461416058261*2^128 + 70171502215*2^192,13875099100907437056 + 16027163332859725582*2^64 + 3746653816870667695*2^128 + 36015160250*2^192,8145110332389627392 + 9591788316281227014*2^64 + 6363832960187382056*2^128 + 96866587300*2^192,10076723374639230464 + 18189542910968038535*2^64 + 395852371503838863*2^128 + 21369974454*2^192,9765464239370623488 + 14475428658909933503*2^64 + 743238141007946933*2^128 + 61789313488*2^192,12115275011580908544 + 1454455539151254616*2^64 + 18271720396512368656*2^128 + 67461516068*2^192,12960002014163615232 + 11881670536019228647*2^64 + 1383461233529960824*2^128 + 68868532361*2^192;\
13196609944116997824 + 769201437274448535*2^64 + 12643097974280367654*2^128 + 93871412017*2^192,12753009316801151104 + 6332707963112440417*2^64 + 6077778785898039651*2^128 + 17496645320*2^192,324071058646483776 + 6239033759867120272*2^64 + 13928483191674659590*2^128 + 31887743505*2^192,17879825601606280896 + 6102930311274031887*2^64 + 3308478640093354174*2^128 + 69374817428*2^192,10417283075624096000 + 10829980805108041243*2^64 + 4995322760219017101*2^128 + 59254918615*2^192,8330695663199129600 + 10131834039770174695*2^64 + 10187003700616826231*2^128 + 56152245417*2^192,1860281706313326848 + 11483436611748089132*2^64 + 8748186726976670070*2^128 + 36551814252*2^192,10244344802563759872 + 15080128310826491349*2^64 + 7107475439942116232*2^128 + 110045262647*2^192,10026224310094255104 + 5705378547084599099*2^64 + 379607192678618147*2^128 + 73512024212*2^192,12440135546582360576 + 4106142154583746366*2^64 + 8363698032511597873*2^128 + 48208554630*2^192,6750827606592945664 + 7201056011538665188*2^64 + 619634601821191840*2^128 + 87491576459*2^192,3915387418713198592 + 691551745066021107*2^64 + 13467752801613180689*2^128 + 66755757762*2^192,12751768555980008704 + 18348422587520964512*2^64 + 17297376710560565726*2^128 + 103326757508*2^192,12036889632482538496 + 15998699403189619666*2^64 + 3577496826863487508*2^128 + 27341045918*2^192,17164945710870025216 + 10143114060100885856*2^64 + 9768358847512049218*2^128 + 61300269493*2^192,2717599490198528512 + 13090910587059565482*2^64 + 15205697651227612697*2^128 + 67066662898*2^192,9596462221743622656 + 11906067369612512472*2^64 + 8569265795866807077*2^128 + 111997627728*2^192,16751239169403014656 + 1464674028408967126*2^64 + 1890201079589789400*2^128 + 131280664578*2^192,6679654450338350080 + 18322690606960744090*2^64 + 1669103680523289179*2^128 + 92135426004*2^192,16187195050043374080 + 15287376460549117595*2^64 + 16011694191442543500*2^128 + 24553357839*2^192;\
14144709765646738738 + 11808601243473033409*2^64 + 17384784953931681669*2^128 + 121204837017*2^192,2638918869861648748 + 11924065230748863636*2^64 + 609409025944422000*2^128 + 60166645870*2^192,15849884182100574486 + 14160545527228900826*2^64 + 5464760098735953105*2^128 + 92895544788*2^192,3586816618788359914 + 3361147258092654324*2^64 + 12832003329755925179*2^128 + 20347575474*2^192,10707513901921263128 + 10714610426514650685*2^64 + 9349806729591841364*2^128 + 7221909164*2^192,5025273410019481040 + 4291477255404417186*2^64 + 2413606986333822323*2^128 + 65464388853*2^192,17276833081096939816 + 7262619297463178991*2^64 + 13414060265929136977*2^128 + 110762013886*2^192,7766838777699125520 + 3985113177804680804*2^64 + 9565458168460990537*2^128 + 60985150105*2^192,3552312174022433632 + 6191113166451881564*2^64 + 8073056251856974987*2^128 + 69824274520*2^192,10106937447206132312 + 10276231718858884557*2^64 + 13058214660412351280*2^128 + 35923953826*2^192,14480374849569115568 + 12928152845223489484*2^64 + 16534475792223045599*2^128 + 79860036845*2^192,15464365900440841408 + 9092176986478054140*2^64 + 2136170883074217101*2^128 + 91252458654*2^192,15877077558992953200 + 11708830014726482487*2^64 + 736410083512980194*2^128 + 129836357004*2^192,18278819938226913952 + 16742536511101323319*2^64 + 8804010381053658992*2^128 + 116797217552*2^192,12712882907316600032 + 11567739173751938236*2^64 + 5215240068698807890*2^128 + 124090075793*2^192,3416773864386926512 + 6485488693389289300*2^64 + 981483934726401388*2^128 + 111878596500*2^192,15078084971354356784 + 16809894741778518532*2^64 + 2529015767989895814*2^128 + 71482777534*2^192,16312850618727437008 + 3322247053385663885*2^64 + 871835441101679257*2^128 + 97352132878*2^192,17812583087501990688 + 13862500977295528175*2^64 + 4925404597099111520*2^128 + 92186946943*2^192,2790268056303342384 + 9861721994884145311*2^64 + 3774191410876901342*2^128 + 127051129*2^192;\
6374315933015404608 + 16642976363286475686*2^64 + 298744360250165545*2^128 + 16198061017*2^192,17466960263435908480 + 2175636746699594640*2^64 + 5276369895907541362*2^128 + 121882567541*2^192,14670262108564832320 + 11723103958613071383*2^64 + 13746519280378147143*2^128 + 50596298981*2^192,4640483095106332992 + 9008626976134192592*2^64 + 2118359478560145039*2^128 + 3512616183*2^192,9259412985695908608 + 8555424494033788351*2^64 + 5719677562940597714*2^128 + 73803272373*2^192,11847883776628151808 + 15697708046098787854*2^64 + 14029264380526823251*2^128 + 133820619764*2^192,13425306085058755328 + 18284339873908092685*2^64 + 15353565554846077729*2^128 + 114665151400*2^192,2476394850049598464 + 16616833390640701374*2^64 + 16805663835517614781*2^128 + 132333790445*2^192,10404235937688636416 + 12411054865278786785*2^64 + 13881385634415124357*2^128 + 76262404542*2^192,3081452068196763904 + 8379808697880434265*2^64 + 11112744188708757584*2^128 + 93501475114*2^192,570579903685704192 + 7598180889696177612*2^64 + 6336756473675561893*2^128 + 63125471544*2^192,501203754889547776 + 2884464006287971154*2^64 + 18105849010551345370*2^128 + 30895394796*2^192,16170250126709656832 + 5605307371710675337*2^64 + 5527812765429177342*2^128 + 49112682653*2^192,1680893881634827264 + 4644049683888868374*2^64 + 4988812697387679274*2^128 + 129235321153*2^192,274468711935110144 + 2417010785957666796*2^64 + 16359079311559181536*2^128 + 40968072005*2^192,8131729644539651584 + 1884719564729184368*2^64 + 4730876700157181473*2^128 + 28197540060*2^192,5763778042789572096 + 3383418534355613770*2^64 + 6121147003658952199*2^128 + 29561211305*2^192,5993201265087629824 + 17062553366072610851*2^64 + 11799729920420172479*2^128 + 36886553833*2^192,11990812078669945856 + 1868215379054193052*2^64 + 5248654504911982127*2^128 + 23738924738*2^192,7412529923344088576 + 3882388693510748906*2^64 + 7663697611846705895*2^128 + 67676086426*2^192;\
15464103576216278214 + 9515869179847495319*2^64 + 9268812945134939827*2^128 + 48965481582*2^192,17885492113547084132 + 6625168580511659560*2^64 + 16476622573979251069*2^128 + 965525973*2^192,11139769249716122386 + 13302991690823002545*2^64 + 9204706635213206512*2^128 + 22639030710*2^192,11207076676171617422 + 16077872778847241612*2^64 + 5674423031096314933*2^128 + 72359616674*2^192,4209873557567972616 + 6241475431010746175*2^64 + 11370474258752149859*2^128 + 121057320199*2^192,7180671451836580208 + 7747305327578441782*2^64 + 8612286142524712033*2^128 + 21468928213*2^192,598428123887989560 + 18224253897062488677*2^64 + 14473169097083148882*2^128 + 8146607828*2^192,8642673169312615984 + 17924977650860407362*2^64 + 15527076140192538082*2^128 + 14732957823*2^192,6469184865885093920 + 11677999142429642860*2^64 + 16680882370351657019*2^128 + 76812483229*2^192,7489106181253935304 + 8912387611216741344*2^64 + 8480212882593313303*2^128 + 119811619139*2^192,11039351634114008592 + 17641545362529750921*2^64 + 5233091720082018966*2^128 + 22732027886*2^192,4079761757420458816 + 11034759593762038509*2^64 + 9118439605811979731*2^128 + 12570611571*2^192,734385596096168784 + 15107639267214534152*2^64 + 3918279582369516189*2^128 + 49961190022*2^192,7440886798394478944 + 17920056033767436104*2^64 + 11030529305938062731*2^128 + 62299094078*2^192,13793745382919239840 + 1362704939076578418*2^64 + 16948921631041225816*2^128 + 94763397073*2^192,814403946581971344 + 11408685167323573722*2^64 + 2344791909687141182*2^128 + 12766654326*2^192,2487096321323588880 + 14076978805809962159*2^64 + 16049961142140406045*2^128 + 12914890570*2^192,10492645261626443248 + 13429142852597371570*2^64 + 221297607441409059*2^128 + 106331198684*2^192,4383612385416143968 + 16901120043362211688*2^64 + 11579011884540179684*2^128 + 3465073204*2^192,5383335735771713552 + 11142530045953810061*2^64 + 1215874615098312877*2^128 + 99991886719*2^192;\
4432725112372682589 + 4833532645972101288*2^64 + 15803132713176289199*2^128 + 7111177452*2^192,4433554006448305102 + 1991406389542041122*2^64 + 6733053565892959124*2^128 + 111734975308*2^192,10709862068545717047 + 373938717171859630*2^64 + 3617770663615188358*2^128 + 101199719283*2^192,2076914150402635513 + 15687290178222461858*2^64 + 12662722728146659579*2^128 + 48473688051*2^192,17539656011228291324 + 1371641348388184644*2^64 + 5837817428993963302*2^128 + 126408935331*2^192,13275840876664320840 + 6192627973618573739*2^64 + 6966330644895754374*2^128 + 22577378117*2^192,9311463185714154596 + 17732303520513099911*2^64 + 2085049424837720906*2^128 + 90433065595*2^192,2431794845586242024 + 15318125010465345817*2^64 + 16334096532766270677*2^128 + 57323204206*2^192,17165180779109565936 + 15362936051327998868*2^64 + 13778443489924374500*2^128 + 24203312658*2^192,13448946484999848604 + 5438840648637753097*2^64 + 17627483689626868035*2^128 + 8846277846*2^192,11363550194804291576 + 16728193152003326114*2^64 + 14643686001478478456*2^128 + 103302418559*2^192,1813246553329338976 + 4892897434454400519*2^64 + 668319589292909370*2^128 + 37546591956*2^192,17193428098582004696 + 2836358615811065428*2^64 + 6695331787827403285*2^128 + 111920877245*2^192,11797610766589860560 + 11117696904487631585*2^64 + 4926646680407793225*2^128 + 81614697178*2^192,14243316595462236336 + 2572225307080067950*2^64 + 3233043119066171251*2^128 + 66710345082*2^192,17368313091812761400 + 13725160521835520467*2^64 + 6220911845252089985*2^128 + 35013400692*2^192,6003303337638043000 + 14130935157043770558*2^64 + 6756379486786971094*2^128 + 76260226053*2^192,12246690769518988552 + 17073858880915969836*2^64 + 10905462002122068845*2^128 + 63005220969*2^192,14628099769473071056 + 7265454759092365170*2^64 + 3389051391765296334*2^128 + 105164679886*2^192,1742995262009768440 + 14438559086994369069*2^64 + 3325540378305796051*2^128 + 122418164906*2^192;\
7625751044123861376 + 17588969877014668235*2^64 + 4234772323051854863*2^128 + 97761650049*2^192,14625508065202282752 + 12546892583454292249*2^64 + 8621524442848320178*2^128 + 129636813581*2^192,3998420426418857856 + 6587345319329123940*2^64 + 5155281093230075002*2^128 + 90810073638*2^192,14866269458924366336 + 17500366222617454105*2^64 + 11026796190410996741*2^128 + 39680166320*2^192,1674063361090171392 + 7890259339277872615*2^64 + 16783213363885768453*2^128 + 9464560007*2^192,15846251952762113792 + 8623071732792058247*2^64 + 11641833987968223722*2^128 + 870582679*2^192,15189001537967586048 + 5631684638349453284*2^64 + 11218085335178871219*2^128 + 68082226928*2^192,8046078457547596544 + 1269107306873102863*2^64 + 12060871907412541611*2^128 + 51332401398*2^192,912603067529881600 + 6177958085119654505*2^64 + 2390380796735565906*2^128 + 26691309727*2^192,9565561764148232704 + 16603244754553076773*2^64 + 16667034354303940492*2^128 + 106428687107*2^192,11482007004348104704 + 3365283411845431202*2^64 + 3893963250366270789*2^128 + 107776151742*2^192,369599271218266112 + 13824676898310695177*2^64 + 11712621922700590269*2^128 + 14582011957*2^192,8426609918280637696 + 9635819701107550853*2^64 + 15133809362525834998*2^128 + 81022181915*2^192,1163515126602829824 + 1147676542994168123*2^64 + 14313430311127738037*2^128 + 111448208401*2^192,15924247482293266432 + 7220751606072538791*2^64 + 11262090140452250771*2^128 + 22296985138*2^192,5415612665930554368 + 7984326786538541635*2^64 + 14485003201008803234*2^128 + 39549635665*2^192,1742790494967225344 + 4801725252328243530*2^64 + 13746544712146964971*2^128 + 127667127839*2^192,6304677181228008448 + 11339313248961700399*2^64 + 1445283389504254350*2^128 + 121705332631*2^192,17485076186563166208 + 9956260155249443402*2^64 + 7291509368368604172*2^128 + 47059372429*2^192,2219065839370673152 + 5122090043599026467*2^64 + 4609285776033757796*2^128 + 89888741356*2^192;\
14163438555651448458 + 17005925600225127595*2^64 + 6701466801846543603*2^128 + 126925420344*2^192,13662951465688605308 + 2995506997226994807*2^64 + 3344301582701587400*2^128 + 90894919580*2^192,1194317987822987134 + 1475275811278548555*2^64 + 9768720610086780871*2^128 + 136048022958*2^192,11599744649701024578 + 8360672668912516070*2^64 + 7912847045674735982*2^128 + 81329590096*2^192,15107203177012040120 + 3464106087644726818*2^64 + 243519973486970848*2^128 + 64676441779*2^192,12652440756622614416 + 14176700366534830687*2^64 + 17119732170758323110*2^128 + 90475486625*2^192,6382019070740522376 + 14356146013067308231*2^64 + 11510053026100757169*2^128 + 24218588857*2^192,3045395761455714512 + 14616960224972214733*2^64 + 4031005706091472086*2^128 + 30624978088*2^192,5430718401226403296 + 9688526750267737927*2^64 + 16889848908142656520*2^128 + 125945137930*2^192,16162831234852063352 + 2428847178006100027*2^64 + 116999158696688481*2^128 + 5082861260*2^192,5063243939434822128 + 11854257189677388395*2^64 + 11931055154818507801*2^128 + 32187899004*2^192,13560676616504041408 + 14935455915911800389*2^64 + 6352829417033146657*2^128 + 19077594294*2^192,1745665163284132912 + 17860375978729044108*2^64 + 11558830321902653888*2^128 + 8300369890*2^192,995266490441587872 + 13437741763601619692*2^64 + 14734429828350310134*2^128 + 42682489507*2^192,1795342438612444768 + 12822419493977748328*2^64 + 769794209914183741*2^128 + 31918201097*2^192,1708412238975439856 + 8956266580000500629*2^64 + 14500831313740336237*2^128 + 18475143405*2^192,13918934336745197168 + 16754530745122007072*2^64 + 10974174428028900999*2^128 + 2107688538*2^192,4030286466737696912 + 5311084527775225096*2^64 + 12839207607759670310*2^128 + 128892444627*2^192,14612709511017910432 + 16947830998937481205*2^64 + 13243474825192336612*2^128 + 13158584423*2^192,16482161192618440560 + 14400969227347899086*2^64 + 18322338837120837219*2^128 + 99918310267*2^192;\
43638081660816094 + 5517997295806938254*2^64 + 11487859820892059759*2^128 + 3961238508*2^192,13114707047445719796 + 13227179099321348427*2^64 + 3922383672234426647*2^128 + 80693799147*2^192,10343990531592278218 + 15986723287435078056*2^64 + 17487982768782352425*2^128 + 64788560454*2^192,17849849296691105110 + 9524185560830338625*2^64 + 7088166726309332494*2^128 + 119537756033*2^192,927832933719446056 + 16081760355593753106*2^64 + 7556292243545752311*2^128 + 91880310042*2^192,5361453709272068784 + 1740981254672022623*2^64 + 1568655616398668909*2^128 + 33248489575*2^192,15035707486724112536 + 2607121037779135167*2^64 + 6473252659950064879*2^128 + 81931769794*2^192,9200998678290745072 + 1403002678651141440*2^64 + 10157502685337013128*2^128 + 44899019924*2^192,84329854903718560 + 12060106044344991620*2^64 + 11417387354483571477*2^128 + 10621242160*2^192,4012741071508279400 + 3704697245135148558*2^64 + 270600243970162997*2^128 + 114611924767*2^192,8767410417514420816 + 225433904064488806*2^64 + 15138648522112201119*2^128 + 63258310260*2^192,2773394069154456128 + 15967108550132704293*2^64 + 3000312925068285323*2^128 + 23284731415*2^192,14132458777034450704 + 9953414484659147448*2^64 + 12504033036818256485*2^128 + 101135959997*2^192,576090683419191008 + 15079401405297335276*2^64 + 8861570295367953942*2^128 + 48077797322*2^192,11336227853730093600 + 3312372236607680588*2^64 + 6093640766401359550*2^128 + 128960988913*2^192,13671602051736166096 + 13639770825270437267*2^64 + 13793636085693079807*2^128 + 76101391719*2^192,4550135844579385936 + 240504744419183995*2^64 + 18021596277884125274*2^128 + 36293070833*2^192,17451789944829638320 + 17720880621391189842*2^64 + 4722421125054707303*2^128 + 25378347453*2^192,14970544976686610912 + 9119036861079518030*2^64 + 17652663712371694441*2^128 + 33037247966*2^192,17965929346913828176 + 12324879787941431594*2^64 + 15585178897029755543*2^128 + 79807172190*2^192;\
125609526414896578 + 7160173642843026139*2^64 + 13925577613780682357*2^128 + 123407022759*2^192,3831744846852673228 + 3797417157192133529*2^64 + 14744778967638483032*2^128 + 35209433043*2^192,14610390274785443846 + 10736183541443803969*2^64 + 13821505971771813230*2^128 + 4510728805*2^192,2838642272088877466 + 8681914179400052906*2^64 + 12297906666799793812*2^128 + 53580621536*2^192,14569769186176110424 + 221249077569913501*2^64 + 11308043749623047839*2^128 + 26648059882*2^192,13593347648568386000 + 10868430333956323753*2^64 + 9340922758587747985*2^128 + 58971725866*2^192,7916119297224112744 + 17847967159107143133*2^64 + 8706892615475111180*2^128 + 48198584797*2^192,3049117631099756048 + 7531632615203857157*2^64 + 14057028405237203146*2^128 + 40886534098*2^192,16033093882546911584 + 9694407411293645626*2^64 + 769958259295762937*2^128 + 105673926117*2^192,9865056383942054296 + 10696430946510827545*2^64 + 12841760068250763774*2^128 + 42948125824*2^192,11768532421992439984 + 3203436971572001879*2^64 + 11847291384999466958*2^128 + 15805511898*2^192,8361057376776436672 + 17466278031987622893*2^64 + 7947101046608195501*2^128 + 40156081721*2^192,3750746693222719856 + 3619185114859384259*2^64 + 472636022710764470*2^128 + 2868920908*2^192,14118650898001059360 + 15458666430131679098*2^64 + 10723512695016503150*2^128 + 51942467792*2^192,4113503087298015456 + 16582367327052393862*2^64 + 12150550738844632796*2^128 + 103292002189*2^192,11781336775982468912 + 17425593236326400338*2^64 + 8894115027835696212*2^128 + 114497577688*2^192,6750606340715121584 + 3219779171781816294*2^64 + 79267778713845332*2^128 + 134049031791*2^192,6171407946903844176 + 3205635481672697272*2^64 + 16529944062420637542*2^128 + 114801748429*2^192,9568066235521794592 + 11092585196612580564*2^64 + 735832750123054835*2^128 + 41820087636*2^192,9403002032449200816 + 10541803210332722529*2^64 + 5682132981440335584*2^128 + 357642617*2^192;\
850013118873959958 + 6246323295100574412*2^64 + 11318497697527355066*2^128 + 20021583655*2^192,2036915125388638020 + 3758312604137778374*2^64 + 16884045600975902821*2^128 + 112305540313*2^192,3581848860036324226 + 7588472593421804038*2^64 + 15302726409366815529*2^128 + 3312136859*2^192,14570216756045319134 + 4658860886851669155*2^64 + 6572329683042380833*2^128 + 12005275187*2^192,18358458048373746888 + 13941850490359532390*2^64 + 7197108737895081360*2^128 + 99657027445*2^192,720735567142504688 + 367617775066723951*2^64 + 7924452189868773118*2^128 + 117676472720*2^192,13532086390623033720 + 16115400832517390140*2^64 + 7318338576838755844*2^128 + 131050106474*2^192,5105425932894159792 + 10455434194440168452*2^64 + 14434399259449413040*2^128 + 105023202384*2^192,15551723582795022624 + 13293507859969148900*2^64 + 245022742450608857*2^128 + 114907228368*2^192,12895584021267707272 + 15176234830013957654*2^64 + 15329474467281227886*2^128 + 17197346730*2^192,8984975839609834128 + 7444841499154941374*2^64 + 5001294525898855824*2^128 + 76281341841*2^192,8226444514646819648 + 2416724107765376041*2^64 + 2157004159003940705*2^128 + 104088895058*2^192,17958047253599582416 + 17545338010889824418*2^64 + 10681561399170853141*2^128 + 58314686223*2^192,3432802853478220384 + 13663086115971444945*2^64 + 14365257665056909310*2^128 + 107919299912*2^192,5224187118012260256 + 10142825204155335308*2^64 + 1991018003575633157*2^128 + 117813028425*2^192,4984481801567296272 + 14561400674680942567*2^64 + 14669067669434792371*2^128 + 120847812065*2^192,17752439555842516624 + 7473432700697343968*2^64 + 7316801179638919982*2^128 + 61893373976*2^192,5436443699555922032 + 962793874106725144*2^64 + 2113059859301647352*2^128 + 60693141515*2^192,17780270143453916000 + 2504736111107078179*2^64 + 13780942266906756074*2^128 + 70313947353*2^192,6651800122580033424 + 3470653401557839387*2^64 + 13684038093121496919*2^128 + 118220789401*2^192;\
1008842785946753149 + 1878557445102230367*2^64 + 4577502525572628591*2^128 + 21096016504*2^192,12146497555619902094 + 7041436124834601995*2^64 + 15340332487127504983*2^128 + 38221935441*2^192,17418465790722066935 + 6305951157230033192*2^64 + 17040915556897497704*2^128 + 44005627937*2^192,2431022346222135097 + 8806949748869460318*2^64 + 12930054694164027540*2^128 + 63037682670*2^192,10738794110089707388 + 13676575772179513332*2^64 + 15405381166091346913*2^128 + 104761056636*2^192,5501814016801587912 + 11415026886689071149*2^64 + 15342199523651067180*2^128 + 45880130905*2^192,13282522157427354724 + 18346016490642723658*2^64 + 6983394616935276739*2^128 + 55334675082*2^192,16607317427537516648 + 17832125401940230012*2^64 + 150859394846419814*2^128 + 135823384880*2^192,10832483962618133232 + 15173519885528999923*2^64 + 15536901768393254023*2^128 + 75635377224*2^192,3449276604105744028 + 9432155520782620521*2^64 + 12840931683104384045*2^128 + 108578003945*2^192,16759289914254706808 + 12066115576224161117*2^64 + 5336300545713536808*2^128 + 109531695647*2^192,4188848368122376032 + 8940188262363125288*2^64 + 18317588404452244996*2^128 + 117075805585*2^192,13745515014848893656 + 14307726919965919663*2^64 + 15447661578621252273*2^128 + 51142267085*2^192,16874232846035195344 + 6117071102725055952*2^64 + 10967462478170826022*2^128 + 3589051673*2^192,6041788091313255600 + 13073042385495877054*2^64 + 1614539419926302642*2^128 + 18952456861*2^192,13589838355622264888 + 5837364442746211814*2^64 + 2840827070365823692*2^128 + 64799713204*2^192,5258946884938857592 + 14225371011088774438*2^64 + 4627745425988204347*2^128 + 97797978505*2^192,13221414724498060808 + 6655903213164755098*2^64 + 2109036686077592671*2^128 + 20839628138*2^192,2336749652546278352 + 12449034487176817493*2^64 + 5724125004801618196*2^128 + 71959772549*2^192,16957341726279678712 + 8990525182261963143*2^64 + 10526908370603124929*2^128 + 43869966478*2^192;\
10573223711042321591 + 7989355960854258761*2^64 + 176524940943419410*2^128 + 40214847210*2^192,4621363696937975594 + 3405610527075974671*2^64 + 11814108633667523635*2^128 + 134163284271*2^192,13057082230499923877 + 4659764845563000905*2^64 + 10920810084506256663*2^128 + 23672586405*2^192,7049914532233392427 + 16609533309361134916*2^64 + 3848250841106431812*2^128 + 78944148237*2^192,18074115645109565556 + 3884232227628891283*2^64 + 10986432593506140584*2^128 + 67834372946*2^192,12632090690241023320 + 11904054782106299974*2^64 + 14277688930366485433*2^128 + 133088924199*2^192,9358074545984390700 + 16530096809138194436*2^64 + 17707790479835937805*2^128 + 92497388053*2^192,16669432272891104824 + 3287469202717641030*2^64 + 10929965528204177209*2^128 + 14439125911*2^192,13009554277826865872 + 2463351372148288000*2^64 + 5719962874830585201*2^128 + 75348608089*2^192,15241206023755410900 + 8165470072357252202*2^64 + 7936466092921415182*2^128 + 34741493749*2^192,7628404624895415400 + 4071171756740343123*2^64 + 18317546906835498236*2^128 + 105228191805*2^192,6495399813428041760 + 14184808398801867188*2^64 + 2675968048799194342*2^128 + 82394083660*2^192,8001352719212838280 + 2325509198474257585*2^64 + 11908744854159030035*2^128 + 64524935627*2^192,6466551978319093872 + 9770336596407386645*2^64 + 16617820791651613551*2^128 + 102217146716*2^192,5940843272459293712 + 55976153376110831*2^64 + 11094683741073072109*2^128 + 50915883390*2^192,4690194044203925160 + 8650951628890692491*2^64 + 2139025318019484650*2^128 + 98968893770*2^192,1746174666897937256 + 18364429745004588724*2^64 + 5136874741221925011*2^128 + 8558767005*2^192,8834394489571025432 + 5746331648172441498*2^64 + 9264644695347959548*2^128 + 67815360333*2^192,18255215275437939056 + 13291141307401091052*2^64 + 16616945543803512392*2^128 + 55639837511*2^192,4103181403625375464 + 7792094439613424514*2^64 + 381348734089860158*2^128 + 70111761*2^192;\
1836449348174390923 + 6412245771603414596*2^64 + 12222869028209922227*2^128 + 15812097646*2^192,5440723327036727458 + 13795306010226487981*2^64 + 6173070537878384117*2^128 + 15153876096*2^192,14862650572769896929 + 17468801663918414999*2^64 + 9912014687855759463*2^128 + 56896503716*2^192,9489649040863955503 + 5513435517313426255*2^64 + 8921808097827868937*2^128 + 106269543687*2^192,13144550264542196452 + 7092611899945303729*2^64 + 1872228956938024365*2^128 + 121866185768*2^192,4411361444090391544 + 12482760891158104412*2^64 + 10444849206382193228*2^128 + 37701476638*2^192,15787408783162646460 + 9141758436001889656*2^64 + 2218903149698365483*2^128 + 103037407584*2^192,3404062545755992920 + 14933034793638116997*2^64 + 6568762739089668925*2^128 + 98949984057*2^192,18407428369296667024 + 15702310925804601825*2^64 + 15685975623761680402*2^128 + 9986254321*2^192,15142307142061993284 + 10332921912240846191*2^64 + 10318510909549201702*2^128 + 125408116199*2^192,11782690276108324296 + 7368923646992363658*2^64 + 9585390240070632807*2^128 + 121131839404*2^192,12315599433853022368 + 7356480039206354375*2^64 + 1993437268035036237*2^128 + 30571934038*2^192,11773219288045893608 + 10744211972693833208*2^64 + 12424270873360488640*2^128 + 44796698595*2^192,7736641394282078128 + 3771837340631315060*2^64 + 1213847118734598826*2^128 + 122950030465*2^192,9382444504978431696 + 6817947644222914879*2^64 + 7802284330586865089*2^128 + 61835247222*2^192,6931797203420457608 + 1474885244547923859*2^64 + 12585460080304152224*2^128 + 7365643990*2^192,10084072329012196936 + 8535801353749553012*2^64 + 5933525896352609744*2^128 + 80486516306*2^192,9216017923801483064 + 15908872443410771314*2^64 + 7357225786052272706*2^128 + 117881214010*2^192,15762844993472814768 + 7151555626299342789*2^64 + 8832183304803370718*2^128 + 67187194116*2^192,13219102036754130376 + 9302936296571698903*2^64 + 1375368860249663569*2^128 + 63628345683*2^192]
/* 
This matrix times 2^(-7) should be the matrix of frobenius.
*/ 
B = 2^(-7) * A; 
/* Freed 6373 lists. */
The sign is: -1
The characteristic polynomial is: x^20 + x^19 - 3*x^18 - 7*x^17 - 9*x^16 + 19*x^15 + 16*x^14 - 60*x^13 - 64*x^12 + 176*x^11 - 704*x^9 + 1024*x^8 + 3840*x^7 - 4096*x^6 - 19456*x^5 + 36864*x^4 + 114688*x^3 + 196608*x^2 - 262144*x - 1048576
Its Newton polygon is: [2, 2, 2, 2, 2, 1, 1, 1, 1, 1, 1, 1, 1, 1, 1, 0, 0, 0, 0, 0]
Its factorization is: [x - 2, 1; x + 2, 1; x^2 + x + 4, 1; x^16 - 3*x^14 + 7*x^12 - 32*x^10 + 48*x^8 - 512*x^6 + 1792*x^4 - 12288*x^2 + 65536, 1]
The valuation of f-g is: 22
The valuation of subst(g,x,A) is: 14
