/* Comments begin... 
No set up needed.

Please input coefficients below.
Coefficient of   x^23                     = Coefficient of   x^12 * w^2               = Coefficient of   x^6 * y^6 * w^1         = Coefficient of   x^5 * y^5 * z^1 * w^1   = Coefficient of   x^4 * y^4 * z^2 * w^1   = Coefficient of   x^3 * y^3 * z^3 * w^1   = Coefficient of   x^2 * y^2 * z^4 * w^1   = Coefficient of   x^1 * y^1 * z^5 * w^1   = Coefficient of   x^1 * w^4               = Coefficient of   y^12                     = Coefficient of   z^6 * w^1               = 
Here is the polynomial we're using this time:

1 + 0*2^64 + 0*2^128 + 0*2^192*x^23 + 1 + 0*2^64 + 0*2^128 + 0*2^192*x^12*w^2 + 1 + 0*2^64 + 0*2^128 + 0*2^192*x^6*y^6*w^1 + 1 + 0*2^64 + 0*2^128 + 0*2^192*x^5*y^5*z^1*w^1 + 1 + 0*2^64 + 0*2^128 + 0*2^192*x^3*y^3*z^3*w^1 + 1 + 0*2^64 + 0*2^128 + 0*2^192*x^2*y^2*z^4*w^1 + 1 + 0*2^64 + 0*2^128 + 0*2^192*x^1*y^1*z^5*w^1 + 1 + 0*2^64 + 0*2^128 + 0*2^192*x^1*w^4 + 1 + 0*2^64 + 0*2^128 + 0*2^192*y^12 + 1 + 0*2^64 + 0*2^128 + 0*2^192*z^6*w^1


Allocate G_len 20 elements and old = 0.
Allocate M_len = 400 elements.
Allocate G_len 40 elements and old = 20.
Allocate M_len = 800 elements.
Allocate G_len 80 elements and old = 40.
Allocate M_len = 1600 elements.
Allocate M_len = 3200 elements.
Allocate G_len 160 elements and old = 80.
Allocate M_len = 6400 elements.
Allocate M_len = 12800 elements.
Allocate G_len 320 elements and old = 160.
Allocate M_len = 25600 elements.
Allocate M_len = 51200 elements.
Allocate G_len 640 elements and old = 320.
Allocate M_len = 102400 elements.
Allocate M_len = 204800 elements.
Allocate G_len 1280 elements and old = 640.
Allocate M_len = 409600 elements.
Allocate M_len = 819200 elements.
The final length of G is 775
[5, 5, 0, 1, 0]  	241	5 
[5, 4, 1, 1, 0]  	253	6 
[22, 0, 0, 0, 0]  	264	8  <--- 1
[12, 0, 0, 2, 0]  	276	3 
[4, 4, 2, 1, 0]  	276	6 
[3, 3, 4, 1, 0]  	311	6 
[3, 2, 5, 1, 0]  	323	6 
[16, 6, 0, 0, 0]  	330	13 
[8, 2, 4, 1, 0]  	348	10 
[6, 13, 0, 0, 0]  	371	10 
[10, 11, 0, 0, 0]  	373	16 
[9, 12, 0, 0, 0]  	384	13 
[10, 10, 1, 0, 0]  	385	12 
[10, 3, 2, 2, 0]  	391	6 
[7, 12, 1, 0, 0]  	395	12 
[21, 5, 1, 0, 0]  	402	15 
[10, 2, 3, 2, 0]  	403	10 
[8, 9, 3, 0, 0]  	408	15 
[20, 3, 3, 0, 0]  	414	14 
[10, 1, 4, 2, 0]  	415	11 
[6, 12, 2, 0, 0]  	418	11 
[8, 8, 4, 0, 0]  	420	12 
[20, 5, 2, 0, 0]  	425	13 
[10, 0, 5, 2, 0]  	427	11 
[5, 1, 8, 1, 0]  	429	9 
[7, 0, 8, 1, 0]  	430	12 
[7, 9, 4, 0, 0]  	431	14 
[6, 1, 6, 2, 0]  	437	8 
[21, 2, 4, 0, 0]  	438	14 
[8, 0, 6, 2, 0]  	438	8 
[4, 17, 0, 0, 0]  	439	12 
[7, 8, 5, 0, 0]  	443	15 
[20, 3, 2, 1, 0]  	445	21 
[14, 9, 2, 0, 0]  	445	20 
[6, 0, 7, 2, 0]  	449	8 
[21, 1, 5, 0, 0]  	450	14 
[4, 16, 1, 0, 0]  	451	7 
[2, 2, 9, 1, 0]  	451	6 
[4, 1, 9, 1, 0]  	452	8 
[6, 0, 9, 1, 0]  	453	11 
[6, 9, 5, 0, 0]  	454	13 
[6, 6, 7, 0, 0]  	455	12 
[20, 2, 3, 1, 0]  	457	20 
[14, 8, 3, 0, 0]  	457	19 
[18, 0, 7, 0, 0]  	461	12 
[21, 0, 6, 0, 0]  	462	12 
[4, 15, 2, 0, 0]  	463	6 
[6, 11, 4, 0, 0]  	465	12 
[6, 8, 6, 0, 0]  	466	14 
[16, 0, 6, 1, 0]  	468	19 
[20, 1, 4, 1, 0]  	469	17 
[14, 7, 4, 0, 0]  	469	18 
[19, 3, 5, 0, 0]  	472	15 
[5, 0, 8, 2, 0]  	472	8 
[4, 14, 3, 0, 0]  	475	8 
[3, 1, 10, 1, 0]  	475	7 
[5, 0, 10, 1, 0]  	476	10 
[12, 7, 5, 0, 0]  	480	17 
[11, 6, 6, 0, 0]  	480	17 
[20, 0, 5, 1, 0]  	481	16 
[14, 6, 5, 0, 0]  	481	16 
[18, 4, 5, 0, 0]  	483	12 
[4, 1, 8, 2, 0]  	483	6 
[3, 0, 9, 2, 0]  	483	6 
[2, 5, 8, 1, 0]  	485	8 
[2, 14, 4, 0, 0]  	486	7 
[2, 0, 0, 7, 0]  	486	7 
[4, 13, 4, 0, 0]  	487	9 
[4, 4, 10, 0, 0]  	490	13 
[10, 7, 6, 0, 0]  	491	16 
[17, 5, 5, 0, 0]  	494	16 
[18, 3, 6, 0, 0]  	495	15 
[3, 5, 10, 0, 0]  	501	12 
[17, 4, 6, 0, 0]  	506	17 
[3, 13, 5, 0, 0]  	510	8 
[4, 11, 6, 0, 0]  	511	10 
[5, 6, 9, 0, 0]  	513	13 
[3, 4, 11, 0, 0]  	513	12 
[17, 3, 7, 0, 0]  	518	15 
[3, 18, 2, 0, 0]  	520	7 
[4, 10, 7, 0, 0]  	523	10 
[5, 3, 0, 6, 0]  	525	13 
[8, 5, 9, 0, 0]  	526	15 
[6, 3, 11, 0, 0]  	526	13 
[4, 5, 1, 5, 0]  	528	10 
[2, 4, 8, 2, 0]  	528	6 
[17, 2, 8, 0, 0]  	530	17 
[7, 2, 4, 4, 0]  	534	13 
[4, 0, 12, 1, 0]  	534	9 
[4, 9, 8, 0, 0]  	535	10 
[3, 8, 9, 0, 0]  	535	10 
[2, 7, 10, 0, 0]  	535	10 
[4, 3, 12, 0, 0]  	537	12 
[3, 10, 8, 0, 0]  	546	9 
[2, 6, 11, 0, 0]  	547	10 
[3, 18, 1, 1, 0]  	551	9 
[16, 2, 9, 0, 0]  	553	15 
[17, 0, 10, 0, 0]  	554	13 
[4, 5, 0, 6, 0]  	559	11 
[2, 5, 12, 0, 0]  	559	10 
[4, 15, 1, 2, 0]  	560	12 
[3, 3, 13, 0, 0]  	560	12 
[2, 3, 4, 5, 0]  	563	8 
[1, 15, 4, 1, 0]  	563	6 
[1, 3, 10, 2, 0]  	563	6 
[16, 1, 10, 0, 0]  	565	17 
[2, 10, 9, 0, 0]  	569	8 
[3, 6, 0, 6, 0]  	570	9 
[2, 18, 0, 2, 0]  	570	9 
[4, 4, 1, 6, 0]  	571	12 
[2, 3, 8, 3, 0]  	571	9 
[15, 2, 10, 0, 0]  	576	14 
[16, 0, 11, 0, 0]  	577	14 
[4, 13, 1, 3, 0]  	580	10 
[2, 12, 8, 0, 0]  	580	7 
[2, 8, 5, 3, 0]  	581	9 
[2, 7, 0, 6, 0]  	581	9 
[2, 5, 7, 3, 0]  	582	10 
[2, 3, 14, 0, 0]  	583	9 
[14, 3, 10, 0, 0]  	587	14 
[15, 1, 11, 0, 0]  	588	15 
[4, 0, 8, 4, 0]  	592	8 
[3, 0, 14, 1, 0]  	592	7 
[2, 7, 6, 3, 0]  	593	9 
[2, 6, 1, 6, 0]  	593	9 
[1, 4, 14, 0, 0]  	594	7 
[1, 3, 9, 3, 0]  	594	7 
[3, 1, 4, 6, 0]  	595	10 
[2, 2, 15, 0, 0]  	595	10 
[2, 1, 10, 3, 0]  	595	10 
[14, 2, 11, 0, 0]  	599	12 
[15, 0, 12, 0, 0]  	600	12 
[3, 1, 8, 4, 0]  	603	6 
[2, 1, 14, 1, 0]  	603	6 
[1, 12, 9, 0, 0]  	603	6 
[1, 20, 0, 2, 0]  	604	7 
[1, 9, 11, 0, 0]  	604	6 
[1, 6, 13, 0, 0]  	605	6 
[1, 5, 8, 3, 0]  	605	6 
[2, 2, 4, 6, 0]  	606	7 
[1, 14, 4, 2, 0]  	606	7 
[1, 3, 15, 0, 0]  	606	7 
[1, 2, 10, 3, 0]  	606	7 
[1, 1, 5, 6, 0]  	606	7 
[2, 12, 5, 2, 0]  	607	11 
[4, 10, 0, 5, 0]  	608	11 
[10, 1, 2, 6, 0]  	609	10 
[1, 3, 0, 8, 0]  	609	6 
[1, 26, 0, 0, 0]  	610	10 
[13, 0, 13, 0, 0]  	611	15 
[2, 11, 4, 3, 0]  	615	6 
[2, 0, 15, 1, 0]  	615	5 
[1, 11, 10, 0, 0]  	615	5 
[1, 9, 0, 6, 0]  	615	5 
[1, 6, 2, 6, 0]  	616	5 
[1, 3, 4, 6, 0]  	617	5 
[0, 15, 4, 2, 0]  	617	5 
[1, 12, 0, 5, 0]  	618	7 
[1, 2, 16, 0, 0]  	618	7 
[3, 11, 0, 5, 0]  	619	9 
[2, 23, 0, 1, 0]  	619	8 
[1, 2, 1, 8, 0]  	621	6 
[13, 2, 12, 0, 0]  	622	10 
[2, 4, 7, 4, 0]  	625	8 
[1, 16, 7, 0, 0]  	625	6 
[1, 4, 13, 1, 0]  	625	6 
[1, 2, 3, 7, 0]  	625	6 
[1, 8, 1, 6, 0]  	627	4 
[0, 20, 1, 2, 0]  	627	4 
[1, 18, 2, 2, 0]  	628	5 
[1, 1, 0, 9, 0]  	629	6 
[0, 13, 0, 5, 0]  	629	5 
[1, 24, 0, 1, 0]  	630	7 
[10, 1, 14, 0, 0]  	633	10 
[1, 1, 2, 8, 0]  	633	6 
[1, 18, 6, 0, 0]  	636	7 
[1, 6, 12, 1, 0]  	636	6 
[1, 4, 2, 7, 0]  	636	6 
[1, 15, 8, 0, 0]  	637	5 
[1, 3, 14, 1, 0]  	637	5 
[1, 1, 4, 7, 0]  	637	5 
[0, 14, 9, 0, 0]  	637	5 
[2, 0, 10, 4, 0]  	638	5 
[1, 0, 16, 1, 0]  	638	5 
[0, 19, 2, 2, 0]  	639	3 
[0, 8, 13, 0, 0]  	639	3 
[0, 5, 15, 0, 0]  	640	4 
[0, 25, 0, 1, 0]  	641	5 
[2, 0, 12, 3, 0]  	642	7 
[1, 23, 1, 1, 0]  	642	7 
[2, 21, 2, 1, 0]  	643	7 
[1, 0, 3, 8, 0]  	645	6 
[3, 25, 1, 0, 0]  	646	9 
[2, 0, 14, 2, 0]  	646	6 
[1, 20, 5, 0, 0]  	647	7 
[1, 8, 11, 1, 0]  	647	6 
[1, 6, 1, 7, 0]  	647	6 
[1, 4, 8, 4, 0]  	648	5 
[0, 16, 8, 0, 0]  	648	5 
[1, 2, 15, 1, 0]  	649	5 
[1, 0, 5, 7, 0]  	649	5 
[0, 18, 3, 2, 0]  	651	2 
[0, 7, 14, 0, 0]  	651	2 
[0, 6, 9, 3, 0]  	651	2 
[0, 4, 16, 0, 0]  	652	3 
[0, 3, 11, 3, 0]  	652	3 
[0, 24, 1, 1, 0]  	653	5 
[2, 10, 2, 5, 0]  	654	6 
[1, 22, 2, 1, 0]  	654	6 
[6, 1, 16, 0, 0]  	655	7 
[2, 20, 3, 1, 0]  	655	6 
[0, 18, 5, 1, 0]  	655	5 
[1, 8, 0, 7, 0]  	658	6 
[0, 18, 7, 0, 0]  	659	5 
[0, 14, 4, 3, 0]  	660	4 
[0, 3, 15, 1, 0]  	660	4 
[0, 5, 10, 3, 0]  	663	1 
[0, 4, 5, 6, 0]  	663	1 
[0, 3, 0, 9, 0]  	663	1 
[0, 3, 17, 0, 0]  	664	3 
[0, 2, 12, 3, 0]  	664	3 
[2, 0, 7, 6, 0]  	665	7 
[1, 11, 2, 5, 0]  	665	6 
[1, 9, 9, 2, 0]  	666	5 
[0, 20, 4, 1, 0]  	666	4 
[1, 5, 6, 5, 0]  	667	6 
[0, 17, 6, 1, 0]  	667	5 
[12, 0, 15, 0, 0]  	669	8 
[2, 0, 9, 5, 0]  	669	7 
[1, 0, 0, 10, 0]  	672	5 
[0, 12, 0, 6, 0]  	672	4 
[0, 3, 6, 6, 0]  	675	1 
[0, 2, 1, 9, 0]  	675	1 
[1, 0, 2, 9, 0]  	676	3 
[0, 12, 2, 5, 0]  	676	3 
[1, 11, 8, 2, 0]  	677	5 
[1, 10, 3, 5, 0]  	677	4 
[6, 0, 6, 6, 0]  	678	6 
[9, 0, 5, 6, 0]  	679	6 
[1, 4, 7, 5, 0]  	679	6 
[0, 16, 7, 1, 0]  	679	5 
[1, 23, 4, 0, 0]  	681	5 
[0, 3, 10, 4, 0]  	683	3 
[0, 13, 11, 0, 0]  	684	5 
[0, 2, 7, 6, 0]  	687	1 
[0, 1, 2, 9, 0]  	687	1 
[1, 1, 13, 3, 0]  	688	4 
[1, 0, 8, 6, 0]  	688	4 
[0, 11, 3, 5, 0]  	688	3 
[1, 9, 4, 5, 0]  	689	3 
[0, 9, 10, 2, 0]  	689	3 
[0, 30, 0, 0, 0]  	690	4  <--- 2
[8, 0, 17, 0, 0]  	691	7 
[1, 3, 8, 5, 0]  	691	6 
[0, 15, 8, 1, 0]  	691	5 
[11, 0, 16, 0, 0]  	692	9 
[0, 2, 11, 4, 0]  	695	3 
[0, 14, 7, 2, 0]  	699	1 
[0, 1, 8, 6, 0]  	699	1 
[0, 0, 3, 9, 0]  	699	1 
[1, 0, 14, 3, 0]  	700	3 
[0, 23, 3, 1, 0]  	700	3 
[4, 1, 18, 0, 0]  	701	5 
[1, 8, 5, 5, 0]  	701	3 
[0, 8, 11, 2, 0]  	701	3 
[1, 2, 9, 5, 0]  	703	6 
[0, 2, 17, 1, 0]  	707	3 
[0, 13, 8, 2, 0]  	711	1 
[0, 2, 19, 0, 0]  	711	1 
[0, 1, 14, 3, 0]  	711	1 
[0, 0, 9, 6, 0]  	711	1 
[1, 0, 20, 0, 0]  	712	2 
[4, 0, 19, 0, 0]  	713	4 
[0, 7, 12, 2, 0]  	713	3 
[7, 0, 18, 0, 0]  	714	6 
[0, 2, 6, 7, 0]  	718	2 
[0, 11, 2, 6, 0]  	719	3 
[0, 12, 9, 2, 0]  	723	1 
[0, 1, 20, 0, 0]  	723	1 
[0, 0, 15, 3, 0]  	723	1 
[0, 20, 0, 4, 0]  	724	2 
[0, 8, 6, 5, 0]  	724	2 
[0, 6, 13, 2, 0]  	725	3 
[1, 0, 13, 4, 0]  	731	4 
[0, 10, 5, 5, 0]  	735	1 
[0, 9, 0, 8, 0]  	735	1 
[0, 0, 21, 0, 0]  	735	1  <--- 3
[0, 5, 14, 2, 0]  	737	3 
[0, 26, 4, 0, 0]  	738	5 
[0, 8, 1, 8, 0]  	747	1 
[0, 18, 2, 4, 0]  	748	2 
[0, 6, 8, 5, 0]  	748	2 
[0, 1, 19, 1, 0]  	754	2 
[0, 7, 2, 8, 0]  	759	1 
[0, 5, 9, 5, 0]  	760	2 
[1, 0, 12, 5, 0]  	762	6 
[0, 6, 3, 8, 0]  	771	1 
[0, 5, 4, 8, 0]  	783	1 
[0, 0, 0, 12, 0]  	792	1  <--- 4
[12, 0, 0, 1, 1]  	210	8 
[10, 3, 2, 1, 1]  	325	11 
[10, 2, 3, 1, 1]  	337	13 
[2, 14, 0, 0, 1]  	346	6 
[10, 1, 4, 1, 1]  	349	14 
[10, 0, 5, 1, 1]  	361	15 
[9, 0, 6, 1, 1]  	384	14 
[5, 13, 1, 0, 1]  	394	9 
[8, 1, 6, 1, 1]  	395	12 
[11, 0, 0, 4, 1]  	396	17 
[9, 11, 1, 0, 1]  	396	15 
[6, 1, 7, 1, 1]  	406	10 
[8, 0, 7, 1, 1]  	407	13 
[9, 10, 2, 0, 1]  	408	15 
[9, 3, 3, 2, 1]  	414	9 
[4, 13, 2, 0, 1]  	417	8 
[8, 11, 2, 0, 1]  	419	14 
[19, 5, 3, 0, 1]  	448	15 
[4, 6, 0, 4, 1]  	450	9 
[19, 4, 4, 0, 1]  	460	14 
[5, 1, 7, 2, 1]  	460	8 
[3, 7, 0, 4, 1]  	461	9 
[2, 13, 4, 0, 1]  	463	6 
[11, 7, 5, 0, 1]  	468	18 
[18, 5, 4, 0, 1]  	471	18 
[3, 6, 1, 4, 1]  	473	9 
[1, 14, 4, 0, 1]  	474	6 
[4, 7, 8, 0, 1]  	489	12 
[2, 9, 0, 4, 1]  	495	6 
[2, 3, 4, 4, 1]  	497	8 
[5, 10, 6, 0, 1]  	500	11 
[4, 6, 9, 0, 1]  	501	12 
[9, 5, 8, 0, 1]  	503	16 
[2, 12, 4, 1, 1]  	506	6 
[2, 8, 1, 4, 1]  	507	6 
[2, 2, 5, 4, 1]  	509	9 
[9, 3, 2, 4, 1]  	511	15 
[5, 12, 5, 0, 1]  	511	10 
[5, 9, 7, 0, 1]  	512	12 
[2, 7, 2, 4, 1]  	519	6 
[1, 4, 10, 1, 1]  	520	7 
[9, 2, 3, 4, 1]  	523	14 
[3, 9, 8, 0, 1]  	523	10 
[9, 3, 10, 0, 1]  	527	14 
[9, 1, 0, 6, 1]  	527	11 
[2, 1, 10, 2, 1]  	529	6 
[2, 6, 3, 4, 1]  	531	7 
[1, 3, 11, 1, 1]  	532	7 
[9, 1, 4, 4, 1]  	535	12 
[8, 2, 0, 6, 1]  	538	13 
[16, 3, 8, 0, 1]  	541	15 
[2, 0, 11, 2, 1]  	541	6 
[17, 1, 9, 0, 1]  	542	16 
[1, 4, 5, 4, 1]  	543	6 
[1, 2, 12, 1, 1]  	544	7 
[9, 0, 5, 4, 1]  	547	11 
[3, 5, 0, 6, 1]  	547	10 
[5, 1, 2, 6, 1]  	549	11 
[8, 1, 1, 6, 1]  	550	10 
[15, 4, 8, 0, 1]  	552	13 
[1, 3, 6, 4, 1]  	555	6 
[5, 1, 6, 4, 1]  	557	12 
[3, 12, 7, 0, 1]  	557	8 
[7, 0, 6, 4, 1]  	558	11 
[3, 4, 1, 6, 1]  	559	10 
[2, 4, 7, 3, 1]  	559	10 
[1, 2, 7, 4, 1]  	567	6 
[5, 0, 7, 4, 1]  	569	9 
[2, 6, 6, 3, 1]  	570	9 
[2, 4, 13, 0, 1]  	571	9 
[4, 1, 3, 6, 1]  	572	11 
[3, 2, 14, 0, 1]  	572	10 
[1, 13, 0, 4, 1]  	575	6 
[1, 2, 11, 2, 1]  	575	6 
[1, 1, 8, 4, 1]  	579	6 
[4, 1, 7, 4, 1]  	580	9 
[4, 3, 2, 6, 1]  	583	9 
[2, 1, 4, 6, 1]  	583	9 
[4, 0, 4, 6, 1]  	584	10 
[1, 10, 10, 0, 1]  	592	7 
[4, 1, 15, 0, 1]  	596	10 
[1, 6, 9, 2, 1]  	597	6 
[1, 2, 6, 5, 1]  	598	7 
[1, 1, 1, 8, 1]  	598	6 
[2, 0, 9, 4, 1]  	603	6 
[3, 0, 5, 6, 1]  	607	10 
[1, 8, 12, 0, 1]  	616	5 
[1, 7, 7, 3, 1]  	616	5 
[2, 4, 3, 6, 1]  	617	5 
[1, 1, 11, 3, 1]  	618	7 
[3, 1, 16, 0, 1]  	619	8 
[2, 11, 6, 2, 1]  	619	8 
[9, 1, 14, 0, 1]  	621	8 
[0, 14, 5, 2, 1]  	629	5 
[2, 0, 6, 6, 1]  	630	8 
[1, 12, 6, 2, 1]  	630	7 
[1, 11, 1, 5, 1]  	630	7 
[3, 0, 17, 0, 1]  	631	10 
[2, 10, 7, 2, 1]  	631	7 
[1, 0, 1, 9, 1]  	641	5 
[0, 13, 6, 2, 1]  	641	5 
[1, 7, 4, 5, 1]  	643	5 
[1, 10, 8, 2, 1]  	654	5 
[1, 1, 14, 2, 1]  	657	6 
[1, 0, 11, 4, 1]  	661	5 
[0, 23, 0, 2, 1]  	661	5 
[1, 11, 4, 4, 1]  	669	6 
[0, 20, 6, 0, 1]  	670	5 
[0, 2, 18, 0, 1]  	676	3 
[0, 18, 0, 4, 1]  	678	4 
[0, 22, 5, 0, 1]  	681	5 
[0, 18, 2, 3, 1]  	682	4 
[2, 0, 19, 0, 1]  	689	3 
[1, 0, 10, 5, 1]  	692	6 
[0, 11, 9, 2, 1]  	700	3 
[0, 29, 1, 0, 1]  	702	4 
[0, 28, 2, 0, 1]  	714	5 
[0, 27, 3, 0, 1]  	726	4 
[0, 1, 7, 7, 1]  	730	2 
[0, 1, 13, 4, 1]  	742	2 
[4, 3, 3, 1, 2]  	288	6 
[8, 12, 0, 0, 2]  	372	13 
[7, 1, 6, 1, 2]  	383	11 
[8, 1, 5, 2, 2]  	426	9 
[3, 13, 3, 0, 2]  	440	7 
[5, 12, 3, 0, 2]  	441	10 
[6, 7, 6, 0, 2]  	443	14 
[4, 13, 1, 1, 2]  	448	7 
[4, 0, 8, 2, 2]  	460	7 
[4, 5, 1, 4, 2]  	462	10 
[5, 7, 7, 0, 2]  	466	13 
[3, 13, 2, 1, 2]  	471	6 
[5, 6, 8, 0, 2]  	478	13 
[4, 5, 9, 0, 2]  	478	13 
[3, 12, 3, 1, 2]  	483	6 
[2, 8, 6, 1, 2]  	484	7 
[3, 5, 2, 4, 2]  	485	8 
[7, 4, 9, 0, 2]  	491	15 
[2, 10, 5, 1, 2]  	495	6 
[3, 4, 3, 4, 2]  	497	8 
[4, 11, 0, 3, 2]  	499	9 
[4, 9, 7, 0, 2]  	500	11 
[12, 5, 7, 0, 2]  	504	17 
[3, 7, 9, 0, 2]  	512	11 
[4, 3, 0, 6, 2]  	513	12 
[6, 2, 0, 6, 2]  	514	15 
[16, 5, 6, 0, 2]  	517	14 
[3, 4, 0, 6, 2]  	524	11 
[3, 4, 2, 5, 2]  	528	9 
[16, 4, 7, 0, 2]  	529	15 
[3, 13, 0, 3, 2]  	533	6 
[5, 2, 1, 6, 2]  	537	14 
[7, 1, 1, 6, 2]  	538	13 
[7, 1, 5, 4, 2]  	546	11 
[3, 9, 3, 3, 2]  	546	9 
[7, 2, 12, 0, 2]  	550	12 
[10, 0, 1, 6, 2]  	551	9 
[1, 13, 5, 1, 2]  	552	7 
[1, 12, 0, 4, 2]  	552	6 
[2, 1, 7, 4, 2]  	556	8 
[2, 7, 5, 3, 2]  	558	9 
[4, 2, 2, 6, 2]  	560	11 
[5, 2, 13, 0, 2]  	561	11 
[15, 3, 9, 0, 2]  	564	14 
[1, 24, 0, 0, 2]  	564	6 
[2, 5, 1, 6, 2]  	570	9 
[2, 2, 3, 6, 2]  	571	9 
[6, 0, 3, 6, 2]  	573	10 
[1, 17, 3, 1, 2]  	574	7 
[2, 4, 2, 6, 2]  	582	9 
[1, 3, 5, 5, 2]  	586	7 
[2, 10, 4, 3, 2]  	592	8 
[1, 7, 12, 0, 2]  	593	7 
[1, 15, 3, 2, 2]  	594	7 
[2, 0, 5, 6, 2]  	595	9 
[2, 12, 3, 3, 2]  	603	7 
[1, 8, 6, 3, 2]  	604	6 
[1, 17, 2, 2, 2]  	605	6 
[2, 1, 16, 0, 2]  	607	9 
[8, 1, 14, 0, 2]  	609	9 
[1, 10, 5, 3, 2]  	615	5 
[1, 19, 1, 2, 2]  	616	5 
[0, 27, 0, 0, 2]  	621	6 
[1, 5, 3, 6, 2]  	628	5 
[0, 26, 1, 0, 2]  	633	6 
[1, 14, 3, 3, 2]  	637	6 
[1, 11, 7, 2, 2]  	642	6 
[0, 13, 10, 0, 2]  	649	5 
[1, 0, 7, 6, 2]  	653	5 
[9, 0, 16, 0, 2]  	668	8 
[0, 6, 14, 1, 2]  	694	3 
[0, 12, 12, 0, 2]  	696	4 
[0, 25, 4, 0, 2]  	715	6 
[0, 7, 7, 5, 2]  	736	2 
[8, 1, 5, 1, 3]  	360	12 
[4, 4, 1, 4, 3]  	439	10 
[3, 4, 2, 4, 3]  	462	9 
[4, 12, 4, 0, 3]  	464	9 
[2, 9, 5, 1, 3]  	472	7 
[3, 3, 3, 4, 3]  	474	9 
[1, 13, 5, 0, 3]  	486	6 
[3, 12, 5, 0, 3]  	487	8 
[5, 11, 5, 0, 3]  	488	11 
[11, 5, 7, 0, 3]  	492	16 
[2, 7, 7, 1, 3]  	496	7 
[2, 12, 0, 3, 3]  	498	6 
[11, 4, 8, 0, 3]  	504	13 
[2, 5, 3, 4, 3]  	508	7 
[1, 13, 0, 3, 3]  	509	6 
[8, 3, 10, 0, 3]  	515	14 
[10, 0, 0, 6, 3]  	516	11 
[4, 2, 1, 6, 3]  	525	12 
[1, 18, 3, 0, 3]  	531	6 
[3, 3, 1, 6, 3]  	536	11 
[2, 4, 3, 5, 3]  	551	8 
[3, 11, 2, 3, 3]  	557	8 
[3, 1, 3, 6, 3]  	560	11 
[9, 0, 2, 6, 3]  	574	9 
[1, 19, 0, 2, 3]  	581	8 
[1, 12, 3, 3, 3]  	591	6 
[1, 18, 1, 2, 3]  	593	8 
[7, 1, 14, 0, 3]  	597	9 
[1, 1, 7, 5, 3]  	610	7 
[0, 4, 10, 3, 3]  	640	3 
[2, 0, 18, 0, 3]  	654	6 
[8, 0, 16, 0, 3]  	656	8 
[1, 1, 18, 0, 3]  	665	6 
[0, 12, 6, 3, 3]  	684	4 
[0, 12, 8, 2, 3]  	688	3 
[0, 3, 5, 7, 3]  	706	2 
[0, 9, 5, 5, 3]  	712	2 
[0, 11, 8, 3, 3]  	731	3 
[0, 16, 3, 4, 3]  	737	3 
[15, 5, 6, 0, 4]  	505	15 
[9, 0, 1, 6, 4]  	539	11 
[3, 2, 2, 6, 4]  	548	11 
[1, 16, 2, 2, 4]  	582	8 
[2, 0, 17, 0, 4]  	619	7 
[1, 21, 2, 1, 4]  	631	6 
[7, 0, 16, 0, 4]  	644	8 
[0, 16, 3, 3, 4]  	671	4 
[0, 13, 5, 3, 4]  	672	4 
[1, 0, 19, 0, 4]  	677	4 
[0, 17, 1, 4, 4]  	690	4 
[0, 16, 2, 4, 4]  	702	4 
[0, 10, 4, 6, 4]  	766	2 
[14, 5, 6, 0, 5]  	493	15 
[8, 0, 2, 6, 5]  	562	11 
[3, 0, 8, 4, 5]  	580	8 
[6, 1, 14, 0, 5]  	585	12 
[0, 17, 3, 2, 5]  	628	4 
[6, 0, 16, 0, 5]  	632	8 
[0, 15, 3, 4, 5]  	714	4 
[5, 0, 16, 0, 6]  	620	8 
[1, 1, 15, 1, 6]  	626	6 
[1, 0, 13, 3, 6]  	665	5 
[5, 9, 6, 0, 7]  	477	12 
[4, 0, 16, 0, 9]  	608	8 
[7, 11, 3, 0, 10]  	442	13 
[6, 10, 4, 0, 245]  	442	12 
[2, 6, 2, 5, 247]  	562	7 
[0, 23, 2, 1, 247]  	665	4 
[1, 0, 10, 4, 248]  	626	5 
[1, 20, 2, 1, 249]  	608	6 
[4, 8, 7, 0, 250]  	477	12 
[2, 6, 7, 2, 250]  	539	8 
[1, 19, 2, 1, 250]  	585	6 
[1, 6, 4, 5, 250]  	620	4 
[1, 5, 1, 7, 250]  	624	6 
[0, 17, 5, 1, 250]  	632	5 
[1, 11, 9, 1, 250]  	646	6 
[0, 5, 9, 4, 250]  	694	2 
[2, 3, 8, 2, 251]  	505	5 
[8, 1, 0, 6, 251]  	515	13 
[2, 6, 0, 6, 251]  	558	9 
[1, 7, 8, 2, 251]  	585	5 
[1, 5, 4, 5, 251]  	597	4 
[0, 17, 4, 1, 251]  	597	4 
[0, 16, 5, 1, 251]  	609	4 
[0, 2, 0, 9, 251]  	640	1 
[0, 8, 10, 2, 251]  	666	2 
[0, 4, 14, 2, 251]  	714	3 
[8, 0, 6, 1, 252]  	372	12 
[2, 4, 8, 1, 252]  	462	5 
[1, 2, 10, 2, 252]  	540	4 
[1, 3, 0, 7, 252]  	543	6 
[0, 15, 4, 1, 252]  	551	3 
[1, 2, 1, 7, 252]  	555	4 
[2, 11, 8, 0, 252]  	557	5 
[1, 1, 2, 7, 252]  	567	4 
[1, 0, 1, 8, 252]  	575	5 
[1, 5, 13, 0, 252]  	582	7 
[1, 1, 12, 2, 252]  	587	5 
[1, 0, 9, 4, 252]  	591	3 
[1, 8, 0, 6, 252]  	592	2 
[1, 0, 4, 7, 252]  	614	3 
[0, 6, 14, 0, 252]  	628	3 
[0, 11, 0, 6, 252]  	649	1 
[0, 5, 14, 1, 252]  	671	3 
[0, 2, 16, 1, 252]  	672	2 
[0, 22, 3, 1, 252]  	677	1 
[0, 0, 14, 3, 252]  	688	1 
[0, 6, 12, 2, 252]  	690	1 
[0, 0, 18, 1, 252]  	696	1 
[0, 0, 20, 0, 252]  	700	1 
[0, 5, 13, 2, 252]  	702	2 
[0, 8, 0, 8, 252]  	712	1 
[0, 5, 8, 5, 252]  	725	1 
[7, 12, 0, 0, 253]  	360	10 
[2, 3, 8, 1, 253]  	439	3 
[3, 3, 10, 0, 253]  	455	8 
[4, 0, 10, 1, 253]  	464	4 
[2, 4, 10, 0, 253]  	466	8 
[1, 4, 9, 1, 253]  	485	4 
[3, 0, 11, 1, 253]  	487	3 
[4, 10, 6, 0, 253]  	488	8 
[4, 5, 0, 5, 253]  	493	8 
[2, 6, 2, 4, 253]  	496	5 
[1, 3, 10, 1, 253]  	497	5 
[4, 1, 7, 3, 253]  	514	8 
[3, 5, 1, 5, 253]  	516	9 
[1, 2, 0, 7, 253]  	520	3 
[1, 3, 9, 2, 253]  	528	4 
[1, 5, 4, 4, 253]  	531	3 
[1, 2, 6, 4, 253]  	532	6 
[3, 11, 7, 0, 253]  	534	9 
[2, 8, 0, 5, 253]  	538	5 
[1, 0, 2, 7, 253]  	544	3 
[2, 3, 13, 0, 253]  	548	5 
[0, 0, 14, 1, 253]  	556	1 
[1, 6, 8, 2, 253]  	562	2 
[1, 1, 0, 8, 253]  	563	5 
[14, 2, 10, 0, 253]  	564	12 
[1, 3, 14, 0, 253]  	571	3 
[1, 4, 4, 5, 253]  	574	5 
[2, 11, 3, 3, 253]  	580	7 
[1, 11, 9, 0, 253]  	580	4 
[1, 2, 15, 0, 253]  	583	5 
[1, 6, 3, 5, 253]  	585	2 
[1, 6, 7, 3, 253]  	593	6 
[0, 5, 10, 2, 253]  	597	1 
[0, 2, 12, 2, 253]  	598	1 
[0, 4, 11, 2, 253]  	609	1 
[0, 5, 9, 3, 253]  	628	2 
[0, 14, 7, 1, 253]  	633	2 
[0, 5, 13, 1, 253]  	636	3 
[0, 22, 2, 1, 253]  	642	3 
[0, 25, 2, 0, 253]  	645	5 
[0, 21, 5, 0, 253]  	658	5 
[0, 6, 2, 8, 253]  	736	1 
[0, 4, 9, 5, 253]  	737	2 
[0, 4, 4, 8, 253]  	760	1 
[3, 2, 4, 1, 254]  	288	4 
[6, 12, 0, 0, 254]  	348	7 
[6, 8, 4, 0, 254]  	396	6 
[7, 0, 6, 2, 254]  	426	4 
[3, 1, 9, 1, 254]  	440	5 
[5, 0, 9, 1, 254]  	441	3 
[2, 3, 10, 0, 254]  	443	6 
[1, 3, 9, 1, 254]  	462	4 
[10, 6, 6, 0, 254]  	468	11 
[3, 1, 8, 2, 254]  	471	2 
[2, 8, 0, 4, 254]  	472	4 
[1, 5, 8, 1, 254]  	473	2 
[2, 2, 4, 4, 254]  	474	7 
[1, 2, 10, 1, 254]  	474	3 
[1, 1, 11, 1, 254]  	486	3 
[3, 11, 6, 0, 254]  	499	4 
[3, 8, 8, 0, 254]  	500	8 
[9, 2, 10, 0, 254]  	504	11 
[2, 6, 6, 2, 254]  	504	5 
[0, 4, 10, 1, 254]  	508	1 
[1, 0, 1, 7, 254]  	509	4 
[2, 12, 6, 0, 254]  	510	4 
[2, 5, 7, 2, 254]  	516	4 
[1, 4, 8, 2, 254]  	516	2 
[1, 6, 3, 4, 254]  	519	2 
[1, 3, 5, 4, 254]  	520	7 
[1, 12, 1, 3, 254]  	521	5 
[3, 11, 1, 3, 254]  	522	6 
[2, 8, 9, 0, 254]  	523	7 
[0, 20, 0, 1, 254]  	526	2 
[8, 2, 11, 0, 254]  	527	11 
[0, 2, 12, 1, 254]  	532	1 
[1, 12, 7, 0, 254]  	533	3 
[2, 0, 9, 3, 254]  	537	3 
[0, 4, 9, 2, 254]  	539	2 
[0, 13, 7, 0, 254]  	544	2 
[2, 0, 13, 1, 254]  	545	3 
[6, 0, 6, 4, 254]  	546	8 
[1, 2, 14, 0, 254]  	548	4 
[1, 19, 1, 1, 254]  	550	5 
[0, 18, 2, 1, 254]  	550	1 
[0, 15, 6, 0, 254]  	555	2 
[1, 8, 1, 5, 254]  	561	4 
[1, 12, 6, 1, 254]  	564	5 
[1, 9, 10, 0, 254]  	569	3 
[1, 1, 4, 6, 254]  	571	4 
[5, 1, 14, 0, 254]  	573	7 
[1, 8, 7, 2, 254]  	573	4 
[1, 7, 2, 5, 254]  	573	4 
[1, 8, 11, 0, 254]  	581	6 
[0, 12, 9, 0, 254]  	591	1 
[0, 2, 10, 3, 254]  	594	2 
[0, 26, 0, 0, 254]  	598	3 
[1, 11, 2, 4, 254]  	599	3 
[0, 11, 10, 0, 254]  	603	1 
[1, 7, 1, 6, 254]  	604	3 
[0, 5, 14, 0, 254]  	605	1 
[0, 12, 0, 5, 254]  	606	2 
[0, 25, 1, 0, 254]  	610	3 
[0, 10, 11, 0, 254]  	615	1 
[0, 9, 12, 0, 254]  	627	1 
[0, 11, 2, 5, 254]  	653	1 
[0, 24, 3, 0, 254]  	657	3 
[0, 0, 2, 9, 254]  	664	1 
[0, 2, 5, 7, 254]  	683	1 
[0, 4, 8, 5, 254]  	702	1 
[0, 2, 4, 8, 254]  	714	1 
[0, 0, 8, 7, 254]  	742	1 
[6, 6, 0, 0, 255]  	210	6 
[0, 0, 8, 1, 255]  	346	1 
[5, 7, 5, 0, 255]  	396	7 
[2, 3, 9, 0, 255]  	408	4 
[6, 0, 6, 2, 255]  	414	2 
[3, 6, 0, 4, 255]  	438	7 
[2, 6, 6, 1, 255]  	438	3 
[5, 6, 7, 0, 255]  	443	10 
[17, 3, 5, 0, 255]  	448	9 
[4, 1, 7, 2, 255]  	448	3 
[2, 5, 7, 1, 255]  	450	2 
[3, 11, 3, 1, 255]  	460	5 
[1, 8, 0, 4, 255]  	460	3 
[0, 20, 0, 0, 255]  	460	1 
[0, 14, 4, 0, 255]  	462	1 
[1, 0, 0, 7, 255]  	474	1 
[3, 10, 6, 0, 255]  	476	3 
[3, 7, 8, 0, 255]  	477	6 
[1, 19, 1, 0, 255]  	484	4 
[1, 6, 2, 4, 255]  	484	2 
[0, 18, 2, 0, 255]  	484	1 
[1, 3, 4, 4, 255]  	485	3 
[0, 12, 6, 0, 255]  	486	2 
[10, 4, 8, 0, 255]  	492	12 
[8, 0, 0, 6, 255]  	492	7 
[2, 7, 5, 2, 255]  	492	3 
[12, 3, 8, 0, 255]  	493	14 
[11, 2, 9, 0, 255]  	493	12 
[1, 2, 5, 4, 255]  	497	5 
[1, 8, 7, 1, 255]  	507	3 
[1, 17, 3, 0, 255]  	508	3 
[4, 10, 1, 3, 255]  	511	7 
[2, 5, 5, 3, 255]  	512	4 
[0, 3, 13, 0, 255]  	524	1 
[5, 0, 2, 6, 255]  	526	2 
[2, 6, 1, 5, 255]  	527	4 
[1, 2, 4, 5, 255]  	528	1 
[0, 0, 0, 8, 255]  	528	1 
[0, 11, 8, 0, 255]  	533	1 
[5, 0, 6, 4, 255]  	534	10 
[2, 3, 7, 3, 255]  	536	5 
[4, 1, 2, 6, 255]  	537	6 
[1, 17, 2, 1, 255]  	539	3 
[16, 0, 10, 0, 255]  	542	6 
[2, 8, 4, 3, 255]  	546	4 
[4, 0, 3, 6, 255]  	549	5 
[2, 11, 4, 2, 255]  	549	2 
[0, 2, 5, 5, 255]  	551	1 
[4, 1, 14, 0, 255]  	561	6 
[1, 6, 12, 0, 255]  	570	2 
[1, 5, 7, 3, 255]  	570	4 
[1, 14, 3, 2, 255]  	571	7 
[1, 6, 1, 6, 255]  	581	2 
[0, 11, 0, 5, 255]  	583	1 
[1, 12, 5, 2, 255]  	595	6 
[0, 0, 5, 7, 255]  	637	1 
------
The gap is between 11 and 244.
Lengths: 5 5 10 13 5 11.
For 692 = 3*d-d1-d2-d3-d4 you get 5 in char 0.
1 + 0*2^64 + 0*2^128 + 0*2^192*y^24*z^4
1 + 0*2^64 + 0*2^128 + 0*2^192*y^12*z^10*w^1
1 + 0*2^64 + 0*2^128 + 0*2^192*y^11*z^5*w^4
1 + 0*2^64 + 0*2^128 + 0*2^192*y^10*w^7
1 + 0*2^64 + 0*2^128 + 0*2^192*z^16*w^2

For 416 = 2*d-d1-d2-d3-d4 you get 10 in char 0.
1 + 0*2^64 + 0*2^128 + 0*2^192*x^5*y^4*w^4
1 + 0*2^64 + 0*2^128 + 0*2^192*x^4*y^3*z^1*w^4
1 + 0*2^64 + 0*2^128 + 0*2^192*x^3*y^2*z^2*w^4
1 + 0*2^64 + 0*2^128 + 0*2^192*x^2*y^2*z^8*w^1
1 + 0*2^64 + 0*2^128 + 0*2^192*x^2*y^1*z^3*w^4
1 + 0*2^64 + 0*2^128 + 0*2^192*x^1*y^13*z^3
1 + 0*2^64 + 0*2^128 + 0*2^192*x^1*y^1*z^9*w^1
1 + 0*2^64 + 0*2^128 + 0*2^192*x^1*z^4*w^4
1 + 0*2^64 + 0*2^128 + 0*2^192*y^12*z^4
1 + 0*2^64 + 0*2^128 + 0*2^192*z^10*w^1

For 140 = d-d1-d2-d3-d4 you get 5 in char 0.
1 + 0*2^64 + 0*2^128 + 0*2^192*x^4*y^4
1 + 0*2^64 + 0*2^128 + 0*2^192*x^3*y^3*z^1
1 + 0*2^64 + 0*2^128 + 0*2^192*x^2*y^2*z^2
1 + 0*2^64 + 0*2^128 + 0*2^192*x^1*y^1*z^3
1 + 0*2^64 + 0*2^128 + 0*2^192*z^4

Extra powers of p used 5.
The invariant extra is equal to 33.
Start computing 2^4 Delta^1 (x1x2x3x4)^1... Done.
Start computing 2^5 Delta^2 (x1x2x3x4)^1... Done.
Start computing 2^6 Delta^3 (x1x2x3x4)^1... Done.
Start computing 2^7 Delta^4 (x1x2x3x4)^1... Done.
Start computing 2^8 Delta^5 (x1x2x3x4)^1... Done.
Start computing 2^9 Delta^6 (x1x2x3x4)^1... Done.
Start computing 2^10 Delta^7 (x1x2x3x4)^1... Done.
Start computing 2^11 Delta^8 (x1x2x3x4)^1... Done.
Start computing 2^12 Delta^9 (x1x2x3x4)^1... Done.
Start computing 2^13 Delta^10 (x1x2x3x4)^1... Done.
Start computing 2^14 Delta^11 (x1x2x3x4)^1... Done.
Start computing 2^15 Delta^12 (x1x2x3x4)^1... Done.
Start computing 2^16 Delta^13 (x1x2x3x4)^1... Done.
Start computing 2^17 Delta^14 (x1x2x3x4)^1... Done.
Start computing 2^18 Delta^15 (x1x2x3x4)^1... Done.
Start computing 2^19 Delta^16 (x1x2x3x4)^1... Done.
Start computing 2^20 Delta^17 (x1x2x3x4)^1... Done.
Start computing 2^21 Delta^18 (x1x2x3x4)^1... Done.
Start computing 2^22 Delta^19 (x1x2x3x4)^1... Done.
Start computing 2^23 Delta^20 (x1x2x3x4)^1... Done.
Start computing 2^24 Delta^21 (x1x2x3x4)^1... Done.
Start computing 2^25 Delta^22 (x1x2x3x4)^1... Done.
Start computing 2^26 Delta^23 (x1x2x3x4)^1... Done.
Start computing 2^27 Delta^24 (x1x2x3x4)^1... Done.
Start computing 2^28 Delta^25 (x1x2x3x4)^1... Done.
Start computing 2^29 Delta^26 (x1x2x3x4)^1... Done.
Start computing 2^30 Delta^27 (x1x2x3x4)^1... Done.
Start computing 2^31 Delta^28 (x1x2x3x4)^1... Done.
Start computing 2^32 Delta^29 (x1x2x3x4)^1... Done.
Start computing 2^33 Delta^30 (x1x2x3x4)^1... Done.
Start computing 2^34 Delta^31 (x1x2x3x4)^1... Done.
Start computing 2^35 Delta^32 (x1x2x3x4)^1... Done.
Start computing 2^36 Delta^33 (x1x2x3x4)^1... Done.
Start computing 2^37 Delta^34 (x1x2x3x4)^1... Done.
Start computing 2^38 Delta^35 (x1x2x3x4)^1... Done.
Start computing aa.
1 2 3 4 5 6 7 8 9 10 11 12 13 14 15 16 17 18 19 20 
*/
A = \
[792459065499826048 + 4919585140514814730*2^64 + 9398143108041066769*2^128 + 19322428751*2^192,11336940408456366688 + 5038279920293053071*2^64 + 5703209827900170153*2^128 + 30943078140*2^192,17690981383228483768 + 12221824229533246721*2^64 + 1292673335868011966*2^128 + 24545814823*2^192,8792057493452270576 + 6686146486034940663*2^64 + 12933985347878218796*2^128 + 642302605*2^192,13308416135482579648 + 17586789435029950586*2^64 + 15504089725031363158*2^128 + 2741728626*2^192,16572410592534152640 + 5260895941447824205*2^64 + 12896314356064862988*2^128 + 31491066301*2^192,13111027686704354880 + 1199569122886771605*2^64 + 17661799025864199424*2^128 + 22676797022*2^192,17785165995542162560 + 3455016855692090466*2^64 + 14081514027004552275*2^128 + 29149863827*2^192,8129203480125318400 + 10419890159123011530*2^64 + 16578857106054615379*2^128 + 29875433086*2^192,3068574667480268160 + 15135726169524798661*2^64 + 751632699369905940*2^128 + 25109682804*2^192,14468163018068625408 + 1289686642889279975*2^64 + 858937993075307244*2^128 + 12533232039*2^192,1389978041683075584 + 9330157696273101131*2^64 + 6239930388794421677*2^128 + 26566520543*2^192,12233630004533494976 + 4394025566773969893*2^64 + 3027732552587543400*2^128 + 22323306832*2^192,17758036522895745024 + 9204585418778140055*2^64 + 1427526321036678969*2^128 + 21739358359*2^192,15594346377822179840 + 18001417499455219495*2^64 + 17829009728161962925*2^128 + 11122812763*2^192,7071032419004815872 + 14884166095263623765*2^64 + 16689547124566320521*2^128 + 12737207802*2^192,5109901525890513024 + 3495845761652190047*2^64 + 2525148774620660368*2^128 + 657477754*2^192,4859286366629416320 + 9068825565421287736*2^64 + 17859701462266914858*2^128 + 25401410547*2^192,5097995416762891904 + 5233445777640030241*2^64 + 9612251493711413025*2^128 + 5722490840*2^192,15740443642677113472 + 3811096580316059059*2^64 + 4654092549506551436*2^128 + 16390342255*2^192;\
3900264927375264816 + 17204398085945325764*2^64 + 5085997560681537014*2^128 + 25296834033*2^192,1003477144942303728 + 7193467341238377391*2^64 + 4278513965183161230*2^128 + 5767776820*2^192,10613479951370116700 + 6405333980480999358*2^64 + 4574060223785123622*2^128 + 300986254*2^192,2069355037364940368 + 1360385645950599786*2^64 + 5886804025598203839*2^128 + 34313944907*2^192,2112647347722335136 + 10205564642219369578*2^64 + 15617132335419967280*2^128 + 29884754973*2^192,4933127641378058720 + 12467288247813238475*2^64 + 8915153509905286355*2^128 + 11413184052*2^192,6368420859693761248 + 10494719668539561484*2^64 + 882830205148910352*2^128 + 4398866542*2^192,2481645430796339200 + 4531266968433881923*2^64 + 8517873433556948991*2^128 + 4358308812*2^192,17294473334162762112 + 8373401974172120152*2^64 + 14519024605054125964*2^128 + 6110960661*2^192,7531638838304347904 + 3193160932852972525*2^64 + 2911517053945780856*2^128 + 17651712716*2^192,10056068228193760768 + 12333051130177491743*2^64 + 12434780920932954606*2^128 + 27199077639*2^192,15559657876794138112 + 2801557275861123395*2^64 + 7976035217848229361*2^128 + 25303114608*2^192,16848659596198735136 + 2300190162997423903*2^64 + 13824426321878664024*2^128 + 6933426429*2^192,13728324562364045312 + 17501677739698957422*2^64 + 10754856064384018779*2^128 + 7263932425*2^192,11884571668654376448 + 9398838647422525712*2^64 + 5088299711537871249*2^128 + 16946863033*2^192,1553117059899600000 + 16650722229502572990*2^64 + 9486977913606488100*2^128 + 5227033845*2^192,9649628308652725056 + 15276942965713074790*2^64 + 8609622224506947859*2^128 + 10723048115*2^192,4794719079730563520 + 18340102082101276926*2^64 + 4701771361977922845*2^128 + 25779962088*2^192,12234950563844581824 + 15284663360369871359*2^64 + 6723062296784558916*2^128 + 22935079015*2^192,5697886097785225408 + 2505155552197874683*2^64 + 1168421372659724333*2^128 + 30204845881*2^192;\
714744924719146176 + 14434589089000713728*2^64 + 4827283763565933542*2^128 + 13786520964*2^192,13203021278045594880 + 13095142911823534627*2^64 + 10960721058244167677*2^128 + 26571060873*2^192,1709991975633231392 + 10676153900046336570*2^64 + 1033825108147741038*2^128 + 17516898470*2^192,9861740280165754048 + 17004781749695768891*2^64 + 4410846003530304606*2^128 + 30291258349*2^192,8157071948023015680 + 5890985896559113990*2^64 + 5717818416235484521*2^128 + 11022757248*2^192,16417715415647664896 + 7640828979027658893*2^64 + 8378227806491454566*2^128 + 24429827926*2^192,949700250515629312 + 10057948857558878925*2^64 + 15307371660737514462*2^128 + 15004750240*2^192,5185528189238096128 + 2416188859735745647*2^64 + 14691747842629503452*2^128 + 26923346433*2^192,1868355131880015872 + 2392402380644204112*2^64 + 12582569486591671038*2^128 + 31853226228*2^192,17365366427940526592 + 4781817956696116639*2^64 + 5196296939048867082*2^128 + 1354831825*2^192,8686326947904976384 + 14101192508172415877*2^64 + 5293327409247584774*2^128 + 17568704299*2^192,13675129265229340160 + 11909292444188158763*2^64 + 2495059910810998894*2^128 + 25917624655*2^192,13011574449080192512 + 725507710989175680*2^64 + 4105284765880159548*2^128 + 20607141188*2^192,16333177651701921792 + 3114324343201360758*2^64 + 1074851260147497811*2^128 + 2092805977*2^192,11459113875915032576 + 12811319968723184718*2^64 + 5966775499773335688*2^128 + 21998498958*2^192,11452173956512969216 + 17718795193513413189*2^64 + 8620991783059299117*2^128 + 27066856643*2^192,5995512672433479680 + 8401792564675944713*2^64 + 15882235636827155829*2^128 + 2495925961*2^192,16818243876140321792 + 12150292850825921206*2^64 + 10031168731526968554*2^128 + 19088109596*2^192,1841334534927592448 + 13841792058528136112*2^64 + 9354780214563268034*2^128 + 14138291266*2^192,3270037482805945856 + 15746093279551812763*2^64 + 15871789763121815643*2^128 + 30778091407*2^192;\
13084241112420877376 + 7256928366969307507*2^64 + 18423932331793977221*2^128 + 8035664367*2^192,9633465254717077888 + 11019825913212593428*2^64 + 17492744824422354785*2^128 + 9010280824*2^192,10273225169356415392 + 13730812103222002217*2^64 + 14798731126629333007*2^128 + 34275973346*2^192,1732661201543920928 + 8345711251406831176*2^64 + 9383781013971047225*2^128 + 16418305168*2^192,8435731265959174656 + 12270637537702637015*2^64 + 15736606290486043466*2^128 + 4731776341*2^192,5186055478029304832 + 12825235201008395163*2^64 + 4173525319046504695*2^128 + 25410984948*2^192,4229722319091288576 + 16041515798014449022*2^64 + 3680458432821795114*2^128 + 33763484106*2^192,9156992243576787712 + 3416823375527224081*2^64 + 10219796739680753298*2^128 + 16183653265*2^192,6223300406531628032 + 13585302592123517743*2^64 + 17817426380683784314*2^128 + 32406766114*2^192,1111311978979598336 + 10008402817217961606*2^64 + 1699350480473035757*2^128 + 18114358190*2^192,7555946848208085504 + 3844184660893238309*2^64 + 5577052522305150580*2^128 + 6361182048*2^192,8629845370669914624 + 13124536305160608250*2^64 + 9279440407356627326*2^128 + 9299514906*2^192,6672744596429512448 + 15737111693832909174*2^64 + 16837251832919365573*2^128 + 9393998724*2^192,4861452246564127744 + 3071848807104198873*2^64 + 17617202864339308816*2^128 + 9973803388*2^192,843411789504352256 + 16739333730661776556*2^64 + 16108485509678655931*2^128 + 32024616528*2^192,13863565814637978112 + 17267506613649184802*2^64 + 13710692808550350765*2^128 + 22552862715*2^192,11872767605004583424 + 8635792813533545693*2^64 + 4667120982981428871*2^128 + 21565020372*2^192,17254930998546024960 + 13988034769213415588*2^64 + 16665972489969259940*2^128 + 10849080968*2^192,4937701445675368960 + 13975935929789195736*2^64 + 16820040347373550667*2^128 + 20621883394*2^192,8999444623369385984 + 9496400308036314649*2^64 + 2140701389138082745*2^128 + 16754354713*2^192;\
11371770017429284384 + 12912001183331439644*2^64 + 10163741125672103040*2^128 + 16167369772*2^192,17856726252970422392 + 11668069338222542350*2^64 + 2283002559584081839*2^128 + 1061320511*2^192,1495334513947738014 + 3280218984670590166*2^64 + 7455447207341314864*2^128 + 7523046349*2^192,14566998158077765224 + 1457356163065783081*2^64 + 13760501680793962511*2^128 + 2285256175*2^192,18392779272007088880 + 1287663014953546348*2^64 + 14385088249058159627*2^128 + 22439102489*2^192,7870662805931249104 + 15989575256982138423*2^64 + 5580795698986515049*2^128 + 22793534395*2^192,9218000453584772048 + 10969699268270370914*2^64 + 13804316069352896054*2^128 + 4816255981*2^192,3477361306183373536 + 17204602427740260349*2^64 + 16326513040071550900*2^128 + 24089137671*2^192,321979930569035328 + 11117973853488403538*2^64 + 821497058694798556*2^128 + 12034191589*2^192,17212118282920829600 + 15380960993692802235*2^64 + 9938556493283240212*2^128 + 24658033110*2^192,17494480269561073216 + 6828006843874495126*2^64 + 4844448720163762774*2^128 + 13709026562*2^192,1028196923071245120 + 16988571924341695161*2^64 + 3504943024137308826*2^128 + 331246879*2^192,1091902910580868944 + 12449906216551098009*2^64 + 947035617578227631*2^128 + 21477597196*2^192,15187043601180862656 + 2760327460138447605*2^64 + 16008370158809809190*2^128 + 12877789500*2^192,10933054597893748352 + 6317311284242724836*2^64 + 503865398455540521*2^128 + 16032019077*2^192,9734046424666466432 + 6100024422968853313*2^64 + 17002463397385694465*2^128 + 30971833250*2^192,17747157597614186464 + 7531173283241615907*2^64 + 160161470090495165*2^128 + 33834256192*2^192,15680138699481923040 + 643509059207217195*2^64 + 2909390511781893352*2^128 + 13927856352*2^192,6419395712613357088 + 11166634799041519365*2^64 + 15868445851432575048*2^128 + 19029274413*2^192,526258673297317536 + 15632774521759096047*2^64 + 4712298907620241566*2^128 + 9209724123*2^192;\
2951551632820169088 + 914895801817045600*2^64 + 15616284231237141992*2^128 + 16384146953*2^192,16558155875901259008 + 16079606167326433396*2^64 + 10538631428073253000*2^128 + 16392592772*2^192,15773645516691935520 + 12356777906515122044*2^64 + 7462671908907149994*2^128 + 2731908964*2^192,5440754928704818208 + 18097681343335883272*2^64 + 14990858099533268885*2^128 + 12354913436*2^192,11072938240374856704 + 4401632519966619814*2^64 + 13384469407602825488*2^128 + 1537433585*2^192,16646629119880806080 + 17695006692411797082*2^64 + 11146268831594979145*2^128 + 12918504102*2^192,10868853222600398400 + 7148240194439732493*2^64 + 3634106957914207615*2^128 + 1846071012*2^192,13241334000437689920 + 12105841132548900818*2^64 + 11699972273038995767*2^128 + 692070740*2^192,3438565688829932544 + 9270313301812278626*2^64 + 7636884531908436671*2^128 + 27112793890*2^192,559002510827198336 + 9044760942256210077*2^64 + 5940714360829573069*2^128 + 12024022376*2^192,14154909734642669568 + 18086797881743301717*2^64 + 9091427373355817996*2^128 + 12963676111*2^192,4743704279120784384 + 18198245867110723107*2^64 + 4692903481790165763*2^128 + 12940864965*2^192,11257117030097577792 + 11470531631668185970*2^64 + 12226146488109994334*2^128 + 15659316765*2^192,6085137332266923520 + 12185019322410184858*2^64 + 13319879856239875156*2^128 + 19196733339*2^192,11153534617659103232 + 10360554068413574538*2^64 + 8793148294079404413*2^128 + 32614087404*2^192,13199129759487164416 + 13376359986319249177*2^64 + 3192616705459933069*2^128 + 32568252704*2^192,15818186266200873472 + 13752504565032122546*2^64 + 11950812630343003238*2^128 + 28897884963*2^192,930763221412321792 + 9209470229151171129*2^64 + 7164521986438678549*2^128 + 4847793404*2^192,14647836677557451264 + 16179180090320182550*2^64 + 221534353401724548*2^128 + 10785724247*2^192,15766973548819859968 + 468784077348967963*2^64 + 4709987027290050701*2^128 + 31249052511*2^192;\
2416669849565008896 + 11440449655781055088*2^64 + 12666183158211187042*2^128 + 31452048753*2^192,16493591662893008128 + 13411868444275860713*2^64 + 12574216917919242410*2^128 + 22878300888*2^192,11122562061124946176 + 4210151939148951551*2^64 + 394786018170532836*2^128 + 25367990360*2^192,5151708204767432384 + 9532160387638373716*2^64 + 3349357196136670649*2^128 + 208438875*2^192,2324063387393828864 + 11196464271036940818*2^64 + 13396188763116016449*2^128 + 21015467731*2^192,15787698797299444864 + 1161823809427986647*2^64 + 14424704341380866466*2^128 + 26630286092*2^192,15869329587277276480 + 6496578159466569279*2^64 + 881641789235974144*2^128 + 10752263448*2^192,17596877504624626496 + 229884687275175835*2^64 + 5803936202791724608*2^128 + 28103844082*2^192,13873647356561059840 + 8757867754209184343*2^64 + 11483511616670372999*2^128 + 29415453778*2^192,8589209256249408512 + 13994322097736111218*2^64 + 7298464970107130332*2^128 + 14410610360*2^192,16461800237516512512 + 2384017715431187630*2^64 + 8850610768735134440*2^128 + 7737639925*2^192,13609274903261289984 + 6528446041499560960*2^64 + 10977194061435976071*2^128 + 2423013199*2^192,5279552269569323712 + 7248706193433584721*2^64 + 3776746166248401945*2^128 + 2720434764*2^192,12202102212262890496 + 9139588424663205158*2^64 + 14938549378972385738*2^128 + 22966740663*2^192,15319717069729338368 + 16550081183075214388*2^64 + 12496105438434451558*2^128 + 2359835646*2^192,18173485727726633984 + 8430761569542638002*2^64 + 7535384789733082098*2^128 + 12393584102*2^192,14748210683829672960 + 4871374874152286803*2^64 + 7241093217327730178*2^128 + 5506868677*2^192,7066048905322776064 + 6963843424587160660*2^64 + 12140846011497764836*2^128 + 7227773772*2^192,724406650925308416 + 7166545208391727934*2^64 + 7647927004391046204*2^128 + 15229475440*2^192,11310272102321671680 + 118566658027987670*2^64 + 6257972056322656162*2^128 + 30712591695*2^192;\
10849367917018755584 + 16721449708561258073*2^64 + 12617316218291742046*2^128 + 22868068903*2^192,3558174700311089152 + 6617494465552324017*2^64 + 4041111880491468960*2^128 + 16088336418*2^192,13935737554790304256 + 3193780063248421317*2^64 + 4724851069798265597*2^128 + 1048655629*2^192,15198127650786322496 + 5545126403279410733*2^64 + 12815872342028492768*2^128 + 34704420*2^192,10965705217336262656 + 17922184625820811215*2^64 + 1468014842413162174*2^128 + 13864894083*2^192,5269926243061980288 + 10042636677640625459*2^64 + 10060748470649856050*2^128 + 27658028743*2^192,9155489228080604224 + 6527706900224875086*2^64 + 16583818206057948770*2^128 + 17180367797*2^192,6163245946982036800 + 721640582059197219*2^64 + 226612524240230530*2^128 + 29158600596*2^192,3471139942801631232 + 16263733021914922977*2^64 + 12152542688470181801*2^128 + 6837131018*2^192,12071859186665486656 + 4790355664566484193*2^64 + 3460276912365094963*2^128 + 8879757954*2^192,4183933559155023104 + 6475948863315620508*2^64 + 14716650441631914109*2^128 + 25127102632*2^192,15012824919814299136 + 3683926746392302547*2^64 + 7842135364584770752*2^128 + 1949597277*2^192,269171142209508736 + 15927665880479665798*2^64 + 8588010964415353766*2^128 + 5485829764*2^192,1105518670252818944 + 17823137166112815116*2^64 + 13254313418576063770*2^128 + 17892063707*2^192,7387001171712036864 + 6859946729690442620*2^64 + 18176779643092381535*2^128 + 28347463219*2^192,3969918268167425536 + 1141271056500206641*2^64 + 14181403451357610530*2^128 + 18244493274*2^192,2635551604130671104 + 17459287928214440417*2^64 + 1082243674846757216*2^128 + 22842418396*2^192,13470880270110687744 + 3234274601998197912*2^64 + 16776870927168769955*2^128 + 20815960814*2^192,11636091731678204416 + 16858554494365842401*2^64 + 15201451804984929685*2^128 + 6599539190*2^192,8652207663953139712 + 1292467483841664790*2^64 + 6551572766965838150*2^128 + 28410052653*2^192;\
10109677814096591384 + 16892852429845786958*2^64 + 14624207847253123114*2^128 + 7413786747*2^192,4730212814294291500 + 7289209021542150919*2^64 + 11775057675435036234*2^128 + 19963172417*2^192,2223179018618685299 + 15235597821067713666*2^64 + 3351737371568539877*2^128 + 9889724233*2^192,9796896493551309828 + 2570634873585137592*2^64 + 10286959548885254644*2^128 + 13229711781*2^192,6925272224945045048 + 3246480568225515261*2^64 + 4117146895087819820*2^128 + 15967744971*2^192,12679005409679100744 + 13235632311208664055*2^64 + 4635628144944048813*2^128 + 10478222504*2^192,10635728825008809160 + 3332310391724579024*2^64 + 17024901504645131133*2^128 + 2529777801*2^192,8346995407201339952 + 17462130267040984713*2^64 + 5199910676658495989*2^128 + 7838901463*2^192,15326655089500048672 + 15537429435223331830*2^64 + 15132340507466712525*2^128 + 25789981756*2^192,8060671426816118832 + 11546111432719091737*2^64 + 1507367937929480104*2^128 + 20855238302*2^192,15306765537399382560 + 3403116428592780386*2^64 + 8474599013571986038*2^128 + 4070771368*2^192,11980642609440809760 + 1923112880846983241*2^64 + 1253658085185346242*2^128 + 6160888497*2^192,3377663327195053352 + 3856373715399210220*2^64 + 15556366102444152786*2^128 + 26504426408*2^192,15578393877315734912 + 6113477794509348905*2^64 + 11004633398321893115*2^128 + 19225663805*2^192,17811772003252084800 + 11855569669504987168*2^64 + 2766944302188125159*2^128 + 22278816595*2^192,15284574650373637760 + 11906646248450044445*2^64 + 14307697207469217551*2^128 + 19013965795*2^192,6796048158463884144 + 5108631079198290794*2^64 + 9792656044648008407*2^128 + 8904421064*2^192,5606437044508062768 + 5588546725061008172*2^64 + 17632124930520051454*2^128 + 10700196136*2^192,3698321982297859984 + 9781145315549068507*2^64 + 17019859724470884244*2^128 + 15651726010*2^192,15739876802524186960 + 3167870084040058379*2^64 + 4188496732055496791*2^128 + 32713671703*2^192;\
1954519737070000384 + 15257647455554472879*2^64 + 16527904473977334310*2^128 + 29487660243*2^192,6781417826638446848 + 6671133518155157440*2^64 + 10419105973757759252*2^128 + 24875020995*2^192,5962448795879125696 + 16227695984718027603*2^64 + 17733671054978980684*2^128 + 31175677592*2^192,4285941693022096800 + 10125936161209342396*2^64 + 15712360137363215559*2^128 + 17171968121*2^192,13005699149173058560 + 10537439545059652006*2^64 + 1010213075958911351*2^128 + 14069949050*2^192,17959785351964055232 + 8398697106963184014*2^64 + 4958305040172884235*2^128 + 15071450632*2^192,5368302472196672192 + 14893179680467656608*2^64 + 13835912316616723342*2^128 + 26312310689*2^192,32396442826437504 + 10456494835942687781*2^64 + 2010307929245466038*2^128 + 5657297047*2^192,6665614082660859904 + 12082941349072778476*2^64 + 10196030791193304438*2^128 + 11154179964*2^192,2737790851448717632 + 8837979231620726016*2^64 + 11573292204305362068*2^128 + 32315506081*2^192,12292244415043264000 + 16728794703662238174*2^64 + 4187035506899606047*2^128 + 7914080163*2^192,6655706125572754432 + 14153195516686671778*2^64 + 13757785504104268056*2^128 + 3428155939*2^192,3324599079107397440 + 2350060530172989433*2^64 + 5416268349238875249*2^128 + 21964728091*2^192,5163666281140502528 + 7745912316398046058*2^64 + 199712785626219845*2^128 + 1057085805*2^192,11136533068656626688 + 9649514022857858040*2^64 + 15149226616026305177*2^128 + 26387361382*2^192,5108734961397621760 + 4259819415035024300*2^64 + 15846854232682644432*2^128 + 10412233681*2^192,6814067014796748800 + 999653341002674642*2^64 + 336285888166263312*2^128 + 27660224680*2^192,12951720442678246400 + 15083188159164814349*2^64 + 6007579925476831735*2^128 + 10011629106*2^192,17361608814476714496 + 3977836033782176221*2^64 + 7761050813099946331*2^128 + 1291813533*2^192,16698478518056393728 + 8579082530284787137*2^64 + 11057330186831710619*2^128 + 7956828591*2^192;\
6687684267649618944 + 16762996283731667546*2^64 + 10847775323537720834*2^128 + 26062176756*2^192,4653074108053850448 + 4896753545827993424*2^64 + 4998925242529640269*2^128 + 27577910528*2^192,13926683650659247684 + 13441243196689126273*2^64 + 12873224157654557932*2^128 + 6866472866*2^192,11655527777478406576 + 7549927770008991912*2^64 + 9801070041777255539*2^128 + 13394530359*2^192,331343496440942432 + 3359381910073466031*2^64 + 452457940623607236*2^128 + 892967930*2^192,14603307398536431648 + 18365056258552332402*2^64 + 18023064616888474378*2^128 + 17700238186*2^192,12272684831076322656 + 9307908115160213649*2^64 + 3773960131847164309*2^128 + 2358979393*2^192,13249699155369943296 + 8205449021913200984*2^64 + 12946844601552531682*2^128 + 15590682057*2^192,15070223703000859008 + 16012949010039971938*2^64 + 13996366690531741837*2^128 + 27166873835*2^192,5959801863506240640 + 15205629757682233629*2^64 + 12044320442896056712*2^128 + 22002317901*2^192,10398911026658174528 + 12016156300698513662*2^64 + 7930572341000887551*2^128 + 17017491653*2^192,15516241568274104576 + 16048965265977874273*2^64 + 9349606549333459675*2^128 + 8343288322*2^192,2531905605815801568 + 9747261626281359240*2^64 + 4137362159256161987*2^128 + 26836542768*2^192,8469595461059093760 + 8429252562544563481*2^64 + 10886041411098312872*2^128 + 7616576478*2^192,14391459717128625280 + 9032484322379969532*2^64 + 5952949400868377346*2^128 + 12027708975*2^192,13869113201361317376 + 17813040676741385148*2^64 + 13719081045735849550*2^128 + 6806923790*2^192,11018613201243550016 + 4853734169317162347*2^64 + 6511470663343785877*2^128 + 5234349016*2^192,97267887723859520 + 15861972427925485139*2^64 + 11110713793039745025*2^128 + 20644109579*2^192,17423882257785086400 + 1051799663773491257*2^64 + 7940732316678203609*2^128 + 17941116274*2^192,8772201551173618112 + 3348344783081622819*2^64 + 8847785314685322562*2^128 + 12797105226*2^192;\
4391159133250038256 + 7469875356492603205*2^64 + 11826503731881495546*2^128 + 9173318728*2^192,16152566527237856840 + 14763152482049456116*2^64 + 13993870639994188191*2^128 + 7297575327*2^192,16824665198476735026 + 16104708139657812556*2^64 + 13809241362653927523*2^128 + 7612150650*2^192,5534892032048403320 + 11056763861860113430*2^64 + 17657999345777585324*2^128 + 17785658864*2^192,18376989147521474928 + 6733527957639048702*2^64 + 7609296414416483190*2^128 + 23110608593*2^192,12018211583287754672 + 5985946505642169832*2^64 + 10133029668800371278*2^128 + 32014046392*2^192,5844271862639222928 + 4624335911408185397*2^64 + 18141987965351058350*2^128 + 31176408024*2^192,16304655632054908608 + 9207164054278688283*2^64 + 1938718068411097421*2^128 + 16782693377*2^192,6413517153515994368 + 12619422530990437448*2^64 + 3250048860251132679*2^128 + 21568724127*2^192,13844319689447053920 + 6835929616278287478*2^64 + 13501377778024588727*2^128 + 15354825153*2^192,6903828676495097536 + 16337287196768001402*2^64 + 10606995797016633789*2^128 + 1506852443*2^192,17888374051943258112 + 9157920810231532029*2^64 + 7867454793962869806*2^128 + 23990224903*2^192,161088219231931536 + 1069298466277375721*2^64 + 1896094233105013993*2^128 + 14547393796*2^192,12444199066025856928 + 8906940481018778273*2^64 + 17543070329282306722*2^128 + 26247814342*2^192,5861214394247997696 + 13574612887211909223*2^64 + 2190761359249016021*2^128 + 25354349264*2^192,1560903620332938240 + 10684757299671582860*2^64 + 11859609064550184527*2^128 + 14448124084*2^192,9864009416161732512 + 5632924779902262576*2^64 + 17134202740706186925*2^128 + 25216438660*2^192,1265376807815767456 + 14484465217974351115*2^64 + 9686511671415884626*2^128 + 4258353007*2^192,6762876911093160928 + 7498451191840208330*2^64 + 14116378418318580095*2^128 + 94993589*2^192,9501388754375333472 + 15694162667551117333*2^64 + 9623589947156824972*2^128 + 16440929758*2^192;\
14413790494786812928 + 6210256752872515660*2^64 + 15681965236418756787*2^128 + 33395245788*2^192,13833500657533939712 + 12387823787481239569*2^64 + 12052373249215223053*2^128 + 20231905053*2^192,17565084801062377792 + 9672100507902878150*2^64 + 16280054742022876825*2^128 + 25063836389*2^192,3701455520533470240 + 17841325800174636599*2^64 + 9798456399076344217*2^128 + 26409118861*2^192,12488374529465193472 + 3180429284154265727*2^64 + 16008837257900386403*2^128 + 11492684127*2^192,14097674336555009472 + 17785300224916808710*2^64 + 17952908268313301552*2^128 + 30012984758*2^192,9510291572097333824 + 7148936322052009704*2^64 + 4112241016974389085*2^128 + 734172021*2^192,6680702543161938432 + 12276570206930723893*2^64 + 10788981353281951724*2^128 + 24625264608*2^192,4512131494755235840 + 12393970876042799158*2^64 + 15565658232667977783*2^128 + 18117318330*2^192,6168617963996399936 + 5234366414669760913*2^64 + 12672769876364871857*2^128 + 14475561352*2^192,11197548823032524544 + 18316820201526219293*2^64 + 15274455332858858583*2^128 + 4333946617*2^192,9191243959688755712 + 16051036519402789080*2^64 + 7587001988958289675*2^128 + 26544695742*2^192,16901795113845838592 + 12886486782435154288*2^64 + 17923990216164605419*2^128 + 6278233101*2^192,17173661562138281984 + 3396272139631451159*2^64 + 3975651682055585391*2^128 + 27329601954*2^192,5616946352972769280 + 9931642663488912692*2^64 + 374276525260959802*2^128 + 24575044254*2^192,15907198005812747264 + 166874737714690868*2^64 + 14496344705627963368*2^128 + 5130770839*2^192,16799734425316188160 + 12005183343517196732*2^64 + 16331154785798448273*2^128 + 16643149910*2^192,7575203932825425408 + 13962616080174216155*2^64 + 11688540256886695716*2^128 + 4644631819*2^192,5669323421281376256 + 1365122254777026551*2^64 + 16855040404577519043*2^128 + 9964180871*2^192,12187923456641493504 + 4397342557255447889*2^64 + 14691613363759972610*2^128 + 15960192987*2^192;\
8754882127046680496 + 3621624766026590084*2^64 + 8339237447014381339*2^128 + 28610614477*2^192,12854475777985696048 + 7158313444236314152*2^64 + 17326545797779631100*2^128 + 17817496611*2^192,17994938509605015100 + 1932382218798896557*2^64 + 6026987693145028869*2^128 + 21213080630*2^192,16592688203162023064 + 13404952357034193336*2^64 + 14571000538674091433*2^128 + 29669846019*2^192,4867293501376841696 + 10281759639083823329*2^64 + 12023693673173181998*2^128 + 16481815677*2^192,3074470394906520864 + 11669462319422253893*2^64 + 13030898268094880357*2^128 + 31095768836*2^192,9524300665474943776 + 15091428435198353459*2^64 + 12223373342713503308*2^128 + 11202158686*2^192,4784103623638533248 + 7181656205368489213*2^64 + 15307804760417085714*2^128 + 11846353590*2^192,16867999891260512384 + 17160701390225582524*2^64 + 13062337704096311485*2^128 + 14299366819*2^192,17710580460134835584 + 9547432791565237617*2^64 + 1922951464011100176*2^128 + 4377669052*2^192,1779782439652116224 + 12670481585941536201*2^64 + 4109328898211333676*2^128 + 25030306362*2^192,12461216714083188992 + 4785981520606672584*2^64 + 10401777168003086606*2^128 + 13544308504*2^192,13112346135163943200 + 16980065265401145508*2^64 + 8240564710715069258*2^128 + 23476359396*2^192,10185925031577353152 + 9936348208449453652*2^64 + 6247921271020355190*2^128 + 23417466574*2^192,12838875535328145024 + 4959106053226734937*2^64 + 2064408056994857382*2^128 + 13598433127*2^192,16140087015264052352 + 9064932160737836386*2^64 + 15467541668505752590*2^128 + 12220171448*2^192,16875932902287592640 + 12392471906589761822*2^64 + 7663919686571426723*2^128 + 27504650464*2^192,13512484881196421312 + 3441939012179540167*2^64 + 8794955457959140076*2^128 + 96931731*2^192,11450272185271349184 + 12568730924221130007*2^64 + 17837873106240600776*2^128 + 11453974551*2^192,13770468827238399680 + 10256873974876813539*2^64 + 661621566893629590*2^128 + 12578796076*2^192;\
3860561173443041768 + 8692261138169848250*2^64 + 15742823532994954779*2^128 + 27502802803*2^192,11916896114499612084 + 7006665614205974473*2^64 + 6096028487185745724*2^128 + 34230909908*2^192,1196091021625975397 + 8436772062541644789*2^64 + 8807007790999466927*2^128 + 21071877525*2^192,7358178604139347876 + 448282371932471938*2^64 + 17273008100291287685*2^128 + 31619598939*2^192,8181735915234341512 + 7019004707458645703*2^64 + 6765489817603410516*2^128 + 26943040843*2^192,6160246155752803576 + 6494297691354925345*2^64 + 4276728059885515512*2^128 + 14980502852*2^192,1145571314990334552 + 11023790342299113630*2^64 + 7596269889194289057*2^128 + 9509420290*2^192,12607166731272982448 + 8386363626508715687*2^64 + 7539993672499691867*2^128 + 23698467916*2^192,6964074742405635232 + 17145248772929785056*2^64 + 12116282923422222130*2^128 + 27530848699*2^192,17409135803833726640 + 765755520904030920*2^64 + 14142878966569429190*2^128 + 10264080195*2^192,2860224670116255168 + 14266523991981885144*2^64 + 16308458605645845742*2^128 + 17905811927*2^192,12793351089118243424 + 14429571676356588798*2^64 + 5808322463597280333*2^128 + 32073845231*2^192,7739403601219871576 + 6302071188281885405*2^64 + 5991203180009765651*2^128 + 9361789473*2^192,9174740850555510656 + 15356467850755291226*2^64 + 11553147923124769486*2^128 + 4880218683*2^192,13671309819618319872 + 9527370246151355921*2^64 + 4685129711323290580*2^128 + 5305029192*2^192,14985530014904465152 + 12117997336088313258*2^64 + 15918751262754411013*2^128 + 23666938174*2^192,12719543416508725008 + 7423063535453918263*2^64 + 6951361671451130295*2^128 + 25036464908*2^192,6515522112776013776 + 2942440986807119136*2^64 + 11289747119169929397*2^128 + 32509467435*2^192,6265397239819769968 + 963624769740353156*2^64 + 5273714799758552095*2^128 + 7965614019*2^192,6528471305620726064 + 1122452154318890168*2^64 + 3156969345080344462*2^128 + 33539414263*2^192;\
1743247223873757776 + 15345934144305921728*2^64 + 17905171527593167282*2^128 + 896057749*2^192,14071270315874220136 + 2551735943160042441*2^64 + 17009912305242267118*2^128 + 31100404864*2^192,17193814364622947098 + 13084097571490787624*2^64 + 8643165916663176560*2^128 + 30288723278*2^192,18018184195546839784 + 680797954731485544*2^64 + 5293945236013545316*2^128 + 15160322644*2^192,12009301789600351920 + 2719706076431630592*2^64 + 216279485700031702*2^128 + 6375301522*2^192,2422636086331311984 + 3166367685571889047*2^64 + 18369042300468887006*2^128 + 16551178437*2^192,9135244411061196560 + 11470889532655084257*2^64 + 10054540547144231730*2^128 + 19367366854*2^192,3840359214453026816 + 2866242380537249493*2^64 + 14193697628174579201*2^128 + 22237223392*2^192,12582193612540500096 + 3953912561277666710*2^64 + 4438765621848480414*2^128 + 16458769019*2^192,5670404862990875808 + 16858511668726576429*2^64 + 7977981082800161175*2^128 + 29685627773*2^192,7461279556852773120 + 14283512595908417568*2^64 + 12370487214079557774*2^128 + 6832051851*2^192,2531092365807913984 + 17873831362753194572*2^64 + 9604886713520566799*2^128 + 9462942948*2^192,14033253207369251792 + 2746065895873419861*2^64 + 16918063524794359442*2^128 + 10495920660*2^192,425011133546852256 + 10585332634564988042*2^64 + 6915232404743466558*2^128 + 9292265260*2^192,4539005074714391424 + 17376710265422409864*2^64 + 5797427268474291967*2^128 + 25511970245*2^192,9333891075843471488 + 1147482312592796623*2^64 + 4025333344343372845*2^128 + 11246644128*2^192,6095479303075930272 + 5918495202327953832*2^64 + 16677619205143297955*2^128 + 2943057477*2^192,41423502518310048 + 419506344045263130*2^64 + 9891584505916117906*2^128 + 4064925613*2^192,16784584678696599136 + 15283035622420249726*2^64 + 13451979860350854304*2^128 + 2146191484*2^192,2946729459989694560 + 15919221919015003597*2^64 + 6269722729818209616*2^128 + 30156391341*2^192;\
1895137471840098304 + 2906243594948750080*2^64 + 6597807497680877484*2^128 + 16767319978*2^192,11253724072788532008 + 13258828965278059945*2^64 + 7723220163902664029*2^128 + 16791536370*2^192,12141251005658513850 + 8095527904962484997*2^64 + 1322046136919032913*2^128 + 10151944409*2^192,13060900452080873704 + 12451883196119069431*2^64 + 16506832084810121329*2^128 + 260360590*2^192,18323941013020228848 + 9334997871168257340*2^64 + 7324110895151222894*2^128 + 7754509171*2^192,12608105392070239856 + 12995176599760527641*2^64 + 6793425206734034176*2^128 + 18140470202*2^192,3446295429388543824 + 9492087340334711893*2^64 + 13731110581042961483*2^128 + 1521999068*2^192,12782498428940949696 + 4512076618330465879*2^64 + 15140913679930617806*2^128 + 1630018212*2^192,17254314932192771840 + 14596506187373196795*2^64 + 17361397996970982025*2^128 + 2473447462*2^192,9220164803892069792 + 4331295252366278564*2^64 + 18351705714641075407*2^128 + 29087161834*2^192,4457340300694167360 + 1424227096841997713*2^64 + 127768990208699605*2^128 + 23638206356*2^192,13561843740340641408 + 5456980609088079853*2^64 + 7308010947752683267*2^128 + 2349296034*2^192,416561077323474832 + 12124881403386172685*2^64 + 4995240536545647328*2^128 + 20626616716*2^192,15252617159819051360 + 1782509684172409460*2^64 + 7456280817551250106*2^128 + 3103448417*2^192,13962812596767963904 + 1513504110105854156*2^64 + 9916541512290149733*2^128 + 19688613725*2^192,6259284515145842560 + 7545890571700301243*2^64 + 13272293567416516467*2^128 + 27510323973*2^192,8286041634063516448 + 5370940979944499175*2^64 + 14158153272420457206*2^128 + 33971889429*2^192,6335366845569750944 + 18309352586887385024*2^64 + 2693451093535112294*2^128 + 2084331107*2^192,5958514117574897376 + 863882510405385763*2^64 + 18344467848678026211*2^128 + 15753839943*2^192,14802042561969411296 + 1284759801921660082*2^64 + 10233265143698490679*2^128 + 18659395769*2^192;\
1266624539424343680 + 7543642749668180895*2^64 + 9414964659759542028*2^128 + 17081856675*2^192,13860625159770302800 + 4760002455524669117*2^64 + 2025164125435285475*2^128 + 2018400865*2^192,6114226557059052084 + 2399175568506508822*2^64 + 10725832864241470611*2^128 + 32792191122*2^192,4534957850795107616 + 13176199778586015453*2^64 + 4117648100517438141*2^128 + 13900090157*2^192,444851861779847776 + 16410569391724210878*2^64 + 11256216023937690228*2^128 + 7314790567*2^192,13568130807300999392 + 10059555622820651863*2^64 + 6257891308781062715*2^128 + 19035756103*2^192,17661158282576487456 + 10385291001482691376*2^64 + 11166648924423266901*2^128 + 28918707069*2^192,11626085953403536256 + 6625014766370746788*2^64 + 17983005387329963190*2^128 + 14387156770*2^192,13895201456678160640 + 16347287466926345207*2^64 + 12119478307859197538*2^128 + 1084642198*2^192,9861840021026354624 + 1278420483579144823*2^64 + 17394137790784707030*2^128 + 14735413634*2^192,12120042729850506496 + 3850201992690437882*2^64 + 4841538401412477199*2^128 + 26431412210*2^192,12150572501905652992 + 969118755526673198*2^64 + 8985248730016817139*2^128 + 33297918624*2^192,16165507506539842208 + 2963607419768824955*2^64 + 15831232471273914857*2^128 + 16991769087*2^192,1287960918068386752 + 12422044253154446045*2^64 + 8938369484008858503*2^128 + 24582683653*2^192,3964773245303698432 + 12718461469228737578*2^64 + 16856847881004503422*2^128 + 1489776298*2^192,18295509132497778688 + 15039199147223514289*2^64 + 9032530814455435412*2^128 + 6816052118*2^192,6399558379426587072 + 10991217657675139677*2^64 + 551880538374533178*2^128 + 10479889810*2^192,16066583266777762240 + 5997449416454494716*2^64 + 15154900781992984427*2^128 + 6401674575*2^192,7965722996800026432 + 3892033387757849893*2^64 + 6143707691074976847*2^128 + 8297469026*2^192,1716567172714743744 + 1357423173783441408*2^64 + 7675968705605993544*2^128 + 15896187304*2^192;\
6006297937951443296 + 12327621562317203619*2^64 + 429143238296361854*2^128 + 8019507445*2^192,12915030160870029912 + 2404170687817698330*2^64 + 15183954185774218354*2^128 + 26192850782*2^192,1866861070892319590 + 2253312853435816144*2^64 + 2512102162993666414*2^128 + 24445579366*2^192,816200711901418792 + 14519436407702215579*2^64 + 6200439125157226621*2^128 + 25288560316*2^192,8761561980029831440 + 4912969580813882986*2^64 + 13306279280312590383*2^128 + 32490572875*2^192,543535795376481040 + 6039144874604086875*2^64 + 3440580486369852471*2^128 + 4271859242*2^192,11710242385643460656 + 10458689915367272142*2^64 + 13576574862330120349*2^128 + 22040689013*2^192,13163515811379300544 + 15234429761276285499*2^64 + 10811666996371215373*2^128 + 4095328290*2^192,16990098137067193856 + 11583075748416185631*2^64 + 8496129371062528128*2^128 + 11129725139*2^192,17072345669649958880 + 12758884373928369910*2^64 + 6191124098395791759*2^128 + 25740471800*2^192,1440925118831582400 + 15700984720271798164*2^64 + 7547665615133402766*2^128 + 27315217472*2^192,8372866649845113984 + 4179859873715898346*2^64 + 60066781021552608*2^128 + 21394221840*2^192,17212631117882653552 + 1975672050479057320*2^64 + 9536597598455377790*2^128 + 7661533540*2^192,4096478102424871456 + 5103892077635497812*2^64 + 11507468024828292722*2^128 + 17481862592*2^192,9787153825111971584 + 9397935992256628349*2^64 + 1371829032075364759*2^128 + 29288865407*2^192,9440697619345603328 + 16741091337068908782*2^64 + 8050510905860725442*2^128 + 27308743124*2^192,9101411266562082016 + 16175781759459154223*2^64 + 7790773097401656861*2^128 + 5068674255*2^192,9199192452003943648 + 14133585858357129615*2^64 + 9256030636630552678*2^128 + 7355284117*2^192,1421635415491357600 + 4395168115425837183*2^64 + 13546917506029817597*2^128 + 33234593645*2^192,10696259018582640672 + 7040344787789402161*2^64 + 1414942855921542952*2^128 + 29302293909*2^192;\
3230480911003448624 + 12556989777053918347*2^64 + 5286484810652760737*2^128 + 13053633982*2^192,8857445585912539760 + 3208203655178755471*2^64 + 16313105646163801555*2^128 + 22899252673*2^192,5881554041307867084 + 6842521937850507810*2^64 + 10325982337357566003*2^128 + 25914626165*2^192,14919497992651574048 + 5369165589845680184*2^64 + 15677082970273566873*2^128 + 21554557346*2^192,16980085235431597280 + 3242570611961930502*2^64 + 1845674958397051739*2^128 + 18938855748*2^192,11411997053238493856 + 16519631599542739099*2^64 + 10128259266685495873*2^128 + 168241149*2^192,1685015850027819744 + 17493938883538346131*2^64 + 14586646735754148671*2^128 + 1602316458*2^192,9577154472615046912 + 740658675306552328*2^64 + 8620299743172093787*2^128 + 2606450548*2^192,6722641711802142976 + 1011014873356538973*2^64 + 5543985834188405456*2^128 + 10628115694*2^192,4766468329820617600 + 16349911564042401378*2^64 + 3150894699674055251*2^128 + 19626906917*2^192,2340987648458793088 + 9357956662777318411*2^64 + 18074982265687026898*2^128 + 8099187181*2^192,2361200759163804544 + 16713441136383284389*2^64 + 333565985007447568*2^128 + 17070408560*2^192,7247433380735547424 + 7110420201678249922*2^64 + 18101260812135180252*2^128 + 21620775701*2^192,7205712057325085696 + 2429549409614552662*2^64 + 11576761187243644777*2^128 + 16593491309*2^192,16302285678194915328 + 11142815871985548698*2^64 + 14802584268660953858*2^128 + 27768501696*2^192,12605185901031215360 + 9254866963234129970*2^64 + 14619235538130578006*2^128 + 18086221844*2^192,2064675503284565184 + 18008740235528935904*2^64 + 14005835307192897896*2^128 + 15382239429*2^192,8275194736997246400 + 13877395481877883916*2^64 + 9575463845842288018*2^128 + 10959726607*2^192,14056470608395449920 + 16862116843866678932*2^64 + 3363714183736763789*2^128 + 31183257900*2^192,2377387001636508864 + 5685325309714836436*2^64 + 11642252555604727292*2^128 + 9222735900*2^192]
/* 
This matrix times 2^(-5) should be the matrix of frobenius.
*/ 
B = 2^(-5) * A; 
/* Freed 6398 lists. */
The sign is: -1
The characteristic polynomial is: x^20 - 14*x^16 + x^15 + 20*x^14 - 32*x^13 + 128*x^12 - 288*x^11 + 1152*x^9 - 2048*x^8 + 2048*x^7 - 5120*x^6 - 1024*x^5 + 57344*x^4 - 1048576
Its Newton polygon is: [2, 2, 2, 2, 2, 1, 1, 1, 1, 1, 1, 1, 1, 1, 1, 0, 0, 0, 0, 0]
Its factorization is: [x - 2, 1; x + 2, 1; x^18 + 4*x^16 + 2*x^14 + x^13 + 28*x^12 - 28*x^11 + 240*x^10 - 400*x^9 + 960*x^8 - 448*x^7 + 1792*x^6 + 256*x^5 + 2048*x^4 + 65536*x^2 + 262144, 1]
The valuation of f-g is: 25
The valuation of subst(g,x,A) is: 20
