/* Comments begin... 
No set up needed.

Please input coefficients below.
Coefficient of   x^23                     = Coefficient of   x^12 * w^2               = Coefficient of   x^6 * y^6 * w^1         = Coefficient of   x^5 * y^5 * z^1 * w^1   = Coefficient of   x^4 * y^4 * z^2 * w^1   = Coefficient of   x^3 * y^3 * z^3 * w^1   = Coefficient of   x^2 * y^2 * z^4 * w^1   = Coefficient of   x^1 * y^1 * z^5 * w^1   = Coefficient of   x^1 * w^4               = Coefficient of   y^12                     = Coefficient of   z^6 * w^1               = 
Here is the polynomial we're using this time:

1 + 0*2^64 + 0*2^128 + 0*2^192*x^23 + 1 + 0*2^64 + 0*2^128 + 0*2^192*x^12*w^2 + 1 + 0*2^64 + 0*2^128 + 0*2^192*x^5*y^5*z^1*w^1 + 1 + 0*2^64 + 0*2^128 + 0*2^192*x^3*y^3*z^3*w^1 + 1 + 0*2^64 + 0*2^128 + 0*2^192*x^2*y^2*z^4*w^1 + 1 + 0*2^64 + 0*2^128 + 0*2^192*x^1*y^1*z^5*w^1 + 1 + 0*2^64 + 0*2^128 + 0*2^192*x^1*w^4 + 1 + 0*2^64 + 0*2^128 + 0*2^192*y^12 + 1 + 0*2^64 + 0*2^128 + 0*2^192*z^6*w^1


Allocate G_len 20 elements and old = 0.
Allocate M_len = 400 elements.
Allocate G_len 40 elements and old = 20.
Allocate M_len = 800 elements.
Allocate G_len 80 elements and old = 40.
Allocate M_len = 1600 elements.
Allocate M_len = 3200 elements.
Allocate G_len 160 elements and old = 80.
Allocate M_len = 6400 elements.
Allocate M_len = 12800 elements.
Allocate G_len 320 elements and old = 160.
Allocate M_len = 25600 elements.
Allocate M_len = 51200 elements.
Allocate G_len 640 elements and old = 320.
Allocate M_len = 102400 elements.
Allocate M_len = 204800 elements.
Allocate G_len 1280 elements and old = 640.
Allocate M_len = 409600 elements.
Allocate M_len = 819200 elements.
The final length of G is 826
[5, 5, 0, 1, 0]  	241	5 
[5, 4, 1, 1, 0]  	253	5 
[22, 0, 0, 0, 0]  	264	7  <--- 1
[12, 0, 0, 2, 0]  	276	3 
[4, 3, 4, 1, 0]  	323	6 
[3, 2, 5, 1, 0]  	323	6 
[15, 5, 1, 0, 0]  	330	11 
[9, 2, 4, 1, 0]  	360	10 
[10, 10, 1, 0, 0]  	385	10 
[10, 3, 2, 2, 0]  	391	6 
[5, 13, 1, 0, 0]  	394	9 
[9, 11, 1, 0, 0]  	396	15 
[10, 2, 3, 2, 0]  	403	9 
[11, 12, 0, 0, 0]  	408	3 
[9, 10, 2, 0, 0]  	408	11 
[8, 9, 3, 0, 0]  	408	15 
[20, 3, 3, 0, 0]  	414	14 
[10, 1, 4, 2, 0]  	415	11 
[10, 0, 5, 2, 0]  	427	11 
[7, 9, 4, 0, 0]  	431	14 
[6, 1, 6, 2, 0]  	437	8 
[21, 2, 4, 0, 0]  	438	13 
[8, 0, 6, 2, 0]  	438	10 
[4, 17, 0, 0, 0]  	439	11 
[5, 12, 3, 0, 0]  	441	10 
[7, 8, 5, 0, 0]  	443	14 
[6, 7, 6, 0, 0]  	443	14 
[20, 3, 2, 1, 0]  	445	18 
[13, 8, 3, 0, 0]  	445	18 
[6, 0, 7, 2, 0]  	449	8 
[21, 1, 5, 0, 0]  	450	14 
[4, 16, 1, 0, 0]  	451	7 
[2, 2, 9, 1, 0]  	451	6 
[9, 0, 8, 1, 0]  	454	13 
[6, 9, 5, 0, 0]  	454	13 
[6, 6, 7, 0, 0]  	455	12 
[20, 2, 3, 1, 0]  	457	17 
[19, 4, 4, 0, 0]  	460	13 
[18, 0, 7, 0, 0]  	461	12 
[21, 0, 6, 0, 0]  	462	13 
[2, 13, 4, 0, 0]  	463	6 
[5, 1, 9, 1, 0]  	464	9 
[5, 7, 7, 0, 0]  	466	13 
[16, 0, 6, 1, 0]  	468	19 
[20, 1, 4, 1, 0]  	469	18 
[19, 3, 5, 0, 0]  	472	15 
[5, 0, 8, 2, 0]  	472	7 
[2, 9, 5, 1, 0]  	472	7 
[3, 1, 10, 1, 0]  	475	7 
[5, 0, 10, 1, 0]  	476	10 
[8, 0, 9, 1, 0]  	477	12 
[5, 9, 6, 0, 0]  	477	12 
[5, 6, 8, 0, 0]  	478	14 
[12, 7, 5, 0, 0]  	480	18 
[20, 0, 5, 1, 0]  	481	17 
[14, 6, 5, 0, 0]  	481	17 
[17, 3, 6, 0, 0]  	483	15 
[3, 0, 9, 2, 0]  	483	6 
[2, 5, 8, 1, 0]  	485	8 
[2, 0, 0, 7, 0]  	486	6 
[5, 11, 5, 0, 0]  	488	11 
[4, 7, 8, 0, 0]  	489	12 
[5, 5, 9, 0, 0]  	490	13 
[11, 5, 7, 0, 0]  	492	15 
[14, 5, 6, 0, 0]  	493	16 
[2, 16, 3, 0, 0]  	497	9 
[4, 6, 9, 0, 0]  	501	13 
[9, 5, 8, 0, 0]  	503	15 
[13, 6, 6, 0, 0]  	504	17 
[2, 2, 5, 4, 0]  	509	9 
[4, 5, 10, 0, 0]  	513	14 
[2, 8, 7, 1, 0]  	519	7 
[1, 16, 4, 0, 0]  	520	7 
[4, 10, 7, 0, 0]  	523	11 
[4, 5, 1, 5, 0]  	528	9 
[2, 4, 8, 2, 0]  	528	6 
[5, 2, 1, 6, 0]  	537	13 
[16, 3, 8, 0, 0]  	541	15 
[1, 14, 6, 0, 0]  	544	7 
[8, 2, 4, 4, 0]  	546	13 
[3, 10, 8, 0, 0]  	546	9 
[4, 3, 1, 6, 0]  	548	14 
[5, 1, 2, 6, 0]  	549	13 
[15, 4, 8, 0, 0]  	552	14 
[17, 0, 10, 0, 0]  	554	11 
[3, 12, 7, 0, 0]  	557	9 
[3, 9, 9, 0, 0]  	558	10 
[4, 5, 0, 6, 0]  	559	12 
[3, 6, 11, 0, 0]  	559	12 
[3, 4, 1, 6, 0]  	559	13 
[4, 15, 1, 2, 0]  	560	12 
[4, 2, 2, 6, 0]  	560	12 
[3, 17, 2, 1, 0]  	563	6 
[1, 3, 10, 2, 0]  	563	6 
[15, 3, 9, 0, 0]  	564	16 
[16, 1, 10, 0, 0]  	565	15 
[4, 0, 13, 1, 0]  	569	9 
[3, 6, 0, 6, 0]  	570	11 
[2, 6, 6, 3, 0]  	570	9 
[3, 5, 12, 0, 0]  	571	9 
[3, 3, 2, 6, 0]  	571	9 
[2, 4, 13, 0, 0]  	571	9 
[2, 3, 8, 3, 0]  	571	9 
[2, 2, 3, 6, 0]  	571	9 
[4, 14, 2, 2, 0]  	572	12 
[15, 2, 10, 0, 0]  	576	14 
[16, 0, 11, 0, 0]  	577	12 
[4, 13, 1, 3, 0]  	580	10 
[4, 10, 3, 3, 0]  	581	9 
[3, 9, 4, 3, 0]  	581	9 
[2, 9, 10, 0, 0]  	581	8 
[2, 8, 5, 3, 0]  	581	9 
[2, 7, 0, 6, 0]  	581	9 
[2, 5, 7, 3, 0]  	582	8 
[4, 13, 3, 2, 0]  	584	11 
[15, 1, 11, 0, 0]  	588	14 
[4, 12, 2, 3, 0]  	592	10 
[3, 0, 14, 1, 0]  	592	7 
[2, 11, 9, 0, 0]  	592	8 
[2, 16, 2, 2, 0]  	594	9 
[1, 4, 14, 0, 0]  	594	8 
[2, 1, 10, 3, 0]  	595	10 
[5, 0, 4, 6, 0]  	596	10 
[3, 20, 1, 1, 0]  	597	7 
[3, 4, 4, 5, 0]  	598	8 
[15, 0, 12, 0, 0]  	600	12 
[2, 1, 14, 1, 0]  	603	6 
[1, 20, 0, 2, 0]  	604	7 
[1, 9, 11, 0, 0]  	604	6 
[1, 6, 13, 0, 0]  	605	7 
[1, 3, 15, 0, 0]  	606	8 
[1, 2, 10, 3, 0]  	606	7 
[3, 0, 5, 6, 0]  	607	10 
[4, 10, 0, 5, 0]  	608	11 
[1, 3, 0, 8, 0]  	609	6 
[14, 1, 12, 0, 0]  	611	12 
[4, 1, 8, 4, 0]  	615	5 
[2, 0, 15, 1, 0]  	615	6 
[1, 11, 10, 0, 0]  	615	6 
[1, 9, 0, 6, 0]  	615	5 
[1, 16, 3, 2, 0]  	617	5 
[2, 1, 5, 6, 0]  	618	9 
[1, 12, 0, 5, 0]  	618	7 
[11, 3, 12, 0, 0]  	621	10 
[1, 2, 1, 8, 0]  	621	6 
[2, 26, 0, 0, 0]  	622	9 
[14, 0, 13, 0, 0]  	623	13 
[1, 4, 13, 1, 0]  	625	6 
[1, 2, 3, 7, 0]  	625	6 
[1, 1, 15, 1, 0]  	626	6 
[1, 8, 1, 6, 0]  	627	4 
[0, 20, 1, 2, 0]  	627	4 
[1, 18, 2, 2, 0]  	628	4 
[1, 6, 8, 3, 0]  	628	4 
[1, 5, 3, 6, 0]  	628	4 
[0, 17, 3, 2, 0]  	628	4 
[2, 0, 6, 6, 0]  	630	7 
[1, 24, 0, 1, 0]  	630	7 
[3, 23, 0, 1, 0]  	631	8 
[11, 2, 13, 0, 0]  	633	9 
[1, 27, 0, 0, 0]  	633	7 
[1, 1, 2, 8, 0]  	633	6 
[13, 1, 13, 0, 0]  	634	13 
[1, 4, 2, 7, 0]  	636	6 
[1, 3, 14, 1, 0]  	637	6 
[1, 1, 4, 7, 0]  	637	5 
[2, 0, 10, 4, 0]  	638	6 
[1, 0, 16, 1, 0]  	638	5 
[1, 7, 2, 6, 0]  	639	3 
[0, 19, 2, 2, 0]  	639	3 
[0, 8, 13, 0, 0]  	639	3 
[1, 4, 4, 6, 0]  	640	3 
[0, 16, 4, 2, 0]  	640	4 
[0, 5, 15, 0, 0]  	640	3 
[1, 1, 6, 6, 0]  	641	6 
[0, 25, 0, 1, 0]  	641	5 
[2, 0, 12, 3, 0]  	642	6 
[1, 23, 1, 1, 0]  	642	6 
[3, 9, 2, 5, 0]  	643	6 
[2, 21, 2, 1, 0]  	643	6 
[1, 0, 3, 8, 0]  	645	6 
[13, 0, 14, 0, 0]  	646	11 
[3, 25, 1, 0, 0]  	646	9 
[2, 0, 14, 2, 0]  	646	6 
[1, 8, 11, 1, 0]  	647	6 
[1, 6, 1, 7, 0]  	647	6 
[1, 16, 2, 3, 0]  	648	6 
[1, 0, 5, 7, 0]  	649	5 
[0, 7, 14, 0, 0]  	651	2 
[0, 6, 9, 3, 0]  	651	2 
[1, 2, 0, 9, 0]  	652	3 
[0, 14, 0, 5, 0]  	652	3 
[0, 3, 11, 3, 0]  	652	3 
[1, 0, 7, 6, 0]  	653	5 
[8, 3, 14, 0, 0]  	655	9 
[3, 8, 3, 5, 0]  	655	6 
[2, 7, 4, 5, 0]  	655	6 
[12, 1, 14, 0, 0]  	657	11 
[1, 10, 10, 1, 0]  	658	6 
[1, 8, 0, 7, 0]  	658	6 
[1, 7, 12, 1, 0]  	659	5 
[0, 15, 9, 0, 0]  	660	4 
[0, 3, 15, 1, 0]  	660	4 
[0, 23, 0, 2, 0]  	661	5 
[0, 5, 10, 3, 0]  	663	1 
[0, 4, 5, 6, 0]  	663	1 
[0, 3, 0, 9, 0]  	663	1 
[1, 1, 1, 9, 0]  	664	4 
[0, 14, 6, 2, 0]  	664	4 
[0, 13, 1, 5, 0]  	664	5 
[1, 11, 2, 5, 0]  	665	5 
[1, 9, 9, 2, 0]  	666	6 
[6, 0, 17, 0, 0]  	667	8 
[1, 5, 6, 5, 0]  	667	7 
[12, 0, 15, 0, 0]  	669	9 
[3, 1, 8, 5, 0]  	669	8 
[2, 0, 9, 5, 0]  	669	8 
[0, 16, 3, 3, 0]  	671	4 
[1, 0, 0, 10, 0]  	672	5 
[0, 14, 10, 0, 0]  	672	5 
[0, 12, 0, 6, 0]  	672	4 
[0, 3, 6, 6, 0]  	675	1 
[0, 2, 1, 9, 0]  	675	1 
[1, 0, 2, 9, 0]  	676	3 
[0, 12, 2, 5, 0]  	676	3 
[1, 11, 8, 2, 0]  	677	5 
[5, 1, 17, 0, 0]  	678	6 
[0, 19, 5, 1, 0]  	678	5 
[9, 2, 15, 0, 0]  	679	8 
[1, 4, 7, 5, 0]  	679	7 
[11, 1, 15, 0, 0]  	680	10 
[0, 19, 7, 0, 0]  	682	5 
[1, 4, 9, 4, 0]  	683	3 
[0, 3, 10, 4, 0]  	683	3 
[0, 4, 17, 0, 0]  	687	1 
[0, 2, 7, 6, 0]  	687	1 
[0, 1, 2, 9, 0]  	687	1 
[1, 1, 13, 3, 0]  	688	4 
[0, 24, 2, 1, 0]  	688	3 
[2, 0, 19, 0, 0]  	689	5 
[0, 9, 10, 2, 0]  	689	3 
[5, 0, 18, 0, 0]  	690	7 
[9, 1, 16, 0, 0]  	691	8 
[1, 3, 8, 5, 0]  	691	7 
[11, 0, 16, 0, 0]  	692	10 
[0, 18, 8, 0, 0]  	694	3 
[0, 6, 14, 1, 0]  	694	3 
[0, 2, 11, 4, 0]  	695	3 
[0, 3, 18, 0, 0]  	699	1 
[0, 2, 13, 3, 0]  	699	1 
[0, 1, 8, 6, 0]  	699	1 
[0, 0, 3, 9, 0]  	699	1 
[1, 1, 19, 0, 0]  	700	3 
[1, 0, 14, 3, 0]  	700	3 
[0, 23, 3, 1, 0]  	700	3 
[0, 11, 9, 2, 0]  	700	3 
[1, 8, 5, 5, 0]  	701	3 
[0, 8, 11, 2, 0]  	701	3 
[0, 29, 1, 0, 0]  	702	5 
[0, 17, 7, 1, 0]  	702	5 
[1, 2, 9, 5, 0]  	703	7 
[0, 2, 17, 1, 0]  	707	3 
[0, 13, 8, 2, 0]  	711	1 
[0, 2, 19, 0, 0]  	711	1 
[0, 1, 14, 3, 0]  	711	1 
[0, 0, 9, 6, 0]  	711	1 
[1, 10, 4, 5, 0]  	712	3 
[0, 22, 4, 1, 0]  	712	2 
[0, 9, 5, 5, 0]  	712	2 
[0, 7, 12, 2, 0]  	713	3 
[0, 28, 2, 0, 0]  	714	5 
[0, 16, 8, 1, 0]  	714	5 
[1, 26, 3, 0, 0]  	715	6 
[0, 2, 6, 7, 0]  	718	2 
[0, 11, 2, 6, 0]  	719	3 
[0, 11, 4, 5, 0]  	723	1 
[0, 1, 20, 0, 0]  	723	1 
[0, 0, 15, 3, 0]  	723	1 
[0, 20, 0, 4, 0]  	724	2 
[0, 8, 6, 5, 0]  	724	2 
[0, 6, 13, 2, 0]  	725	3 
[1, 0, 13, 4, 0]  	731	4 
[0, 9, 0, 8, 0]  	735	1 
[0, 0, 21, 0, 0]  	735	1  <--- 3
[0, 32, 0, 0, 0]  	736	2  <--- 2
[0, 5, 14, 2, 0]  	737	3 
[0, 26, 4, 0, 0]  	738	5 
[0, 8, 1, 8, 0]  	747	1 
[0, 6, 8, 5, 0]  	748	2 
[0, 1, 19, 1, 0]  	754	2 
[0, 7, 2, 8, 0]  	759	1 
[1, 0, 12, 5, 0]  	762	6 
[0, 6, 3, 8, 0]  	771	1 
[0, 5, 4, 8, 0]  	783	1 
[0, 0, 0, 12, 0]  	792	1  <--- 4
[12, 0, 0, 1, 1]  	210	7 
[3, 3, 3, 1, 1]  	276	5 
[10, 3, 2, 1, 1]  	325	10 
[10, 2, 3, 1, 1]  	337	10 
[10, 1, 4, 1, 1]  	349	14 
[3, 14, 0, 0, 1]  	358	6 
[10, 0, 5, 1, 1]  	361	15 
[7, 1, 6, 1, 1]  	383	11 
[9, 0, 6, 1, 1]  	384	14 
[11, 0, 0, 4, 1]  	396	17 
[6, 1, 7, 1, 1]  	406	10 
[8, 2, 4, 2, 1]  	414	9 
[8, 8, 4, 0, 1]  	420	11 
[5, 1, 8, 1, 1]  	429	9 
[3, 13, 3, 0, 1]  	440	7 
[2, 14, 3, 0, 1]  	451	6 
[6, 0, 9, 1, 1]  	453	11 
[5, 1, 7, 2, 1]  	460	7 
[4, 12, 4, 0, 1]  	464	9 
[6, 11, 4, 0, 1]  	465	12 
[11, 7, 5, 0, 1]  	468	18 
[3, 13, 2, 1, 1]  	471	6 
[4, 4, 2, 4, 1]  	474	10 
[1, 14, 4, 0, 1]  	474	6 
[4, 5, 9, 0, 1]  	478	13 
[3, 8, 0, 4, 1]  	484	8 
[2, 8, 6, 1, 1]  	484	7 
[2, 17, 2, 0, 1]  	485	8 
[3, 12, 5, 0, 1]  	487	8 
[12, 6, 6, 0, 1]  	492	17 
[2, 7, 7, 1, 1]  	496	7 
[2, 3, 4, 4, 1]  	497	8 
[8, 4, 9, 0, 1]  	503	15 
[2, 12, 4, 1, 1]  	506	6 
[2, 5, 3, 4, 1]  	508	7 
[9, 3, 2, 4, 1]  	511	15 
[3, 4, 11, 0, 1]  	513	13 
[6, 2, 0, 6, 1]  	514	15 
[9, 2, 3, 4, 1]  	523	14 
[4, 2, 1, 6, 1]  	525	12 
[7, 4, 10, 0, 1]  	526	14 
[6, 3, 11, 0, 1]  	526	13 
[9, 1, 0, 6, 1]  	527	10 
[3, 4, 2, 5, 1]  	528	10 
[2, 16, 2, 1, 1]  	528	6 
[16, 4, 7, 0, 1]  	529	15 
[17, 2, 8, 0, 1]  	530	15 
[3, 7, 2, 4, 1]  	531	7 
[9, 1, 4, 4, 1]  	535	16 
[4, 4, 0, 6, 1]  	536	13 
[4, 3, 12, 0, 1]  	537	12 
[2, 11, 0, 4, 1]  	541	7 
[17, 1, 9, 0, 1]  	542	15 
[1, 4, 5, 4, 1]  	543	6 
[9, 0, 5, 4, 1]  	547	13 
[3, 7, 10, 0, 1]  	547	13 
[3, 5, 0, 6, 1]  	547	11 
[2, 6, 11, 0, 1]  	547	10 
[8, 1, 1, 6, 1]  	550	10 
[2, 4, 3, 5, 1]  	551	8 
[1, 12, 0, 4, 1]  	552	6 
[16, 2, 9, 0, 1]  	553	15 
[1, 3, 6, 4, 1]  	555	6 
[5, 1, 6, 4, 1]  	557	12 
[7, 0, 6, 4, 1]  	558	13 
[2, 8, 10, 0, 1]  	558	10 
[2, 5, 12, 0, 1]  	559	10 
[3, 3, 13, 0, 1]  	560	11 
[5, 2, 13, 0, 1]  	561	13 
[1, 2, 7, 4, 1]  	567	6 
[5, 0, 7, 4, 1]  	569	11 
[2, 5, 1, 6, 1]  	570	9 
[2, 15, 2, 2, 1]  	571	9 
[4, 1, 3, 6, 1]  	572	11 
[1, 1, 8, 4, 1]  	579	6 
[4, 1, 7, 4, 1]  	580	10 
[2, 17, 1, 2, 1]  	582	9 
[2, 4, 2, 6, 1]  	582	8 
[2, 3, 14, 0, 1]  	583	10 
[2, 1, 4, 6, 1]  	583	9 
[4, 0, 4, 6, 1]  	584	11 
[2, 10, 4, 3, 1]  	592	7 
[2, 19, 0, 2, 1]  	593	7 
[1, 18, 1, 2, 1]  	593	7 
[1, 7, 12, 0, 1]  	593	7 
[2, 2, 15, 0, 1]  	595	10 
[4, 1, 15, 0, 1]  	596	11 
[1, 18, 3, 1, 1]  	597	7 
[1, 2, 6, 5, 1]  	598	7 
[14, 2, 11, 0, 1]  	599	15 
[2, 12, 3, 3, 1]  	603	8 
[2, 0, 9, 4, 1]  	603	6 
[1, 17, 2, 2, 1]  	605	7 
[2, 1, 16, 0, 1]  	607	9 
[1, 7, 7, 3, 1]  	616	6 
[1, 4, 9, 3, 1]  	617	5 
[1, 3, 4, 6, 1]  	617	5 
[0, 15, 4, 2, 1]  	617	5 
[1, 2, 16, 0, 1]  	618	7 
[1, 1, 11, 3, 1]  	618	7 
[2, 10, 1, 5, 1]  	619	8 
[9, 1, 14, 0, 1]  	621	9 
[13, 2, 12, 0, 1]  	622	12 
[2, 16, 1, 3, 1]  	625	8 
[1, 2, 5, 6, 1]  	629	6 
[1, 1, 0, 9, 1]  	629	6 
[0, 14, 5, 2, 1]  	629	6 
[0, 13, 0, 5, 1]  	629	5 
[1, 12, 6, 2, 1]  	630	7 
[1, 11, 1, 5, 1]  	630	7 
[3, 0, 17, 0, 1]  	631	8 
[1, 6, 12, 1, 1]  	636	6 
[1, 14, 3, 3, 1]  	637	7 
[1, 0, 1, 9, 1]  	641	5 
[0, 13, 6, 2, 1]  	641	5 
[1, 7, 4, 5, 1]  	643	5 
[0, 16, 8, 0, 1]  	648	5 
[2, 0, 18, 0, 1]  	654	6 
[1, 22, 2, 1, 1]  	654	6 
[4, 0, 8, 5, 1]  	658	7 
[0, 18, 7, 0, 1]  	659	5 
[0, 14, 4, 3, 1]  	660	4 
[1, 0, 11, 4, 1]  	661	5 
[0, 2, 12, 3, 1]  	664	3 
[1, 1, 18, 0, 1]  	665	6 
[1, 0, 13, 3, 1]  	665	5 
[0, 29, 0, 0, 1]  	667	6 
[1, 24, 3, 0, 1]  	669	7 
[1, 11, 4, 4, 1]  	669	6 
[0, 20, 6, 0, 1]  	670	5 
[0, 2, 18, 0, 1]  	676	3 
[1, 10, 3, 5, 1]  	677	5 
[0, 28, 1, 0, 1]  	679	6 
[0, 12, 8, 2, 1]  	688	3 
[0, 11, 3, 5, 1]  	688	3 
[0, 21, 4, 1, 1]  	689	3 
[0, 27, 2, 0, 1]  	691	6 
[1, 0, 10, 5, 1]  	692	6 
[0, 19, 0, 4, 1]  	701	3 
[0, 26, 3, 0, 1]  	703	6 
[0, 7, 7, 5, 1]  	736	2 
[0, 1, 13, 4, 1]  	742	2 
[8, 2, 4, 1, 2]  	348	10 
[8, 12, 0, 0, 2]  	372	13 
[7, 12, 1, 0, 2]  	395	12 
[4, 13, 2, 0, 2]  	417	8 
[6, 12, 2, 0, 2]  	418	11 
[8, 1, 5, 2, 2]  	426	9 
[4, 13, 1, 1, 2]  	448	7 
[3, 5, 1, 4, 2]  	450	9 
[4, 1, 9, 1, 2]  	452	8 
[3, 4, 2, 4, 2]  	462	10 
[14, 7, 4, 0, 2]  	469	18 
[11, 6, 6, 0, 2]  	480	17 
[4, 1, 8, 2, 2]  	483	6 
[4, 4, 10, 0, 2]  	490	13 
[8, 5, 8, 0, 2]  	491	16 
[4, 11, 0, 3, 2]  	499	9 
[11, 4, 8, 0, 2]  	504	15 
[21, 11, 0, 0, 2]  	505	11 
[1, 4, 10, 1, 2]  	520	7 
[3, 6, 10, 0, 2]  	524	13 
[3, 4, 0, 6, 2]  	524	11 
[5, 3, 0, 6, 2]  	525	13 
[1, 3, 11, 1, 2]  	532	7 
[7, 2, 4, 4, 2]  	534	14 
[3, 8, 9, 0, 2]  	535	11 
[3, 3, 1, 6, 2]  	536	11 
[1, 2, 12, 1, 2]  	544	7 
[7, 1, 5, 4, 2]  	546	12 
[3, 2, 2, 6, 2]  	548	11 
[7, 2, 12, 0, 2]  	550	13 
[10, 0, 1, 6, 2]  	551	9 
[2, 1, 7, 4, 2]  	556	8 
[2, 7, 5, 3, 2]  	558	9 
[3, 1, 3, 6, 2]  	560	11 
[2, 1, 11, 2, 2]  	564	7 
[3, 2, 14, 0, 2]  	572	10 
[6, 0, 3, 6, 2]  	573	11 
[1, 17, 3, 1, 2]  	574	7 
[1, 2, 11, 2, 2]  	575	6 
[2, 24, 0, 0, 2]  	576	7 
[3, 12, 2, 3, 2]  	580	8 
[2, 12, 8, 0, 2]  	580	7 
[1, 25, 0, 0, 2]  	587	7 
[4, 0, 8, 4, 2]  	592	8 
[1, 10, 10, 0, 2]  	592	7 
[1, 3, 9, 3, 2]  	594	7 
[1, 1, 1, 8, 2]  	598	6 
[1, 8, 6, 3, 2]  	604	6 
[8, 1, 14, 0, 2]  	609	8 
[0, 27, 0, 0, 2]  	621	6 
[2, 9, 2, 5, 2]  	631	6 
[0, 26, 1, 0, 2]  	633	6 
[2, 18, 0, 3, 2]  	636	8 
[1, 17, 1, 3, 2]  	636	7 
[0, 4, 10, 3, 2]  	640	3 
[1, 11, 7, 2, 2]  	642	6 
[0, 4, 16, 0, 2]  	652	3 
[0, 24, 1, 1, 2]  	653	5 
[0, 3, 17, 0, 2]  	664	4 
[9, 0, 16, 0, 2]  	668	8 
[0, 13, 11, 0, 2]  	684	5 
[0, 18, 6, 1, 2]  	690	5 
[0, 18, 1, 4, 2]  	713	3 
[0, 25, 4, 0, 2]  	715	6 
[0, 12, 7, 3, 2]  	719	3 
[0, 17, 2, 4, 2]  	725	3 
[0, 24, 5, 0, 2]  	727	5 
[0, 5, 9, 5, 2]  	760	2 
[2, 14, 0, 0, 3]  	346	6 
[8, 1, 5, 1, 3]  	360	12 
[11, 11, 0, 0, 3]  	385	11 
[7, 0, 8, 1, 3]  	430	12 
[4, 4, 1, 4, 3]  	439	9 
[7, 11, 3, 0, 3]  	442	13 
[4, 7, 0, 4, 3]  	473	8 
[1, 13, 5, 0, 3]  	486	6 
[2, 12, 0, 3, 3]  	498	6 
[4, 9, 7, 0, 3]  	500	11 
[3, 5, 10, 0, 3]  	501	12 
[1, 13, 0, 3, 3]  	509	6 
[3, 7, 9, 0, 3]  	512	11 
[4, 3, 0, 6, 3]  	513	12 
[10, 0, 0, 6, 3]  	516	12 
[2, 1, 10, 2, 3]  	529	6 
[1, 18, 3, 0, 3]  	531	6 
[4, 0, 12, 1, 3]  	534	9 
[2, 7, 10, 0, 3]  	535	10 
[7, 1, 1, 6, 3]  	538	13 
[3, 11, 2, 3, 3]  	557	8 
[2, 4, 7, 3, 3]  	559	10 
[1, 24, 0, 0, 3]  	564	6 
[9, 0, 2, 6, 3]  	574	8 
[1, 19, 0, 2, 3]  	581	8 
[14, 3, 10, 0, 3]  	587	13 
[1, 12, 3, 3, 3]  	591	6 
[1, 15, 3, 2, 3]  	594	8 
[7, 1, 14, 0, 3]  	597	10 
[1, 12, 9, 0, 3]  	603	6 
[1, 1, 5, 6, 3]  	606	7 
[1, 1, 7, 5, 3]  	610	7 
[8, 0, 16, 0, 3]  	656	8 
[0, 20, 4, 1, 3]  	666	4 
[0, 22, 5, 0, 3]  	681	5 
[0, 18, 2, 3, 3]  	682	4 
[0, 12, 6, 3, 3]  	684	4 
[0, 15, 8, 1, 3]  	691	5 
[0, 12, 12, 0, 3]  	696	4 
[0, 3, 5, 7, 3]  	706	2 
[1, 0, 20, 0, 3]  	712	2 
[0, 1, 7, 7, 3]  	730	2 
[10, 11, 0, 0, 4]  	373	15 
[7, 13, 0, 0, 4]  	383	11 
[8, 11, 2, 0, 4]  	419	14 
[2, 9, 0, 4, 4]  	495	6 
[2, 8, 1, 4, 4]  	507	6 
[4, 11, 6, 0, 4]  	511	10 
[2, 7, 2, 4, 4]  	519	6 
[9, 3, 10, 0, 4]  	527	15 
[9, 0, 1, 6, 4]  	539	12 
[2, 0, 11, 2, 4]  	541	6 
[2, 10, 9, 0, 4]  	569	8 
[2, 0, 5, 6, 4]  	595	9 
[1, 6, 9, 2, 4]  	597	6 
[1, 5, 8, 3, 4]  	605	6 
[1, 10, 5, 3, 4]  	615	5 
[2, 0, 17, 0, 4]  	619	7 
[1, 21, 2, 1, 4]  	631	6 
[0, 14, 9, 0, 4]  	637	5 
[7, 0, 16, 0, 4]  	644	8 
[0, 13, 10, 0, 4]  	649	5 
[1, 10, 8, 2, 4]  	654	5 
[0, 18, 5, 1, 4]  	655	5 
[0, 17, 6, 1, 4]  	667	5 
[0, 16, 7, 1, 4]  	679	5 
[0, 17, 1, 4, 4]  	690	4 
[0, 10, 4, 6, 4]  	766	2 
[6, 13, 0, 0, 5]  	371	10 
[8, 0, 7, 1, 5]  	407	13 
[4, 12, 2, 1, 5]  	460	7 
[3, 7, 0, 4, 5]  	461	8 
[4, 9, 2, 3, 5]  	523	10 
[8, 0, 2, 6, 5]  	562	12 
[3, 0, 8, 4, 5]  	580	9 
[1, 16, 2, 2, 5]  	582	8 
[6, 1, 14, 0, 5]  	585	11 
[1, 6, 2, 6, 5]  	616	5 
[6, 0, 16, 0, 5]  	632	7 
[1, 1, 14, 2, 5]  	657	6 
[0, 18, 0, 4, 5]  	678	4 
[0, 16, 2, 4, 5]  	702	4 
[0, 11, 8, 3, 5]  	731	3 
[8, 3, 10, 0, 6]  	515	16 
[1, 3, 5, 5, 6]  	586	7 
[5, 0, 16, 0, 6]  	620	8 
[0, 13, 5, 3, 6]  	672	4 
[0, 15, 3, 4, 6]  	714	4 
[1, 0, 19, 0, 8]  	677	4 
[4, 0, 16, 0, 9]  	608	10 
[2, 0, 14, 1, 248]  	580	5 
[1, 20, 2, 1, 248]  	608	6 
[6, 10, 4, 0, 249]  	442	13 
[2, 3, 8, 2, 249]  	505	5 
[2, 6, 7, 2, 249]  	539	8 
[1, 19, 2, 1, 249]  	585	6 
[1, 6, 4, 5, 249]  	620	5 
[1, 5, 1, 7, 249]  	624	6 
[1, 0, 9, 5, 249]  	657	5 
[0, 8, 10, 2, 249]  	666	3 
[2, 4, 8, 1, 250]  	462	6 
[3, 11, 7, 0, 250]  	534	9 
[2, 6, 0, 6, 250]  	558	9 
[2, 6, 2, 5, 250]  	562	7 
[2, 9, 4, 3, 250]  	569	8 
[1, 5, 13, 0, 250]  	582	7 
[1, 6, 3, 5, 250]  	585	4 
[1, 2, 0, 8, 250]  	586	4 
[1, 5, 4, 5, 250]  	597	4 
[0, 5, 10, 2, 250]  	597	3 
[0, 4, 11, 2, 250]  	609	3 
[0, 2, 15, 1, 250]  	637	3 
[0, 11, 0, 6, 250]  	649	2 
[0, 10, 9, 2, 250]  	677	2 
[7, 10, 3, 0, 251]  	419	11 
[2, 3, 8, 1, 251]  	439	5 
[5, 10, 5, 0, 251]  	465	8 
[13, 6, 5, 0, 251]  	469	17 
[8, 1, 0, 6, 251]  	515	13 
[1, 2, 0, 7, 251]  	520	6 
[1, 1, 2, 7, 251]  	567	4 
[1, 20, 1, 1, 251]  	573	5 
[1, 4, 4, 5, 251]  	574	5 
[1, 0, 3, 7, 251]  	579	4 
[1, 7, 8, 2, 251]  	585	5 
[1, 11, 2, 4, 251]  	599	4 
[1, 0, 15, 1, 251]  	603	3 
[1, 4, 3, 6, 251]  	605	5 
[0, 3, 12, 2, 251]  	621	3 
[1, 10, 4, 4, 251]  	646	5 
[0, 22, 3, 1, 251]  	677	3 
[0, 8, 5, 5, 251]  	689	2 
[0, 1, 18, 1, 251]  	719	2 
[6, 1, 6, 1, 252]  	371	8 
[9, 10, 1, 0, 252]  	373	12 
[6, 10, 3, 0, 252]  	407	10 
[5, 9, 5, 0, 252]  	442	6 
[2, 5, 7, 1, 252]  	450	5 
[1, 20, 1, 0, 252]  	507	5 
[3, 10, 7, 0, 252]  	511	8 
[4, 6, 0, 5, 252]  	516	9 
[1, 19, 2, 0, 252]  	519	5 
[3, 9, 8, 0, 252]  	523	10 
[1, 5, 4, 4, 252]  	531	5 
[1, 2, 6, 4, 252]  	532	6 
[2, 5, 0, 6, 252]  	535	9 
[1, 2, 10, 2, 252]  	540	4 
[2, 7, 1, 5, 252]  	550	6 
[2, 3, 2, 6, 252]  	559	8 
[1, 18, 2, 1, 252]  	562	6 
[1, 0, 1, 8, 252]  	575	5 
[1, 0, 9, 4, 252]  	591	3 
[1, 8, 0, 6, 252]  	592	2 
[1, 11, 0, 5, 252]  	595	5 
[0, 21, 0, 2, 252]  	615	3 
[0, 7, 13, 0, 252]  	616	3 
[0, 2, 13, 2, 252]  	633	2 
[0, 2, 0, 9, 252]  	640	1 
[0, 25, 2, 0, 252]  	645	5 
[1, 11, 9, 1, 252]  	646	6 
[0, 0, 2, 9, 252]  	664	1 
[0, 0, 18, 1, 252]  	696	1 
[0, 8, 0, 8, 252]  	712	1 
[2, 2, 6, 1, 253]  	346	5 
[9, 9, 2, 0, 253]  	385	8 
[7, 11, 2, 0, 253]  	407	12 
[5, 9, 4, 0, 253]  	407	6 
[13, 7, 4, 0, 253]  	457	14 
[4, 0, 8, 2, 253]  	460	6 
[2, 6, 1, 4, 253]  	461	6 
[9, 5, 7, 0, 253]  	468	11 
[13, 5, 6, 0, 253]  	481	15 
[2, 4, 3, 4, 253]  	485	7 
[2, 7, 5, 2, 253]  	492	6 
[4, 5, 0, 5, 253]  	493	10 
[1, 3, 10, 1, 253]  	497	3 
[1, 6, 3, 4, 253]  	519	3 
[2, 5, 11, 0, 253]  	524	11 
[1, 11, 0, 4, 253]  	529	4 
[2, 1, 12, 1, 253]  	533	3 
[2, 4, 12, 0, 253]  	536	11 
[2, 5, 2, 5, 253]  	539	7 
[1, 0, 2, 7, 253]  	544	3 
[2, 0, 13, 1, 253]  	545	3 
[2, 9, 9, 0, 253]  	546	9 
[2, 11, 4, 2, 253]  	549	6 
[1, 16, 3, 1, 253]  	551	5 
[1, 4, 9, 2, 253]  	551	3 
[2, 11, 8, 0, 253]  	557	7 
[1, 4, 13, 0, 253]  	559	3 
[1, 21, 0, 1, 253]  	561	6 
[1, 9, 6, 2, 253]  	561	4 
[1, 6, 8, 2, 253]  	562	3 
[0, 2, 11, 2, 253]  	563	1 
[1, 0, 14, 1, 253]  	568	2 
[1, 8, 7, 2, 253]  	573	4 
[0, 1, 14, 1, 253]  	579	1 
[0, 24, 1, 0, 253]  	587	4 
[0, 0, 15, 1, 253]  	591	1 
[0, 17, 4, 1, 253]  	597	4 
[0, 18, 2, 2, 253]  	616	4 
[0, 17, 7, 0, 253]  	636	4 
[0, 2, 6, 6, 253]  	652	1 
[0, 12, 7, 2, 253]  	653	2 
[0, 20, 0, 3, 253]  	658	3 
[0, 4, 3, 8, 253]  	725	1 
[2, 2, 5, 1, 254]  	311	4 
[6, 0, 6, 1, 254]  	348	7 
[5, 9, 3, 0, 254]  	372	5 
[6, 12, 1, 0, 254]  	383	9 
[8, 10, 2, 0, 254]  	396	12 
[7, 7, 5, 0, 254]  	420	4 
[5, 0, 9, 1, 254]  	441	4 
[3, 12, 4, 0, 254]  	452	5 
[2, 10, 4, 1, 254]  	460	4 
[0, 2, 10, 1, 254]  	462	1 
[0, 12, 6, 0, 254]  	486	2 
[7, 4, 9, 0, 254]  	491	13 
[1, 21, 0, 0, 254]  	495	5 
[1, 9, 6, 1, 254]  	495	4 
[1, 6, 8, 1, 254]  	496	2 
[4, 0, 11, 1, 254]  	499	5 
[2, 4, 11, 0, 254]  	501	8 
[1, 8, 7, 1, 254]  	507	4 
[1, 17, 3, 0, 254]  	508	7 
[1, 5, 9, 1, 254]  	508	3 
[2, 6, 10, 0, 254]  	512	6 
[2, 3, 12, 0, 254]  	513	8 
[4, 1, 7, 3, 254]  	514	5 
[1, 12, 1, 3, 254]  	521	5 
[2, 11, 7, 0, 254]  	522	3 
[0, 20, 0, 1, 254]  	526	2 
[8, 2, 11, 0, 254]  	527	12 
[1, 3, 9, 2, 254]  	528	2 
[5, 0, 6, 4, 254]  	534	10 
[6, 2, 12, 0, 254]  	538	11 
[2, 8, 0, 5, 254]  	538	4 
[1, 17, 2, 1, 254]  	539	5 
[0, 16, 3, 1, 254]  	539	2 
[1, 1, 7, 4, 254]  	544	6 
[2, 8, 4, 3, 254]  	546	6 
[2, 4, 1, 6, 254]  	547	9 
[6, 1, 13, 0, 254]  	550	9 
[1, 1, 13, 1, 254]  	556	2 
[0, 0, 14, 1, 254]  	556	1 
[2, 13, 3, 2, 254]  	560	7 
[1, 1, 0, 8, 254]  	563	5 
[1, 6, 12, 0, 254]  	570	4 
[0, 5, 13, 0, 254]  	570	1 
[2, 0, 10, 3, 254]  	572	2 
[5, 1, 14, 0, 254]  	573	8 
[0, 19, 2, 1, 254]  	573	2 
[1, 11, 9, 0, 254]  	580	2 
[1, 8, 11, 0, 254]  	581	6 
[0, 15, 5, 1, 254]  	586	4 
[1, 2, 4, 6, 254]  	594	4 
[0, 26, 0, 0, 254]  	598	3 
[0, 11, 10, 0, 254]  	603	1 
[1, 7, 1, 6, 254]  	604	3 
[1, 0, 0, 9, 254]  	606	4 
[0, 12, 0, 5, 254]  	606	2 
[0, 10, 11, 0, 254]  	615	1 
[0, 9, 12, 0, 254]  	627	1 
[1, 10, 2, 5, 254]  	642	4 
[0, 9, 9, 2, 254]  	654	2 
[0, 1, 19, 0, 254]  	688	1 
[0, 4, 2, 8, 254]  	690	1 
[0, 6, 7, 5, 254]  	713	2 
[0, 10, 3, 6, 254]  	731	2 
[0, 0, 8, 7, 254]  	742	1 
[5, 5, 1, 0, 255]  	210	5 
[2, 2, 4, 1, 255]  	276	2 
[1, 0, 8, 1, 255]  	358	1 
[0, 0, 10, 1, 255]  	416	1 
[3, 12, 3, 0, 255]  	417	5 
[4, 5, 2, 3, 255]  	431	5 
[1, 17, 1, 0, 255]  	438	4 
[0, 16, 2, 0, 255]  	438	1 
[4, 5, 8, 0, 255]  	443	4 
[4, 1, 7, 2, 255]  	448	4 
[2, 0, 1, 6, 255]  	455	3 
[1, 8, 0, 4, 255]  	460	3 
[0, 20, 0, 0, 255]  	460	1 
[3, 5, 9, 0, 255]  	466	9 
[2, 5, 2, 4, 255]  	473	6 
[1, 4, 3, 4, 255]  	473	3 
[1, 0, 0, 7, 255]  	474	1 
[2, 3, 11, 0, 255]  	478	6 
[4, 10, 6, 0, 255]  	488	8 
[8, 0, 0, 6, 255]  	492	8 
[2, 10, 7, 0, 255]  	499	3 
[1, 6, 10, 0, 255]  	500	4 
[1, 4, 0, 6, 255]  	500	2 
[3, 3, 0, 6, 255]  	501	12 
[1, 4, 2, 5, 255]  	504	1 
[1, 7, 2, 4, 255]  	507	3 
[4, 10, 1, 3, 255]  	511	10 
[7, 1, 12, 0, 255]  	527	8 
[0, 5, 8, 2, 255]  	527	2 
[1, 15, 3, 1, 255]  	528	4 
[0, 0, 0, 8, 255]  	528	1 
[15, 3, 8, 0, 255]  	529	8 
[15, 0, 10, 0, 255]  	530	6 
[2, 12, 3, 2, 255]  	537	4 
[5, 1, 13, 0, 255]  	538	7 
[1, 3, 2, 6, 255]  	547	2 
[0, 4, 13, 0, 255]  	547	1 
[0, 1, 8, 4, 255]  	567	2 
[2, 1, 15, 0, 255]  	572	3 
[1, 2, 15, 0, 255]  	583	3 
[0, 11, 0, 5, 255]  	583	1 
[0, 2, 6, 5, 255]  	586	1 
[0, 9, 11, 0, 255]  	592	1 
[0, 14, 4, 2, 255]  	594	2 
[1, 12, 5, 2, 255]  	595	8 
[0, 4, 5, 5, 255]  	597	1 
[0, 0, 8, 5, 255]  	610	1 
[0, 3, 16, 0, 255]  	629	2 
[0, 0, 5, 7, 255]  	637	1 
[0, 0, 19, 0, 255]  	665	1 
[0, 11, 7, 3, 255]  	696	2 
------
The gap is between 10 and 247.
Lengths: 5 5 10 13 5 11.
For 692 = 3*d-d1-d2-d3-d4 you get 5 in char 0.
1 + 0*2^64 + 0*2^128 + 0*2^192*y^24*z^4
1 + 0*2^64 + 0*2^128 + 0*2^192*y^12*z^10*w^1
1 + 0*2^64 + 0*2^128 + 0*2^192*y^11*z^5*w^4
1 + 0*2^64 + 0*2^128 + 0*2^192*y^10*w^7
1 + 0*2^64 + 0*2^128 + 0*2^192*z^16*w^2

For 416 = 2*d-d1-d2-d3-d4 you get 10 in char 0.
1 + 0*2^64 + 0*2^128 + 0*2^192*x^5*y^4*w^4
1 + 0*2^64 + 0*2^128 + 0*2^192*x^4*y^3*z^1*w^4
1 + 0*2^64 + 0*2^128 + 0*2^192*x^3*y^2*z^2*w^4
1 + 0*2^64 + 0*2^128 + 0*2^192*x^2*y^2*z^8*w^1
1 + 0*2^64 + 0*2^128 + 0*2^192*x^2*y^1*z^3*w^4
1 + 0*2^64 + 0*2^128 + 0*2^192*x^1*y^13*z^3
1 + 0*2^64 + 0*2^128 + 0*2^192*x^1*y^1*z^9*w^1
1 + 0*2^64 + 0*2^128 + 0*2^192*x^1*z^4*w^4
1 + 0*2^64 + 0*2^128 + 0*2^192*y^12*z^4
1 + 0*2^64 + 0*2^128 + 0*2^192*z^10*w^1

For 140 = d-d1-d2-d3-d4 you get 5 in char 0.
1 + 0*2^64 + 0*2^128 + 0*2^192*x^4*y^4
1 + 0*2^64 + 0*2^128 + 0*2^192*x^3*y^3*z^1
1 + 0*2^64 + 0*2^128 + 0*2^192*x^2*y^2*z^2
1 + 0*2^64 + 0*2^128 + 0*2^192*x^1*y^1*z^3
1 + 0*2^64 + 0*2^128 + 0*2^192*z^4

Extra powers of p used 8.
The invariant extra is equal to 33.
Start computing 2^4 Delta^1 (x1x2x3x4)^1... Done.
Start computing 2^5 Delta^2 (x1x2x3x4)^1... Done.
Start computing 2^6 Delta^3 (x1x2x3x4)^1... Done.
Start computing 2^7 Delta^4 (x1x2x3x4)^1... Done.
Start computing 2^8 Delta^5 (x1x2x3x4)^1... Done.
Start computing 2^9 Delta^6 (x1x2x3x4)^1... Done.
Start computing 2^10 Delta^7 (x1x2x3x4)^1... Done.
Start computing 2^11 Delta^8 (x1x2x3x4)^1... Done.
Start computing 2^12 Delta^9 (x1x2x3x4)^1... Done.
Start computing 2^13 Delta^10 (x1x2x3x4)^1... Done.
Start computing 2^14 Delta^11 (x1x2x3x4)^1... Done.
Start computing 2^15 Delta^12 (x1x2x3x4)^1... Done.
Start computing 2^16 Delta^13 (x1x2x3x4)^1... Done.
Start computing 2^17 Delta^14 (x1x2x3x4)^1... Done.
Start computing 2^18 Delta^15 (x1x2x3x4)^1... Done.
Start computing 2^19 Delta^16 (x1x2x3x4)^1... Done.
Start computing 2^20 Delta^17 (x1x2x3x4)^1... Done.
Start computing 2^21 Delta^18 (x1x2x3x4)^1... Done.
Start computing 2^22 Delta^19 (x1x2x3x4)^1... Done.
Start computing 2^23 Delta^20 (x1x2x3x4)^1... Done.
Start computing 2^24 Delta^21 (x1x2x3x4)^1... Done.
Start computing 2^25 Delta^22 (x1x2x3x4)^1... Done.
Start computing 2^26 Delta^23 (x1x2x3x4)^1... Done.
Start computing 2^27 Delta^24 (x1x2x3x4)^1... Done.
Start computing 2^28 Delta^25 (x1x2x3x4)^1... Done.
Start computing 2^29 Delta^26 (x1x2x3x4)^1... Done.
Start computing 2^30 Delta^27 (x1x2x3x4)^1... Done.
Start computing 2^31 Delta^28 (x1x2x3x4)^1... Done.
Start computing 2^32 Delta^29 (x1x2x3x4)^1... Done.
Start computing 2^33 Delta^30 (x1x2x3x4)^1... Done.
Start computing 2^34 Delta^31 (x1x2x3x4)^1... Done.
Start computing 2^35 Delta^32 (x1x2x3x4)^1... Done.
Start computing 2^36 Delta^33 (x1x2x3x4)^1... Done.
Start computing 2^37 Delta^34 (x1x2x3x4)^1... Done.
Start computing 2^38 Delta^35 (x1x2x3x4)^1... Done.
Start computing aa.
1 2 3 4 5 6 7 8 9 10 11 12 13 14 15 16 17 18 19 20 
*/
A = \
[4925638501165338176 + 15384614640219767938*2^64 + 6380369957405924404*2^128 + 234647107073*2^192,14457502769666765952 + 11065090984795609678*2^64 + 12294170439655252632*2^128 + 210404379065*2^192,2743547450967045024 + 9122599074793322126*2^64 + 17596924794919421170*2^128 + 84404874135*2^192,1343124304004768000 + 11042927485305308705*2^64 + 17032617987413350374*2^128 + 218486923763*2^192,12394096308380098048 + 7234907067217690688*2^64 + 9246043715260087476*2^128 + 255069628941*2^192,16331756912858551552 + 15697966801451717009*2^64 + 4834047036333652503*2^128 + 88826338982*2^192,3154046450172371456 + 17919036417192237939*2^64 + 10729257236534109022*2^128 + 63471415590*2^192,11329629997420674816 + 16816495301005640582*2^64 + 2347736455464834105*2^128 + 195207066157*2^192,3261560895101302784 + 3768265722900851158*2^64 + 12925305199150426877*2^128 + 181536151647*2^192,6725483922077810944 + 11591305166537329508*2^64 + 10250931659181463327*2^128 + 33661419026*2^192,6969100464994143232 + 16781385161551886017*2^64 + 16368003651960062549*2^128 + 193045059937*2^192,16638048989230348800 + 14152663970600548941*2^64 + 2708696506276689251*2^128 + 196273620325*2^192,15330181014451139072 + 9529213044744886174*2^64 + 12101116730671600928*2^128 + 252693386668*2^192,14397047803482032128 + 1191953471869582509*2^64 + 4555293488997697713*2^128 + 91247343490*2^192,14603634734441631744 + 13849271307119196793*2^64 + 1361598292974648517*2^128 + 6932058535*2^192,747234140884168192 + 15473580546551495608*2^64 + 15615287384660944936*2^128 + 31692659961*2^192,10868500872312959488 + 8250741408311222680*2^64 + 15480974199064560493*2^128 + 12093679916*2^192,5039866907166493184 + 10548289763762552808*2^64 + 5878361228672884527*2^128 + 22213325608*2^192,8506195676834450944 + 6296530457416270549*2^64 + 9317444557480860959*2^128 + 133659234838*2^192,13368997771878729728 + 15335009454165414797*2^64 + 1318680572760124527*2^128 + 165109340140*2^192;\
2767722336164830816 + 2526328987359628506*2^64 + 15384370739023541094*2^128 + 125083959037*2^192,6225169367501258432 + 11263685755522049741*2^64 + 11020752241385675882*2^128 + 230903883206*2^192,11234354087428675824 + 898336669087331570*2^64 + 16923282842012481641*2^128 + 267951363483*2^192,7023242814232982720 + 4737610887217879684*2^64 + 10934154301432156654*2^128 + 23722084214*2^192,668168894330802432 + 16763446221188575074*2^64 + 13281249653242872272*2^128 + 251176300245*2^192,13950077207530093952 + 11691685000251512336*2^64 + 8373755258986280615*2^128 + 244548124447*2^192,1391217939397771520 + 16079991924365789750*2^64 + 10148885402671178152*2^128 + 205479989477*2^192,7389034934353723520 + 18249565611965967230*2^64 + 14539139406789728721*2^128 + 186544193727*2^192,7459169532357035008 + 11328417803545431502*2^64 + 5737874613440042414*2^128 + 212594901676*2^192,13927671871859285376 + 15473093004720970971*2^64 + 17083016184347287640*2^128 + 114962683450*2^192,6420130967282649600 + 1825728103456338199*2^64 + 17393115753425745149*2^128 + 101005070833*2^192,2275895224064369408 + 10451808519224127341*2^64 + 1184542090982858558*2^128 + 172477392326*2^192,17864870341848413952 + 3713759972132501734*2^64 + 15011715920757142082*2^128 + 183719787669*2^192,17302053865404774400 + 10400282216127085297*2^64 + 17374288712309480330*2^128 + 232555282843*2^192,2565533316225224704 + 13601055937557194789*2^64 + 8798637331911977125*2^128 + 112171228380*2^192,11167662816548912384 + 12997710159292695332*2^64 + 17866296610368976694*2^128 + 105635793115*2^192,13729536302433994496 + 5336088164044036989*2^64 + 16074657142485075343*2^128 + 207573487487*2^192,16163009064950533888 + 14073639268734832675*2^64 + 11093876489106582820*2^128 + 66803867390*2^192,16492377957006620928 + 1683688523784923936*2^64 + 14928948451476657387*2^128 + 12381442696*2^192,15753474584533545984 + 10292196417138267597*2^64 + 7165128053243888022*2^128 + 243150592444*2^192;\
3487775588067839232 + 2197230340936097675*2^64 + 2561729828938840255*2^128 + 28959329390*2^192,4350950848394257920 + 8784909143948755183*2^64 + 9336617712092851527*2^128 + 160848773241*2^192,14059331543803216768 + 683637772031305333*2^64 + 3870675394335098742*2^128 + 176947069966*2^192,2959180536315222016 + 6534035329027655702*2^64 + 5179184353925811087*2^128 + 49620188262*2^192,17542486222267781120 + 11995872601242839206*2^64 + 4826859771485343265*2^128 + 265582722250*2^192,6855245635723529216 + 8589251923169132984*2^64 + 16262240234962463984*2^128 + 155497703584*2^192,15130501652215447552 + 1959670777449284110*2^64 + 12506110667056657712*2^128 + 159045056698*2^192,15858962176570665984 + 9598606580111429318*2^64 + 10787501437708686426*2^128 + 68925882283*2^192,11305871896347639808 + 11519344414934285082*2^64 + 11438175565763273303*2^128 + 146857101767*2^192,8866544730619751424 + 15758309303264354010*2^64 + 1300548002410943796*2^128 + 238410231311*2^192,6708769996222025728 + 9427631579129573711*2^64 + 12990733742195252930*2^128 + 88146403775*2^192,4185564937072449536 + 3188733610508572616*2^64 + 1194234685311891312*2^128 + 208356853075*2^192,2872111843642830848 + 5561771797576107859*2^64 + 13470844053009517783*2^128 + 26840552677*2^192,5316605981962391552 + 9716920228099112156*2^64 + 7543732288256909533*2^128 + 92222316495*2^192,7628772435858022400 + 13667398807407779792*2^64 + 11940111672025017787*2^128 + 10502131088*2^192,4126618415640152064 + 13183135174973337815*2^64 + 6766205941184605076*2^128 + 64781432954*2^192,5051348970031466496 + 5307546398101975046*2^64 + 5874291843436433605*2^128 + 236618983190*2^192,10918943420228306944 + 6197204114023868008*2^64 + 5191514875634691647*2^128 + 174915573326*2^192,10379278147510433792 + 6995152539065937731*2^64 + 13382617800653340514*2^128 + 201062550981*2^192,6079677753701249024 + 17268710037645975516*2^64 + 9658852255834144142*2^128 + 199033775586*2^192;\
17958290909929378304 + 15404711563266522892*2^64 + 8734690592567090436*2^128 + 257336234186*2^192,4853182859214030848 + 3011772804711628490*2^64 + 14966808107286491544*2^128 + 191829321*2^192,12056428653390642944 + 18418042241977462413*2^64 + 4662345949160876968*2^128 + 111422317586*2^192,1354910023808705280 + 14245347436911564648*2^64 + 5374358511777891908*2^128 + 246789754664*2^192,16710166001842382848 + 3199958801534519961*2^64 + 762333948730785070*2^128 + 142595200233*2^192,1965178892036075520 + 522205024896996026*2^64 + 15524079258559392815*2^128 + 173776375594*2^192,7005716367112173568 + 5900303798484432882*2^64 + 7789466005803714404*2^128 + 78452463263*2^192,16063068214094063616 + 13725193756878884081*2^64 + 1999776810406959013*2^128 + 271791785974*2^192,1919060928192684032 + 2269361163601718606*2^64 + 7497196597590638376*2^128 + 115389655405*2^192,785871833681584128 + 10646462412330209777*2^64 + 12238976838424111429*2^128 + 30305750827*2^192,13559468650614964224 + 2104987957308355687*2^64 + 13389104754316562213*2^128 + 87355710646*2^192,5285139871366561792 + 12015101844123398024*2^64 + 4616509281870806887*2^128 + 134182454800*2^192,274825112285685760 + 17191222102710110455*2^64 + 15962765952173735513*2^128 + 26247349782*2^192,5599917501415870464 + 15398415818841365133*2^64 + 8031007360826108806*2^128 + 117646368900*2^192,13523517540954972160 + 10412623442095590145*2^64 + 10899630114072364525*2^128 + 269177684472*2^192,8588627986979037184 + 3742578173559532323*2^64 + 13870696381936911012*2^128 + 200408690567*2^192,6333763289146650624 + 2672428093837094015*2^64 + 1986014023645202551*2^128 + 126457218297*2^192,4475600483663572992 + 8686939356490218519*2^64 + 13737453157888474826*2^128 + 90649071628*2^192,9704998156386398208 + 11064695591444499610*2^64 + 4862389095759991424*2^128 + 212739742963*2^192,13901835864707362816 + 5423000560090367646*2^64 + 8361815907592800699*2^128 + 56733766535*2^192;\
13569447570108502288 + 4584827882727560916*2^64 + 2853265792454400351*2^128 + 11705467163*2^192,10087182441700355360 + 10688155307755658037*2^64 + 370313349060104033*2^128 + 119671679067*2^192,7164984846146780584 + 17098846590613628555*2^64 + 16690435832133704966*2^128 + 13654514433*2^192,15075974763181454144 + 17422891943452879786*2^64 + 1261822564772307673*2^128 + 37739910502*2^192,11522111192805078912 + 6541173968536011720*2^64 + 5358338603344139618*2^128 + 209523982065*2^192,7567043218860019520 + 11893182400094198395*2^64 + 18228650668549967140*2^128 + 158476538312*2^192,8611266561347328896 + 2005713507390961636*2^64 + 7157811398141601144*2^128 + 206548019912*2^192,17894137640709930432 + 13066715716526793961*2^64 + 4851056170736531701*2^128 + 238052938106*2^192,200372177471070720 + 8008813132162438569*2^64 + 5125561682460842622*2^128 + 138204311455*2^192,11554168410509160512 + 8278778482350520348*2^64 + 10172727557912217302*2^128 + 231830568620*2^192,18078705232254180096 + 1594025067900706420*2^64 + 9080190022679081892*2^128 + 220639778463*2^192,5991914155563283584 + 6329131143052833786*2^64 + 17436723957143827927*2^128 + 145125818482*2^192,3899529516830261888 + 2577700166972436539*2^64 + 12681773026200261692*2^128 + 159342153204*2^192,16486096846899240448 + 10764018119484801593*2^64 + 10625545753411801219*2^128 + 269016505234*2^192,3251486452479079424 + 3686623120031038240*2^64 + 8624991384632201512*2^128 + 88364835945*2^192,8408084429093275520 + 12009533079774576351*2^64 + 12445586448449449788*2^128 + 154872358947*2^192,17720287176288804480 + 17059726269562504449*2^64 + 8179171741456415165*2^128 + 52956554415*2^192,5195032927929523840 + 7830628173851492067*2^64 + 11529850794444147927*2^128 + 79484385788*2^192,5843876698567284608 + 5687768973098416356*2^64 + 14856284049664461681*2^128 + 126545312861*2^192,4638970935090142720 + 12574368683338041345*2^64 + 10990415375969470721*2^128 + 224338911998*2^192;\
11106099457324689408 + 12065838831726616690*2^64 + 7506236544710393477*2^128 + 168132007758*2^192,2839129182928877568 + 11717308285275890981*2^64 + 10197270208326289443*2^128 + 45583008177*2^192,1417642680725341184 + 12946466938334337497*2^64 + 17275587927777452867*2^128 + 173374570735*2^192,1771895551372747008 + 2026842286887920523*2^64 + 2894755273527264928*2^128 + 95028365882*2^192,16286569107804139520 + 6406044785530427661*2^64 + 9924334120265302755*2^128 + 108106402105*2^192,10976252855333056000 + 3025646284083205959*2^64 + 1975141615099912980*2^128 + 18533996026*2^192,16908201273158235136 + 17495138221917800403*2^64 + 7286688796920116053*2^128 + 195490727277*2^192,775324239520387072 + 15638500597760931844*2^64 + 7155712366329144779*2^128 + 154975256172*2^192,17743886029413269504 + 2503477797508860719*2^64 + 18376531957344096143*2^128 + 32147531406*2^192,5131965346833055744 + 14849566949925947981*2^64 + 5818693816317936110*2^128 + 241888758818*2^192,18392008790851932160 + 3124308309316254668*2^64 + 2393127514935658701*2^128 + 63332518339*2^192,17339840389315510272 + 12922823346691726531*2^64 + 15919796653510249258*2^128 + 69137992335*2^192,6091507047102164992 + 4465982417355254554*2^64 + 13455185659653518576*2^128 + 145241242194*2^192,4626743014874722304 + 7226849247152764269*2^64 + 5508772510477138382*2^128 + 253964330318*2^192,9421119289919504384 + 1338028645820494267*2^64 + 17793643216755771491*2^128 + 84033398953*2^192,9093361627393642496 + 17473607868843617331*2^64 + 13458218066289351219*2^128 + 53132224840*2^192,7762011176726319104 + 7491186073588092917*2^64 + 1881618993588072619*2^128 + 62133482545*2^192,14333530581117390848 + 9362115148364131686*2^64 + 802158413801055735*2^128 + 237755568273*2^192,16131021002961088512 + 10274842373733369439*2^64 + 9214099530297998555*2^128 + 120133235199*2^192,13716567922009972736 + 13565325934323297386*2^64 + 6373520068165323981*2^128 + 160798583921*2^192;\
13729937338461276160 + 13788231177162044528*2^64 + 12474639742755499057*2^128 + 211091496239*2^192,18133276434124132352 + 6017508187168846102*2^64 + 11401673919962352491*2^128 + 177547571514*2^192,11451895799775419392 + 4982222100919089570*2^64 + 12755896959166794718*2^128 + 17494618071*2^192,2732256783674670336 + 17238004564100030332*2^64 + 489525455707574375*2^128 + 187836906368*2^192,2693369740442869760 + 9283103031945183259*2^64 + 5388314527204381447*2^128 + 1088973434*2^192,4145731691140255232 + 5368636636945796939*2^64 + 9650625457824537909*2^128 + 37595810676*2^192,9789106623808853504 + 6061263888134665120*2^64 + 11429916985284371544*2^128 + 122524580808*2^192,1778806252966478848 + 1043488764046871010*2^64 + 17648799377954902691*2^128 + 262471703918*2^192,18234353864901443584 + 6934610194214474972*2^64 + 1529028127680591307*2^128 + 110458857712*2^192,2058753756267918848 + 12485537487455175052*2^64 + 5451497043273845020*2^128 + 97741002041*2^192,17800853093970130944 + 9877210461694798602*2^64 + 3109840627275598794*2^128 + 95892252472*2^192,34547514755436544 + 16317315574917707851*2^64 + 15821505706540036594*2^128 + 94154967342*2^192,15583162864392583680 + 3876121193322508083*2^64 + 1342610864458923044*2^128 + 3276413772*2^192,17582859848760672256 + 4492495140212237688*2^64 + 3216092425228331987*2^128 + 197077706654*2^192,10947060801027842048 + 7976209453537198090*2^64 + 1969229042285081485*2^128 + 28909512603*2^192,943878539163492352 + 13330315679645851979*2^64 + 16712237643097349479*2^128 + 241064867954*2^192,6879262155784478720 + 13361562282364407080*2^64 + 6244728518849367674*2^128 + 16576042629*2^192,9335790347707707392 + 7606852426300799911*2^64 + 14341981820776741153*2^128 + 253839118086*2^192,1312135517343903744 + 1016834433645875539*2^64 + 17848379470060825982*2^128 + 273714502719*2^192,7767399630978576384 + 10502583051536161693*2^64 + 4568564126490933367*2^128 + 31036066908*2^192;\
10641069211199638528 + 3506196151003863616*2^64 + 1450865200604576307*2^128 + 9624110819*2^192,16567139056206893056 + 12442231793039745082*2^64 + 6941264451463937703*2^128 + 15279314631*2^192,8498858690796642304 + 8451969218725116046*2^64 + 5003859952308735710*2^128 + 214134009479*2^192,16199288385360952576 + 11270868048465598894*2^64 + 18425774033224553612*2^128 + 114278015921*2^192,14790706853261959168 + 6368733837055214185*2^64 + 7788903992785345918*2^128 + 53899446672*2^192,17949445046338743808 + 18185656417174548458*2^64 + 2724147210107469558*2^128 + 178484671672*2^192,14646765048111408640 + 13021201516980465652*2^64 + 5610605608227410551*2^128 + 127836173623*2^192,12861934913481493504 + 17107030676682177505*2^64 + 8593712569923716504*2^128 + 130263543884*2^192,16393025274970939392 + 15423967854965506380*2^64 + 825744713692417019*2^128 + 126403660650*2^192,8866693990294874112 + 14834184579824472991*2^64 + 9046524753048444569*2^128 + 255655024218*2^192,8296073732046313472 + 3900491004575735853*2^64 + 1298962540372923806*2^128 + 207424917459*2^192,2566306370398654464 + 1160915428632648500*2^64 + 17477023982637412735*2^128 + 147963474505*2^192,17964758453783164928 + 8468571865855424338*2^64 + 16340716897812864901*2^128 + 178326740752*2^192,14518694766049087488 + 6845150239359080655*2^64 + 12282404477894530324*2^128 + 16304328178*2^192,14779839657409224704 + 8606976051058589767*2^64 + 8738767394372806339*2^128 + 109975022918*2^192,4844697803385409536 + 7663279485293496217*2^64 + 5161924374216008431*2^128 + 75814643294*2^192,3613366272488546304 + 8342574050444668935*2^64 + 10256705898960208303*2^128 + 266425622214*2^192,10782206743175184384 + 12426514447764147115*2^64 + 17315086920538268609*2^128 + 238680917389*2^192,16926258978858545152 + 2072744735711690722*2^64 + 5827532100384406008*2^128 + 28101605156*2^192,15451744356113543168 + 8537073176831902029*2^64 + 978934111130011888*2^128 + 6338487600*2^192;\
5902455873435136110 + 5187502467789033299*2^64 + 15105045256140089236*2^128 + 254760338374*2^192,14104995030178909884 + 2941537702608360788*2^64 + 12883147666721012149*2^128 + 205124632611*2^192,11040779131781625363 + 12481962328400701282*2^64 + 5471651837501251355*2^128 + 38603056760*2^192,5925657234611590528 + 11595709205929493873*2^64 + 2655498288802798771*2^128 + 188442580351*2^192,10403692195446510608 + 4902505558428989953*2^64 + 15536025995421241353*2^128 + 46549847109*2^192,10058970378381462616 + 12297145631250630577*2^64 + 14836765595650905685*2^128 + 240729561310*2^192,1225959985166779984 + 710963927889060241*2^64 + 13990208999532134757*2^128 + 151687735853*2^192,12405844982209429704 + 16382027223394260967*2^64 + 11047379367450864506*2^128 + 152007650605*2^192,3439692533866082368 + 16349457727818656203*2^64 + 9846720757809190970*2^128 + 51606270915*2^192,11132752583108060344 + 7690181971599206773*2^64 + 15302046913717953197*2^128 + 31570739118*2^192,9271720302442687392 + 6080376294821357030*2^64 + 5063788490558916599*2^128 + 91869320356*2^192,5741213914364172912 + 5846494578231458322*2^64 + 6780303185340527036*2^128 + 79426764848*2^192,1992728840162975408 + 3439340217098549578*2^64 + 17919997175325942419*2^128 + 101092527362*2^192,1626118364762099008 + 16354428676679182034*2^64 + 7031880134365186726*2^128 + 116259050599*2^192,15969292175009809920 + 6051827944016552186*2^64 + 4157531198944872362*2^128 + 188507979318*2^192,8930849830202748560 + 4344062009029547796*2^64 + 9005758505247952901*2^128 + 109181681689*2^192,12939284721349805744 + 18429850551478297741*2^64 + 12907919351876009160*2^128 + 272364091244*2^192,13039926121906538160 + 6860857798372753985*2^64 + 10677782245391720591*2^128 + 240324753029*2^192,3759313045697953296 + 14473892943536550912*2^64 + 3340224871114040191*2^128 + 65330623032*2^192,13939222900790790976 + 11653830520173468596*2^64 + 7693230623372460954*2^128 + 139603308225*2^192;\
10154856231798320128 + 9800335222046130142*2^64 + 13214762274668247149*2^128 + 147285915280*2^192,2268878608029341696 + 4242106666453777873*2^64 + 13349952592760457331*2^128 + 159347455293*2^192,3162689265614141184 + 12444643129707209575*2^64 + 12324790108623877578*2^128 + 58669619346*2^192,13681986306468474624 + 15117993531209050573*2^64 + 8726301609703801466*2^128 + 234392115485*2^192,9970900276689272832 + 12207418364688877769*2^64 + 6696688659707878302*2^128 + 115474565942*2^192,13810329701438669312 + 17800677305764814917*2^64 + 8746823509441322697*2^128 + 176147845957*2^192,2610234299323137024 + 3700693362814257189*2^64 + 3500841283757645718*2^128 + 189767239384*2^192,7230547725655793152 + 2368296165496173823*2^64 + 17321100895331275826*2^128 + 263377354896*2^192,15015903979779735552 + 570011748641896619*2^64 + 11392250779788458059*2^128 + 273089817835*2^192,11370601668655833600 + 11039237277924117509*2^64 + 332993523850676791*2^128 + 106048662978*2^192,9997182891476715520 + 7149366143043938709*2^64 + 10064149380846967928*2^128 + 177576854348*2^192,9005828086607073280 + 9050883940143954684*2^64 + 12732548333139229233*2^128 + 69003416135*2^192,8192517505946862592 + 3765424701112428230*2^64 + 530539462847221651*2^128 + 194111544659*2^192,13711968803099336704 + 17681623370433835718*2^64 + 4499405344960010153*2^128 + 53012002242*2^192,2229452686936940544 + 17531179152887812630*2^64 + 9525351481899251866*2^128 + 156933506296*2^192,2712986167942905856 + 15022661318496484905*2^64 + 11268742673302313979*2^128 + 247724304546*2^192,8944582082542084096 + 4284869512087425387*2^64 + 5971933837621031749*2^128 + 121606210690*2^192,1008628688538894336 + 12608593550433943638*2^64 + 13161049599301938176*2^128 + 238320709202*2^192,7437056184704946176 + 4998637815974611979*2^64 + 9838077077996682900*2^128 + 245947216850*2^192,9551367903504769024 + 7195924666823649709*2^64 + 4133201413250193984*2^128 + 89520420087*2^192;\
14023130892437506168 + 11000438177666323259*2^64 + 853384259289818310*2^128 + 125285899455*2^192,8515201836676221040 + 10556462137509499161*2^64 + 8362469198339597157*2^128 + 162632451029*2^192,12238575214719964972 + 4935593340505802679*2^64 + 10034747903131495157*2^128 + 3719469093*2^192,4033174252435061184 + 13273295796089203272*2^64 + 14350966099857488941*2^128 + 28191946603*2^192,14389500514624817216 + 7389333232158570183*2^64 + 4157870253243055240*2^128 + 160815303179*2^192,7613018715548981344 + 3333970875361115302*2^64 + 11937389565899437765*2^128 + 66108796893*2^192,13275510537411888960 + 17455160722899578973*2^64 + 5641895162431741541*2^128 + 223508126707*2^192,12295856437463291936 + 8543383481881536369*2^64 + 9625166095588474605*2^128 + 58081184161*2^192,832778730045826304 + 17129375295976903544*2^64 + 9763225246183425493*2^128 + 174683698921*2^192,4616790322779881440 + 13816193175369190706*2^64 + 4162011215384103967*2^128 + 21753501239*2^192,14475958600419897472 + 4067681813617593871*2^64 + 16771921717619394574*2^128 + 8733399277*2^192,14218367138981439424 + 13235832998414790021*2^64 + 18124595940016232656*2^128 + 218798454551*2^192,7017664396731508928 + 16929218319965695892*2^64 + 17623114191422151634*2^128 + 254916368651*2^192,374250293012984064 + 1044618145635240867*2^64 + 11945972378574005722*2^128 + 232833664802*2^192,12505829621244185600 + 2500282910087117455*2^64 + 12825382227356275991*2^128 + 114098223441*2^192,10551078633203735616 + 497757705651632152*2^64 + 11339159393824982642*2^128 + 81006434730*2^192,10632494181006319808 + 5579032669056770494*2^64 + 743311587022269242*2^128 + 159651167851*2^192,1473922704198279360 + 17277202268936777031*2^64 + 680410988734626355*2^128 + 239176468503*2^192,7527754336018226752 + 11794553188722122886*2^64 + 12776138480234045510*2^128 + 65522039299*2^192,694668711692107008 + 10276554851446749411*2^64 + 804529027271350938*2^128 + 97373561213*2^192;\
17123826549195029004 + 8241133004212893354*2^64 + 1044285535680515031*2^128 + 27719331667*2^192,9903610581683537880 + 11933349547322978500*2^64 + 680568958099986443*2^128 + 188620601804*2^192,18267160981874481246 + 4573545981356589075*2^64 + 8273041794494593017*2^128 + 182846613769*2^192,559562955262562144 + 1065541601937930091*2^64 + 2537096306235756730*2^128 + 160834586471*2^192,5019375167856149408 + 6621370653644280169*2^64 + 7699412001871697605*2^128 + 182264646382*2^192,13744513593145744496 + 9239803257961481828*2^64 + 7568430015395340708*2^128 + 92071044639*2^192,5128467361462324256 + 12819857541563364635*2^64 + 9166908238138905754*2^128 + 97856809209*2^192,18145628049831620560 + 12807636122810006972*2^64 + 10586864385575574692*2^128 + 76429158841*2^192,5237782105474490496 + 8162657552069092121*2^64 + 11414462210067565221*2^128 + 12229239131*2^192,7667861903321978160 + 15780685093355576587*2^64 + 12878943386313680027*2^128 + 182081134165*2^192,2842233598367552320 + 13095967283395684189*2^64 + 17989169650320698880*2^128 + 45980050849*2^192,15110480372339447904 + 12534689653675665893*2^64 + 17697347005385674646*2^128 + 247304474353*2^192,5002943206423435232 + 8832374778967801175*2^64 + 14683093366709092642*2^128 + 215713691454*2^192,18078192353978502528 + 5686790615353276281*2^64 + 16703493779518617708*2^128 + 152692296117*2^192,1791917816140478464 + 8663336777429376770*2^64 + 10693616398889796270*2^128 + 209646278823*2^192,16900829106817744800 + 12038046312416806858*2^64 + 15250879395116861722*2^128 + 13589131263*2^192,17334043109238864096 + 2714880016276710063*2^64 + 14481317861803777046*2^128 + 59475144996*2^192,9519467169189260512 + 5785371064663465801*2^64 + 12547384600824201872*2^128 + 48369443984*2^192,2183791571475764384 + 712515373876798638*2^64 + 14062458458839163866*2^128 + 45809320074*2^192,14721071572838347904 + 1780687260647181500*2^64 + 9219500715283089112*2^128 + 214810345245*2^192;\
8952758241045135360 + 4291559140972637117*2^64 + 16863267057342393856*2^128 + 36382116175*2^192,11179280028991795200 + 6572863730751310208*2^64 + 6505301465429470528*2^128 + 86177475789*2^192,7921626267738540544 + 9499864376998069077*2^64 + 9918811989907762810*2^128 + 58645702511*2^192,14775640352589455616 + 16736278821769110145*2^64 + 11966452479426161917*2^128 + 113056452552*2^192,5006462109290323968 + 2722474899914795475*2^64 + 2866447650850480007*2^128 + 162199456298*2^192,5564154859167073792 + 10212261020940672968*2^64 + 1029337189254768582*2^128 + 237187799729*2^192,18062297428405060608 + 1638258444525919210*2^64 + 18119785709444767269*2^128 + 57101655764*2^192,15284026499196995072 + 2126143661204320626*2^64 + 5669737103177019258*2^128 + 15303955519*2^192,8534220596312539136 + 12064098837052038432*2^64 + 6798022130623012607*2^128 + 153097807476*2^192,16936608695718803968 + 9476500123355204798*2^64 + 3185093267614995174*2^128 + 114643782030*2^192,18405277908237940736 + 1765453334771404277*2^64 + 17965179902849210286*2^128 + 72022975078*2^192,6279379479322603520 + 13474741868722516126*2^64 + 15809321442608872124*2^128 + 122441545295*2^192,12343243515124711936 + 15164513275309934550*2^64 + 6112885483296142420*2^128 + 129435907012*2^192,3675923845831729152 + 13788812804069757954*2^64 + 16557608362331472621*2^128 + 245106238588*2^192,2656225051826954240 + 14606252443361939873*2^64 + 1253103253104102911*2^128 + 92133697034*2^192,17042904624150814720 + 16684273465190100786*2^64 + 13308278706060523967*2^128 + 125908509185*2^192,6518128357372485632 + 5133367003890732645*2^64 + 16738042727015360187*2^128 + 265636008459*2^192,9271570374344929280 + 7880273236958151849*2^64 + 4729386567598429033*2^128 + 240006301108*2^192,2729031765421428736 + 5915637931796632099*2^64 + 15382280725005764479*2^128 + 130448110980*2^192,803124339000356864 + 1318126244976329062*2^64 + 16279515876197212984*2^128 + 122966922393*2^192;\
6749126847627344812 + 11247340995874441295*2^64 + 6650711375283511106*2^128 + 195673034641*2^192,7608067471862275608 + 8414905633904775573*2^64 + 15549176879078195796*2^128 + 119733771099*2^192,5630633180266151342 + 9247183006103067631*2^64 + 4007909894940081430*2^128 + 148214952617*2^192,14055506183480713920 + 12139891444333571974*2^64 + 745367684817041675*2^128 + 108071663479*2^192,1234093695962782112 + 9193079811426078464*2^64 + 7315101415320775619*2^128 + 241487578651*2^192,6727625204984923888 + 1581398172889032608*2^64 + 16516418571560526857*2^128 + 239467747621*2^192,9597931837745518624 + 11727037518045351507*2^64 + 14238578223150773708*2^128 + 232450384796*2^192,17190777049805580880 + 18110912015948138690*2^64 + 11181044075448302628*2^128 + 3962936174*2^192,9466154325930437248 + 16441410052009551852*2^64 + 15741595020613778936*2^128 + 89479122118*2^192,16668952236471801520 + 15312103578322831207*2^64 + 13442436465563257108*2^128 + 21621929596*2^192,7851513074670427200 + 12161491193928767734*2^64 + 985213400757755180*2^128 + 180652910251*2^192,3298864585203657568 + 17011359392094934197*2^64 + 6527577385250065179*2^128 + 230327261246*2^192,17068011873515826144 + 15203214410175198997*2^64 + 9247694832308824415*2^128 + 229947567104*2^192,18075261599349944960 + 1072302158474542831*2^64 + 17072597168064509643*2^128 + 10739592365*2^192,2115505884387693568 + 16249492290667780536*2^64 + 4340814217797402334*2^128 + 202657945308*2^192,4788205604872906400 + 15173142135977663662*2^64 + 1469560924806912717*2^128 + 100035364822*2^192,13036867275064227296 + 2908864330848105673*2^64 + 3750715892876259029*2^128 + 65377081851*2^192,764924996440932832 + 18396652442876273852*2^64 + 5542650204386589247*2^128 + 93168926675*2^192,10969459966890565024 + 11235931300263584490*2^64 + 7442954352228731620*2^128 + 113912852411*2^192,15571212030546654336 + 9531484178603676771*2^64 + 10437735264458135134*2^128 + 178193188904*2^192;\
5825930403132218906 + 17950311953287249051*2^64 + 10739205328687012324*2^128 + 193002188166*2^192,13945993354772604628 + 577258586278578730*2^64 + 12930538575969548488*2^128 + 222058675546*2^192,9665462606531972673 + 7854485521533661311*2^64 + 4738186374783345583*2^128 + 208464837254*2^192,13923316033865826304 + 11218654868349254454*2^64 + 3718010584677297196*2^128 + 219795985275*2^192,1339988101035234736 + 10365300638374126461*2^64 + 13644733654159772174*2^128 + 147634076192*2^192,1155511337081972808 + 14600309059766379068*2^64 + 3684996171092548211*2^128 + 259459537821*2^192,3255690934347710576 + 18404792960629420657*2^64 + 9738377231433734321*2^128 + 126648986359*2^192,1953069391252629784 + 4896046982007610648*2^64 + 4932751058796615781*2^128 + 269610251672*2^192,8657521215399786688 + 10483078552900189487*2^64 + 12726972517711980302*2^128 + 63052708843*2^192,17321851923579050856 + 5760616823939627060*2^64 + 16212977941748538028*2^128 + 169350228904*2^192,6393881289495893984 + 3274918796840747340*2^64 + 8618563964877113774*2^128 + 223957686846*2^192,17255620661093849552 + 11353400794831784276*2^64 + 8043120858672173147*2^128 + 199646638560*2^192,12711583505716139664 + 7812364340734840309*2^64 + 2602376613412261811*2^128 + 195320997972*2^192,3647794724561437632 + 481924388876524970*2^64 + 3154978171332493580*2^128 + 58032822919*2^192,444103188802140160 + 10540978203175432737*2^64 + 1817442020147176961*2^128 + 48901802417*2^192,17798255837887140144 + 16855457348472599594*2^64 + 8266006389246221323*2^128 + 250471209200*2^192,7295101861761391760 + 3077469289274213503*2^64 + 11736397248982887051*2^128 + 148265202393*2^192,17765841220660474000 + 7241357076971000870*2^64 + 10315905564389439084*2^128 + 94762890358*2^192,3015893752258527152 + 4373133699140377167*2^64 + 15538123508881415139*2^128 + 271893713439*2^192,5049462830530462656 + 12149499141750281174*2^64 + 939702638497215301*2^128 + 201991632232*2^192;\
1938873824873504768 + 15302769766532732725*2^64 + 4387933293818168633*2^128 + 9389062850*2^192,16771162937233718272 + 12343076165377869409*2^64 + 2359901124290617707*2^128 + 47257357024*2^192,8654534491752919552 + 2461038014114784177*2^64 + 15247505321348850142*2^128 + 24932767427*2^192,13643420716774978432 + 16587202162836976110*2^64 + 1200989031558819638*2^128 + 129954243340*2^192,1745702548999866368 + 10586073260672965201*2^64 + 6974908737203267101*2^128 + 107774275301*2^192,5165103162108929024 + 13289971962669948835*2^64 + 9089144591816363536*2^128 + 50957826552*2^192,9666602547502031872 + 11874260809886094857*2^64 + 10034408553288348284*2^128 + 10456865032*2^192,8676395625336384512 + 774722337575938428*2^64 + 5288496614905767532*2^128 + 56240078195*2^192,5174681040577126400 + 8696309781866457699*2^64 + 15819370448135696973*2^128 + 81714878966*2^192,4789895494772299776 + 2622604235067146435*2^64 + 15641792848509425786*2^128 + 60961449946*2^192,17260977359438176256 + 1754714464476180184*2^64 + 10230601889671170398*2^128 + 54773134186*2^192,11344630102309556224 + 7989904805683114904*2^64 + 14797424268151838819*2^128 + 4297661476*2^192,16861740450604232704 + 18328631701284506927*2^64 + 9772632842976311161*2^128 + 105811216172*2^192,17935517498796414976 + 17228071735437640479*2^64 + 4705026119715407369*2^128 + 74144769658*2^192,12619949938218868736 + 12213885144500267913*2^64 + 17389221207463466534*2^128 + 39815833860*2^192,16596985415178765312 + 14284436536433719637*2^64 + 5265264522523893448*2^128 + 100570364380*2^192,13916340853211973632 + 1273943115720879126*2^64 + 12637430028520975521*2^128 + 54128805961*2^192,8927588450502725632 + 7905601864309674331*2^64 + 12610325968691007644*2^128 + 119234145317*2^192,467565767134775296 + 4431535395411664498*2^64 + 17990189662375442307*2^128 + 117624602106*2^192,8399295401706700800 + 3415918453573224911*2^64 + 17326044208305315978*2^128 + 102184519789*2^192;\
10034284948247637888 + 17873358629385909905*2^64 + 4747727842574098007*2^128 + 81086688439*2^192,15838875089735887360 + 3665245679780409193*2^64 + 13000989719288479520*2^128 + 59324789609*2^192,13867308567618118272 + 17445836092450438081*2^64 + 1402831805550692055*2^128 + 138502750186*2^192,16383292615050613280 + 13674896746087163537*2^64 + 6995708162825916008*2^128 + 198134336206*2^192,17982174217780486912 + 15120205987422810215*2^64 + 7238905282494117814*2^128 + 232411701150*2^192,905697821934580224 + 9742182732898161236*2^64 + 12741127172743291612*2^128 + 34782633356*2^192,1443092607345957120 + 18148045665194573321*2^64 + 16199558967101321519*2^128 + 9256851090*2^192,15615715265668989696 + 3432920870323933178*2^64 + 15412167544113597507*2^128 + 240516908822*2^192,16850547406938156544 + 17291336987136757689*2^64 + 13976585783313185798*2^128 + 242571465942*2^192,5687019413653426944 + 17792589953352533642*2^64 + 405359448585729899*2^128 + 205894052924*2^192,4792082026824057088 + 14720880937835199321*2^64 + 13479858625749208684*2^128 + 30150651623*2^192,16172048084097575424 + 5476482228420550397*2^64 + 12421994133349558397*2^128 + 229760323879*2^192,3313227030706291968 + 15924384040712379542*2^64 + 490668657857483428*2^128 + 116193973525*2^192,5957163400855541504 + 14292004842048658712*2^64 + 1670896108211999079*2^128 + 191509463513*2^192,12709417949572562944 + 13481244072379291849*2^64 + 13916669520355929310*2^128 + 223591668784*2^192,14171557350790185984 + 12491607554828236737*2^64 + 5319594870750828475*2^128 + 233192617468*2^192,7732199092436205568 + 299422810022150499*2^64 + 16973152456042195296*2^128 + 260979836929*2^192,7001300756888887296 + 10582174080385580958*2^64 + 2572611543460866992*2^128 + 76386988374*2^192,8720006142333405696 + 11244881812033319538*2^64 + 4902676373695905563*2^128 + 242334730677*2^192,2399691284246153216 + 13986196833601733130*2^64 + 2610217947331179116*2^128 + 147129375756*2^192;\
6444375942818863616 + 11131185007365416946*2^64 + 9237351176968032024*2^128 + 8575784564*2^192,13999936174477420032 + 9938502349641745452*2^64 + 14433559738511846153*2^128 + 173248752048*2^192,15561032774573352448 + 4824877461644269278*2^64 + 12891533305751257668*2^128 + 91869886140*2^192,5955828460892688320 + 14362110246612173707*2^64 + 14459793939504808183*2^128 + 233441603743*2^192,18296801121186618368 + 14600487087743589953*2^64 + 10837068156885577586*2^128 + 2558181499*2^192,14698200013315273216 + 11698873832037057518*2^64 + 5340003733777093924*2^128 + 77083604028*2^192,15249202191820665344 + 9469882812032702198*2^64 + 15374749207915549868*2^128 + 19254939435*2^192,8295581024375547392 + 12804644373914925592*2^64 + 10464500425116296861*2^128 + 197164648436*2^192,17036487644985454592 + 8657646863670330369*2^64 + 4329661695321044188*2^128 + 19300570990*2^192,10792207628887274496 + 406014974760920851*2^64 + 9618826955372020733*2^128 + 39126671921*2^192,4401907023755317248 + 4543748879544222582*2^64 + 2709514194921426620*2^128 + 90409536267*2^192,1273491583186716672 + 4739169172964399927*2^64 + 728403234143065825*2^128 + 142525775153*2^192,10709251091445708800 + 8669883283427935599*2^64 + 17444113780833254110*2^128 + 178050576115*2^192,12329261451831589888 + 7530242475227716646*2^64 + 13535260435130998014*2^128 + 149629788494*2^192,12317175509856030720 + 5726682700654184176*2^64 + 16104730708548286432*2^128 + 197525623902*2^192,6269966682278108160 + 6078796130147423449*2^64 + 507453071080657647*2^128 + 193635558397*2^192,4808034329494361088 + 1521188954784262558*2^64 + 2812756551185824456*2^128 + 253528962257*2^192,17867952951945992192 + 6921691995688877010*2^64 + 6121658136515354083*2^128 + 23998491269*2^192,13747694798127420416 + 10062869668879808004*2^64 + 10944753463743950902*2^128 + 174461979864*2^192,16138998389761269760 + 499999660544718709*2^64 + 15199451306137594025*2^128 + 271370840296*2^192;\
5974986641336553620 + 13422460391046715396*2^64 + 18351345181315244317*2^128 + 254620665988*2^192,17488556314875759720 + 4994305010818164061*2^64 + 12566945548412417716*2^128 + 36918075441*2^192,8702228365886719602 + 9994081963620410185*2^64 + 4874466726026912158*2^128 + 55369181581*2^192,2206101273560409216 + 17429171439768619392*2^64 + 5167899094413994946*2^128 + 87324239449*2^192,17735292805785350240 + 17352703672107663957*2^64 + 10801423248853964324*2^128 + 245322464875*2^192,16139117605022009360 + 8289515609335912128*2^64 + 16558803831414193744*2^128 + 175553136641*2^192,10398367735906239968 + 4359814616385567290*2^64 + 14404768837919151585*2^128 + 249525944232*2^192,13620308661401359536 + 17177598494671299548*2^64 + 5714276822271909302*2^128 + 177411902194*2^192,12518752496864157056 + 5337455862305403741*2^64 + 12717205185141235053*2^128 + 53075640711*2^192,16818549315276107856 + 15764050424639548382*2^64 + 14953580568423109621*2^128 + 141204470450*2^192,6805076398340575680 + 1547028899808556772*2^64 + 174373613700311987*2^128 + 217002417435*2^192,244929409275281056 + 13929566248647082893*2^64 + 279787379566506801*2^128 + 150070026967*2^192,13011413428601190432 + 11859597368738724399*2^64 + 11064275005253542108*2^128 + 85251936385*2^192,13281717246847004544 + 2510782636093924017*2^64 + 1295630361618586586*2^128 + 73490332025*2^192,3768415784445114368 + 3702021206246283087*2^64 + 19643357106000753*2^128 + 103979817633*2^192,16947501658681301856 + 6629515089843287933*2^64 + 10742782769093925882*2^128 + 216162378508*2^192,9385387876927500320 + 3960018000541592025*2^64 + 17784383057197705861*2^128 + 106269545586*2^192,7410715851894037536 + 6858294759147914050*2^64 + 632854025254606025*2^128 + 206212200428*2^192,7009451757981722720 + 1080180997086316304*2^64 + 28168255656579321*2^128 + 218339618711*2^192,15926580987106440064 + 1286602737270553221*2^64 + 11854224260689103804*2^128 + 264676058203*2^192;\
16011533849623196824 + 5883448617364126493*2^64 + 422271839557683312*2^128 + 246952334865*2^192,2386856657382054832 + 15598927541380056693*2^64 + 13031108750542051752*2^128 + 241344722118*2^192,14964700779541772860 + 7530577641972218357*2^64 + 8131575874935011009*2^128 + 214985017262*2^192,4925901187929479264 + 12038794193045792435*2^64 + 12293513134507670171*2^128 + 110860404105*2^192,15544419780264366144 + 15689035972583858191*2^64 + 2269309089877590611*2^128 + 85274713915*2^192,15855876952492840160 + 10228888972878571172*2^64 + 10834548559170541727*2^128 + 33872736364*2^192,15926797805555648832 + 6030133137155842736*2^64 + 4959409988091113800*2^128 + 230985348388*2^192,3628984353541780128 + 17486127103002516809*2^64 + 16104434754214679539*2^128 + 53682005080*2^192,984416326413566720 + 9312654779844423215*2^64 + 8569790489187425949*2^128 + 159130329168*2^192,16562104065229712224 + 17180803641094034306*2^64 + 16399808753404199456*2^128 + 274153355147*2^192,3977434880382119296 + 8914327298791378189*2^64 + 5496009164444218929*2^128 + 96817976675*2^192,311292732249849536 + 9993501377371003550*2^64 + 16383805412490981330*2^128 + 98036922975*2^192,10102304523976838848 + 17492302879183940967*2^64 + 14819942374238558507*2^128 + 24779810926*2^192,12887759971244205056 + 7273561211461301055*2^64 + 6366418730966533699*2^128 + 268052005116*2^192,11899575286871386112 + 9701033586873477596*2^64 + 400924820311244704*2^128 + 117165353848*2^192,3369706170972629824 + 4394982268775607891*2^64 + 15262340616109311637*2^128 + 71748484093*2^192,10860658319876818368 + 15069293892617096889*2^64 + 345188677770691674*2^128 + 25930865547*2^192,14993899814148081088 + 15234461662887694415*2^64 + 16389341835307260260*2^128 + 219679665064*2^192,6769816610030228288 + 6361371298267109623*2^64 + 8240317039991190207*2^128 + 21402143937*2^192,5820477782868883712 + 101060800791546297*2^64 + 14748494756891528014*2^128 + 134580627494*2^192]
/* 
This matrix times 2^(-8) should be the matrix of frobenius.
*/ 
B = 2^(-8) * A; 
/* Freed 6249 lists. */
The sign is: -1
The characteristic polynomial is: x^20 - 14*x^16 + x^15 + 20*x^14 - 32*x^13 + 128*x^12 - 288*x^11 + 1152*x^9 - 2048*x^8 + 2048*x^7 - 5120*x^6 - 1024*x^5 + 57344*x^4 - 1048576
Its Newton polygon is: [2, 2, 2, 2, 2, 1, 1, 1, 1, 1, 1, 1, 1, 1, 1, 0, 0, 0, 0, 0]
Its factorization is: [x - 2, 1; x + 2, 1; x^18 + 4*x^16 + 2*x^14 + x^13 + 28*x^12 - 28*x^11 + 240*x^10 - 400*x^9 + 960*x^8 - 448*x^7 + 1792*x^6 + 256*x^5 + 2048*x^4 + 65536*x^2 + 262144, 1]
The valuation of f-g is: 23
The valuation of subst(g,x,A) is: 15
