/* Comments begin... 
No set up needed.

Please input coefficients below.
Coefficient of   x^23                     = Coefficient of   x^12 * w^2               = Coefficient of   x^6 * y^6 * w^1         = Coefficient of   x^5 * y^5 * z^1 * w^1   = Coefficient of   x^4 * y^4 * z^2 * w^1   = Coefficient of   x^3 * y^3 * z^3 * w^1   = Coefficient of   x^2 * y^2 * z^4 * w^1   = Coefficient of   x^1 * y^1 * z^5 * w^1   = Coefficient of   x^1 * w^4               = Coefficient of   y^12                     = Coefficient of   z^6 * w^1               = 
Here is the polynomial we're using this time:

1 + 0*2^64 + 0*2^128 + 0*2^192*x^23 + 1 + 0*2^64 + 0*2^128 + 0*2^192*x^12*w^2 + 1 + 0*2^64 + 0*2^128 + 0*2^192*x^5*y^5*z^1*w^1 + 1 + 0*2^64 + 0*2^128 + 0*2^192*x^4*y^4*z^2*w^1 + 1 + 0*2^64 + 0*2^128 + 0*2^192*x^3*y^3*z^3*w^1 + 1 + 0*2^64 + 0*2^128 + 0*2^192*x^1*y^1*z^5*w^1 + 1 + 0*2^64 + 0*2^128 + 0*2^192*x^1*w^4 + 1 + 0*2^64 + 0*2^128 + 0*2^192*y^12 + 1 + 0*2^64 + 0*2^128 + 0*2^192*z^6*w^1


Allocate G_len 20 elements and old = 0.
Allocate M_len = 400 elements.
Allocate G_len 40 elements and old = 20.
Allocate M_len = 800 elements.
Allocate G_len 80 elements and old = 40.
Allocate M_len = 1600 elements.
Allocate M_len = 3200 elements.
Allocate G_len 160 elements and old = 80.
Allocate M_len = 6400 elements.
Allocate M_len = 12800 elements.
Allocate G_len 320 elements and old = 160.
Allocate M_len = 25600 elements.
Allocate M_len = 51200 elements.
Allocate G_len 640 elements and old = 320.
Allocate M_len = 102400 elements.
Allocate M_len = 204800 elements.
Allocate G_len 1280 elements and old = 640.
Allocate M_len = 409600 elements.
Allocate M_len = 819200 elements.
The final length of G is 793
[5, 5, 0, 1, 0]  	241	5 
[5, 4, 1, 1, 0]  	253	5 
[22, 0, 0, 0, 0]  	264	7  <--- 1
[12, 0, 0, 2, 0]  	276	3 
[4, 4, 2, 1, 0]  	276	5 
[3, 3, 4, 1, 0]  	311	4 
[3, 2, 5, 1, 0]  	323	6 
[15, 5, 1, 0, 0]  	330	11 
[9, 2, 4, 1, 0]  	360	10 
[10, 10, 1, 0, 0]  	385	11 
[10, 3, 2, 2, 0]  	391	9 
[5, 13, 1, 0, 0]  	394	8 
[9, 11, 1, 0, 0]  	396	15 
[10, 2, 3, 2, 0]  	403	10 
[11, 12, 0, 0, 0]  	408	3 
[9, 10, 2, 0, 0]  	408	15 
[21, 4, 2, 0, 0]  	414	14 
[8, 2, 4, 2, 0]  	414	9 
[10, 1, 4, 2, 0]  	415	11 
[8, 11, 2, 0, 0]  	419	14 
[9, 9, 3, 0, 0]  	420	11 
[21, 3, 3, 0, 0]  	426	13 
[10, 0, 5, 2, 0]  	427	10 
[7, 12, 2, 0, 0]  	430	12 
[19, 3, 4, 0, 0]  	437	13 
[6, 1, 6, 2, 0]  	437	8 
[20, 1, 5, 0, 0]  	438	13 
[4, 17, 0, 0, 0]  	439	11 
[5, 12, 3, 0, 0]  	441	10 
[7, 11, 3, 0, 0]  	442	13 
[7, 8, 5, 0, 0]  	443	14 
[6, 7, 6, 0, 0]  	443	14 
[20, 3, 2, 1, 0]  	445	20 
[6, 0, 7, 2, 0]  	449	8 
[9, 0, 6, 2, 0]  	450	9 
[4, 16, 1, 0, 0]  	451	7 
[2, 2, 9, 1, 0]  	451	6 
[4, 1, 9, 1, 0]  	452	8 
[9, 0, 8, 1, 0]  	454	15 
[6, 6, 7, 0, 0]  	455	12 
[20, 2, 3, 1, 0]  	457	20 
[14, 8, 3, 0, 0]  	457	19 
[4, 0, 8, 2, 0]  	460	7 
[21, 0, 6, 0, 0]  	462	12 
[4, 15, 2, 0, 0]  	463	6 
[7, 0, 9, 1, 0]  	465	12 
[6, 11, 4, 0, 0]  	465	12 
[5, 7, 7, 0, 0]  	466	13 
[16, 0, 6, 1, 0]  	468	19 
[11, 7, 5, 0, 0]  	468	18 
[20, 1, 4, 1, 0]  	469	15 
[13, 6, 5, 0, 0]  	469	16 
[4, 14, 3, 0, 0]  	475	8 
[3, 1, 10, 1, 0]  	475	7 
[5, 0, 10, 1, 0]  	476	10 
[6, 10, 5, 0, 0]  	477	12 
[5, 9, 6, 0, 0]  	477	12 
[5, 6, 8, 0, 0]  	478	13 
[4, 5, 9, 0, 0]  	478	13 
[13, 8, 4, 0, 0]  	480	18 
[20, 0, 5, 1, 0]  	481	11 
[3, 0, 9, 2, 0]  	483	6 
[20, 0, 7, 0, 0]  	485	12 
[2, 5, 8, 1, 0]  	485	8 
[2, 14, 4, 0, 0]  	486	7 
[2, 0, 0, 7, 0]  	486	7 
[3, 12, 5, 0, 0]  	487	8 
[5, 11, 5, 0, 0]  	488	11 
[11, 5, 7, 0, 0]  	492	16 
[14, 5, 6, 0, 0]  	493	15 
[18, 3, 6, 0, 0]  	495	15 
[3, 5, 10, 0, 0]  	501	12 
[9, 5, 8, 0, 0]  	503	15 
[8, 4, 9, 0, 0]  	503	15 
[17, 4, 6, 0, 0]  	506	16 
[19, 0, 8, 0, 0]  	508	12 
[4, 11, 6, 0, 0]  	511	10 
[3, 7, 9, 0, 0]  	512	11 
[3, 4, 11, 0, 0]  	513	12 
[6, 4, 10, 0, 0]  	514	15 
[17, 3, 7, 0, 0]  	518	16 
[18, 1, 8, 0, 0]  	519	13 
[3, 18, 2, 0, 0]  	520	8 
[4, 5, 1, 5, 0]  	528	10 
[2, 4, 8, 2, 0]  	528	6 
[17, 2, 8, 0, 0]  	530	16 
[18, 0, 9, 0, 0]  	531	12 
[4, 0, 12, 1, 0]  	534	9 
[2, 7, 10, 0, 0]  	535	10 
[3, 3, 1, 6, 0]  	536	11 
[4, 14, 1, 2, 0]  	537	14 
[7, 1, 1, 6, 0]  	538	12 
[17, 1, 9, 0, 0]  	542	16 
[3, 5, 0, 6, 0]  	547	10 
[2, 6, 11, 0, 0]  	547	10 
[3, 2, 2, 6, 0]  	548	11 
[6, 2, 1, 6, 0]  	549	13 
[3, 18, 1, 1, 0]  	551	9 
[16, 2, 9, 0, 0]  	553	14 
[17, 0, 10, 0, 0]  	554	13 
[2, 5, 12, 0, 0]  	559	11 
[6, 1, 2, 6, 0]  	561	12 
[1, 15, 4, 1, 0]  	563	6 
[1, 3, 10, 2, 0]  	563	6 
[15, 3, 9, 0, 0]  	564	14 
[16, 1, 10, 0, 0]  	565	16 
[3, 11, 8, 0, 0]  	569	8 
[2, 10, 9, 0, 0]  	569	8 
[8, 0, 6, 4, 0]  	570	11 
[2, 18, 0, 2, 0]  	570	10 
[2, 4, 13, 0, 0]  	571	9 
[2, 3, 8, 3, 0]  	571	9 
[2, 2, 3, 6, 0]  	571	9 
[4, 1, 3, 6, 0]  	572	12 
[15, 2, 10, 0, 0]  	576	14 
[16, 0, 11, 0, 0]  	577	13 
[4, 13, 1, 3, 0]  	580	10 
[2, 12, 8, 0, 0]  	580	7 
[2, 8, 5, 3, 0]  	581	9 
[2, 7, 0, 6, 0]  	581	9 
[2, 5, 7, 3, 0]  	582	9 
[2, 4, 2, 6, 0]  	582	9 
[14, 3, 10, 0, 0]  	587	13 
[3, 0, 14, 1, 0]  	592	7 
[2, 7, 6, 3, 0]  	593	9 
[2, 6, 1, 6, 0]  	593	9 
[3, 1, 4, 6, 0]  	595	10 
[2, 13, 4, 2, 0]  	595	10 
[2, 1, 10, 3, 0]  	595	10 
[1, 6, 9, 2, 0]  	597	6 
[2, 3, 5, 5, 0]  	598	8 
[14, 2, 11, 0, 0]  	599	14 
[15, 0, 12, 0, 0]  	600	12 
[3, 1, 8, 4, 0]  	603	7 
[2, 1, 14, 1, 0]  	603	6 
[2, 0, 9, 4, 0]  	603	6 
[1, 12, 9, 0, 0]  	603	6 
[1, 20, 0, 2, 0]  	604	7 
[1, 9, 11, 0, 0]  	604	6 
[1, 6, 13, 0, 0]  	605	6 
[1, 5, 8, 3, 0]  	605	6 
[1, 14, 4, 2, 0]  	606	7 
[1, 2, 10, 3, 0]  	606	7 
[2, 1, 16, 0, 0]  	607	9 
[4, 10, 0, 5, 0]  	608	11 
[2, 18, 3, 1, 0]  	609	7 
[1, 3, 0, 8, 0]  	609	6 
[1, 26, 0, 0, 0]  	610	9 
[14, 1, 12, 0, 0]  	611	14 
[2, 0, 15, 1, 0]  	615	5 
[1, 11, 10, 0, 0]  	615	5 
[1, 9, 0, 6, 0]  	615	5 
[1, 4, 9, 3, 0]  	617	5 
[1, 3, 4, 6, 0]  	617	5 
[1, 12, 0, 5, 0]  	618	8 
[1, 2, 16, 0, 0]  	618	7 
[10, 2, 13, 0, 0]  	621	10 
[1, 2, 1, 8, 0]  	621	6 
[14, 0, 13, 0, 0]  	623	12 
[2, 4, 7, 4, 0]  	625	8 
[1, 16, 7, 0, 0]  	625	6 
[1, 4, 13, 1, 0]  	625	6 
[1, 2, 3, 7, 0]  	625	6 
[1, 8, 1, 6, 0]  	627	4 
[0, 20, 1, 2, 0]  	627	4 
[1, 18, 2, 2, 0]  	628	5 
[1, 5, 3, 6, 0]  	628	5 
[1, 2, 5, 6, 0]  	629	5 
[0, 14, 5, 2, 0]  	629	6 
[3, 23, 0, 1, 0]  	631	7 
[10, 1, 14, 0, 0]  	633	9 
[1, 1, 2, 8, 0]  	633	6 
[13, 1, 13, 0, 0]  	634	13 
[1, 4, 2, 7, 0]  	636	6 
[1, 15, 8, 0, 0]  	637	5 
[1, 3, 14, 1, 0]  	637	5 
[1, 2, 9, 4, 0]  	637	5 
[1, 1, 4, 7, 0]  	637	5 
[0, 14, 9, 0, 0]  	637	5 
[1, 0, 16, 1, 0]  	638	5 
[1, 7, 2, 6, 0]  	639	3 
[0, 19, 2, 2, 0]  	639	3 
[0, 8, 13, 0, 0]  	639	3 
[0, 25, 0, 1, 0]  	641	5 
[2, 24, 0, 1, 0]  	642	8 
[2, 0, 12, 3, 0]  	642	7 
[1, 20, 3, 1, 0]  	643	6 
[1, 0, 3, 8, 0]  	645	6 
[13, 0, 14, 0, 0]  	646	9 
[3, 25, 1, 0, 0]  	646	9 
[2, 0, 14, 2, 0]  	646	7 
[1, 20, 5, 0, 0]  	647	7 
[1, 8, 11, 1, 0]  	647	6 
[1, 6, 1, 7, 0]  	647	6 
[1, 4, 8, 4, 0]  	648	5 
[0, 16, 8, 0, 0]  	648	5 
[1, 2, 15, 1, 0]  	649	5 
[1, 0, 5, 7, 0]  	649	5 
[0, 18, 3, 2, 0]  	651	2 
[0, 7, 14, 0, 0]  	651	2 
[0, 6, 9, 3, 0]  	651	2 
[1, 2, 0, 9, 0]  	652	3 
[0, 14, 0, 5, 0]  	652	3 
[0, 3, 11, 3, 0]  	652	3 
[2, 10, 2, 5, 0]  	654	6 
[1, 22, 2, 1, 0]  	654	5 
[8, 3, 14, 0, 0]  	655	7 
[1, 6, 5, 5, 0]  	655	5 
[0, 18, 5, 1, 0]  	655	5 
[2, 23, 3, 0, 0]  	658	7 
[1, 22, 4, 0, 0]  	658	6 
[1, 10, 10, 1, 0]  	658	6 
[1, 8, 0, 7, 0]  	658	6 
[1, 19, 6, 0, 0]  	659	6 
[1, 7, 12, 1, 0]  	659	6 
[0, 3, 15, 1, 0]  	660	4 
[0, 17, 4, 2, 0]  	663	1 
[0, 6, 15, 0, 0]  	663	1 
[0, 5, 10, 3, 0]  	663	1 
[0, 4, 5, 6, 0]  	663	1 
[0, 3, 0, 9, 0]  	663	1 
[0, 3, 17, 0, 0]  	664	3 
[0, 2, 12, 3, 0]  	664	3 
[1, 1, 18, 0, 0]  	665	5 
[1, 0, 13, 3, 0]  	665	5 
[8, 2, 15, 0, 0]  	667	7 
[1, 5, 6, 5, 0]  	667	5 
[0, 17, 6, 1, 0]  	667	5 
[12, 0, 15, 0, 0]  	669	8 
[1, 0, 0, 10, 0]  	672	5 
[0, 12, 0, 6, 0]  	672	4 
[0, 5, 16, 0, 0]  	675	1 
[0, 3, 6, 6, 0]  	675	1 
[0, 2, 1, 9, 0]  	675	1 
[1, 0, 2, 9, 0]  	676	3 
[0, 12, 2, 5, 0]  	676	3 
[0, 2, 18, 0, 0]  	676	3 
[1, 11, 8, 2, 0]  	677	5 
[1, 10, 3, 5, 0]  	677	4 
[6, 0, 6, 6, 0]  	678	6 
[2, 8, 4, 5, 0]  	678	4 
[7, 0, 17, 0, 0]  	679	7 
[1, 4, 7, 5, 0]  	679	5 
[0, 16, 7, 1, 0]  	679	5 
[0, 19, 7, 0, 0]  	682	5 
[0, 2, 7, 6, 0]  	687	1 
[0, 1, 2, 9, 0]  	687	1 
[1, 0, 8, 6, 0]  	688	3 
[0, 24, 2, 1, 0]  	688	3 
[0, 11, 3, 5, 0]  	688	3 
[1, 9, 4, 5, 0]  	689	3 
[0, 21, 4, 1, 0]  	689	3 
[0, 9, 10, 2, 0]  	689	3 
[0, 30, 0, 0, 0]  	690	5  <--- 2
[1, 3, 8, 5, 0]  	691	5 
[0, 15, 8, 1, 0]  	691	5 
[11, 0, 16, 0, 0]  	692	9 
[0, 6, 14, 1, 0]  	694	3 
[0, 2, 11, 4, 0]  	695	3 
[0, 1, 8, 6, 0]  	699	1 
[0, 0, 3, 9, 0]  	699	1 
[0, 23, 3, 1, 0]  	700	3 
[0, 11, 9, 2, 0]  	700	3 
[3, 0, 19, 0, 0]  	701	4 
[0, 8, 11, 2, 0]  	701	3 
[0, 2, 17, 1, 0]  	707	3 
[0, 13, 8, 2, 0]  	711	1 
[0, 1, 14, 3, 0]  	711	1 
[0, 0, 9, 6, 0]  	711	1 
[0, 7, 12, 2, 0]  	713	3 
[0, 2, 6, 7, 0]  	718	2 
[0, 1, 20, 0, 0]  	723	1 
[0, 0, 15, 3, 0]  	723	1 
[0, 20, 0, 4, 0]  	724	2 
[0, 8, 6, 5, 0]  	724	2 
[0, 6, 13, 2, 0]  	725	3 
[0, 27, 3, 0, 0]  	726	5 
[0, 10, 5, 5, 0]  	735	1 
[0, 9, 0, 8, 0]  	735	1 
[0, 0, 21, 0, 0]  	735	1  <--- 3
[0, 5, 14, 2, 0]  	737	3 
[0, 26, 4, 0, 0]  	738	5 
[0, 8, 1, 8, 0]  	747	1 
[0, 18, 2, 4, 0]  	748	2 
[0, 6, 8, 5, 0]  	748	2 
[0, 1, 19, 1, 0]  	754	2 
[0, 7, 2, 8, 0]  	759	1 
[0, 5, 9, 5, 0]  	760	2 
[1, 0, 12, 5, 0]  	762	6 
[0, 6, 3, 8, 0]  	771	1 
[0, 5, 4, 8, 0]  	783	1 
[0, 0, 0, 12, 0]  	792	1  <--- 4
[12, 0, 0, 1, 1]  	210	7 
[4, 3, 3, 1, 1]  	288	6 
[10, 3, 2, 1, 1]  	325	11 
[10, 2, 3, 1, 1]  	337	13 
[2, 14, 0, 0, 1]  	346	6 
[8, 2, 4, 1, 1]  	348	10 
[10, 1, 4, 1, 1]  	349	13 
[10, 0, 5, 1, 1]  	361	13 
[7, 1, 6, 1, 1]  	383	11 
[9, 0, 6, 1, 1]  	384	14 
[7, 12, 1, 0, 1]  	395	12 
[11, 0, 0, 4, 1]  	396	17 
[6, 1, 7, 1, 1]  	406	10 
[4, 13, 2, 0, 1]  	417	8 
[8, 8, 4, 0, 1]  	420	12 
[8, 1, 5, 2, 1]  	426	9 
[5, 1, 8, 1, 1]  	429	9 
[7, 0, 8, 1, 1]  	430	12 
[7, 9, 4, 0, 1]  	431	14 
[8, 0, 6, 2, 1]  	438	10 
[14, 9, 2, 0, 1]  	445	20 
[4, 6, 0, 4, 1]  	450	10 
[6, 0, 9, 1, 1]  	453	11 
[6, 9, 5, 0, 1]  	454	13 
[5, 1, 7, 2, 1]  	460	7 
[3, 7, 0, 4, 1]  	461	9 
[2, 13, 4, 0, 1]  	463	6 
[4, 12, 4, 0, 1]  	464	9 
[3, 6, 1, 4, 1]  	473	9 
[1, 14, 4, 0, 1]  	474	6 
[11, 6, 6, 0, 1]  	480	17 
[18, 4, 5, 0, 1]  	483	15 
[19, 2, 6, 0, 1]  	484	13 
[4, 4, 10, 0, 1]  	490	13 
[19, 1, 7, 0, 1]  	496	14 
[2, 12, 4, 1, 1]  	506	6 
[18, 2, 7, 0, 1]  	507	15 
[2, 2, 5, 4, 1]  	509	9 
[9, 3, 2, 4, 1]  	511	14 
[9, 2, 3, 4, 1]  	523	15 
[3, 4, 0, 6, 1]  	524	11 
[4, 2, 1, 6, 1]  	525	12 
[9, 1, 0, 6, 1]  	527	11 
[16, 4, 7, 0, 1]  	529	17 
[2, 6, 3, 4, 1]  	531	7 
[7, 2, 4, 4, 1]  	534	13 
[9, 1, 4, 4, 1]  	535	12 
[4, 9, 8, 0, 1]  	535	10 
[8, 2, 0, 6, 1]  	538	13 
[2, 11, 0, 4, 1]  	541	7 
[2, 5, 4, 4, 1]  	543	8 
[1, 4, 5, 4, 1]  	543	6 
[7, 1, 5, 4, 1]  	546	12 
[3, 10, 8, 0, 1]  	546	9 
[9, 0, 5, 4, 1]  	547	11 
[5, 1, 2, 6, 1]  	549	12 
[1, 3, 6, 4, 1]  	555	6 
[5, 1, 6, 4, 1]  	557	11 
[3, 1, 3, 6, 1]  	560	11 
[3, 4, 3, 5, 1]  	563	9 
[1, 2, 7, 4, 1]  	567	6 
[5, 0, 7, 4, 1]  	569	10 
[3, 13, 3, 2, 1]  	572	12 
[6, 2, 13, 0, 1]  	573	12 
[1, 13, 0, 4, 1]  	575	7 
[1, 1, 8, 4, 1]  	579	6 
[4, 1, 7, 4, 1]  	580	8 
[2, 3, 14, 0, 1]  	583	9 
[2, 1, 4, 6, 1]  	583	9 
[15, 1, 11, 0, 1]  	588	16 
[3, 11, 3, 3, 1]  	592	9 
[2, 10, 4, 3, 1]  	592	7 
[1, 10, 10, 0, 1]  	592	7 
[1, 7, 12, 0, 1]  	593	7 
[1, 15, 3, 2, 1]  	594	8 
[2, 2, 15, 0, 1]  	595	10 
[5, 2, 14, 0, 1]  	596	11 
[5, 0, 4, 6, 1]  	596	9 
[4, 1, 15, 0, 1]  	596	11 
[1, 2, 6, 5, 1]  	598	7 
[1, 3, 15, 0, 1]  	606	7 
[1, 19, 1, 2, 1]  	616	6 
[1, 7, 7, 3, 1]  	616	6 
[0, 15, 4, 2, 1]  	617	5 
[4, 0, 5, 6, 1]  	619	9 
[2, 11, 6, 2, 1]  	619	8 
[2, 10, 1, 5, 1]  	619	8 
[9, 1, 14, 0, 1]  	621	7 
[1, 1, 0, 9, 1]  	629	6 
[1, 12, 6, 2, 1]  	630	7 
[1, 11, 1, 5, 1]  	630	7 
[3, 0, 17, 0, 1]  	631	7 
[2, 10, 7, 2, 1]  	631	6 
[2, 9, 2, 5, 1]  	631	7 
[1, 0, 1, 9, 1]  	641	5 
[0, 13, 6, 2, 1]  	641	5 
[1, 23, 1, 1, 1]  	642	7 
[1, 7, 4, 5, 1]  	643	5 
[0, 4, 16, 0, 1]  	652	3 
[1, 1, 12, 3, 1]  	653	7 
[0, 24, 1, 1, 1]  	653	5 
[2, 0, 18, 0, 1]  	654	6 
[0, 14, 4, 3, 1]  	660	4 
[1, 0, 11, 4, 1]  	661	5 
[0, 23, 0, 2, 1]  	661	5 
[0, 13, 1, 5, 1]  	664	3 
[1, 11, 4, 4, 1]  	669	6 
[0, 20, 6, 0, 1]  	670	5 
[1, 1, 7, 6, 1]  	676	3 
[0, 22, 5, 0, 1]  	681	5 
[0, 3, 10, 4, 1]  	683	3 
[0, 13, 11, 0, 1]  	684	5 
[0, 12, 8, 2, 1]  	688	3 
[0, 19, 0, 4, 1]  	701	3 
[0, 29, 1, 0, 1]  	702	5 
[1, 0, 20, 0, 1]  	712	3 
[0, 9, 5, 5, 1]  	712	2 
[0, 18, 1, 4, 1]  	713	3 
[0, 7, 7, 5, 1]  	736	2 
[0, 1, 13, 4, 1]  	742	2 
[8, 1, 5, 1, 2]  	360	12 
[8, 12, 0, 0, 2]  	372	13 
[6, 12, 2, 0, 2]  	418	11 
[2, 9, 5, 1, 2]  	472	7 
[3, 3, 3, 4, 2]  	474	9 
[4, 7, 8, 0, 2]  	489	12 
[8, 5, 8, 0, 2]  	491	16 
[2, 7, 7, 1, 2]  	496	7 
[2, 3, 4, 4, 2]  	497	8 
[21, 11, 0, 0, 2]  	505	10 
[2, 5, 3, 4, 2]  	508	7 
[4, 3, 0, 6, 2]  	513	12 
[6, 2, 0, 6, 2]  	514	14 
[1, 4, 10, 1, 2]  	520	7 
[6, 3, 11, 0, 2]  	526	13 
[9, 3, 10, 0, 2]  	527	13 
[1, 3, 11, 1, 2]  	532	7 
[3, 13, 0, 3, 2]  	533	6 
[1, 2, 12, 1, 2]  	544	7 
[3, 9, 3, 3, 2]  	546	9 
[5, 3, 12, 0, 2]  	549	11 
[10, 0, 1, 6, 2]  	551	10 
[2, 4, 3, 5, 2]  	551	8 
[15, 4, 8, 0, 2]  	552	13 
[1, 13, 5, 1, 2]  	552	7 
[1, 12, 0, 4, 2]  	552	6 
[2, 1, 7, 4, 2]  	556	8 
[7, 0, 6, 4, 2]  	558	11 
[2, 4, 7, 3, 2]  	559	10 
[3, 3, 13, 0, 2]  	560	11 
[5, 2, 13, 0, 2]  	561	11 
[2, 1, 11, 2, 2]  	564	7 
[2, 6, 6, 3, 2]  	570	9 
[6, 0, 3, 6, 2]  	573	11 
[1, 2, 11, 2, 2]  	575	6 
[4, 2, 14, 0, 2]  	584	11 
[1, 3, 5, 5, 2]  	586	7 
[1, 25, 0, 0, 2]  	587	7 
[1, 18, 1, 2, 2]  	593	7 
[1, 4, 14, 0, 2]  	594	8 
[1, 8, 6, 3, 2]  	604	6 
[1, 17, 2, 2, 2]  	605	6 
[1, 1, 5, 6, 2]  	606	7 
[3, 0, 5, 6, 2]  	607	10 
[8, 1, 14, 0, 2]  	609	8 
[1, 10, 5, 3, 2]  	615	5 
[0, 27, 0, 0, 2]  	621	6 
[1, 1, 15, 1, 2]  	626	6 
[0, 13, 0, 5, 2]  	629	5 
[2, 0, 6, 6, 2]  	630	8 
[1, 24, 0, 1, 2]  	630	7 
[0, 26, 1, 0, 2]  	633	6 
[1, 17, 1, 3, 2]  	636	6 
[1, 11, 7, 2, 2]  	642	6 
[0, 13, 10, 0, 2]  	649	5 
[1, 10, 8, 2, 2]  	654	5 
[1, 1, 14, 2, 2]  	657	6 
[9, 0, 16, 0, 2]  	668	7 
[1, 24, 3, 0, 2]  	669	6 
[0, 18, 0, 4, 2]  	678	4 
[0, 12, 6, 3, 2]  	684	4 
[1, 0, 10, 5, 2]  	692	6 
[0, 15, 3, 4, 2]  	714	4 
[0, 25, 4, 0, 2]  	715	6 
[0, 11, 2, 6, 2]  	719	3 
[0, 1, 7, 7, 2]  	730	2 
[7, 13, 0, 0, 3]  	383	11 
[11, 11, 0, 0, 3]  	385	12 
[8, 0, 7, 1, 3]  	407	13 
[8, 10, 3, 0, 3]  	431	14 
[4, 4, 1, 4, 3]  	439	9 
[4, 13, 1, 1, 3]  	448	7 
[3, 13, 2, 1, 3]  	471	6 
[3, 12, 3, 1, 3]  	483	6 
[2, 8, 6, 1, 3]  	484	7 
[1, 13, 5, 0, 3]  	486	6 
[2, 9, 0, 4, 3]  	495	6 
[2, 12, 0, 3, 3]  	498	6 
[4, 11, 0, 3, 3]  	499	9 
[2, 8, 1, 4, 3]  	507	6 
[1, 13, 0, 3, 3]  	509	6 
[10, 0, 0, 6, 3]  	516	11 
[2, 7, 2, 4, 3]  	519	6 
[4, 10, 7, 0, 3]  	523	10 
[3, 9, 8, 0, 3]  	523	10 
[2, 1, 10, 2, 3]  	529	6 
[4, 3, 12, 0, 3]  	537	12 
[16, 3, 8, 0, 3]  	541	14 
[2, 0, 11, 2, 3]  	541	6 
[3, 11, 2, 3, 3]  	557	8 
[2, 7, 5, 3, 3]  	558	9 
[1, 24, 0, 0, 3]  	564	6 
[2, 5, 1, 6, 3]  	570	9 
[9, 0, 2, 6, 3]  	574	9 
[3, 0, 8, 4, 3]  	580	8 
[1, 19, 0, 2, 3]  	581	8 
[1, 16, 2, 2, 3]  	582	8 
[7, 1, 14, 0, 3]  	597	8 
[1, 1, 1, 8, 3]  	598	6 
[1, 1, 7, 5, 3]  	610	7 
[1, 12, 4, 3, 3]  	626	6 
[0, 5, 15, 0, 3]  	640	4 
[1, 0, 7, 6, 3]  	653	5 
[8, 0, 16, 0, 3]  	656	7 
[10, 11, 0, 0, 4]  	373	15 
[3, 13, 3, 0, 4]  	440	7 
[3, 4, 2, 4, 4]  	462	9 
[4, 9, 7, 0, 4]  	500	11 
[11, 4, 8, 0, 4]  	504	15 
[8, 3, 10, 0, 4]  	515	14 
[1, 18, 3, 0, 4]  	531	6 
[9, 0, 1, 6, 4]  	539	10 
[1, 12, 3, 3, 4]  	591	6 
[11, 2, 12, 0, 4]  	598	11 
[2, 0, 17, 0, 4]  	619	7 
[0, 17, 3, 2, 4]  	628	4 
[1, 21, 2, 1, 4]  	631	6 
[7, 0, 16, 0, 4]  	644	7 
[0, 20, 4, 1, 4]  	666	4 
[1, 0, 19, 0, 4]  	677	4 
[0, 3, 5, 7, 4]  	706	2 
[0, 11, 8, 3, 4]  	731	3 
[6, 13, 0, 0, 5]  	371	9 
[8, 9, 3, 0, 5]  	408	15 
[7, 2, 12, 0, 5]  	550	13 
[8, 0, 2, 6, 5]  	562	10 
[3, 2, 14, 0, 5]  	572	10 
[1, 17, 3, 1, 5]  	574	7 
[4, 0, 4, 6, 5]  	584	11 
[6, 1, 14, 0, 5]  	585	11 
[6, 0, 16, 0, 5]  	632	7 
[0, 13, 5, 3, 5]  	672	4 
[1, 3, 9, 3, 6]  	594	7 
[5, 0, 16, 0, 6]  	620	7 
[0, 17, 2, 4, 6]  	725	3 
[2, 0, 5, 6, 7]  	595	9 
[1, 6, 2, 6, 7]  	616	5 
[1, 1, 11, 3, 7]  	618	7 
[0, 18, 2, 3, 7]  	682	4 
[0, 16, 2, 4, 7]  	702	4 
[0, 18, 7, 0, 8]  	659	5 
[0, 17, 1, 4, 8]  	690	4 
[0, 12, 12, 0, 8]  	696	4 
[0, 10, 4, 6, 8]  	766	2 
[4, 0, 16, 0, 9]  	608	8 
[0, 16, 3, 3, 9]  	671	4 
[0, 4, 10, 3, 10]  	640	3 
[1, 5, 9, 2, 247]  	574	6 
[1, 20, 2, 1, 247]  	608	6 
[1, 6, 4, 5, 247]  	620	5 
[0, 5, 14, 1, 247]  	671	3 
[2, 6, 2, 5, 248]  	562	7 
[1, 19, 2, 1, 248]  	585	6 
[1, 5, 4, 5, 248]  	597	5 
[0, 7, 13, 0, 248]  	616	3 
[0, 3, 5, 6, 248]  	640	2 
[0, 6, 12, 2, 248]  	690	3 
[0, 0, 20, 1, 248]  	766	1 
[1, 2, 4, 6, 249]  	594	5 
[1, 5, 1, 7, 249]  	624	6 
[0, 2, 0, 9, 249]  	640	1 
[0, 6, 13, 1, 249]  	659	3 
[0, 8, 10, 2, 249]  	666	3 
[0, 5, 13, 2, 249]  	702	3 
[2, 6, 7, 2, 250]  	539	8 
[3, 1, 15, 0, 250]  	584	8 
[0, 17, 5, 1, 250]  	632	4 
[0, 11, 7, 3, 250]  	696	3 
[0, 1, 18, 1, 250]  	719	2 
[0, 5, 8, 5, 250]  	725	2 
[7, 11, 2, 0, 251]  	407	10 
[7, 8, 4, 0, 251]  	408	14 
[2, 3, 8, 2, 251]  	505	5 
[1, 3, 0, 7, 251]  	543	6 
[1, 2, 1, 7, 251]  	555	6 
[1, 1, 2, 7, 251]  	567	6 
[1, 12, 5, 2, 251]  	595	8 
[0, 16, 5, 1, 251]  	609	4 
[1, 0, 4, 7, 251]  	614	4 
[1, 0, 6, 6, 251]  	618	5 
[0, 5, 13, 1, 251]  	636	3 
[0, 2, 16, 1, 251]  	672	2 
[0, 0, 19, 1, 251]  	731	1 
[6, 1, 6, 1, 252]  	371	8 
[9, 10, 1, 0, 252]  	373	12 
[3, 1, 9, 1, 252]  	440	6 
[13, 8, 3, 0, 252]  	445	17 
[2, 4, 8, 1, 252]  	462	5 
[1, 2, 0, 7, 252]  	520	4 
[1, 5, 4, 4, 252]  	531	5 
[1, 2, 6, 4, 252]  	532	7 
[3, 11, 7, 0, 252]  	534	7 
[3, 1, 8, 3, 252]  	537	8 
[1, 2, 10, 2, 252]  	540	5 
[1, 4, 9, 2, 252]  	551	4 
[3, 0, 13, 1, 252]  	557	7 
[7, 1, 13, 0, 252]  	562	9 
[1, 17, 1, 2, 252]  	570	7 
[1, 0, 3, 7, 252]  	579	3 
[2, 0, 14, 1, 252]  	580	5 
[1, 7, 8, 2, 252]  	585	4 
[0, 15, 5, 1, 252]  	586	5 
[1, 1, 14, 1, 252]  	591	4 
[1, 0, 9, 4, 252]  	591	3 
[1, 11, 6, 2, 252]  	607	6 
[0, 25, 1, 0, 252]  	610	4 
[0, 5, 9, 3, 252]  	628	2 
[1, 1, 17, 0, 252]  	630	3 
[0, 22, 2, 1, 252]  	642	3 
[1, 11, 9, 1, 252]  	646	4 
[0, 11, 0, 6, 252]  	649	1 
[0, 24, 4, 0, 252]  	692	5 
[0, 0, 18, 1, 252]  	696	1 
[9, 9, 2, 0, 253]  	385	9 
[6, 8, 5, 0, 253]  	431	9 
[5, 7, 6, 0, 253]  	431	8 
[2, 3, 8, 1, 253]  	439	4 
[5, 11, 4, 0, 253]  	453	6 
[13, 7, 4, 0, 253]  	457	13 
[5, 10, 5, 0, 253]  	465	10 
[3, 1, 8, 2, 253]  	471	4 
[13, 5, 6, 0, 253]  	481	10 
[1, 4, 9, 1, 253]  	485	4 
[7, 4, 9, 0, 253]  	491	10 
[4, 5, 0, 5, 253]  	493	9 
[1, 3, 10, 1, 253]  	497	5 
[4, 0, 11, 1, 253]  	499	5 
[4, 1, 7, 3, 253]  	514	6 
[8, 1, 0, 6, 253]  	515	9 
[2, 5, 7, 2, 253]  	516	6 
[1, 7, 8, 1, 253]  	519	4 
[1, 3, 5, 4, 253]  	520	7 
[3, 0, 12, 1, 253]  	522	2 
[3, 8, 3, 3, 253]  	523	7 
[15, 2, 9, 0, 253]  	541	11 
[1, 0, 2, 7, 253]  	544	2 
[7, 0, 2, 6, 253]  	550	9 
[1, 16, 3, 1, 253]  	551	4 
[2, 11, 8, 0, 253]  	557	4 
[1, 18, 0, 2, 253]  	558	8 
[1, 9, 6, 2, 253]  	561	5 
[0, 5, 9, 2, 253]  	562	1 
[1, 11, 1, 4, 253]  	564	4 
[1, 8, 7, 2, 253]  	573	5 
[1, 7, 2, 5, 253]  	573	4 
[1, 0, 1, 8, 253]  	575	5 
[0, 1, 14, 1, 253]  	579	1 
[1, 11, 9, 0, 253]  	580	3 
[1, 4, 8, 3, 253]  	582	4 
[1, 6, 3, 5, 253]  	585	3 
[1, 1, 12, 2, 253]  	587	5 
[0, 0, 15, 1, 253]  	591	1 
[0, 17, 4, 1, 253]  	597	2 
[0, 26, 0, 0, 253]  	598	5 
[0, 2, 12, 2, 253]  	598	1 
[0, 4, 11, 2, 253]  	609	1 
[0, 3, 16, 0, 253]  	629	3 
[0, 14, 7, 1, 253]  	633	2 
[0, 11, 2, 5, 253]  	653	1 
[0, 24, 3, 0, 253]  	657	4 
[0, 17, 2, 3, 253]  	659	4 
[0, 0, 2, 9, 253]  	664	1 
[0, 2, 5, 7, 253]  	683	1 
[7, 11, 1, 0, 254]  	372	6 
[6, 0, 7, 1, 254]  	383	7 
[6, 8, 4, 0, 254]  	396	12 
[5, 7, 5, 0, 254]  	396	5 
[5, 11, 3, 0, 254]  	418	5 
[5, 0, 9, 1, 254]  	441	2 
[5, 6, 7, 0, 254]  	443	7 
[4, 1, 7, 2, 254]  	448	4 
[2, 3, 3, 4, 254]  	462	8 
[3, 5, 9, 0, 254]  	466	6 
[9, 5, 7, 0, 254]  	468	9 
[0, 4, 9, 1, 254]  	473	1 
[1, 2, 10, 1, 254]  	474	3 
[0, 12, 6, 0, 254]  	486	2 
[3, 1, 1, 6, 254]  	490	5 
[1, 9, 6, 1, 254]  	495	4 
[2, 6, 2, 4, 254]  	496	4 
[1, 2, 5, 4, 254]  	497	4 
[3, 8, 8, 0, 254]  	500	8 
[10, 3, 9, 0, 254]  	504	13 
[1, 8, 7, 1, 254]  	507	4 
[1, 7, 2, 4, 254]  	507	2 
[3, 5, 1, 5, 254]  	516	9 
[1, 4, 8, 2, 254]  	516	2 
[1, 6, 3, 4, 254]  	519	2 
[1, 12, 1, 3, 254]  	521	5 
[2, 8, 9, 0, 254]  	523	3 
[1, 15, 3, 1, 254]  	528	4 
[1, 12, 5, 1, 254]  	529	5 
[0, 2, 12, 1, 254]  	532	1 
[1, 0, 13, 1, 254]  	533	2 
[2, 0, 9, 3, 254]  	537	3 
[2, 8, 0, 5, 254]  	538	7 
[1, 20, 0, 1, 254]  	538	3 
[0, 21, 0, 1, 254]  	549	2 
[6, 1, 13, 0, 254]  	550	9 
[2, 7, 1, 5, 254]  	550	6 
[1, 19, 1, 1, 254]  	550	6 
[0, 0, 14, 1, 254]  	556	1 
[1, 7, 11, 0, 254]  	558	6 
[2, 3, 2, 6, 254]  	559	5 
[0, 20, 1, 1, 254]  	561	2 
[1, 18, 2, 1, 254]  	562	2 
[1, 1, 0, 8, 254]  	563	5 
[0, 14, 5, 1, 254]  	563	1 
[0, 11, 9, 0, 254]  	568	1 
[1, 7, 0, 6, 254]  	569	3 
[3, 0, 4, 6, 254]  	572	9 
[5, 1, 14, 0, 254]  	573	7 
[0, 19, 2, 1, 254]  	573	1 
[0, 16, 4, 1, 254]  	574	2 
[0, 25, 0, 0, 254]  	575	3 
[0, 18, 3, 1, 254]  	585	1 
[0, 2, 10, 3, 254]  	594	2 
[0, 12, 0, 5, 254]  	606	2 
[0, 10, 11, 0, 254]  	615	1 
[0, 2, 5, 6, 254]  	617	1 
[0, 24, 2, 0, 254]  	622	3 
[0, 9, 12, 0, 254]  	627	1 
[0, 2, 17, 0, 254]  	641	1 
[0, 4, 8, 5, 254]  	702	1 
[0, 8, 0, 8, 254]  	712	1 
[0, 2, 4, 8, 254]  	714	1 
[0, 6, 2, 8, 254]  	736	1 
[0, 0, 8, 7, 254]  	742	1 
[5, 5, 1, 0, 255]  	210	5 
[3, 2, 4, 1, 255]  	288	1 
[0, 0, 8, 1, 255]  	346	1 
[6, 0, 6, 1, 255]  	348	6 
[4, 12, 3, 0, 255]  	429	5 
[2, 4, 9, 0, 255]  	431	5 
[3, 6, 0, 4, 255]  	438	6 
[1, 5, 7, 1, 255]  	438	2 
[0, 20, 0, 0, 255]  	460	1 
[1, 15, 3, 0, 255]  	462	3 
[0, 14, 4, 0, 255]  	462	1 
[2, 8, 0, 4, 255]  	472	4 
[2, 2, 4, 4, 255]  	474	6 
[1, 0, 0, 7, 255]  	474	1 
[17, 3, 6, 0, 255]  	483	6 
[1, 10, 5, 1, 255]  	483	4 
[1, 9, 0, 4, 255]  	483	3 
[17, 0, 8, 0, 255]  	484	7 
[2, 7, 1, 4, 255]  	484	5 
[1, 19, 1, 0, 255]  	484	3 
[0, 18, 2, 0, 255]  	484	1 
[4, 9, 1, 3, 255]  	488	5 
[8, 0, 0, 6, 255]  	492	5 
[2, 7, 5, 2, 255]  	492	3 
[1, 8, 1, 4, 255]  	495	3 
[2, 6, 4, 3, 255]  	500	5 
[2, 6, 6, 2, 255]  	504	4 
[2, 5, 5, 3, 255]  	512	5 
[1, 5, 0, 6, 255]  	523	2 
[3, 3, 12, 0, 255]  	525	7 
[5, 0, 2, 6, 255]  	526	4 
[1, 8, 0, 5, 255]  	526	1 
[2, 6, 1, 5, 255]  	527	5 
[1, 2, 4, 5, 255]  	528	1 
[0, 0, 0, 8, 255]  	528	1 
[14, 2, 9, 0, 255]  	529	9 
[0, 11, 8, 0, 255]  	533	1 
[5, 0, 6, 4, 255]  	534	9 
[3, 2, 13, 0, 255]  	537	10 
[1, 17, 2, 1, 255]  	539	2 
[1, 1, 7, 4, 255]  	544	5 
[4, 0, 3, 6, 255]  	549	7 
[3, 1, 14, 0, 255]  	549	3 
[2, 11, 4, 2, 255]  	549	2 
[1, 6, 2, 5, 255]  	550	1 
[0, 2, 5, 5, 255]  	551	1 
[2, 2, 14, 0, 255]  	560	6 
[2, 1, 15, 0, 255]  	572	8 
[0, 11, 0, 5, 255]  	583	1 
[0, 1, 16, 0, 255]  	583	1 
[14, 0, 12, 0, 255]  	588	4 
[0, 9, 11, 0, 255]  	592	1 
[0, 0, 5, 7, 255]  	637	1 
------
The gap is between 11 and 246.
Lengths: 5 5 10 13 5 11.
For 692 = 3*d-d1-d2-d3-d4 you get 5 in char 0.
1 + 0*2^64 + 0*2^128 + 0*2^192*y^24*z^4
1 + 0*2^64 + 0*2^128 + 0*2^192*y^12*z^10*w^1
1 + 0*2^64 + 0*2^128 + 0*2^192*y^11*z^5*w^4
1 + 0*2^64 + 0*2^128 + 0*2^192*y^10*w^7
1 + 0*2^64 + 0*2^128 + 0*2^192*z^16*w^2

For 416 = 2*d-d1-d2-d3-d4 you get 10 in char 0.
1 + 0*2^64 + 0*2^128 + 0*2^192*x^5*y^4*w^4
1 + 0*2^64 + 0*2^128 + 0*2^192*x^4*y^3*z^1*w^4
1 + 0*2^64 + 0*2^128 + 0*2^192*x^3*y^2*z^2*w^4
1 + 0*2^64 + 0*2^128 + 0*2^192*x^2*y^2*z^8*w^1
1 + 0*2^64 + 0*2^128 + 0*2^192*x^2*y^1*z^3*w^4
1 + 0*2^64 + 0*2^128 + 0*2^192*x^1*y^13*z^3
1 + 0*2^64 + 0*2^128 + 0*2^192*x^1*y^1*z^9*w^1
1 + 0*2^64 + 0*2^128 + 0*2^192*x^1*z^4*w^4
1 + 0*2^64 + 0*2^128 + 0*2^192*y^12*z^4
1 + 0*2^64 + 0*2^128 + 0*2^192*z^10*w^1

For 140 = d-d1-d2-d3-d4 you get 5 in char 0.
1 + 0*2^64 + 0*2^128 + 0*2^192*x^4*y^4
1 + 0*2^64 + 0*2^128 + 0*2^192*x^3*y^3*z^1
1 + 0*2^64 + 0*2^128 + 0*2^192*x^2*y^2*z^2
1 + 0*2^64 + 0*2^128 + 0*2^192*x^1*y^1*z^3
1 + 0*2^64 + 0*2^128 + 0*2^192*z^4

Extra powers of p used 7.
The invariant extra is equal to 33.
Start computing 2^4 Delta^1 (x1x2x3x4)^1... Done.
Start computing 2^5 Delta^2 (x1x2x3x4)^1... Done.
Start computing 2^6 Delta^3 (x1x2x3x4)^1... Done.
Start computing 2^7 Delta^4 (x1x2x3x4)^1... Done.
Start computing 2^8 Delta^5 (x1x2x3x4)^1... Done.
Start computing 2^9 Delta^6 (x1x2x3x4)^1... Done.
Start computing 2^10 Delta^7 (x1x2x3x4)^1... Done.
Start computing 2^11 Delta^8 (x1x2x3x4)^1... Done.
Start computing 2^12 Delta^9 (x1x2x3x4)^1... Done.
Start computing 2^13 Delta^10 (x1x2x3x4)^1... Done.
Start computing 2^14 Delta^11 (x1x2x3x4)^1... Done.
Start computing 2^15 Delta^12 (x1x2x3x4)^1... Done.
Start computing 2^16 Delta^13 (x1x2x3x4)^1... Done.
Start computing 2^17 Delta^14 (x1x2x3x4)^1... Done.
Start computing 2^18 Delta^15 (x1x2x3x4)^1... Done.
Start computing 2^19 Delta^16 (x1x2x3x4)^1... Done.
Start computing 2^20 Delta^17 (x1x2x3x4)^1... Done.
Start computing 2^21 Delta^18 (x1x2x3x4)^1... Done.
Start computing 2^22 Delta^19 (x1x2x3x4)^1... Done.
Start computing 2^23 Delta^20 (x1x2x3x4)^1... Done.
Start computing 2^24 Delta^21 (x1x2x3x4)^1... Done.
Start computing 2^25 Delta^22 (x1x2x3x4)^1... Done.
Start computing 2^26 Delta^23 (x1x2x3x4)^1... Done.
Start computing 2^27 Delta^24 (x1x2x3x4)^1... Done.
Start computing 2^28 Delta^25 (x1x2x3x4)^1... Done.
Start computing 2^29 Delta^26 (x1x2x3x4)^1... Done.
Start computing 2^30 Delta^27 (x1x2x3x4)^1... Done.
Start computing 2^31 Delta^28 (x1x2x3x4)^1... Done.
Start computing 2^32 Delta^29 (x1x2x3x4)^1... Done.
Start computing 2^33 Delta^30 (x1x2x3x4)^1... Done.
Start computing 2^34 Delta^31 (x1x2x3x4)^1... Done.
Start computing 2^35 Delta^32 (x1x2x3x4)^1... Done.
Start computing 2^36 Delta^33 (x1x2x3x4)^1... Done.
Start computing 2^37 Delta^34 (x1x2x3x4)^1... Done.
Start computing 2^38 Delta^35 (x1x2x3x4)^1... Done.
Start computing aa.
1 2 3 4 5 6 7 8 9 10 11 12 13 14 15 16 17 18 19 20 
*/
A = \
[3923659672245828416 + 18431954000206052393*2^64 + 2772349543323278222*2^128 + 33331441804*2^192,6437349004808566880 + 10661850578343749588*2^64 + 10818806484389863611*2^128 + 39483364701*2^192,11709958397482340296 + 15685594776624722604*2^64 + 10858100649455037994*2^128 + 76922124859*2^192,4738904971068618912 + 9031820677938185104*2^64 + 15231045779876441418*2^128 + 10136327451*2^192,10991818321950071872 + 7030273354084881108*2^64 + 4145594323355020390*2^128 + 10217659845*2^192,3542664497870818944 + 10935885259455859116*2^64 + 8269467596742884329*2^128 + 130295604525*2^192,777843754981515392 + 11783144514204423644*2^64 + 10832743404564721558*2^128 + 117575119778*2^192,254970465673797184 + 14821361815369686944*2^64 + 11191190160007828906*2^128 + 27869502312*2^192,13955468322915863296 + 14983605800200695933*2^64 + 17368036675429162367*2^128 + 94459671705*2^192,16570427787453794432 + 14769199631523445346*2^64 + 3353901788032669004*2^128 + 46460070895*2^192,14523178456708608896 + 17198508088922984784*2^64 + 9911727209487059657*2^128 + 92915698856*2^192,14864382168227796864 + 880930442255714957*2^64 + 5151234990693661576*2^128 + 130717506860*2^192,12987076730146051264 + 15829901008390051544*2^64 + 5563301175308121655*2^128 + 54247286907*2^192,2769529053375126912 + 4837197182148919456*2^64 + 9276600529624165095*2^128 + 71900988355*2^192,4510688582753294848 + 14168504290957021713*2^64 + 4862330254775186481*2^128 + 62828959493*2^192,4345873478747654144 + 8664566005934692907*2^64 + 8955375524614720554*2^128 + 77289056798*2^192,12393328094193819776 + 18407098855320123916*2^64 + 11944283229175148595*2^128 + 118264233272*2^192,5313338915442607488 + 13945342692939257888*2^64 + 10534362383174507507*2^128 + 92050929651*2^192,4811151286957628800 + 9312413701353243129*2^64 + 10022400130246407611*2^128 + 103709524498*2^192,5289943451095333760 + 15345893147920601449*2^64 + 9643625945284423239*2^128 + 7898495805*2^192;\
1932941544644990816 + 9824304875154164533*2^64 + 17610735723404065626*2^128 + 97574376652*2^192,11257483892427297680 + 16444985653530915104*2^64 + 4404571762571986619*2^128 + 90975693106*2^192,2239243018012156300 + 16839953449039564385*2^64 + 15192200714844635041*2^128 + 59813129321*2^192,5443994333373521168 + 17763843032765917144*2^64 + 10660611589748183520*2^128 + 38768323998*2^192,12392517357608741472 + 7791161921845388568*2^64 + 17681813833066951347*2^128 + 11540628190*2^192,3197694230668123072 + 10778552349301220248*2^64 + 8858123827812582252*2^128 + 83607230480*2^192,15857281480039316416 + 1552042827087988413*2^64 + 9934938390547550048*2^128 + 127394137231*2^192,16429175551652471904 + 17567256345458153380*2^64 + 18413923572454544319*2^128 + 92449779504*2^192,1801376308779332736 + 12976567166638259933*2^64 + 527726327130609568*2^128 + 76527924978*2^192,2316753544540135872 + 10689949074258256112*2^64 + 9845789093195499196*2^128 + 112708423679*2^192,17510761410360968512 + 17652461069827699269*2^64 + 4113791810435574337*2^128 + 4858761751*2^192,6119997978579382592 + 12420792990642203146*2^64 + 6895753912879235835*2^128 + 44005032921*2^192,391735884073203744 + 16457201710809904061*2^64 + 1712773836364126713*2^128 + 23744571033*2^192,8658074427839786048 + 17467193015380190584*2^64 + 88268547158132789*2^128 + 137390559380*2^192,8808792612085811968 + 9139355535668338642*2^64 + 9378995684399240808*2^128 + 55782350877*2^192,18109069163145089024 + 7800299540650683704*2^64 + 11401564449089054404*2^128 + 44567197264*2^192,11624035980532733120 + 16043270990452140015*2^64 + 1154922192568657390*2^128 + 100347972556*2^192,13195155287830832192 + 3099009407076688077*2^64 + 14461344715723019964*2^128 + 92337031789*2^192,14837270131788565056 + 13381579753665814721*2^64 + 9311589903184005418*2^128 + 31852119903*2^192,8750963570340896064 + 9666004107704750072*2^64 + 6865988763256487200*2^128 + 95605593919*2^192;\
15496363752669890560 + 2758494645785803390*2^64 + 3262667346284531226*2^128 + 97525872044*2^192,3128181784905836928 + 12581778378047981448*2^64 + 9947741418221599209*2^128 + 58772655179*2^192,16886131400310530208 + 18021125526039381184*2^64 + 12799799207317014501*2^128 + 55903681398*2^192,9163102687890989696 + 16545375941429681048*2^64 + 7204284018339295278*2^128 + 111084509940*2^192,2390931931599615232 + 2528920797474688107*2^64 + 11202357976227315279*2^128 + 132283214709*2^192,11320250494677874176 + 3664212967166823345*2^64 + 16499239292238789067*2^128 + 84559536454*2^192,11214112924890331648 + 10759133148012660681*2^64 + 15320905071371519421*2^128 + 92649252450*2^192,11892110669463771392 + 9568470896619034185*2^64 + 7119251547261884010*2^128 + 122338101296*2^192,7806848097323478016 + 3633018832173292958*2^64 + 14860518561033575561*2^128 + 6139830691*2^192,11180270007764300288 + 16689836335891158394*2^64 + 521718353655214412*2^128 + 119726695877*2^192,14586625359714932224 + 13711761017079272263*2^64 + 6874942942469936490*2^128 + 111529996783*2^192,15107208486347824640 + 10377192774729823240*2^64 + 14239208790230784699*2^128 + 114904841778*2^192,5689697732607856384 + 10636615616313821753*2^64 + 18259404559620197169*2^128 + 88203445032*2^192,7664829240692821504 + 11912222996684279840*2^64 + 785542472761458401*2^128 + 37625873754*2^192,10224727414090020864 + 11703839068293488795*2^64 + 14151721804964026503*2^128 + 106079308859*2^192,1250453502047819776 + 13053407173591206775*2^64 + 13050381813557705506*2^128 + 46661050387*2^192,1391234837694214656 + 10378179830377842558*2^64 + 818629931877972055*2^128 + 99233837417*2^192,3171035401295799808 + 5272012922150339663*2^64 + 11243465798027204466*2^128 + 121461125549*2^192,4051346159793915392 + 10736380929700839517*2^64 + 5717075493390894967*2^128 + 43228959804*2^192,18103300772710733312 + 1554887882782320129*2^64 + 9426430554417137785*2^128 + 106337471976*2^192;\
8545593393136656128 + 7978862591630853096*2^64 + 9689646591966971081*2^128 + 39384559263*2^192,17563243102978007296 + 5980550213159233820*2^64 + 4854655217834011145*2^128 + 21846413641*2^192,554722265569224384 + 12666811645483078645*2^64 + 8542036084129953099*2^128 + 44242135876*2^192,12972430027926099584 + 11952989455092872165*2^64 + 6929154437661300413*2^128 + 23132396527*2^192,5257448471245879808 + 10974400453187158423*2^64 + 15023549614924275478*2^128 + 20861317202*2^192,505926598303311872 + 16279746355057912710*2^64 + 8240005880732558531*2^128 + 79941461268*2^192,8567694535109663744 + 16361125103526853108*2^64 + 5841666046297242523*2^128 + 29709452001*2^192,512043339383664128 + 2965568244236498064*2^64 + 6944108015262986828*2^128 + 35272280846*2^192,7343919768042555392 + 2039387847177321633*2^64 + 16926372440829562223*2^128 + 135219534048*2^192,883204801235418112 + 14464322583905430665*2^64 + 4631996716635377485*2^128 + 100229136473*2^192,3042737206221171712 + 11386085865582750345*2^64 + 7344104125055609662*2^128 + 9256385766*2^192,4053511745014731776 + 12761107204672631502*2^64 + 6084663234317405705*2^128 + 113170560525*2^192,3100204896750790144 + 6228568443304706437*2^64 + 11058323964160725055*2^128 + 10856892166*2^192,5949653679392320512 + 46938613233948123*2^64 + 9796110365269857428*2^128 + 126107899524*2^192,6171288981956001792 + 14482930377355349714*2^64 + 54421980599157029*2^128 + 29864862179*2^192,966470464169007104 + 15110616279038467648*2^64 + 4714565186907093628*2^128 + 45146121687*2^192,11697560642688625664 + 880245363428259762*2^64 + 5481405212706690862*2^128 + 49893924086*2^192,3152222154903913472 + 6848486830307044524*2^64 + 557496914521411462*2^128 + 35611777871*2^192,8745046444289537024 + 15982471587176590778*2^64 + 18346337163618243185*2^128 + 49059748745*2^192,5922115280280169472 + 16412940841196198005*2^64 + 11158569581911239584*2^128 + 18424853790*2^192;\
5218586142370485104 + 6438165798774996173*2^64 + 586643529332391079*2^128 + 659095828*2^192,13817428897236700376 + 8032156973546762811*2^64 + 1114955679545016573*2^128 + 78405908926*2^192,13878696432222161970 + 9198164030249874810*2^64 + 6518145903253605153*2^128 + 136574114919*2^192,16203508712968695224 + 4209185860800792068*2^64 + 16742798116506127439*2^128 + 56669012295*2^192,5540957262562513936 + 565255054816178644*2^64 + 4721612555879695132*2^128 + 89528768283*2^192,10624905910250837664 + 10801836323607873866*2^64 + 9777188143533343128*2^128 + 38167447107*2^192,8557767859232850080 + 17810690898349598624*2^64 + 11029376538765895947*2^128 + 67027664237*2^192,10465060981281338768 + 4460317815326678881*2^64 + 18092147560408584561*2^128 + 22493571063*2^192,7487978113180501696 + 1263976855065339733*2^64 + 7400019049228192141*2^128 + 113615011706*2^192,12970277326460053152 + 14486579667089272803*2^64 + 2498961546990334434*2^128 + 111595368552*2^192,17152997513066842592 + 6642922316001857361*2^64 + 7689233043736674484*2^128 + 95159107080*2^192,7309623018135010272 + 10405309807442094273*2^64 + 1495054829229353682*2^128 + 55238490905*2^192,12236725833428995376 + 5802807143934255015*2^64 + 11477354428967531081*2^128 + 12555599591*2^192,5707216278065171040 + 13147113117112573491*2^64 + 2975693894577089619*2^128 + 56984215198*2^192,8327118906214421120 + 4763245671986351705*2^64 + 15510007790189963712*2^128 + 13975466162*2^192,5070787436626114304 + 696057695474916434*2^64 + 15713099307609407226*2^128 + 32962590530*2^192,10515266708026747424 + 3244993365817789727*2^64 + 8527276194528511685*2^128 + 59998888782*2^192,17809854958236511840 + 10117509558790613194*2^64 + 5949805154815012166*2^128 + 29188393968*2^192,16684802380598941792 + 2166812039787345108*2^64 + 1846458705328881126*2^128 + 96468483334*2^192,149470789959079136 + 13805570422862415602*2^64 + 16162549107588897349*2^128 + 85522632247*2^192;\
9319650404276338688 + 14637902802856396488*2^64 + 1837923190189780236*2^128 + 26840004249*2^192,9904398351388919296 + 9417492093738343523*2^64 + 16483939137174750999*2^128 + 69302567821*2^192,15310590708367880832 + 16236021328601713477*2^64 + 2816923832070366682*2^128 + 42300981218*2^192,15700067703314898560 + 2610058157267633806*2^64 + 14976813898789439057*2^128 + 19621738454*2^192,7780122881688085504 + 11824395210537451637*2^64 + 395156013247789908*2^128 + 85265865493*2^192,10322212100353342208 + 17362027965687950997*2^64 + 14237162262692109406*2^128 + 42668026143*2^192,14247455223852085760 + 8950181940085092689*2^64 + 11235050681325414715*2^128 + 129499965490*2^192,10504944537504035840 + 8083169026860310001*2^64 + 5578406669019416331*2^128 + 82055066622*2^192,16602294677358886912 + 5600752887760950621*2^64 + 12024445985901897716*2^128 + 4673187461*2^192,5171065582905192448 + 13015292932107288542*2^64 + 16148202674143289352*2^128 + 101232885753*2^192,8638954543840372736 + 3248309336695546836*2^64 + 13857294644421919350*2^128 + 58931591271*2^192,9314702353147738112 + 14044538462927237920*2^64 + 2961306065467867317*2^128 + 4751350400*2^192,7993748020924537856 + 5221118364818164288*2^64 + 9751658533777798744*2^128 + 98854223872*2^192,10259600528166922240 + 7110726463911472049*2^64 + 3899605812559784641*2^128 + 86985326291*2^192,9217910334298476544 + 18081962080978658547*2^64 + 17129708677018925433*2^128 + 27166081815*2^192,8072066480368859136 + 9950447990333403474*2^64 + 12084629948256482022*2^128 + 26194289137*2^192,10225307358715564032 + 11953618220311310292*2^64 + 2581396164413073377*2^128 + 29711911034*2^192,3114927383999602688 + 11172477332654130300*2^64 + 13262908441091530811*2^128 + 26967232318*2^192,2126865018413260800 + 12183770157171628022*2^64 + 12818999821874590132*2^128 + 63277201221*2^192,11743936478850652160 + 15372341138009276748*2^64 + 12114097204902862322*2^128 + 75793695243*2^192;\
3550106698002817024 + 4529253733128999296*2^64 + 1817781620903463879*2^128 + 21571082691*2^192,3786096859377890304 + 11069245082191842040*2^64 + 15217017819849484410*2^128 + 76169393081*2^192,4541424746647186688 + 5441650283604760379*2^64 + 18402600845822750489*2^128 + 21117137992*2^192,5060300015878604288 + 1079244496287537089*2^64 + 15084338355419472876*2^128 + 57741272840*2^192,7852555399826223104 + 16505637036807528190*2^64 + 1395505198764036988*2^128 + 26499894816*2^192,1106449226728532992 + 8127622904199106162*2^64 + 13535540187486675422*2^128 + 18289293727*2^192,3996664512298133248 + 6193196029685310871*2^64 + 9842518201017285621*2^128 + 106884734190*2^192,8290481096991675136 + 7726602584544918717*2^64 + 3796146324553811361*2^128 + 112939091601*2^192,12660536496865353728 + 5632472009260642875*2^64 + 18094489175836179526*2^128 + 11303387011*2^192,3476687334948186112 + 2841544302293478777*2^64 + 6484562841858476619*2^128 + 116970081450*2^192,1121425153293625344 + 10896306169745232018*2^64 + 15637852899850467916*2^128 + 56262105304*2^192,281690716865761280 + 7180633580181593957*2^64 + 461673145089877335*2^128 + 23337488658*2^192,13352897169418879744 + 15091246740603292079*2^64 + 8745979282451074522*2^128 + 84630994655*2^192,16392611660319774720 + 8567821609418105089*2^64 + 12936860910182589908*2^128 + 118627903246*2^192,15031374296439427072 + 6459957671697027963*2^64 + 10997251160986383010*2^128 + 135294070273*2^192,7225448696835115008 + 11968280714396785856*2^64 + 2138516677754374626*2^128 + 85672377735*2^192,8849578685843177472 + 15594200416205903317*2^64 + 17765748999723488829*2^128 + 132447161215*2^192,16258493363280744448 + 12502433867885510626*2^64 + 6266560036892750785*2^128 + 67301838940*2^192,16929896793026154496 + 16785284779445343848*2^64 + 13294048027614609110*2^128 + 57762219893*2^192,8539263326132533248 + 116369728383230282*2^64 + 10483880499187642658*2^128 + 3403099407*2^192;\
3202814484061935616 + 2494070280876059965*2^64 + 2600779390731592863*2^128 + 5275075243*2^192,16818660132635271168 + 6129820975875326698*2^64 + 6010023179448777798*2^128 + 87572296634*2^192,13461037899286679936 + 8983824239966566893*2^64 + 12676542197707898869*2^128 + 106721024358*2^192,11058349048815851648 + 6007052072918601494*2^64 + 17101340902459068712*2^128 + 86814671696*2^192,17143854430721869824 + 11339794779581410069*2^64 + 9828500086299486208*2^128 + 125773930769*2^192,14507915243789167360 + 11378257951042637427*2^64 + 18411408191742625083*2^128 + 36017205325*2^192,7621931949946760192 + 14917915427165694283*2^64 + 3179454168715094978*2^128 + 85524050095*2^192,659456038561800448 + 17355354135862814566*2^64 + 3385268821933816573*2^128 + 72835860046*2^192,8422947230087626752 + 7407916502154505062*2^64 + 6883576936199664857*2^128 + 86190203741*2^192,7345758062832768000 + 5458328330960888122*2^64 + 7499573789670133006*2^128 + 116397534057*2^192,11527982653214018560 + 10387919430974219309*2^64 + 10680904420171156999*2^128 + 121257432029*2^192,7686694993501964288 + 9741770721973038748*2^64 + 6555641383286546371*2^128 + 71149145536*2^192,5674375395364684544 + 8145734946210537165*2^64 + 5380495395409913164*2^128 + 72830820878*2^192,1598913499773810688 + 5541079931615930168*2^64 + 14252491141833467683*2^128 + 52623275294*2^192,4592844609274400768 + 12039903251478394910*2^64 + 12737028008496240049*2^128 + 33490786819*2^192,3138902233246334976 + 2579157631130320680*2^64 + 8249458143646242434*2^128 + 18599667205*2^192,17764097601306185728 + 14884673907532488406*2^64 + 9355125505534623459*2^128 + 106765433328*2^192,803551980730603520 + 13035627043978333054*2^64 + 1299038708247471524*2^128 + 42283423816*2^192,9186220438096142336 + 689974678756594243*2^64 + 7411877385642303316*2^128 + 90693116344*2^192,7934163269673756672 + 16098240357613548612*2^64 + 11665704366064933579*2^128 + 84193796067*2^192;\
16788958192123468248 + 7099790813639454160*2^64 + 4687827222893171233*2^128 + 62916376220*2^192,16573367118899304828 + 13544154387677624899*2^64 + 11750453114123322853*2^128 + 59463163354*2^192,1862476664430327941 + 15155510556729836700*2^64 + 13362608879645344884*2^128 + 65402653872*2^192,10196790142691328620 + 8518120715808315328*2^64 + 10884389053505329872*2^128 + 130065147852*2^192,9233670581727538152 + 7709422757136353430*2^64 + 8630387680495844030*2^128 + 70472007244*2^192,7328299651665327760 + 16305258021175689894*2^64 + 18385546818780216660*2^128 + 22633767090*2^192,12066496306775235600 + 9858017279820362689*2^64 + 1484901523493094200*2^128 + 118983683969*2^192,3209851481623574056 + 3962128610681674561*2^64 + 4036555594697537139*2^128 + 4120082606*2^192,939103029858892000 + 7406378053052923854*2^64 + 16141669956884501548*2^128 + 51783476422*2^192,200203676976767760 + 6295682631853150066*2^64 + 13742766230209050660*2^128 + 96920795447*2^192,3328387639709338672 + 780820204668914284*2^64 + 16929860858496570177*2^128 + 114292398874*2^192,10064830627567606064 + 3118077811753096470*2^64 + 15310322841591956823*2^128 + 43590720742*2^192,1181144866022112696 + 5615754847980796561*2^64 + 3930180211541700539*2^128 + 90742990448*2^192,14014446514119193456 + 17093723551078472901*2^64 + 17484720071939687846*2^128 + 80811654941*2^192,10448146372770306112 + 17437149240062783863*2^64 + 6068948863015153319*2^128 + 27195750250*2^192,4157634919455169920 + 9476191481678263207*2^64 + 10564883214541042022*2^128 + 110143299049*2^192,14731153953958794704 + 5650495561414331629*2^64 + 8965478602116987079*2^128 + 30650151030*2^192,339125185240066416 + 17467178023693287634*2^64 + 3906214883171260853*2^128 + 62491461089*2^192,3888323603729689712 + 5581732794403428544*2^64 + 2631386540464858897*2^128 + 71706192859*2^192,10614444040205853616 + 820427156655216423*2^64 + 470573937025350301*2^128 + 24869267571*2^192;\
7186160974804772864 + 3326233911921439916*2^64 + 15271800036556764597*2^128 + 1171207071*2^192,5672442230083420160 + 16633312856756604065*2^64 + 3739781827622287469*2^128 + 30797914784*2^192,10965926820029971840 + 6754332701386267480*2^64 + 7450256234169821930*2^128 + 125373628740*2^192,4455455387208129408 + 10914790051550113675*2^64 + 9760711244404862810*2^128 + 8731731935*2^192,8548873799894632448 + 9341524593157627035*2^64 + 3441986464161808027*2^128 + 115185689148*2^192,11099805473733350656 + 9286190213626484525*2^64 + 13561720886002895285*2^128 + 61773813585*2^192,2490790954011889408 + 10703876428824506406*2^64 + 5415259298550571167*2^128 + 57276050128*2^192,15500052275878169088 + 8665082538174402817*2^64 + 18406628720951010951*2^128 + 130811976730*2^192,2817611993244925952 + 12102085895916494200*2^64 + 3945857118218277008*2^128 + 11300453960*2^192,2981030263935351040 + 5132507942708795165*2^64 + 6369456555634732914*2^128 + 132157094918*2^192,4955779760457651200 + 4392394786063340211*2^64 + 10710287878460876863*2^128 + 115859193741*2^192,16398570878259574784 + 11575908305118154563*2^64 + 1340044635142178722*2^128 + 33245483835*2^192,9588973706182884608 + 16958383809733405400*2^64 + 11572551025517097391*2^128 + 127218828649*2^192,7377312159817410560 + 5358784983238807012*2^64 + 15913333461419307337*2^128 + 130585800825*2^192,12135203330880925696 + 8444486285419389705*2^64 + 3028198442373862970*2^128 + 103863416053*2^192,8334191899448983552 + 7074402620424177832*2^64 + 14620104144168832410*2^128 + 30770396179*2^192,17120467309188067328 + 202445989821852760*2^64 + 2329770375222858456*2^128 + 130534685777*2^192,13329435797540714496 + 12624124624248940953*2^64 + 4745879841655370764*2^128 + 105840402122*2^192,9328131605092057088 + 6849030989175868898*2^64 + 7317348559225738101*2^128 + 114232264427*2^192,5461578206986512384 + 18128259164200682738*2^64 + 4151941125989096464*2^128 + 49765209699*2^192;\
7843363175691082112 + 11470701500977263961*2^64 + 10764197980497321706*2^128 + 29443189656*2^192,2444976343300410080 + 18399689217987772608*2^64 + 7025659800695928541*2^128 + 39360572069*2^192,2972201254219526376 + 15998398975129836521*2^64 + 1698935879539311621*2^128 + 38562445734*2^192,18048879579560634144 + 16250666690524450334*2^64 + 13135688541527080729*2^128 + 119913761103*2^192,1877546347609701696 + 16897256523515007644*2^64 + 16719204462182611770*2^128 + 37972444399*2^192,12653701271721159552 + 4665242593748999589*2^64 + 8936115526307240027*2^128 + 23141363152*2^192,14957835239222658688 + 6319497794058369555*2^64 + 14302842297628404296*2^128 + 108651150875*2^192,7766325683305428032 + 3710784878953097586*2^64 + 3968438814475222999*2^128 + 64432786637*2^192,653939867802325760 + 8379665880930067251*2^64 + 8657413205526661743*2^128 + 35278742054*2^192,5864043778414915968 + 2614263677401701249*2^64 + 4565954063660530169*2^128 + 125720313295*2^192,3146098915188112000 + 6076157389388534067*2^64 + 6208150778067397828*2^128 + 130082049841*2^192,16120308518497300352 + 5056211388600537078*2^64 + 6064557776670831541*2^128 + 15988101935*2^192,1220198943152284608 + 18128226425800658195*2^64 + 16490360582544743430*2^128 + 36032213065*2^192,2220390715451290496 + 9749443937507763992*2^64 + 9248041024573615102*2^128 + 102563828248*2^192,6583770647777627136 + 3601240434743501553*2^64 + 5210792168723618515*2^128 + 97460580359*2^192,2794135576843196928 + 16332692603499197661*2^64 + 9710460311434198526*2^128 + 16348996110*2^192,1672577466037322880 + 3221632163753196333*2^64 + 935847951472653956*2^128 + 55394835400*2^192,9959464357481779072 + 13776261756556577490*2^64 + 1882094616219399748*2^128 + 27576761981*2^192,17021028541582388608 + 4012376159042198192*2^64 + 2661704577500971370*2^128 + 47036854825*2^192,7671709276175618944 + 14512612183759056629*2^64 + 319296096769129494*2^128 + 19786777104*2^192;\
10041937452078290640 + 1047953732211361491*2^64 + 15366713547471638415*2^128 + 106670694787*2^192,18378500005979278968 + 11317040773200965187*2^64 + 15927299842070078402*2^128 + 52324928741*2^192,11644869027168128234 + 11691672542836529169*2^64 + 11922912930633221519*2^128 + 75837669939*2^192,17775690126190456120 + 646915044774682124*2^64 + 3470398206356133971*2^128 + 27491983777*2^192,3420144535313099728 + 3823266784053692391*2^64 + 10933456581965314320*2^128 + 111908793222*2^192,16570949349082764064 + 6223708389572010791*2^64 + 6800790804371896779*2^128 + 125718077613*2^192,1028790641639838880 + 2381045832678445738*2^64 + 9138591940787958255*2^128 + 61908764611*2^192,11152903434243022544 + 16274791020400811986*2^64 + 5033401582878142052*2^128 + 81599311625*2^192,16145794186256394432 + 14975351475128442171*2^64 + 1836942772395871037*2^128 + 87870015889*2^192,11402061394953090336 + 17519322515520014207*2^64 + 12178266639965880794*2^128 + 19006101224*2^192,8839183752944794464 + 9813301458533976302*2^64 + 15334377582053982841*2^128 + 96301312105*2^192,14552885562643231584 + 9220449389031099287*2^64 + 16411581763376025779*2^128 + 54630957285*2^192,9291660379746765552 + 9940811761484381720*2^64 + 14244672412657183435*2^128 + 11311170743*2^192,11693580489281592160 + 16890086291911442103*2^64 + 12099194036748991062*2^128 + 79472262038*2^192,9292980976521998976 + 11516921672053371713*2^64 + 13730050861307174464*2^128 + 9035138217*2^192,5516624986855788544 + 2018391297265168718*2^64 + 940784457678966984*2^128 + 33306877937*2^192,9907807246995849888 + 17957076382134542851*2^64 + 582599504901015986*2^128 + 117515253358*2^192,2839202914081337056 + 3594481890512502663*2^64 + 7784845223806209052*2^128 + 40909494510*2^192,4320586760283437536 + 11850774654901089589*2^64 + 3998343185340738278*2^128 + 23767438521*2^192,296891285775391328 + 15039771957022283944*2^64 + 10444319029040629433*2^128 + 77476856152*2^192;\
1672553862170937856 + 14077326783935043928*2^64 + 8101027704718336513*2^128 + 25101202943*2^192,10154290190759881216 + 7697415024876564207*2^64 + 18031689427503898060*2^128 + 69137975272*2^192,4443020887009469184 + 16070321910661364172*2^64 + 7803987096108556946*2^128 + 44459448663*2^192,17830218817130011776 + 6524624436568544160*2^64 + 11394615551201520644*2^128 + 62577635410*2^192,14241417636165866496 + 14464789718829017827*2^64 + 17713533656920581306*2^128 + 11650097502*2^192,1830745417091542784 + 13597855329021185030*2^64 + 16788318418060282194*2^128 + 134458095153*2^192,10127920708085558016 + 1814018344130055023*2^64 + 8666872953167360696*2^128 + 101066724851*2^192,13132315100660908544 + 8407049091563882269*2^64 + 4907342347530713705*2^128 + 80307515426*2^192,15585340205958488064 + 13548965878941596755*2^64 + 12256891555877530087*2^128 + 35558656258*2^192,15581876503152709376 + 16647881014170378902*2^64 + 2472161316553885553*2^128 + 99436652948*2^192,10968979878926329856 + 8576392145049689546*2^64 + 18058545191936224443*2^128 + 90290358857*2^192,1853307836981315584 + 14789328801734614988*2^64 + 3368868159597617567*2^128 + 13953866779*2^192,4280681873493491200 + 14781532542058084607*2^64 + 9235527618907018081*2^128 + 31954657388*2^192,7858004656365322240 + 11366849927894125338*2^64 + 12735176601595060363*2^128 + 108904841503*2^192,5099749309176684544 + 3847654450105481704*2^64 + 241595931952494015*2^128 + 100197049571*2^192,1745911853909856256 + 2464395834844877312*2^64 + 9415696200156229800*2^128 + 88092159657*2^192,1706171422643671040 + 17816980194918972814*2^64 + 2313476944135223304*2^128 + 100568775200*2^192,13015412247475105792 + 11951188328708706794*2^64 + 568296448374250211*2^128 + 133480627210*2^192,973188487316948992 + 15914780207895168547*2^64 + 3691484202329143112*2^128 + 30137088351*2^192,13818886273546076160 + 8719482421890870522*2^64 + 9020020336124952853*2^128 + 66958982697*2^192;\
8537446544270028768 + 9568399377808160146*2^64 + 18292841086457373510*2^128 + 82131834843*2^192,13516121705218753840 + 6990562440565244266*2^64 + 14742632915397816191*2^128 + 26174943463*2^192,7170198119319261860 + 1915638263778422495*2^64 + 16359252550640731153*2^128 + 30309220518*2^192,4972835698389162768 + 16940853995549123285*2^64 + 13454080939759916679*2^128 + 92825004862*2^192,14877038226623706912 + 17662626736301488254*2^64 + 11564918071607996029*2^128 + 76234695952*2^192,18431499895545726528 + 4761092658725474311*2^64 + 3950449764002302883*2^128 + 120147774812*2^192,4327161364434942272 + 13550299050547856149*2^64 + 1684276889628646006*2^128 + 5936237435*2^192,13112011294424922144 + 5443579397497892837*2^64 + 12334482829159434570*2^128 + 126833159290*2^192,2494060797611700608 + 16973191267497723356*2^64 + 15363748603447638090*2^128 + 107994171845*2^192,14939301272897818944 + 2150979657868989936*2^64 + 4209386607071473594*2^128 + 99372086381*2^192,17693960366971034304 + 17408874375834294760*2^64 + 16215604380080345057*2^128 + 64248305593*2^192,8724193860898299840 + 13086283101748475210*2^64 + 11701660458755957620*2^128 + 57642144589*2^192,2670082502583226208 + 3380734648104546618*2^64 + 13091148478172361832*2^128 + 116182858897*2^192,2910739868628309440 + 16135606416660899234*2^64 + 5037896961258337668*2^128 + 74565046858*2^192,2015529542423018752 + 13661984848183082543*2^64 + 504607712830043272*2^128 + 98920083347*2^192,16588561991806839296 + 3052692223323504212*2^64 + 1748594670005035170*2^128 + 65634833649*2^192,13086451915999369792 + 18268724984870567421*2^64 + 3271712748558297999*2^128 + 76537047712*2^192,16610590512266411712 + 13143928478161539972*2^64 + 3054132949434820491*2^128 + 124447939133*2^192,13421944421801337024 + 14460902546168708312*2^64 + 6842083744157361833*2^128 + 120556061163*2^192,4866696558256442304 + 14808647512568194000*2^64 + 12973111295297383261*2^128 + 101726188366*2^192;\
5840658349351512536 + 18180021327979420013*2^64 + 6410025960789956479*2^128 + 78273350320*2^192,5777327647089299036 + 2307789409038172868*2^64 + 5821983619666804530*2^128 + 25315461527*2^192,12398425784695786157 + 5495724448530340939*2^64 + 8987934916123592605*2^128 + 37747078810*2^192,4817965971734236780 + 12397895438444282915*2^64 + 12478039730250828268*2^128 + 134179028396*2^192,16320261328718879016 + 7294170764385651634*2^64 + 10227623155234476639*2^128 + 79563749145*2^192,14819537333376134544 + 12789193580114358991*2^64 + 13213747961334853333*2^128 + 92106475656*2^192,13151097902098795408 + 1103589291671890798*2^64 + 10286289593475803162*2^128 + 94085065548*2^192,9018007678293612008 + 12935997362346813114*2^64 + 9107170973404965387*2^128 + 107692319790*2^192,17950863851946038240 + 9026478713153178922*2^64 + 7436902629438104999*2^128 + 32094990396*2^192,3107694415464042128 + 3125449237538934381*2^64 + 17385701371600359434*2^128 + 48492154250*2^192,5938665590049786800 + 10770672080041649391*2^64 + 6069358417725775527*2^128 + 26001357324*2^192,12551805592278205104 + 8547807227427975078*2^64 + 9754039464545197862*2^128 + 65654484065*2^192,335940017159405560 + 17641091563727499335*2^64 + 2269136500500342623*2^128 + 49180134508*2^192,9667135433715795824 + 1077965988469382026*2^64 + 11637345688340935322*2^128 + 35273788968*2^192,15946466266296226368 + 14873981691525369831*2^64 + 6662697244578873326*2^128 + 20625080234*2^192,13261188034605740416 + 12113468161413247400*2^64 + 8316678261744125306*2^128 + 128181153915*2^192,11033979906272675408 + 7871899685606530955*2^64 + 2348448758658007687*2^128 + 49202304951*2^192,10115060918107572976 + 18084280329135091267*2^64 + 5223808494835118962*2^128 + 4671397907*2^192,1900317012054072816 + 10723592517402190265*2^64 + 7894353714160482756*2^128 + 107224054747*2^192,7523400409632962352 + 6058686272954255403*2^64 + 9899638908134127170*2^128 + 61974422219*2^192;\
11817277089603553664 + 12152973652657189871*2^64 + 9256560344268678481*2^128 + 5313712138*2^192,12575714482058425728 + 15104897059011785225*2^64 + 13308219486591858359*2^128 + 104119996828*2^192,7767342475501788320 + 16669546886653756850*2^64 + 10435045337373626180*2^128 + 57171272904*2^192,9065664190611733248 + 185056251302028399*2^64 + 13193184169089172545*2^128 + 48428078913*2^192,16805117450377976576 + 1046617519527581492*2^64 + 1395772069222779494*2^128 + 54507712040*2^192,4228441416975400448 + 4138936789982387279*2^64 + 711287983182488421*2^128 + 60058765334*2^192,12805622573085039616 + 3202576399476508631*2^64 + 283332629951301255*2^128 + 71790746066*2^192,8580522029826981120 + 18006576207325598362*2^64 + 10854599199851061612*2^128 + 47256675967*2^192,11917289162388915200 + 15758009706000202316*2^64 + 7623294941523862656*2^128 + 117208097457*2^192,8151783304872237568 + 11137633786863008347*2^64 + 1917175348333878744*2^128 + 115159701597*2^192,14845623089701297664 + 3820790852378893407*2^64 + 17974068775571829808*2^128 + 71870386874*2^192,9153560886364071424 + 11355145710296672486*2^64 + 9926925497990245914*2^128 + 125079399444*2^192,7172258050771014400 + 10406013330688040021*2^64 + 7479770435999677643*2^128 + 8489872704*2^192,6245563892624812544 + 6986999469074302695*2^64 + 9301054228333123467*2^128 + 92875081597*2^192,1726655532056160256 + 3974237545269669476*2^64 + 4916717315049701498*2^128 + 87381743859*2^192,16477921390530166272 + 7344263365140769212*2^64 + 7758930830743659647*2^128 + 54873867642*2^192,10686284958648449536 + 5687643776312977573*2^64 + 15938375901151450912*2^128 + 80690130629*2^192,17382778494743836160 + 654387379952960*2^64 + 5851512528287412885*2^128 + 12367371669*2^192,70437312260715008 + 11654091772426200125*2^64 + 12758811418918647131*2^128 + 136791810651*2^192,6157483382972078592 + 13848360380434514792*2^64 + 5572741248492432107*2^128 + 52656157197*2^192;\
11229945910761960768 + 12489129644957026700*2^64 + 2473174970819255838*2^128 + 102206594549*2^192,14656463980982521680 + 15843947746516760753*2^64 + 9042476286251858544*2^128 + 127332449681*2^192,698098636166723356 + 13835871976177353934*2^64 + 12285974101971094165*2^128 + 93527066358*2^192,15255559421963736752 + 16438840618521395561*2^64 + 16987291266520151411*2^128 + 50886319009*2^192,14610402511385263328 + 9948021272656510798*2^64 + 11181517634505216353*2^128 + 93736372781*2^192,2509735752708453312 + 7412227161349572076*2^64 + 8691552511444930426*2^128 + 45989288005*2^192,15413249902531057984 + 2227280747602866051*2^64 + 15376884492798770787*2^128 + 48014392637*2^192,14787791288909819232 + 7930585992549511845*2^64 + 3939953871056617218*2^128 + 20260445841*2^192,3174049189379305856 + 1473631596815753021*2^64 + 13956383295114901689*2^128 + 103297596642*2^192,9105226632815005120 + 14639322389695416673*2^64 + 1210954646722303652*2^128 + 93266539765*2^192,9862660566717677888 + 882452298514916576*2^64 + 11858946955389636540*2^128 + 54991213739*2^192,7774817755184721728 + 10433952505636038753*2^64 + 18378245347447767070*2^128 + 131081955229*2^192,16598507829728452896 + 1348723027131722819*2^64 + 3049281574069731299*2^128 + 127334407620*2^192,13113171702053016256 + 10743513320042804705*2^64 + 2570516007714115953*2^128 + 39688456636*2^192,18123855188495457536 + 7804057068422371209*2^64 + 6362233941114821625*2^128 + 69760128612*2^192,5704651733456585472 + 11379377943952621181*2^64 + 15651470944244129925*2^128 + 4153766627*2^192,17182241800957435584 + 3901947393655771817*2^64 + 2144641285461693862*2^128 + 54146638483*2^192,13636504910441591616 + 16201772496895848504*2^64 + 13213354141958023838*2^128 + 20768922625*2^192,15714462949336634944 + 11922561923154364333*2^64 + 1974851653128440485*2^128 + 4647512951*2^192,13291242076581839168 + 17105499217563060353*2^64 + 15691965229875803218*2^128 + 95927983605*2^192;\
3128506484615911552 + 12398188149416774256*2^64 + 4574269398588318427*2^128 + 100720449140*2^192,1091086560710039216 + 1670321922405726150*2^64 + 4928761303385663773*2^128 + 57737156904*2^192,7543580260539825188 + 10562054618800605743*2^64 + 405186660777137834*2^128 + 92022577013*2^192,1482417924784105744 + 15623541995962398413*2^64 + 13718034486904968136*2^128 + 128258138054*2^192,5811703557319036960 + 9021304324351617166*2^64 + 652054137352717453*2^128 + 63112346454*2^192,9720250407311857216 + 1001789024319435377*2^64 + 9726085751816365025*2^128 + 7184473749*2^192,9580862105674863040 + 801084763418787844*2^64 + 8859846882638954846*2^128 + 60195236584*2^192,5275684007136147104 + 8096964469165913608*2^64 + 1178960083821593321*2^128 + 121719378517*2^192,8210956383721875072 + 7064779061028963069*2^64 + 504185462634750430*2^128 + 1576118958*2^192,63399541906569792 + 7817073452162041046*2^64 + 6113817242701598804*2^128 + 73311545383*2^192,17315907059580637888 + 15848088061426566401*2^64 + 11452667920607519896*2^128 + 39888661775*2^192,1700290478254115008 + 1760297264054164010*2^64 + 15085161234908785908*2^128 + 30914366357*2^192,12039328007236073696 + 14424834228465878030*2^64 + 8043291267651369232*2^128 + 26151163279*2^192,14922063750769229120 + 13541280128635606000*2^64 + 6099729552786238596*2^128 + 41901666426*2^192,3467559510590864128 + 938836098908116459*2^64 + 17697912564096639462*2^128 + 66688805817*2^192,8421440181430554880 + 14161439711114036831*2^64 + 12334631525439110955*2^128 + 21643935079*2^192,15076352532975479104 + 12361170001343153166*2^64 + 4257364663349418543*2^128 + 34314795353*2^192,17524012983753761984 + 1570856904595700957*2^64 + 4760466973949535538*2^128 + 136437946998*2^192,3717366293987517376 + 4286481071497241830*2^64 + 5137696644198918229*2^128 + 134727522147*2^192,16861632443458691264 + 18023055402418397703*2^64 + 15807083519151576110*2^128 + 137084914565*2^192;\
12117334558349730656 + 15624676948859659207*2^64 + 18320144435927970363*2^128 + 31076795209*2^192,10041631053137949216 + 8878292421430505537*2^64 + 2341386670030498843*2^128 + 132262921759*2^192,7396823849707481688 + 17723774401691741073*2^64 + 13208935984828339312*2^128 + 50375548283*2^192,382036104270278464 + 4688291596367382299*2^64 + 5861698203887636720*2^128 + 118139448545*2^192,951661700790943168 + 4551694441201494161*2^64 + 14807429692126074932*2^128 + 1228078309*2^192,6363009399985299328 + 12760106835204709599*2^64 + 778513251657495829*2^128 + 6667935301*2^192,14852967126803065344 + 12541080391616238743*2^64 + 13894011309319171274*2^128 + 8960350079*2^192,410947664378687552 + 9048314138462098472*2^64 + 13956973698318568976*2^128 + 12769522590*2^192,12697184611563096064 + 6996088368546285882*2^64 + 10519543100728846769*2^128 + 53806567986*2^192,12439479143804444800 + 6016013696386210146*2^64 + 1573188510112126255*2^128 + 43380440404*2^192,1317674372933792128 + 18354490360905905614*2^64 + 1264617392160636863*2^128 + 76354324235*2^192,15672846313726695808 + 3173230102937082257*2^64 + 4243006614918306993*2^128 + 25404696175*2^192,12308989933672960704 + 13693963203985330072*2^64 + 15201357143111615312*2^128 + 51275251420*2^192,3874935407895631104 + 15150386729226158854*2^64 + 13267691650367391086*2^128 + 68925265888*2^192,17259845082358808576 + 374903915560830908*2^64 + 2758801017595221139*2^128 + 14700587661*2^192,14201396615874287360 + 13302913067083673549*2^64 + 285296186138296280*2^128 + 92184152507*2^192,1953354441730965632 + 3065214241253308570*2^64 + 8528658095694336295*2^128 + 114445370921*2^192,18306424181979993728 + 792690155679700253*2^64 + 12678478718665063956*2^128 + 2301563700*2^192,18021532238553856384 + 11653755648251359765*2^64 + 17680077822960885589*2^128 + 14836626804*2^192,7665444911739542912 + 14396679954067121052*2^64 + 8382213297192814424*2^128 + 131508939211*2^192;\
2129939458006796576 + 16467582310539913922*2^64 + 9072432649259653282*2^128 + 11418732352*2^192,12663673000828885584 + 6202391069978113702*2^64 + 5209219931864325125*2^128 + 42467835417*2^192,5564869567705965340 + 12818222558162680393*2^64 + 13057083146805353603*2^128 + 120285592259*2^192,9022871137965339856 + 14328048072141210826*2^64 + 243500826412850758*2^128 + 14370428181*2^192,14393351105887130080 + 10317995207257823777*2^64 + 7302405030571240407*2^128 + 51355636960*2^192,11523897285251558336 + 2289564720626151362*2^64 + 16859018513568624556*2^128 + 60682308662*2^192,6919967228094419648 + 3885755147356539619*2^64 + 7928836803095248921*2^128 + 46048548482*2^192,9431943490400897504 + 6640401442402088976*2^64 + 11068676819718276421*2^128 + 119365934636*2^192,16307456588861214336 + 13438865549536564410*2^64 + 10170352428632692680*2^128 + 9730498296*2^192,13982420409642889408 + 1204623943126073601*2^64 + 8618360927485803709*2^128 + 62000661464*2^192,3564740176171719744 + 6811543547645538558*2^64 + 1284692773688172489*2^128 + 130171500732*2^192,9999345374744122432 + 11933399010948879350*2^64 + 3513425330856751916*2^128 + 32307314060*2^192,11195037866859045536 + 14730389686001541552*2^64 + 18232956619920632198*2^128 + 136926607355*2^192,3042034047741363264 + 623198683935898642*2^64 + 17114043767719267034*2^128 + 74974153964*2^192,9983196599853950720 + 2845630146104908639*2^64 + 6827801995439856992*2^128 + 72686401804*2^192,15241973119667693568 + 11206968868861598304*2^64 + 527282316968812391*2^128 + 65508036348*2^192,4871921006319668672 + 14009043668625827131*2^64 + 9491038952159898377*2^128 + 1388826582*2^192,3528337678818552640 + 16758484330764695206*2^64 + 7999278285723787967*2^128 + 92152142964*2^192,5343107428598575424 + 770910534721105009*2^64 + 17607667709174938253*2^128 + 36100031332*2^192,2189383548412879424 + 14715514963053583776*2^64 + 11132567062852001694*2^128 + 86287015273*2^192]
/* 
This matrix times 2^(-7) should be the matrix of frobenius.
*/ 
B = 2^(-7) * A; 
/* Freed 6284 lists. */
The sign is: -1
The characteristic polynomial is: x^20 - 18*x^16 + x^15 - 20*x^14 + 256*x^12 - 96*x^11 + 384*x^9 - 4096*x^8 + 5120*x^6 - 1024*x^5 + 73728*x^4 - 1048576
Its Newton polygon is: [2, 2, 2, 2, 2, 1, 1, 1, 1, 1, 1, 1, 1, 1, 1, 0, 0, 0, 0, 0]
Its factorization is: [x - 2, 1; x + 2, 1; x^18 + 4*x^16 - 2*x^14 + x^13 - 28*x^12 + 4*x^11 + 144*x^10 - 80*x^9 + 576*x^8 + 64*x^7 - 1792*x^6 + 256*x^5 - 2048*x^4 + 65536*x^2 + 262144, 1]
The valuation of f-g is: 24
The valuation of subst(g,x,A) is: 17
