/* Comments begin... 
No set up needed.

Please input coefficients below.
Coefficient of   x^23                     = Coefficient of   x^12 * w^2               = Coefficient of   x^6 * y^6 * w^1         = Coefficient of   x^5 * y^5 * z^1 * w^1   = Coefficient of   x^4 * y^4 * z^2 * w^1   = Coefficient of   x^3 * y^3 * z^3 * w^1   = Coefficient of   x^2 * y^2 * z^4 * w^1   = Coefficient of   x^1 * y^1 * z^5 * w^1   = Coefficient of   x^1 * w^4               = Coefficient of   y^12                     = Coefficient of   z^6 * w^1               = 
Here is the polynomial we're using this time:

1 + 0*2^64 + 0*2^128 + 0*2^192*x^23 + 1 + 0*2^64 + 0*2^128 + 0*2^192*x^12*w^2 + 1 + 0*2^64 + 0*2^128 + 0*2^192*x^5*y^5*z^1*w^1 + 1 + 0*2^64 + 0*2^128 + 0*2^192*x^4*y^4*z^2*w^1 + 1 + 0*2^64 + 0*2^128 + 0*2^192*x^1*w^4 + 1 + 0*2^64 + 0*2^128 + 0*2^192*y^12 + 1 + 0*2^64 + 0*2^128 + 0*2^192*z^6*w^1


Allocate G_len 20 elements and old = 0.
Allocate M_len = 400 elements.
Allocate G_len 40 elements and old = 20.
Allocate M_len = 800 elements.
Allocate G_len 80 elements and old = 40.
Allocate M_len = 1600 elements.
Allocate M_len = 3200 elements.
Allocate G_len 160 elements and old = 80.
Allocate M_len = 6400 elements.
Allocate M_len = 12800 elements.
Allocate G_len 320 elements and old = 160.
Allocate M_len = 25600 elements.
Allocate M_len = 51200 elements.
Allocate G_len 640 elements and old = 320.
Allocate M_len = 102400 elements.
Allocate M_len = 204800 elements.
Allocate G_len 1280 elements and old = 640.
Allocate M_len = 409600 elements.
Allocate M_len = 819200 elements.
Allocate G_len 2560 elements and old = 1280.
The final length of G is 851
[5, 5, 0, 1, 0]  	241	3 
[5, 4, 1, 1, 0]  	253	3 
[22, 0, 0, 0, 0]  	264	5  <--- 1
[12, 0, 0, 2, 0]  	276	3 
[4, 4, 2, 1, 0]  	276	3 
[15, 5, 1, 0, 0]  	330	7 
[10, 10, 1, 0, 0]  	385	6 
[6, 13, 1, 0, 0]  	406	8 
[6, 1, 7, 1, 0]  	406	8 
[11, 12, 0, 0, 0]  	408	3 
[11, 0, 6, 1, 0]  	408	12 
[9, 10, 2, 0, 0]  	408	12 
[8, 9, 3, 0, 0]  	408	12 
[21, 4, 2, 0, 0]  	414	9 
[5, 14, 1, 0, 0]  	417	8 
[5, 2, 7, 1, 0]  	417	7 
[5, 1, 6, 2, 0]  	425	3 
[18, 0, 6, 0, 0]  	426	9 
[5, 13, 2, 0, 0]  	429	8 
[5, 1, 8, 1, 0]  	429	8 
[10, 0, 7, 1, 0]  	431	13 
[7, 9, 4, 0, 0]  	431	13 
[20, 4, 3, 0, 0]  	437	11 
[8, 0, 6, 2, 0]  	438	7 
[5, 12, 3, 0, 0]  	441	9 
[7, 11, 3, 0, 0]  	442	12 
[7, 8, 5, 0, 0]  	443	12 
[14, 9, 2, 0, 0]  	445	11 
[5, 17, 0, 0, 0]  	451	6 
[4, 16, 1, 0, 0]  	451	6 
[9, 0, 8, 1, 0]  	454	13 
[6, 9, 5, 0, 0]  	454	13 
[6, 6, 7, 0, 0]  	455	9 
[11, 5, 6, 0, 0]  	457	9 
[19, 4, 4, 0, 0]  	460	13 
[4, 0, 8, 2, 0]  	460	6 
[4, 15, 2, 0, 0]  	463	6 
[4, 3, 8, 1, 0]  	463	7 
[6, 11, 4, 0, 0]  	465	12 
[5, 7, 7, 0, 0]  	466	13 
[10, 6, 6, 0, 0]  	468	12 
[3, 16, 2, 0, 0]  	474	8 
[3, 4, 8, 1, 0]  	474	8 
[4, 14, 3, 0, 0]  	475	8 
[4, 2, 9, 1, 0]  	475	8 
[5, 0, 10, 1, 0]  	476	10 
[8, 0, 9, 1, 0]  	477	12 
[5, 9, 6, 0, 0]  	477	12 
[5, 6, 8, 0, 0]  	478	13 
[4, 5, 9, 0, 0]  	478	13 
[18, 4, 5, 0, 0]  	483	15 
[4, 13, 4, 0, 0]  	487	8 
[4, 1, 10, 1, 0]  	487	8 
[5, 11, 5, 0, 0]  	488	11 
[8, 5, 8, 0, 0]  	491	14 
[4, 12, 5, 0, 0]  	499	10 
[3, 5, 10, 0, 0]  	501	12 
[4, 0, 0, 7, 0]  	510	9 
[3, 7, 9, 0, 0]  	512	11 
[3, 4, 11, 0, 0]  	513	12 
[6, 4, 10, 0, 0]  	514	14 
[17, 3, 7, 0, 0]  	518	16 
[3, 1, 0, 7, 0]  	521	9 
[4, 10, 7, 0, 0]  	523	11 
[4, 5, 1, 5, 0]  	528	7 
[3, 17, 1, 1, 0]  	528	6 
[3, 5, 7, 2, 0]  	528	6 
[16, 4, 7, 0, 0]  	529	16 
[17, 2, 8, 0, 0]  	530	14 
[4, 21, 0, 0, 0]  	531	8 
[4, 0, 12, 1, 0]  	534	9 
[4, 14, 1, 2, 0]  	537	14 
[11, 4, 9, 0, 0]  	539	15 
[16, 3, 8, 0, 0]  	541	16 
[17, 1, 9, 0, 0]  	542	14 
[3, 10, 8, 0, 0]  	546	10 
[3, 5, 0, 6, 0]  	547	11 
[4, 3, 1, 6, 0]  	548	12 
[6, 2, 1, 6, 0]  	549	13 
[5, 1, 2, 6, 0]  	549	12 
[2, 0, 0, 8, 0]  	552	6 
[14, 0, 11, 0, 0]  	553	11 
[17, 0, 10, 0, 0]  	554	11 
[3, 4, 1, 6, 0]  	559	9 
[2, 16, 1, 2, 0]  	559	10 
[4, 3, 7, 3, 0]  	560	12 
[4, 2, 2, 6, 0]  	560	11 
[9, 1, 1, 6, 0]  	562	15 
[2, 4, 9, 2, 0]  	563	8 
[15, 3, 9, 0, 0]  	564	15 
[4, 17, 0, 2, 0]  	571	10 
[3, 4, 7, 3, 0]  	571	9 
[3, 3, 2, 6, 0]  	571	9 
[2, 4, 13, 0, 0]  	571	9 
[4, 13, 1, 3, 0]  	580	11 
[4, 1, 7, 4, 0]  	580	9 
[3, 13, 7, 0, 0]  	580	9 
[3, 1, 13, 1, 0]  	580	9 
[2, 5, 7, 3, 0]  	582	7 
[2, 4, 2, 6, 0]  	582	7 
[3, 2, 3, 6, 0]  	583	11 
[14, 3, 10, 0, 0]  	587	13 
[2, 1, 6, 5, 0]  	587	8 
[3, 3, 12, 1, 0]  	591	8 
[3, 0, 14, 1, 0]  	592	6 
[2, 11, 9, 0, 0]  	592	8 
[2, 6, 1, 6, 0]  	593	8 
[2, 4, 8, 3, 0]  	594	7 
[1, 4, 14, 0, 0]  	594	7 
[3, 1, 4, 6, 0]  	595	12 
[11, 2, 12, 0, 0]  	598	12 
[2, 5, 0, 7, 0]  	601	8 
[3, 0, 3, 7, 0]  	603	7 
[1, 17, 2, 2, 0]  	605	7 
[1, 5, 8, 3, 0]  	605	6 
[2, 2, 4, 6, 0]  	606	9 
[4, 10, 0, 5, 0]  	608	12 
[2, 4, 1, 7, 0]  	613	5 
[2, 0, 15, 1, 0]  	615	5 
[1, 9, 0, 6, 0]  	615	5 
[2, 9, 11, 0, 0]  	616	5 
[1, 19, 1, 2, 0]  	616	5 
[1, 7, 7, 3, 0]  	616	5 
[1, 6, 2, 6, 0]  	616	5 
[1, 16, 3, 2, 0]  	617	5 
[1, 4, 9, 3, 0]  	617	5 
[1, 12, 0, 5, 0]  	618	8 
[1, 3, 6, 5, 0]  	621	8 
[2, 4, 7, 4, 0]  	625	5 
[1, 16, 7, 0, 0]  	625	5 
[1, 4, 13, 1, 0]  	625	5 
[1, 2, 3, 7, 0]  	625	5 
[2, 0, 4, 7, 0]  	626	7 
[1, 21, 0, 2, 0]  	627	5 
[1, 9, 6, 3, 0]  	627	4 
[1, 8, 1, 6, 0]  	627	4 
[2, 8, 12, 0, 0]  	628	4 
[1, 5, 3, 6, 0]  	628	4 
[0, 17, 3, 2, 0]  	628	4 
[0, 13, 0, 5, 0]  	629	5 
[1, 24, 0, 1, 0]  	630	8 
[1, 12, 6, 2, 0]  	630	7 
[3, 23, 0, 1, 0]  	631	10 
[3, 11, 6, 2, 0]  	631	9 
[1, 2, 7, 5, 0]  	633	8 
[1, 17, 1, 3, 0]  	636	7 
[1, 5, 7, 4, 0]  	636	6 
[0, 17, 7, 0, 0]  	636	5 
[1, 1, 4, 7, 0]  	637	5 
[1, 0, 16, 1, 0]  	638	5 
[1, 9, 12, 0, 0]  	639	3 
[0, 19, 2, 2, 0]  	639	3 
[0, 8, 13, 0, 0]  	639	3 
[1, 4, 4, 6, 0]  	640	3 
[0, 16, 4, 2, 0]  	640	4 
[1, 1, 6, 6, 0]  	641	6 
[2, 0, 12, 3, 0]  	642	7 
[3, 9, 2, 5, 0]  	643	6 
[2, 21, 2, 1, 0]  	643	6 
[2, 9, 8, 2, 0]  	643	6 
[10, 3, 13, 0, 0]  	644	11 
[13, 0, 14, 0, 0]  	646	11 
[3, 25, 1, 0, 0]  	646	10 
[0, 16, 8, 0, 0]  	648	4 
[2, 15, 8, 0, 0]  	649	8 
[2, 3, 14, 1, 0]  	649	7 
[0, 7, 14, 0, 0]  	651	2 
[0, 6, 9, 3, 0]  	651	2 
[1, 2, 0, 9, 0]  	652	3 
[1, 1, 12, 3, 0]  	653	6 
[4, 0, 6, 6, 0]  	654	7 
[3, 11, 1, 5, 0]  	654	8 
[2, 10, 2, 5, 0]  	654	5 
[1, 22, 2, 1, 0]  	654	5 
[1, 10, 8, 2, 0]  	654	5 
[2, 20, 3, 1, 0]  	655	6 
[1, 5, 0, 8, 0]  	655	5 
[10, 2, 14, 0, 0]  	656	13 
[12, 1, 14, 0, 0]  	657	13 
[0, 6, 15, 0, 0]  	663	1 
[0, 5, 10, 3, 0]  	663	1 
[0, 4, 5, 6, 0]  	663	1 
[0, 3, 0, 9, 0]  	663	1 
[0, 14, 6, 2, 0]  	664	4 
[2, 2, 17, 0, 0]  	665	6 
[2, 0, 7, 6, 0]  	665	7 
[1, 11, 2, 5, 0]  	665	6 
[2, 9, 3, 5, 0]  	666	4 
[1, 21, 3, 1, 0]  	666	4 
[1, 9, 9, 2, 0]  	666	4 
[1, 4, 1, 8, 0]  	667	5 
[11, 0, 4, 6, 0]  	668	12 
[12, 0, 15, 0, 0]  	669	10 
[2, 0, 9, 5, 0]  	669	7 
[2, 10, 10, 1, 0]  	670	5 
[1, 7, 1, 7, 0]  	670	5 
[1, 3, 15, 1, 0]  	672	4 
[1, 0, 0, 10, 0]  	672	4 
[0, 12, 0, 6, 0]  	672	4 
[0, 5, 16, 0, 0]  	675	1 
[0, 4, 11, 3, 0]  	675	1 
[0, 3, 6, 6, 0]  	675	1 
[0, 2, 1, 9, 0]  	675	1 
[1, 3, 17, 0, 0]  	676	4 
[1, 0, 2, 9, 0]  	676	3 
[0, 25, 1, 1, 0]  	676	4 
[0, 13, 7, 2, 0]  	676	3 
[0, 12, 2, 5, 0]  	676	3 
[1, 10, 3, 5, 0]  	677	4 
[9, 0, 5, 6, 0]  	679	10 
[1, 16, 1, 4, 0]  	679	6 
[0, 28, 1, 0, 0]  	679	5 
[10, 0, 16, 0, 0]  	680	13 
[3, 28, 0, 0, 0]  	680	9 
[0, 4, 15, 1, 0]  	683	3 
[1, 0, 6, 7, 0]  	684	5 
[0, 27, 0, 1, 0]  	687	1 
[0, 4, 17, 0, 0]  	687	1 
[0, 3, 12, 3, 0]  	687	1 
[0, 2, 7, 6, 0]  	687	1 
[0, 1, 2, 9, 0]  	687	1 
[1, 2, 18, 0, 0]  	688	3 
[1, 0, 8, 6, 0]  	688	3 
[0, 24, 2, 1, 0]  	688	3 
[0, 12, 8, 2, 0]  	688	3 
[0, 11, 3, 5, 0]  	688	3 
[1, 9, 4, 5, 0]  	689	3 
[0, 21, 4, 1, 0]  	689	3 
[0, 9, 10, 2, 0]  	689	3 
[0, 21, 6, 0, 0]  	693	4 
[2, 20, 6, 0, 0]  	694	3 
[0, 6, 14, 1, 0]  	694	3 
[1, 0, 12, 4, 0]  	696	4 
[0, 12, 12, 0, 0]  	696	4 
[0, 3, 18, 0, 0]  	699	1 
[0, 2, 13, 3, 0]  	699	1 
[0, 1, 8, 6, 0]  	699	1 
[0, 0, 3, 9, 0]  	699	1 
[1, 1, 19, 0, 0]  	700	3 
[1, 0, 14, 3, 0]  	700	3 
[0, 23, 3, 1, 0]  	700	3 
[0, 11, 9, 2, 0]  	700	3 
[4, 1, 18, 0, 0]  	701	8 
[7, 1, 17, 0, 0]  	702	9 
[0, 4, 10, 4, 0]  	706	3 
[0, 25, 0, 2, 0]  	707	4 
[0, 13, 6, 3, 0]  	707	4 
[0, 2, 19, 0, 0]  	711	1 
[0, 1, 14, 3, 0]  	711	1 
[0, 0, 9, 6, 0]  	711	1 
[0, 9, 5, 5, 0]  	712	2 
[0, 18, 1, 4, 0]  	713	4 
[1, 1, 10, 5, 0]  	715	7 
[0, 2, 6, 7, 0]  	718	2 
[0, 12, 7, 3, 0]  	719	3 
[0, 11, 2, 6, 0]  	719	3 
[0, 1, 20, 0, 0]  	723	1 
[0, 0, 15, 3, 0]  	723	1 
[0, 6, 13, 2, 0]  	725	3 
[1, 0, 11, 5, 0]  	727	6 
[0, 2, 12, 4, 0]  	730	2 
[0, 9, 0, 8, 0]  	735	1 
[0, 0, 21, 0, 0]  	735	1  <--- 3
[0, 7, 7, 5, 0]  	736	2 
[0, 16, 3, 4, 0]  	737	3 
[0, 5, 14, 2, 0]  	737	3 
[9, 0, 18, 0, 0]  	738	10 
[0, 2, 18, 1, 0]  	742	2 
[0, 1, 13, 4, 0]  	742	2 
[0, 21, 0, 4, 0]  	747	1 
[0, 8, 1, 8, 0]  	747	1 
[0, 6, 8, 5, 0]  	748	2 
[0, 1, 19, 1, 0]  	754	2 
[0, 33, 0, 0, 0]  	759	1  <--- 2
[0, 7, 2, 8, 0]  	759	1 
[0, 5, 9, 5, 0]  	760	2 
[8, 0, 19, 0, 0]  	761	7 
[0, 6, 3, 8, 0]  	771	1 
[0, 5, 4, 8, 0]  	783	1 
[7, 0, 20, 0, 0]  	784	4 
[0, 0, 0, 12, 0]  	792	1  <--- 4
[12, 0, 0, 1, 1]  	210	5 
[1, 13, 0, 0, 1]  	311	4 
[9, 12, 0, 0, 1]  	384	7 
[11, 0, 0, 4, 1]  	396	11 
[8, 0, 5, 2, 1]  	403	7 
[7, 1, 5, 2, 1]  	414	6 
[4, 4, 1, 4, 1]  	439	8 
[3, 5, 1, 4, 1]  	450	8 
[3, 3, 8, 1, 1]  	451	6 
[4, 12, 4, 0, 1]  	464	9 
[10, 5, 7, 0, 1]  	480	10 
[3, 12, 3, 1, 1]  	483	7 
[3, 12, 5, 0, 1]  	487	8 
[4, 4, 10, 0, 1]  	490	13 
[14, 8, 4, 0, 1]  	492	15 
[3, 4, 3, 4, 1]  	497	8 
[3, 0, 0, 7, 1]  	498	6 
[17, 4, 6, 0, 1]  	506	17 
[3, 9, 0, 4, 1]  	507	7 
[4, 11, 6, 0, 1]  	511	10 
[2, 4, 4, 4, 1]  	520	8 
[2, 1, 6, 4, 1]  	521	9 
[7, 0, 5, 4, 1]  	523	11 
[3, 9, 8, 0, 1]  	523	10 
[4, 2, 1, 6, 1]  	525	12 
[10, 4, 9, 0, 1]  	527	16 
[3, 4, 2, 5, 1]  	528	8 
[2, 6, 3, 4, 1]  	531	7 
[2, 7, 10, 0, 1]  	535	10 
[4, 4, 0, 6, 1]  	536	12 
[2, 12, 5, 1, 1]  	541	7 
[1, 4, 5, 4, 1]  	543	6 
[2, 3, 0, 7, 1]  	555	6 
[1, 3, 6, 4, 1]  	555	6 
[2, 2, 1, 7, 1]  	567	6 
[1, 2, 7, 4, 1]  	567	6 
[2, 5, 1, 6, 1]  	570	8 
[4, 1, 3, 6, 1]  	572	12 
[2, 5, 3, 5, 1]  	574	8 
[1, 1, 6, 5, 1]  	575	7 
[2, 1, 2, 7, 1]  	579	6 
[1, 1, 8, 4, 1]  	579	6 
[2, 12, 8, 0, 1]  	580	7 
[2, 6, 12, 0, 1]  	582	8 
[2, 3, 14, 0, 1]  	583	10 
[10, 2, 12, 0, 1]  	586	14 
[2, 0, 3, 7, 1]  	591	6 
[2, 3, 3, 6, 1]  	594	7 
[3, 2, 9, 3, 1]  	595	10 
[1, 4, 1, 7, 1]  	601	6 
[2, 12, 3, 3, 1]  	603	7 
[2, 0, 9, 4, 1]  	603	7 
[1, 12, 9, 0, 1]  	603	6 
[2, 8, 0, 6, 1]  	604	6 
[1, 9, 11, 0, 1]  	604	7 
[3, 1, 10, 3, 1]  	607	9 
[2, 11, 0, 5, 1]  	607	10 
[2, 6, 11, 1, 1]  	613	6 
[1, 11, 10, 0, 1]  	615	5 
[1, 8, 12, 0, 1]  	616	5 
[2, 1, 5, 6, 1]  	618	9 
[2, 11, 6, 2, 1]  	619	8 
[3, 0, 13, 2, 1]  	623	6 
[2, 2, 14, 1, 1]  	626	7 
[3, 8, 6, 3, 1]  	628	4 
[1, 7, 13, 0, 1]  	628	4 
[0, 14, 5, 2, 1]  	629	5 
[2, 0, 6, 6, 1]  	630	8 
[5, 0, 5, 6, 1]  	631	13 
[9, 3, 13, 0, 1]  	632	12 
[13, 1, 13, 0, 1]  	634	14 
[1, 3, 14, 1, 1]  	637	5 
[0, 14, 9, 0, 1]  	637	5 
[0, 5, 15, 0, 1]  	640	4 
[0, 13, 6, 2, 1]  	641	5 
[1, 7, 4, 5, 1]  	643	5 
[9, 2, 14, 0, 1]  	644	9 
[1, 2, 17, 0, 1]  	653	7 
[6, 1, 16, 0, 1]  	655	7 
[0, 18, 5, 1, 1]  	655	5 
[10, 0, 4, 6, 1]  	656	11 
[0, 14, 4, 3, 1]  	660	4 
[1, 12, 5, 3, 1]  	661	6 
[1, 0, 11, 4, 1]  	661	5 
[1, 1, 1, 9, 1]  	664	5 
[0, 26, 0, 1, 1]  	664	5 
[4, 1, 17, 0, 1]  	666	5 
[0, 20, 4, 1, 1]  	666	4 
[8, 2, 15, 0, 1]  	667	10 
[1, 6, 11, 2, 1]  	667	5 
[0, 29, 0, 0, 1]  	667	6 
[0, 17, 6, 1, 1]  	667	5 
[9, 0, 16, 0, 1]  	668	9 
[1, 11, 4, 4, 1]  	669	6 
[0, 20, 6, 0, 1]  	670	5 
[0, 13, 5, 3, 1]  	672	4 
[1, 8, 10, 2, 1]  	678	4 
[0, 18, 0, 4, 1]  	678	4 
[0, 16, 7, 1, 1]  	679	5 
[0, 22, 5, 0, 1]  	681	5 
[0, 12, 6, 3, 1]  	684	4 
[3, 1, 18, 0, 1]  	689	4 
[8, 0, 17, 0, 1]  	691	8 
[0, 27, 2, 0, 1]  	691	5 
[0, 15, 8, 1, 1]  	691	5 
[0, 26, 3, 0, 1]  	703	5 
[7, 0, 18, 0, 1]  	714	7 
[0, 25, 4, 0, 1]  	715	6 
[2, 0, 20, 0, 1]  	724	4 
[6, 0, 19, 0, 1]  	737	6 
[4, 3, 3, 1, 2]  	288	4 
[8, 0, 5, 1, 2]  	337	8 
[7, 1, 5, 1, 2]  	348	7 
[8, 12, 0, 0, 2]  	372	6 
[11, 3, 2, 2, 2]  	403	6 
[8, 8, 4, 0, 2]  	420	11 
[7, 0, 6, 2, 2]  	426	6 
[4, 2, 8, 1, 2]  	440	7 
[4, 1, 9, 1, 2]  	452	8 
[17, 11, 0, 0, 2]  	457	11 
[6, 8, 6, 0, 2]  	466	13 
[2, 2, 10, 1, 2]  	486	7 
[4, 7, 8, 0, 2]  	489	12 
[8, 0, 0, 6, 2]  	492	8 
[2, 12, 0, 3, 2]  	498	6 
[14, 7, 5, 0, 2]  	504	13 
[3, 7, 7, 1, 2]  	508	8 
[1, 2, 11, 1, 2]  	509	7 
[4, 3, 0, 6, 2]  	513	12 
[6, 2, 0, 6, 2]  	514	13 
[3, 0, 10, 2, 2]  	518	7 
[1, 4, 10, 1, 2]  	520	7 
[6, 3, 11, 0, 2]  	526	12 
[2, 1, 10, 2, 2]  	529	6 
[6, 1, 5, 4, 2]  	534	12 
[4, 11, 1, 3, 2]  	534	9 
[3, 4, 6, 3, 2]  	536	11 
[7, 1, 1, 6, 2]  	538	12 
[10, 3, 10, 0, 2]  	539	13 
[3, 3, 7, 3, 2]  	548	11 
[7, 2, 12, 0, 2]  	550	13 
[15, 4, 8, 0, 2]  	552	15 
[1, 12, 0, 4, 2]  	552	6 
[3, 11, 2, 3, 2]  	557	8 
[1, 3, 10, 2, 2]  	563	7 
[6, 2, 13, 0, 2]  	573	11 
[2, 8, 5, 3, 2]  	581	9 
[5, 3, 13, 0, 2]  	584	12 
[7, 0, 3, 6, 2]  	585	9 
[1, 12, 3, 3, 2]  	591	6 
[1, 9, 5, 3, 2]  	592	6 
[5, 2, 14, 0, 2]  	596	13 
[7, 1, 14, 0, 2]  	597	11 
[2, 1, 14, 1, 2]  	603	6 
[3, 10, 4, 3, 2]  	604	7 
[2, 3, 9, 3, 2]  	606	9 
[1, 2, 10, 3, 2]  	606	7 
[6, 0, 4, 6, 2]  	608	11 
[1, 3, 2, 7, 2]  	613	5 
[2, 11, 4, 3, 2]  	615	6 
[0, 15, 4, 2, 2]  	617	5 
[4, 2, 15, 0, 2]  	619	11 
[4, 0, 5, 6, 2]  	619	11 
[6, 1, 15, 0, 2]  	620	11 
[5, 0, 16, 0, 2]  	620	10 
[1, 2, 1, 8, 2]  	621	6 
[1, 1, 0, 9, 2]  	629	5 
[2, 2, 16, 0, 2]  	630	9 
[2, 9, 2, 5, 2]  	631	7 
[1, 1, 2, 8, 2]  	633	6 
[0, 4, 10, 3, 2]  	640	3 
[1, 3, 16, 0, 2]  	641	8 
[1, 0, 1, 9, 2]  	641	7 
[4, 0, 17, 0, 2]  	643	8 
[1, 0, 3, 8, 2]  	645	6 
[2, 0, 14, 2, 2]  	646	6 
[1, 0, 5, 7, 2]  	649	6 
[1, 3, 5, 6, 2]  	652	5 
[0, 4, 16, 0, 2]  	652	4 
[3, 0, 18, 0, 2]  	666	5 
[0, 16, 3, 3, 2]  	671	4 
[0, 3, 10, 4, 2]  	683	3 
[0, 13, 11, 0, 2]  	684	5 
[2, 0, 19, 0, 2]  	689	3 
[0, 3, 16, 1, 2]  	695	3 
[0, 2, 11, 4, 2]  	695	3 
[1, 0, 20, 0, 2]  	712	2 
[11, 3, 2, 1, 3]  	337	6 
[8, 11, 0, 0, 3]  	349	8 
[7, 12, 0, 0, 3]  	360	6 
[10, 3, 2, 2, 3]  	391	6 
[6, 2, 6, 1, 3]  	394	8 
[3, 6, 5, 1, 3]  	415	7 
[6, 12, 2, 0, 3]  	418	10 
[6, 0, 9, 1, 3]  	453	11 
[7, 7, 6, 0, 3]  	455	13 
[3, 2, 9, 1, 3]  	463	6 
[2, 9, 5, 1, 3]  	472	6 
[3, 11, 4, 1, 3]  	495	7 
[2, 4, 9, 1, 3]  	497	7 
[4, 11, 0, 3, 3]  	499	9 
[4, 9, 7, 0, 3]  	500	11 
[2, 12, 4, 1, 3]  	506	6 
[9, 4, 9, 0, 3]  	515	15 
[2, 8, 7, 1, 3]  	519	6 
[2, 7, 8, 1, 3]  	531	6 
[6, 0, 6, 4, 3]  	546	11 
[5, 3, 12, 0, 3]  	549	12 
[3, 8, 4, 3, 3]  	558	10 
[2, 5, 12, 0, 3]  	559	9 
[3, 3, 13, 0, 3]  	560	11 
[3, 2, 8, 3, 3]  	560	11 
[5, 2, 13, 0, 3]  	561	11 
[2, 9, 4, 3, 3]  	569	7 
[4, 0, 4, 6, 3]  	584	7 
[6, 1, 14, 0, 3]  	585	13 
[2, 7, 6, 3, 3]  	593	9 
[2, 2, 15, 0, 3]  	595	9 
[4, 1, 15, 0, 3]  	596	10 
[1, 6, 13, 0, 3]  	605	6 
[1, 3, 15, 0, 3]  	606	8 
[3, 0, 5, 6, 3]  	607	9 
[1, 3, 4, 6, 3]  	617	5 
[1, 2, 16, 0, 3]  	618	8 
[3, 1, 16, 0, 3]  	619	10 
[0, 25, 0, 1, 3]  	641	6 
[1, 11, 7, 2, 3]  	642	6 
[0, 13, 10, 0, 3]  	649	5 
[1, 0, 7, 6, 3]  	653	5 
[0, 2, 12, 3, 3]  	664	3 
[1, 0, 13, 3, 3]  	665	5 
[0, 18, 2, 3, 3]  	682	4 
[0, 17, 1, 4, 3]  	690	4 
[0, 8, 11, 2, 3]  	701	3 
[0, 3, 5, 7, 3]  	706	2 
[0, 1, 7, 7, 3]  	730	2 
[0, 11, 8, 3, 3]  	731	3 
[10, 3, 2, 1, 4]  	325	7 
[3, 5, 6, 1, 4]  	427	8 
[7, 0, 8, 1, 4]  	430	12 
[6, 0, 7, 2, 4]  	449	6 
[4, 2, 7, 2, 4]  	471	5 
[4, 8, 0, 4, 4]  	496	7 
[9, 3, 2, 4, 4]  	511	12 
[12, 4, 8, 0, 4]  	516	14 
[3, 5, 5, 3, 4]  	524	11 
[3, 7, 4, 3, 4]  	535	10 
[4, 3, 12, 0, 4]  	537	13 
[2, 7, 5, 3, 4]  	558	8 
[3, 10, 3, 3, 4]  	569	7 
[6, 0, 3, 6, 4]  	573	13 
[3, 0, 8, 4, 4]  	580	8 
[4, 2, 14, 0, 4]  	584	9 
[1, 1, 1, 8, 4]  	598	7 
[4, 0, 16, 0, 4]  	608	10 
[0, 27, 0, 0, 4]  	621	6 
[1, 1, 15, 1, 4]  	626	6 
[0, 20, 1, 2, 4]  	627	4 
[1, 2, 5, 6, 4]  	629	5 
[0, 26, 1, 0, 4]  	633	6 
[1, 1, 14, 2, 4]  	657	6 
[0, 23, 0, 2, 4]  	661	5 
[2, 1, 18, 0, 4]  	677	5 
[0, 16, 2, 4, 4]  	702	4 
[0, 10, 4, 6, 4]  	766	2 
[6, 7, 6, 0, 5]  	443	13 
[3, 3, 3, 4, 5]  	474	7 
[3, 1, 10, 1, 5]  	475	7 
[2, 0, 0, 7, 5]  	486	6 
[8, 4, 9, 0, 5]  	503	14 
[3, 1, 9, 2, 5]  	506	7 
[5, 0, 7, 4, 5]  	569	9 
[3, 2, 14, 0, 5]  	572	12 
[2, 0, 5, 6, 5]  	595	9 
[1, 3, 0, 8, 5]  	609	6 
[1, 11, 1, 5, 5]  	630	7 
[2, 1, 17, 0, 5]  	642	7 
[0, 3, 11, 3, 5]  	652	3 
[1, 8, 0, 7, 5]  	658	6 
[0, 3, 15, 1, 5]  	660	4 
[1, 1, 18, 0, 5]  	665	6 
[0, 2, 18, 0, 5]  	676	3 
[0, 7, 12, 2, 5]  	713	3 
[0, 15, 3, 4, 5]  	714	4 
[3, 8, 0, 4, 6]  	484	7 
[2, 6, 8, 1, 6]  	508	8 
[2, 11, 0, 4, 6]  	541	6 
[2, 5, 8, 2, 6]  	551	8 
[1, 7, 12, 0, 6]  	593	7 
[1, 6, 9, 2, 6]  	597	6 
[2, 3, 5, 5, 6]  	598	9 
[1, 8, 6, 3, 6]  	604	6 
[1, 1, 5, 6, 6]  	606	7 
[1, 1, 11, 3, 6]  	618	7 
[2, 10, 1, 5, 6]  	619	7 
[0, 24, 1, 1, 6]  	653	5 
[2, 3, 9, 1, 7]  	474	6 
[2, 3, 5, 4, 7]  	532	8 
[3, 9, 3, 3, 7]  	546	9 
[2, 6, 11, 0, 7]  	547	9 
[2, 6, 6, 3, 7]  	570	9 
[2, 7, 0, 6, 7]  	581	7 
[2, 2, 9, 3, 7]  	583	9 
[1, 3, 9, 3, 7]  	594	7 
[3, 0, 17, 0, 7]  	631	8 
[0, 3, 17, 0, 7]  	664	4 
[0, 2, 17, 1, 7]  	707	3 
[0, 8, 6, 5, 7]  	724	2 
[2, 3, 8, 3, 8]  	571	9 
[2, 0, 18, 0, 8]  	654	5 
[1, 0, 19, 0, 8]  	677	4 
[3, 0, 9, 2, 9]  	483	6 
[2, 3, 4, 5, 9]  	563	7 
[2, 1, 16, 0, 10]  	607	8 
[1, 0, 10, 5, 10]  	692	6 
[2, 3, 4, 4, 11]  	497	7 
[1, 3, 5, 5, 11]  	586	7 
[0, 24, 4, 0, 241]  	692	5 
[1, 2, 6, 4, 246]  	532	6 
[0, 15, 5, 1, 246]  	586	5 
[1, 9, 8, 2, 246]  	631	4 
[0, 1, 12, 4, 246]  	707	2 
[1, 3, 10, 1, 247]  	497	6 
[2, 4, 3, 5, 247]  	551	6 
[1, 4, 4, 5, 247]  	574	5 
[2, 0, 11, 3, 247]  	607	6 
[0, 14, 7, 1, 247]  	633	5 
[0, 19, 4, 1, 247]  	643	4 
[0, 23, 2, 1, 247]  	665	3 
[0, 11, 1, 6, 247]  	684	2 
[0, 5, 13, 2, 247]  	702	3 
[0, 6, 7, 5, 247]  	713	1 
[0, 7, 1, 8, 247]  	724	1 
[2, 4, 1, 6, 248]  	547	7 
[1, 12, 2, 3, 248]  	556	5 
[0, 14, 5, 1, 248]  	563	5 
[2, 2, 3, 6, 248]  	571	8 
[1, 6, 7, 3, 248]  	593	6 
[1, 7, 1, 6, 248]  	604	3 
[2, 0, 13, 2, 248]  	611	5 
[0, 16, 7, 0, 248]  	613	4 
[0, 20, 5, 0, 248]  	635	5 
[0, 11, 0, 6, 248]  	649	1 
[0, 0, 2, 9, 248]  	664	1 
[0, 22, 3, 1, 248]  	677	3 
[0, 4, 13, 2, 248]  	679	3 
[0, 7, 13, 1, 248]  	682	3 
[0, 5, 7, 5, 248]  	690	2 
[6, 9, 4, 0, 249]  	419	12 
[6, 11, 3, 0, 249]  	430	10 
[5, 10, 5, 0, 249]  	465	10 
[2, 11, 4, 1, 249]  	483	5 
[2, 5, 3, 4, 249]  	508	6 
[1, 1, 6, 4, 249]  	509	6 
[2, 12, 7, 0, 249]  	545	6 
[2, 4, 7, 3, 249]  	559	4 
[2, 10, 9, 0, 249]  	569	7 
[2, 0, 10, 3, 249]  	572	6 
[1, 7, 2, 5, 249]  	573	3 
[1, 8, 11, 0, 249]  	581	5 
[0, 19, 5, 0, 249]  	612	5 
[0, 9, 12, 0, 249]  	627	3 
[0, 22, 2, 1, 249]  	642	1 
[0, 2, 6, 6, 249]  	652	1 
[0, 12, 7, 2, 249]  	653	4 
[0, 11, 2, 5, 249]  	653	1 
[0, 21, 3, 1, 249]  	654	3 
[0, 1, 7, 6, 249]  	664	2 
[0, 5, 14, 1, 249]  	671	3 
[0, 6, 1, 8, 249]  	701	1 
[0, 1, 18, 1, 249]  	719	2 
[5, 6, 7, 0, 250]  	443	9 
[5, 11, 4, 0, 250]  	453	8 
[3, 4, 2, 4, 250]  	462	7 
[1, 2, 10, 1, 250]  	474	5 
[1, 12, 0, 3, 250]  	486	5 
[2, 0, 10, 2, 250]  	506	4 
[1, 5, 7, 3, 250]  	570	5 
[1, 6, 1, 6, 250]  	581	2 
[1, 4, 8, 3, 250]  	582	3 
[1, 6, 3, 5, 250]  	585	2 
[1, 2, 0, 8, 250]  	586	3 
[0, 17, 4, 1, 250]  	597	4 
[1, 4, 3, 6, 250]  	605	4 
[0, 21, 2, 1, 250]  	619	1 
[0, 15, 8, 0, 250]  	625	4 
[1, 0, 10, 4, 250]  	626	5 
[1, 0, 12, 3, 250]  	630	2 
[0, 12, 1, 5, 250]  	641	4 
[0, 1, 12, 3, 250]  	641	1 
[0, 25, 2, 0, 250]  	645	4 
[1, 0, 9, 5, 250]  	657	4 
[0, 6, 13, 1, 250]  	659	2 
[0, 2, 10, 4, 250]  	660	3 
[0, 12, 11, 0, 250]  	661	4 
[6, 9, 3, 0, 251]  	384	9 
[5, 1, 7, 1, 251]  	394	6 
[5, 10, 3, 0, 251]  	395	6 
[3, 4, 1, 4, 251]  	427	6 
[2, 12, 5, 0, 251]  	475	5 
[2, 4, 3, 4, 251]  	485	6 
[2, 12, 3, 2, 251]  	537	5 
[1, 0, 2, 7, 251]  	544	2 
[2, 9, 9, 0, 251]  	546	9 
[3, 0, 13, 1, 251]  	557	6 
[2, 6, 2, 5, 251]  	562	4 
[1, 12, 8, 0, 251]  	568	4 
[1, 7, 4, 4, 251]  	577	5 
[0, 13, 8, 0, 251]  	579	4 
[2, 1, 4, 6, 251]  	583	8 
[0, 18, 5, 0, 251]  	589	4 
[1, 0, 9, 4, 251]  	591	2 
[1, 12, 5, 2, 251]  	595	5 
[0, 13, 5, 2, 251]  	606	2 
[1, 11, 6, 2, 251]  	607	2 
[0, 18, 2, 2, 251]  	616	1 
[0, 12, 6, 2, 251]  	618	2 
[1, 10, 7, 2, 251]  	619	3 
[0, 24, 2, 0, 251]  	622	4 
[0, 1, 6, 6, 251]  	629	1 
[1, 7, 0, 7, 251]  	635	6 
[0, 16, 2, 3, 251]  	636	4 
[0, 5, 13, 1, 251]  	636	2 
[0, 17, 0, 4, 251]  	655	3 
[0, 16, 1, 4, 251]  	667	2 
[0, 10, 9, 2, 251]  	677	2 
[0, 5, 1, 8, 251]  	678	1 
[8, 10, 2, 0, 252]  	396	10 
[2, 4, 2, 4, 252]  	450	5 
[5, 5, 8, 0, 252]  	455	7 
[2, 12, 3, 1, 252]  	471	4 
[0, 13, 5, 0, 252]  	474	3 
[1, 4, 7, 2, 252]  	481	3 
[1, 6, 2, 4, 252]  	484	2 
[7, 1, 0, 6, 252]  	503	7 
[1, 4, 4, 4, 252]  	508	5 
[1, 2, 0, 7, 252]  	520	2 
[0, 17, 4, 0, 252]  	531	4 
[3, 11, 7, 0, 252]  	534	9 
[1, 4, 1, 6, 252]  	535	3 
[2, 8, 6, 2, 252]  	550	3 
[1, 9, 6, 2, 252]  	561	2 
[1, 6, 12, 0, 252]  	570	7 
[2, 11, 3, 3, 252]  	580	7 
[0, 17, 2, 2, 252]  	593	1 
[1, 2, 4, 6, 252]  	594	5 
[0, 5, 10, 2, 252]  	597	1 
[0, 26, 0, 0, 252]  	598	4 
[0, 5, 12, 1, 252]  	601	2 
[0, 12, 0, 5, 252]  	606	3 
[0, 4, 11, 2, 252]  	609	1 
[0, 4, 13, 1, 252]  	613	2 
[1, 0, 6, 6, 252]  	618	5 
[0, 12, 10, 0, 252]  	626	4 
[0, 2, 0, 9, 252]  	640	1 
[0, 4, 7, 5, 252]  	667	2 
[0, 15, 2, 4, 252]  	679	4 
[0, 11, 7, 3, 252]  	696	3 
[0, 0, 18, 1, 252]  	696	1 
[5, 9, 2, 0, 253]  	337	4 
[6, 0, 8, 1, 253]  	418	9 
[5, 5, 7, 0, 253]  	420	4 
[5, 0, 9, 1, 253]  	441	3 
[10, 5, 6, 0, 253]  	445	7 
[2, 8, 5, 1, 253]  	449	3 
[1, 5, 2, 4, 253]  	461	2 
[1, 12, 5, 0, 253]  	463	3 
[3, 5, 9, 0, 253]  	466	9 
[1, 0, 0, 7, 253]  	474	2 
[0, 17, 1, 1, 253]  	492	1 
[1, 0, 12, 1, 253]  	498	2 
[4, 0, 11, 1, 253]  	499	5 
[0, 1, 12, 1, 253]  	509	1 
[3, 4, 0, 6, 253]  	524	6 
[3, 1, 2, 6, 253]  	525	6 
[3, 3, 1, 6, 253]  	536	7 
[3, 1, 8, 3, 253]  	537	6 
[1, 9, 0, 5, 253]  	549	1 
[0, 21, 0, 1, 253]  	549	1 
[0, 24, 0, 0, 253]  	552	4 
[1, 12, 4, 2, 253]  	560	4 
[0, 13, 0, 4, 253]  	563	3 
[0, 16, 4, 1, 253]  	574	2 
[0, 11, 0, 5, 253]  	583	1 
[0, 12, 9, 0, 253]  	591	2 
[0, 0, 15, 1, 253]  	591	1 
[0, 0, 0, 9, 253]  	594	1 
[0, 16, 1, 3, 253]  	601	3 
[1, 11, 4, 3, 253]  	603	4 
[1, 1, 17, 0, 253]  	630	5 
[0, 13, 4, 3, 253]  	637	3 
[0, 15, 3, 3, 253]  	648	3 
[0, 4, 1, 8, 253]  	655	1 
[0, 0, 6, 7, 253]  	672	1 
[0, 5, 9, 4, 253]  	694	2 
[7, 0, 5, 1, 254]  	325	5 
[5, 10, 1, 0, 254]  	325	3 
[5, 0, 7, 1, 254]  	371	3 
[1, 12, 3, 0, 254]  	393	3 
[5, 0, 6, 2, 254]  	402	1 
[1, 5, 6, 1, 254]  	403	1 
[2, 4, 1, 4, 254]  	415	4 
[1, 4, 7, 1, 254]  	415	1 
[1, 5, 1, 4, 254]  	426	2 
[0, 5, 6, 2, 254]  	457	2 
[1, 4, 1, 5, 254]  	469	1 
[0, 16, 1, 1, 254]  	469	1 
[7, 0, 0, 6, 254]  	480	5 
[1, 9, 0, 4, 254]  	483	2 
[1, 0, 6, 4, 254]  	486	3 
[0, 12, 6, 0, 254]  	486	1 
[0, 0, 12, 1, 254]  	486	1 
[3, 1, 1, 6, 254]  	490	6 
[4, 0, 7, 3, 254]  	491	2 
[3, 8, 8, 0, 254]  	500	8 
[0, 4, 10, 1, 254]  	508	1 
[6, 0, 5, 4, 254]  	511	11 
[4, 10, 1, 3, 254]  	511	6 
[11, 3, 9, 0, 254]  	516	9 
[6, 2, 12, 0, 254]  	538	7 
[2, 8, 4, 3, 254]  	546	6 
[1, 8, 10, 0, 254]  	546	3 
[2, 11, 8, 0, 254]  	557	3 
[0, 8, 11, 0, 254]  	569	1 
[3, 0, 4, 6, 254]  	572	7 
[1, 11, 9, 0, 254]  	580	2 
[0, 2, 10, 3, 254]  	594	2 
[0, 4, 5, 5, 254]  	597	1 
[0, 11, 10, 0, 254]  	603	1 
[0, 0, 6, 6, 254]  	606	1 
[0, 4, 0, 8, 254]  	620	1 
[0, 6, 14, 0, 254]  	628	3 
[0, 12, 5, 3, 254]  	649	3 
[5, 5, 1, 0, 255]  	210	3 
[1, 12, 0, 0, 255]  	288	2 
[1, 0, 6, 1, 255]  	288	1 
[0, 17, 0, 0, 255]  	391	1 
[1, 4, 1, 4, 255]  	403	2 
[0, 16, 1, 0, 255]  	403	1 
[0, 0, 10, 1, 255]  	416	1 
[2, 7, 5, 1, 255]  	426	3 
[4, 6, 7, 0, 255]  	431	6 
[0, 13, 4, 0, 255]  	439	2 
[3, 4, 9, 0, 255]  	443	4 
[4, 10, 1, 2, 255]  	445	2 
[0, 12, 5, 0, 255]  	451	2 
[1, 5, 0, 5, 255]  	457	1 
[4, 9, 1, 3, 255]  	488	2 
[0, 1, 6, 4, 255]  	497	2 
[1, 4, 0, 6, 255]  	500	1 
[2, 4, 11, 0, 255]  	501	4 
[10, 3, 9, 0, 255]  	504	6 
[16, 3, 7, 0, 255]  	506	6 
[3, 10, 7, 0, 255]  	511	4 
[2, 6, 10, 0, 255]  	512	5 
[3, 8, 3, 3, 255]  	523	6 
[0, 0, 0, 8, 255]  	528	1 
[0, 12, 0, 4, 255]  	540	2 
[0, 0, 6, 5, 255]  	540	1 
[1, 7, 11, 0, 255]  	558	2 
[2, 3, 2, 6, 255]  	559	4 
[2, 1, 15, 0, 255]  	572	8 
[5, 1, 14, 0, 255]  	573	6 
[0, 4, 14, 0, 255]  	582	3 
[1, 2, 15, 0, 255]  	583	4 
[0, 15, 2, 3, 255]  	613	3 
[2, 0, 17, 0, 255]  	619	6 
[12, 0, 14, 0, 255]  	634	6 
[0, 0, 5, 7, 255]  	637	1 
[0, 10, 2, 6, 255]  	696	2 
------
The gap is between 12 and 240.
Lengths: 5 5 10 14 5 15.
For 692 = 3*d-d1-d2-d3-d4 you get 5 in char 0.
1 + 0*2^64 + 0*2^128 + 0*2^192*y^24*z^4
1 + 0*2^64 + 0*2^128 + 0*2^192*y^12*z^10*w^1
1 + 0*2^64 + 0*2^128 + 0*2^192*y^11*z^5*w^4
1 + 0*2^64 + 0*2^128 + 0*2^192*y^10*w^7
1 + 0*2^64 + 0*2^128 + 0*2^192*z^16*w^2

For 416 = 2*d-d1-d2-d3-d4 you get 10 in char 0.
1 + 0*2^64 + 0*2^128 + 0*2^192*x^5*y^4*w^4
1 + 0*2^64 + 0*2^128 + 0*2^192*x^4*y^3*z^1*w^4
1 + 0*2^64 + 0*2^128 + 0*2^192*x^3*y^3*z^7*w^1
1 + 0*2^64 + 0*2^128 + 0*2^192*x^3*y^2*z^2*w^4
1 + 0*2^64 + 0*2^128 + 0*2^192*x^2*y^2*z^8*w^1
1 + 0*2^64 + 0*2^128 + 0*2^192*x^2*y^1*z^3*w^4
1 + 0*2^64 + 0*2^128 + 0*2^192*x^1*y^1*z^9*w^1
1 + 0*2^64 + 0*2^128 + 0*2^192*x^1*z^4*w^4
1 + 0*2^64 + 0*2^128 + 0*2^192*y^12*z^4
1 + 0*2^64 + 0*2^128 + 0*2^192*z^10*w^1

For 140 = d-d1-d2-d3-d4 you get 5 in char 0.
1 + 0*2^64 + 0*2^128 + 0*2^192*x^4*y^4
1 + 0*2^64 + 0*2^128 + 0*2^192*x^3*y^3*z^1
1 + 0*2^64 + 0*2^128 + 0*2^192*x^2*y^2*z^2
1 + 0*2^64 + 0*2^128 + 0*2^192*x^1*y^1*z^3
1 + 0*2^64 + 0*2^128 + 0*2^192*z^4

Extra powers of p used 16.
The invariant extra is equal to 33.
Start computing 2^4 Delta^1 (x1x2x3x4)^1... Done.
Start computing 2^5 Delta^2 (x1x2x3x4)^1... Done.
Start computing 2^6 Delta^3 (x1x2x3x4)^1... Done.
Start computing 2^7 Delta^4 (x1x2x3x4)^1... Done.
Start computing 2^8 Delta^5 (x1x2x3x4)^1... Done.
Start computing 2^9 Delta^6 (x1x2x3x4)^1... Done.
Start computing 2^10 Delta^7 (x1x2x3x4)^1... Done.
Start computing 2^11 Delta^8 (x1x2x3x4)^1... Done.
Start computing 2^12 Delta^9 (x1x2x3x4)^1... Done.
Start computing 2^13 Delta^10 (x1x2x3x4)^1... Done.
Start computing 2^14 Delta^11 (x1x2x3x4)^1... Done.
Start computing 2^15 Delta^12 (x1x2x3x4)^1... Done.
Start computing 2^16 Delta^13 (x1x2x3x4)^1... Done.
Start computing 2^17 Delta^14 (x1x2x3x4)^1... Done.
Start computing 2^18 Delta^15 (x1x2x3x4)^1... Done.
Start computing 2^19 Delta^16 (x1x2x3x4)^1... Done.
Start computing 2^20 Delta^17 (x1x2x3x4)^1... Done.
Start computing 2^21 Delta^18 (x1x2x3x4)^1... Done.
Start computing 2^22 Delta^19 (x1x2x3x4)^1... Done.
Start computing 2^23 Delta^20 (x1x2x3x4)^1... Done.
Start computing 2^24 Delta^21 (x1x2x3x4)^1... Done.
Start computing 2^25 Delta^22 (x1x2x3x4)^1... Done.
Start computing 2^26 Delta^23 (x1x2x3x4)^1... Done.
Start computing 2^27 Delta^24 (x1x2x3x4)^1... Done.
Start computing 2^28 Delta^25 (x1x2x3x4)^1... Done.
Start computing 2^29 Delta^26 (x1x2x3x4)^1... Done.
Start computing 2^30 Delta^27 (x1x2x3x4)^1... Done.
Start computing 2^31 Delta^28 (x1x2x3x4)^1... Done.
Start computing 2^32 Delta^29 (x1x2x3x4)^1... Done.
Start computing 2^33 Delta^30 (x1x2x3x4)^1... Done.
Start computing 2^34 Delta^31 (x1x2x3x4)^1... Done.
Start computing 2^35 Delta^32 (x1x2x3x4)^1... Done.
Start computing 2^36 Delta^33 (x1x2x3x4)^1... Done.
Start computing 2^37 Delta^34 (x1x2x3x4)^1... Done.
Start computing 2^38 Delta^35 (x1x2x3x4)^1... Done.
Start computing aa.
1 2 3 4 5 6 7 8 9 10 11 12 13 14 15 16 17 18 19 20 
*/
A = \
[5205323182930432654 + 655784934400878105*2^64 + 9022238200289607791*2^128 + 20937834600950*2^192,3178377635829847356 + 8087643297171111496*2^64 + 12543991944539997248*2^128 + 31679563734433*2^192,13192410941601890844 + 13160177815591478653*2^64 + 11558152689031539298*2^128 + 29227641009947*2^192,7983203249891937634 + 11260180453669892251*2^64 + 9353511330852216079*2^128 + 28107318148835*2^192,16377759181875267912 + 16433409917199326373*2^64 + 3860901920950125936*2^128 + 20914061633993*2^192,18369875701307102272 + 4568738947905330849*2^64 + 1794056193198899884*2^128 + 27717908440343*2^192,13995066608313128944 + 12306805642029609360*2^64 + 5894372868815037533*2^128 + 10373846636313*2^192,10389876710390986464 + 5334804631322291791*2^64 + 2465126234945959704*2^128 + 2312053569641*2^192,7170741051836582464 + 6133520506889089536*2^64 + 3952142883007969436*2^128 + 7784288041509*2^192,8790118214802197440 + 16932789478299597642*2^64 + 8469328439199007579*2^128 + 25436370349941*2^192,14952601248634489112 + 2009594227398460978*2^64 + 18303798010999333552*2^128 + 30732112502786*2^192,17581696079752724960 + 11276876511201317299*2^64 + 2707492341464147874*2^128 + 24497111868115*2^192,7622958796400247320 + 7209150444498468091*2^64 + 2191616162859668070*2^128 + 362857302829*2^192,5348437241282580976 + 1458034722944532513*2^64 + 12132999521675633578*2^128 + 21355550116531*2^192,673260068248193568 + 12294511335619303653*2^64 + 7926766144548568472*2^128 + 17457303663725*2^192,4359482920261495680 + 14116203257725111955*2^64 + 9374330819155942508*2^128 + 5143879639406*2^192,7133059931621418944 + 51295558970346554*2^64 + 15131216510326850093*2^128 + 19766968428668*2^192,842798314981181440 + 15829130922083617322*2^64 + 10946260975169230371*2^128 + 25708268970290*2^192,9439992710443501248 + 11366982031852708543*2^64 + 13786687918772417684*2^128 + 12990529232127*2^192,5517311873818077056 + 9628628617496035240*2^64 + 3067004625150613227*2^128 + 26235015299373*2^192;\
8614500431271693583 + 11456637890693213509*2^64 + 5992402666451150759*2^128 + 234538572798*2^192,3478353771122012590 + 7716164531175222223*2^64 + 11008829410336775917*2^128 + 23962033948902*2^192,12567046697589075102 + 18215832565472985526*2^64 + 12201031558485325456*2^128 + 9505831740560*2^192,16164569685916289833 + 2303012295377167114*2^64 + 12353505316080097416*2^128 + 14175544025024*2^192,6186377223262914436 + 3233711030711631596*2^64 + 7864465244840801632*2^128 + 32292911295020*2^192,15876045336791718176 + 1507917272367833873*2^64 + 16750453357862802629*2^128 + 7877379336297*2^192,4504198655376260152 + 7018389945096242407*2^64 + 16419858566269023772*2^128 + 34581680142701*2^192,5496208900683382768 + 18305252542142649682*2^64 + 8140847032814252254*2^128 + 6996966192416*2^192,4202665626395802656 + 4938130586782215319*2^64 + 11850022808637590355*2^128 + 25008159999064*2^192,15402309578731124448 + 2403088338914937590*2^64 + 16400888905577343931*2^128 + 29956892300050*2^192,7531963738017224748 + 15838421416697775680*2^64 + 5519230850516685996*2^128 + 53185648135*2^192,3596131097029499248 + 9857114915765930607*2^64 + 17233862888686590907*2^128 + 580487104561*2^192,3435143966835355820 + 9440675689086899525*2^64 + 6674033708151016755*2^128 + 8134511360025*2^192,9050718716651753784 + 1320807130849848702*2^64 + 9301102323618632807*2^128 + 12341147992010*2^192,2308660927466945680 + 10652851146147852212*2^64 + 1459548020488240640*2^128 + 31589800810459*2^192,14909355634624931776 + 8406897086254597807*2^64 + 1528843091470119750*2^128 + 21450145276427*2^192,1472100527297598688 + 50426156545601829*2^64 + 8946886162747232207*2^128 + 28090371456557*2^192,11562706898298012672 + 11797320933393077384*2^64 + 16525241491749530144*2^128 + 31071700417164*2^192,12575782912943794272 + 12008078255919431743*2^64 + 18289405538246428843*2^128 + 20994288366319*2^192,3323011040937063872 + 2791526198425580912*2^64 + 15996073987593478482*2^128 + 26808946533863*2^192;\
14850890847127190200 + 11833149565281475887*2^64 + 15741219183006840442*2^128 + 34492688825485*2^192,11923705623343656432 + 6395878507081253720*2^64 + 26181557700073891*2^128 + 9359202799658*2^192,18156490014191675760 + 12495730494260844526*2^64 + 16468949234983913946*2^128 + 26356995695081*2^192,15166047735924828424 + 10182166088853492407*2^64 + 4383457081907272665*2^128 + 6445802745475*2^192,1046508991550817056 + 16032147272258161525*2^64 + 6099850866176912671*2^128 + 31129539206924*2^192,7184576384739688704 + 12872136815742951333*2^64 + 9117092979564562456*2^128 + 21012490412546*2^192,6506166547152831424 + 16293005350303069511*2^64 + 5774914492618965441*2^128 + 4054586975107*2^192,1311273722582492032 + 4825850561919215167*2^64 + 11501581842234879608*2^128 + 12066554480966*2^192,6467007645197408512 + 18103893816969855074*2^64 + 9078843245743093999*2^128 + 26034951982866*2^192,8755397954630762240 + 1423292069022896106*2^64 + 17983187751084855413*2^128 + 23540197839844*2^192,8133260867439062624 + 4323289503554320170*2^64 + 12822355056115027438*2^128 + 15761818770709*2^192,18240913747925716864 + 7521576935828763196*2^64 + 7929159444847936504*2^128 + 6529353922566*2^192,218210754275054176 + 16093342624314592473*2^64 + 18133231359524073391*2^128 + 23493171401896*2^192,17484688716504394688 + 15085449896877446508*2^64 + 2448083462795367837*2^128 + 23381249053300*2^192,4218779097357901952 + 7060099562474895746*2^64 + 8107016033515752416*2^128 + 34074899102429*2^192,13064022283665853952 + 6697488611557470661*2^64 + 17940012500497862006*2^128 + 9130525501703*2^192,16056780612472942336 + 17612327941016763638*2^64 + 4653726687176722715*2^128 + 20608010682369*2^192,14031339674302095360 + 13616676159878104452*2^64 + 648699192006201804*2^128 + 29284829769101*2^192,1883066697724914432 + 1044685405896465548*2^64 + 10230083299953042996*2^128 + 20139488487725*2^192,8271859918394736128 + 10066097571021457827*2^64 + 5091970917810939540*2^128 + 25158550547742*2^192;\
2868113022066805600 + 1086051354093461521*2^64 + 13022292679971560319*2^128 + 23730327825435*2^192,8307972853418111168 + 16693005277681071529*2^64 + 16436389823904728318*2^128 + 92094274558*2^192,4844262227684648640 + 8999847354602443840*2^64 + 112275458784388018*2^128 + 5434214363381*2^192,9486389191981901728 + 15077686319781281423*2^64 + 10709356021382171540*2^128 + 32311857819818*2^192,16215182400085207680 + 15206898061003813096*2^64 + 1859894898446477793*2^128 + 33563361235240*2^192,18261012957074650112 + 13496492547719455260*2^64 + 12766917302661125522*2^128 + 6801473671252*2^192,11450710059681395456 + 5143620703474684990*2^64 + 9626144732418640569*2^128 + 23582536388625*2^192,4560504574913025536 + 12346570657678761731*2^64 + 9533628685034216268*2^128 + 30852996848348*2^192,8345570266661082112 + 4105912263808974352*2^64 + 17749117054629694144*2^128 + 15480274117168*2^192,2362636672357927936 + 15692231855724540549*2^64 + 7303220819172192436*2^128 + 9877434380972*2^192,14496591985058366336 + 4048942935237283343*2^64 + 635097900089875068*2^128 + 20085344516960*2^192,1971057852107261440 + 17678577592219867127*2^64 + 9028663004604198542*2^128 + 5974666543845*2^192,8528045563020317568 + 566324027195711520*2^64 + 18441522540691928131*2^128 + 17342470465820*2^192,7942371458812367616 + 1593406163386443043*2^64 + 5314100908249127090*2^128 + 10582207236085*2^192,14308844153882065408 + 11729448939371695843*2^64 + 5487213005562568630*2^128 + 2705473703440*2^192,3215908613846030336 + 14355461202131745866*2^64 + 17045731204954332326*2^128 + 15595062560147*2^192,6106391558117608448 + 9975836873344216883*2^64 + 2189358249794446226*2^128 + 3199215778220*2^192,2217820438899884032 + 3550721310530837751*2^64 + 11826518539924104967*2^128 + 11498265512028*2^192,17041656250911718400 + 16221756175878903069*2^64 + 1495863595397645769*2^128 + 9958852630979*2^192,9543987808728127488 + 14471156707235425707*2^64 + 17431427123362945089*2^128 + 34551351071651*2^192;\
8096606814645949283 + 12413252842339973342*2^64 + 7361880462735653934*2^128 + 13218939244887*2^192,11878265232846638870 + 5731902988576764696*2^64 + 5394758312130698619*2^128 + 12932455825055*2^192,7042785928156930886 + 1260078724841915041*2^64 + 8525869395110968936*2^128 + 13566318772238*2^192,10229785457882589301 + 8032646300895773075*2^64 + 1126227577281342329*2^128 + 4393349807796*2^192,3360964619729412916 + 13824343233732444143*2^64 + 5664358122202311883*2^128 + 4580301933480*2^192,17360013120767111840 + 2312704841213411789*2^64 + 16379502294326339430*2^128 + 8472252010758*2^192,1088918766465491928 + 9561110170818922490*2^64 + 1820636744766889282*2^128 + 19496099920059*2^192,8137481865731864880 + 7226187404193912393*2^64 + 17899937343118666986*2^128 + 34747976008148*2^192,14102266332987775392 + 13963575809863893659*2^64 + 18225855231949531941*2^128 + 18228022953822*2^192,9247152452901412192 + 12736283133283510503*2^64 + 15338325246946895529*2^128 + 23060660757043*2^192,8133335563144223420 + 9920907713162111366*2^64 + 10178123432048462818*2^128 + 23152330504261*2^192,7070733219637449904 + 4829761019502664015*2^64 + 6557372634778328719*2^128 + 14964580204634*2^192,4965999125676132668 + 4622900390218950985*2^64 + 17595856330646529854*2^128 + 26042556586798*2^192,5365697485033190616 + 13631104276915065098*2^64 + 6884092833261959656*2^128 + 19452149161498*2^192,10418827703619881296 + 14256214441615797851*2^64 + 17560095292298956860*2^128 + 33765290575033*2^192,14799741867757366464 + 18308406814675187079*2^64 + 18376908964742165979*2^128 + 10645681703206*2^192,3029398584960312160 + 17541418609528500054*2^64 + 11531494317488909505*2^128 + 13145790098151*2^192,13115996642611999744 + 18435116851236625661*2^64 + 15891321875783155934*2^128 + 25819119635743*2^192,4939710734110765280 + 11003554413378209642*2^64 + 13332799359426571322*2^128 + 2485737894640*2^192,13911869712580403904 + 16855103086912235623*2^64 + 5097119172819031973*2^128 + 25137410614340*2^192;\
3116539384465130176 + 5655390069612369229*2^64 + 2085699937529638591*2^128 + 10465247879550*2^192,5772297081693960576 + 4208044235674171155*2^64 + 908699051471063213*2^128 + 15120169180365*2^192,3107033197336634752 + 1907550123718146778*2^64 + 6885270017447108001*2^128 + 18312406484612*2^192,8695132789487878976 + 6601288367960258973*2^64 + 15778646360524914641*2^128 + 1014200063367*2^192,12090199646045119744 + 6624847615546441603*2^64 + 4289483497372211712*2^128 + 17696519996667*2^192,5996015817939249152 + 11178781952150915736*2^64 + 12039599683081579273*2^128 + 29777946586021*2^192,8042353753103189504 + 8440509973964252407*2^64 + 6368071878779025881*2^128 + 16710008621547*2^192,5751515904577563648 + 4409885117859160413*2^64 + 13157926133322942606*2^128 + 18287889726160*2^192,8206709470288226304 + 5193497362444750782*2^64 + 14649582324393617293*2^128 + 27526125112243*2^192,16360277549015275520 + 6530682955529649999*2^64 + 7459712429286809318*2^128 + 7874624220088*2^192,6223910788644730624 + 15111005253050120693*2^64 + 18435984400236169341*2^128 + 29187399820659*2^192,11218505788729510912 + 18041890802120050986*2^64 + 15708380092106243019*2^128 + 115444343280*2^192,8685379145184745216 + 10388275520556055027*2^64 + 18135374461328185396*2^128 + 21827509426016*2^192,9410065080496096768 + 14948473467413544466*2^64 + 17879043826711864798*2^128 + 33150203192136*2^192,14319135413425976320 + 8757164451965965815*2^64 + 3590337824155852321*2^128 + 5638501070729*2^192,1282527885447245824 + 15833969653493003649*2^64 + 5029199940464722687*2^128 + 16869979755800*2^192,14412818843566086144 + 10077050529867840461*2^64 + 4592291841857017266*2^128 + 2293303483751*2^192,3805484477246668800 + 8469288345049306018*2^64 + 7578876534042295260*2^128 + 18050665914724*2^192,10884339534979430400 + 11548893308228356463*2^64 + 491414824150609191*2^128 + 14215479100415*2^192,4682581699466309632 + 6640881301467230639*2^64 + 10166076581225459802*2^128 + 28632665774962*2^192;\
3221969912131012608 + 14229490276334364443*2^64 + 17652508924560533659*2^128 + 2619634846781*2^192,13832680243074764800 + 17424896522048096232*2^64 + 3236424859603592551*2^128 + 9914486023916*2^192,13296181427482628096 + 4638206204131169029*2^64 + 7845141970090958902*2^128 + 30048911402616*2^192,11900509146476673024 + 9408401319120104386*2^64 + 5451106114702563752*2^128 + 16614422697167*2^192,1634513219509215232 + 4618069138786284072*2^64 + 12409042827111244869*2^128 + 24320580246481*2^192,9045022270207754240 + 5732334064330607079*2^64 + 3749313001774065583*2^128 + 142889362258*2^192,14396988838561726464 + 18133993046804319141*2^64 + 17311971362618224992*2^128 + 1082695784841*2^192,12447380508232679424 + 6145042153319368285*2^64 + 6603586296254742988*2^128 + 22494450395651*2^192,17670710451396345856 + 2787748083465150353*2^64 + 7590496806413919675*2^128 + 18090489493384*2^192,7190568371970179072 + 8380974128887622078*2^64 + 9012364093728683764*2^128 + 30447730015011*2^192,15042626274151800832 + 16061441285144013517*2^64 + 1392591323938804068*2^128 + 16262384802504*2^192,1311003219701825536 + 11010039873831705962*2^64 + 4877742876863125473*2^128 + 23155326563811*2^192,17027875931039703040 + 3772638365358245132*2^64 + 13165650585531879424*2^128 + 20538411660843*2^192,9803607616104448000 + 16116076226331433685*2^64 + 12942497724882951085*2^128 + 9966212185037*2^192,3004362603269423104 + 2634673796971819120*2^64 + 16146222861054315409*2^128 + 2086146163738*2^192,16474950509023854592 + 13951817134426786081*2^64 + 17674318966532818549*2^128 + 7633538228151*2^192,10911383968859357184 + 11484049161779831757*2^64 + 13284311220785709433*2^128 + 5642342528681*2^192,16917939560590082048 + 13967595328595552437*2^64 + 8561641830237040126*2^128 + 15223230962812*2^192,5945949113536544768 + 16236225041587416229*2^64 + 458819993504990991*2^128 + 30043765000821*2^192,15994617393042292736 + 576946555912086076*2^64 + 5982093491027994734*2^128 + 11835795496028*2^192;\
6757164454307806940 + 8152913608223463838*2^64 + 6667010506369021663*2^128 + 10424209928745*2^192,8178643874500264440 + 3684016789974950633*2^64 + 17007678609075284432*2^128 + 11653123748252*2^192,1765308705966658488 + 9281596664402275714*2^64 + 2468127489801628851*2^128 + 23556675801479*2^192,1831280028509760260 + 10652100354918861088*2^64 + 599840781858478506*2^128 + 6886218475589*2^192,2327569771070020496 + 10570447636508708285*2^64 + 12235674522072980873*2^128 + 18493530102152*2^192,15654309702171963520 + 11003742237081022828*2^64 + 17748873911306001314*2^128 + 30392768775673*2^192,16682159911271370208 + 15877859577755017621*2^64 + 1696616532731210054*2^128 + 8650656557778*2^192,8838743572188481984 + 12202183498087050396*2^64 + 15032042651276253113*2^128 + 3721835450141*2^192,3258563536806141056 + 17190838609102458303*2^64 + 3397041382336325775*2^128 + 25243393774899*2^192,16773533457832349568 + 9828852635697894013*2^64 + 12465274175677164253*2^128 + 11536696690249*2^192,6344054435122042160 + 2661878078311733408*2^64 + 12741313123939503236*2^128 + 13647413069045*2^192,9326752176569663424 + 5399964607292003183*2^64 + 6291696469272595665*2^128 + 30983354342390*2^192,12492976434395801392 + 1944132510795959102*2^64 + 18251588156046206693*2^128 + 33700897492811*2^192,12887121001843139040 + 4625879126295691297*2^64 + 12164117840119942467*2^128 + 28312325433903*2^192,6433522110128576576 + 18105805306281130766*2^64 + 10340280376770754867*2^128 + 24331036557591*2^192,13752578165584742144 + 12786021861007101237*2^64 + 11008589710040008843*2^128 + 25288067960910*2^192,10720091355282720640 + 8883441098133774482*2^64 + 18002733572823861441*2^128 + 28090648259982*2^192,7059158701806424064 + 6760694999421399935*2^64 + 10458039284727729456*2^128 + 2275247016427*2^192,2645260908307834240 + 3144691148089521417*2^64 + 7693890321248040610*2^128 + 34220553029094*2^192,3055341237510749952 + 12932726132088600274*2^64 + 9669191887418105994*2^128 + 25714502596840*2^192;\
5353996311651387392 + 10290971826131883530*2^64 + 5518133299330296341*2^128 + 3277609179128*2^192,4536989948129218560 + 15352400217142445087*2^64 + 14103665743130140807*2^128 + 33725664499817*2^192,2999244973189173248 + 1525819574669481649*2^64 + 12904830917305803174*2^128 + 34182006336667*2^192,4925959650605185024 + 17846576734083672453*2^64 + 18356428122126754834*2^128 + 21191711830353*2^192,13752370355941138432 + 13608835588140428797*2^64 + 17560287349522859932*2^128 + 4020904652626*2^192,10519824863135465472 + 15545548048583284169*2^64 + 4301661975601192694*2^128 + 24676990662910*2^192,11966612946183471104 + 9658885158305773979*2^64 + 11435927919011615577*2^128 + 21183971315744*2^192,6627910847935053824 + 15732839609149792846*2^64 + 3178994542603620225*2^128 + 8503009925523*2^192,15532959381009399808 + 3373377755585953272*2^64 + 16630835710352539398*2^128 + 7804703348535*2^192,14826949416795570176 + 122732712421411330*2^64 + 11609724966056810111*2^128 + 19255046871967*2^192,12277590741195137024 + 12337161397135873953*2^64 + 10227330962496505687*2^128 + 30017245267069*2^192,5371735355128315904 + 15064921213645517264*2^64 + 16889575424519281169*2^128 + 6329003838088*2^192,16519237995930492928 + 8847253508753088959*2^64 + 14979085448037830432*2^128 + 31669585977332*2^192,5426664185371967488 + 17591362276225537774*2^64 + 7548475788563260445*2^128 + 1040991317769*2^192,10936240631960010752 + 7654562811818837129*2^64 + 7402299278776836613*2^128 + 9603263553237*2^192,2697641597533814784 + 11952378517355654527*2^64 + 8783413507574779887*2^128 + 28005558991585*2^192,17680865630071881728 + 7231630859658401825*2^64 + 3714653055833019386*2^128 + 2924951337286*2^192,14353817161139486720 + 1981052378165689835*2^64 + 8741224559018613188*2^128 + 16380995958523*2^192,346723678216323072 + 3329857828026139370*2^64 + 18439339579114481411*2^128 + 16127206687473*2^192,18108896512814743552 + 8050354998670550266*2^64 + 6156014335655228423*2^128 + 3486599667699*2^192;\
9449170162218261992 + 88968519419263922*2^64 + 4401751364251929159*2^128 + 33184463551744*2^192,15019859176096598352 + 15903821845851355296*2^64 + 18332621456038998608*2^128 + 11645009804766*2^192,11403735696726752208 + 10662319931122310297*2^64 + 13464071324802409187*2^128 + 20897144363986*2^192,10597532354268725080 + 11368641884418890939*2^64 + 17752546836221912768*2^128 + 30656610703369*2^192,11612689280694485600 + 8861624684927001621*2^64 + 12083565238351603928*2^128 + 25217744778384*2^192,7345271667019893504 + 374381192301506978*2^64 + 11987102012499279600*2^128 + 23805493804981*2^192,13372553802892036416 + 17173728260038212103*2^64 + 18117037083003641787*2^128 + 24807120464709*2^192,15687686397740467840 + 10865903402350390306*2^64 + 11371180122787231559*2^128 + 19267508420307*2^192,9885564564332286720 + 3127193095353422831*2^64 + 14043420436854285799*2^128 + 18237685017349*2^192,12679161245694506240 + 13135769294983459005*2^64 + 2750107761070146060*2^128 + 19971625720717*2^192,8244660564785372704 + 8579390085929603410*2^64 + 12894721896684701289*2^128 + 19204627742247*2^192,4966569644177615488 + 10142287105759693683*2^64 + 15717923234948138905*2^128 + 29983445250880*2^192,13353125111906511392 + 14257014082819915199*2^64 + 1768032732132444813*2^128 + 26363042185997*2^192,11045511277410541888 + 14100636433476501281*2^64 + 2234442115212184806*2^128 + 7435364219924*2^192,946737501794510208 + 5293176045150112876*2^64 + 2430224204214962606*2^128 + 20798091962959*2^192,11064027479838874112 + 18250691030993759007*2^64 + 2788862346493669544*2^128 + 26522112157977*2^192,13582080717368853760 + 1767025353623639056*2^64 + 3488285126623196221*2^128 + 3596768551712*2^192,3688718512509181952 + 16724634317810668678*2^64 + 12133639538536014312*2^128 + 30779178523826*2^192,7619773926680598784 + 16467433273240468199*2^64 + 17005168403701496961*2^128 + 6025626150574*2^192,5510415258926393856 + 14311700751851526743*2^64 + 5393117561972829048*2^128 + 26379595189774*2^192;\
1578788468361543680 + 15980967674311508261*2^64 + 7742018240497040457*2^128 + 3476710740677*2^192,13013620765571448832 + 12686520086515372002*2^64 + 12194249436145760065*2^128 + 17456751454267*2^192,5114044449323352064 + 14223616010683012062*2^64 + 982613562320785904*2^128 + 196409395065*2^192,8986892165890424832 + 373162191132643866*2^64 + 8259899840119484150*2^128 + 9329641129336*2^192,15680260707249487872 + 12951156303064719900*2^64 + 13252395432867309453*2^128 + 33826514754411*2^192,10033315231675187200 + 16653158126160306598*2^64 + 2330612970488874937*2^128 + 33626756699221*2^192,8168401252948639744 + 13906633637564519534*2^64 + 443733716074235897*2^128 + 17026922885228*2^192,17023672032117391360 + 16544516435120411610*2^64 + 8632573529327568988*2^128 + 29379232310895*2^192,11333845721345163264 + 7484404406432897082*2^64 + 11945626787281711014*2^128 + 21263634049791*2^192,14826325905901092864 + 5539526011878061428*2^64 + 13986141924604392970*2^128 + 17296391888616*2^192,7048588768234242048 + 5463422852845536646*2^64 + 9691752483796661224*2^128 + 26643710503484*2^192,9664805743358115840 + 17574881640487930715*2^64 + 2432099201851746176*2^128 + 27260489097002*2^192,5360550849500020736 + 10952537618603431597*2^64 + 11414574209697261278*2^128 + 34386829650107*2^192,8589942886728073216 + 11453051071266424197*2^64 + 3054705154513816583*2^128 + 11732938552598*2^192,17303786373658705920 + 2202351013591060441*2^64 + 2812476065343454870*2^128 + 23493575621165*2^192,4117817946016841728 + 14294992544639827650*2^64 + 9218381507130682636*2^128 + 22312969103346*2^192,5440137869365608448 + 14877740447111535182*2^64 + 10972927768287082140*2^128 + 30479597786482*2^192,5681333720351506432 + 3189162762226489839*2^64 + 6991929795631354245*2^128 + 6743275518940*2^192,4755608544752435200 + 8874479086369018780*2^64 + 9050606903247554974*2^128 + 19787842728699*2^192,8677214704221814784 + 1680934968580835809*2^64 + 16675496018865949708*2^128 + 21177858082649*2^192;\
12689817613067604432 + 14755977969600391094*2^64 + 9934365525291762795*2^128 + 13466667798883*2^192,8888179127011237536 + 103205697631311827*2^64 + 17780369012747117187*2^128 + 8796872040844*2^192,4264038036552053664 + 10114055215773973333*2^64 + 6852459695720226295*2^128 + 560522487861*2^192,18052548682622101680 + 17489417604010310816*2^64 + 16511240711032918139*2^128 + 25189140388903*2^192,11854405114393832640 + 4254391357662827291*2^64 + 17032125313259682688*2^128 + 3307343178821*2^192,14321676884047943168 + 17606722159455465536*2^64 + 6099689107138532944*2^128 + 34718200396122*2^192,11002533049969033856 + 12635683699420964797*2^64 + 7112710956072894944*2^128 + 31631670375797*2^192,2988115095359581440 + 5752266873077344937*2^64 + 609645349149809679*2^128 + 3769155455964*2^192,4311833309294192128 + 18046383810116587143*2^64 + 4510648380857610839*2^128 + 8863706732703*2^192,13104074787041257984 + 13516676834986323861*2^64 + 3258251158257000684*2^128 + 4360214754347*2^192,1110500830934660160 + 16080219140756472119*2^64 + 5158772942339467339*2^128 + 5597603735638*2^192,3047128909317027072 + 8247266038629029867*2^64 + 4951193648308895674*2^128 + 20640622018661*2^192,5693591959222848576 + 4848748322808481134*2^64 + 12163245417732349763*2^128 + 23615998428353*2^192,15083574421647815296 + 11559326774672510867*2^64 + 10223259827422581290*2^128 + 26676393557269*2^192,1098439569971997440 + 3335721661931677088*2^64 + 13186975089336989229*2^128 + 3876994672254*2^192,2170287357155030016 + 16773097079789049442*2^64 + 15000366509110775559*2^128 + 32477551725280*2^192,410569557974239744 + 4181153679119066098*2^64 + 15452796793810137224*2^128 + 30544733635291*2^192,1837201629365452800 + 12530771908732187350*2^64 + 18417808275914461621*2^128 + 6816936619814*2^192,12299362561016001024 + 5965144764257414048*2^64 + 2169524468947203916*2^128 + 2648499232877*2^192,5418612073942602752 + 14230872302985892398*2^64 + 3914714359844672671*2^128 + 15475132805049*2^192;\
5184219134174698304 + 1021912019093231971*2^64 + 10206577680850214514*2^128 + 14459452463026*2^192,8916580231092167296 + 15039109097449304322*2^64 + 14086795356180144743*2^128 + 7726709019917*2^192,14681602774874330752 + 1235813471585433363*2^64 + 3021562545569455192*2^128 + 28987753888001*2^192,9753752231429607104 + 4664301729264631417*2^64 + 3190435448089038037*2^128 + 2228314339565*2^192,9672334371479642880 + 5561011250637285308*2^64 + 3272656663124801767*2^128 + 2886985920954*2^192,5491112732717799424 + 3521821609635309458*2^64 + 12932654658341526822*2^128 + 6746372638435*2^192,16350836159566162432 + 16417134740660489116*2^64 + 6025396852697505276*2^128 + 25501034853712*2^192,309439056963236864 + 13276394957724124834*2^64 + 14878159549340780832*2^128 + 26991297643087*2^192,17821606011932645376 + 14477014514494648580*2^64 + 15392944305977179168*2^128 + 19538913067119*2^192,11262945378784454656 + 14558664297566890952*2^64 + 3683931471869739660*2^128 + 20818023573008*2^192,4181108858098049280 + 10428908252931684445*2^64 + 6919485803995127261*2^128 + 12310691251109*2^192,17975697181003224064 + 11198527834852396840*2^64 + 9927742130803315699*2^128 + 4949072509434*2^192,4193547134189945088 + 7426086054193754960*2^64 + 7762263117930779912*2^128 + 32625661491017*2^192,10043462374879619584 + 17110992813955389542*2^64 + 7204623548240996774*2^128 + 7887686024160*2^192,9970067815163522048 + 13195842729679876043*2^64 + 8268377524710524351*2^128 + 32712728025742*2^192,10295714363481378816 + 4790050198912008075*2^64 + 7068311049584145843*2^128 + 11048638471812*2^192,14764201622883117056 + 15915123303294836514*2^64 + 5965879619640303025*2^128 + 14924441021119*2^192,10515580012317573120 + 12404385640465535629*2^64 + 15970043355822431601*2^128 + 19065583874690*2^192,12624643224472406016 + 5660869411579319730*2^64 + 1042356133999711239*2^128 + 19769667390700*2^192,13752107402037841920 + 7072060842900794926*2^64 + 10897396878863818526*2^128 + 14781705729880*2^192;\
12817165223253491534 + 9398822243495332397*2^64 + 14807382382117547178*2^128 + 14966946712291*2^192,7094569381881111228 + 1369960470020443232*2^64 + 15967922883919466498*2^128 + 19483482513655*2^192,3432685615084371868 + 5742503939821473698*2^64 + 11049702470821293312*2^128 + 1184324013340*2^192,4967608681891842722 + 14466116402507675898*2^64 + 4501497349278051613*2^128 + 34188145928987*2^192,12159407849657894472 + 13639306107801415326*2^64 + 18350426626769089063*2^128 + 17581048204390*2^192,14831373803715066944 + 8453387789205184826*2^64 + 8068800797385282909*2^128 + 10565846581317*2^192,17593911076731440624 + 9779617212922663741*2^64 + 16932042950844960337*2^128 + 17169350181115*2^192,10357898465811333856 + 15160403507774961867*2^64 + 2681933504647344855*2^128 + 28779271493242*2^192,13344025831877620288 + 8432841970535712779*2^64 + 10940202078753649780*2^128 + 3085869355280*2^192,12735664660515103680 + 11200434257025373185*2^64 + 4357812310539060901*2^128 + 6026665059146*2^192,4928860697927157784 + 13795030060928548009*2^64 + 5403804684483256647*2^128 + 7893793611472*2^192,2678418161987677664 + 10048439563726516676*2^64 + 13502550819439856509*2^128 + 21834349761546*2^192,14287945401036808472 + 15272576699426770813*2^64 + 13875909165441582433*2^128 + 14236072099416*2^192,6263409808466192368 + 16816117330989899402*2^64 + 10395859768014272873*2^128 + 9150760425073*2^192,15755572046107156000 + 5996908091530121175*2^64 + 12904305261389222273*2^128 + 12458603718828*2^192,16366154586782161792 + 1881226896230933243*2^64 + 17356393537660687690*2^128 + 34588498068084*2^192,6666571952222519232 + 18365022590219500175*2^64 + 12009003970035453666*2^128 + 32764358488318*2^192,13378804389208606720 + 1324468095141900537*2^64 + 18111738794522593442*2^128 + 4733527557246*2^192,2893319306032791232 + 10194378765541318279*2^64 + 15624042703022182883*2^128 + 31304843534333*2^192,12321537572527429504 + 6789912509765485230*2^64 + 1859063274574105737*2^128 + 33341572382295*2^192;\
7095574844261299551 + 2510441928184357567*2^64 + 8452269351191065187*2^128 + 18610975734887*2^192,13284053276384310606 + 4382186337478772876*2^64 + 1621943716761033456*2^128 + 11851056422612*2^192,17793655613951525182 + 5519729626451705016*2^64 + 2059578103934986765*2^128 + 4595847703330*2^192,1655083766855365977 + 9496617747793594262*2^64 + 11790523216767307735*2^128 + 10000876733531*2^192,7162834982533102148 + 6394830773997412754*2^64 + 1942207565797115522*2^128 + 15189882202449*2^192,9964205642253639456 + 3607762859828935601*2^64 + 9866215889557610621*2^128 + 22231173765728*2^192,14337569639521907384 + 15018074152981181698*2^64 + 14305669960513661580*2^128 + 24199429565939*2^192,14578307834577360112 + 2908201441760327028*2^64 + 10155168144210100794*2^128 + 1018383597209*2^192,2092380087299969568 + 2952090617935652668*2^64 + 12477341923821691697*2^128 + 16767487410464*2^192,17715948770222993632 + 14147805372632838912*2^64 + 309410873570046163*2^128 + 23808692729388*2^192,16132168343509601900 + 7428567234087561848*2^64 + 4422249850972073047*2^128 + 34336121963200*2^192,17955549153867904624 + 16531489357822004766*2^64 + 6706916840677401635*2^128 + 11804541160853*2^192,15191307744972750572 + 4210749704710866807*2^64 + 695513331506796855*2^128 + 2248060326086*2^192,13206139132058113976 + 10187209622205816562*2^64 + 16896246153091092463*2^128 + 25149273804416*2^192,10004605554269388688 + 13844353587765807267*2^64 + 15634217074261714037*2^128 + 19329686441787*2^192,17789778045446552512 + 185963722936874459*2^64 + 15886467003919235424*2^128 + 5320614496238*2^192,2917347626365365984 + 10472227105936308690*2^64 + 7214593816503287221*2^128 + 2205818210694*2^192,1713227723227120640 + 18338774443565855856*2^64 + 113288713561868297*2^128 + 19362565421972*2^192,309368104882416224 + 17912284357418533331*2^64 + 4207492132399812718*2^128 + 15337489414994*2^192,5641354592643033536 + 17406027193836980072*2^64 + 16813636349045842322*2^128 + 3431301817102*2^192;\
10094868490660901008 + 11984994539916089105*2^64 + 2850208731026886964*2^128 + 5002652242461*2^192,15717043066944720928 + 2185701025876645888*2^64 + 5879304315602395223*2^128 + 7980761681390*2^192,1961335623073913120 + 1221936075730458430*2^64 + 4339307504112647622*2^128 + 7144151684102*2^192,17151328957992785904 + 9416134469613625375*2^64 + 2882199620308922389*2^128 + 11376613035178*2^192,888927961992978880 + 5966071233778101850*2^64 + 7820709074923500187*2^128 + 16931832460827*2^192,17035012640331120128 + 18182944708188525325*2^64 + 16991065648485131096*2^128 + 15690460104901*2^192,12005696253056624768 + 13635668758653361661*2^64 + 11598304973498369653*2^128 + 26475858511055*2^192,17432683760024656128 + 12497799624930160695*2^64 + 12555554496239802918*2^128 + 23105524782009*2^192,10416903505786899968 + 18225072337922570201*2^64 + 14223049982358803456*2^128 + 28357872232119*2^192,4809579228162507264 + 6553231825587344204*2^64 + 7326146186518958138*2^128 + 7399508369111*2^192,5365346952899664704 + 7374249546329213650*2^64 + 2726229838374231851*2^128 + 29005405492064*2^192,3027236207457845504 + 6660696168749808735*2^64 + 13719782214916880774*2^128 + 4913035066624*2^192,17508873906793272128 + 1953984489658993034*2^64 + 9483874060068272238*2^128 + 23030363306029*2^192,18052110643157653632 + 6303751672720838642*2^64 + 17196005671760877951*2^128 + 29336916934581*2^192,14695381954577555200 + 2026078071462885637*2^64 + 17851538725942077516*2^128 + 6730591244960*2^192,1317657730142036992 + 6787516495016153672*2^64 + 16520404767392194350*2^128 + 34965106183854*2^192,10177404463653216768 + 10642137533053346665*2^64 + 1673366489102234055*2^128 + 965512063544*2^192,8291789120717045760 + 15197338896182959130*2^64 + 4315238164267114638*2^128 + 13970436717865*2^192,18290443928381680128 + 5488277718362512892*2^64 + 14233488907527332616*2^128 + 33025093909431*2^192,14624144453059871744 + 7849915583181330951*2^64 + 5485322169893932550*2^128 + 26647411859139*2^192;\
7705696705160621166 + 2213544583427304150*2^64 + 1534570650544830779*2^128 + 17967609265521*2^192,11925768989165132540 + 15708332146990580619*2^64 + 9695097910375341266*2^128 + 18297229080575*2^192,17110890291023204828 + 5001421476554359356*2^64 + 16726603335028771879*2^128 + 10223656475968*2^192,15701051593756407426 + 1587187175737974288*2^64 + 17347561549609279907*2^128 + 30737951351185*2^192,13726324825268132296 + 14847105564454457693*2^64 + 16849047276716336906*2^128 + 28990283302397*2^192,6650135164978624576 + 13429639749878711157*2^64 + 15678064403356025032*2^128 + 20537737874084*2^192,13592970632036859632 + 7070543975090909571*2^64 + 6972797979887290431*2^128 + 12431413148545*2^192,7858065744448222432 + 13483996805189569846*2^64 + 11843663511525492852*2^128 + 18664406908158*2^192,13503589425641639488 + 10167158245119674219*2^64 + 9136036432568710738*2^128 + 385810913564*2^192,13605518825883936704 + 12947135471757302639*2^64 + 16904756196843629673*2^128 + 14218450197421*2^192,8446550221778693784 + 9417458090399644900*2^64 + 11891412466792659140*2^128 + 21263686252964*2^192,9946121759421312992 + 12972092793578195970*2^64 + 8676069983464049820*2^128 + 14593142508092*2^192,1056189970815793048 + 16103844066390376627*2^64 + 7839796515883250091*2^128 + 28006795942657*2^192,8503640636617734384 + 17496088923686092060*2^64 + 6666471118185256630*2^128 + 9515565688883*2^192,9138991161205431328 + 4065766644558960923*2^64 + 13532599130687915170*2^128 + 30055570003198*2^192,7593999461570487168 + 17542817601382788850*2^64 + 1697118387149441261*2^128 + 12406056696129*2^192,11231781197568181184 + 2082029371362518610*2^64 + 5354913779375562017*2^128 + 23884014263222*2^192,17772205479922944000 + 5378243203824152100*2^64 + 6390796061189502185*2^128 + 16508996426305*2^192,12510574181399237312 + 5409405695825811067*2^64 + 13587347232950883061*2^128 + 32159521874857*2^192,2564669327882280832 + 14953118461949916812*2^64 + 3923416029674624827*2^128 + 24709007692755*2^192;\
3623479339253169346 + 11921546803553734797*2^64 + 8147929861392086271*2^128 + 33348154072805*2^192,13192356151758654564 + 4120589510315425960*2^64 + 2612140668260965375*2^128 + 1147493833971*2^192,10600562052371482756 + 7798684232321055655*2^64 + 2153020575543489209*2^128 + 13949335553856*2^192,17075740166621083086 + 5291472844592492875*2^64 + 13187054514416049388*2^128 + 14961108594485*2^192,11612345173037387128 + 10283151031503699318*2^64 + 4145805672281898675*2^128 + 7742486935272*2^192,12507176028817805760 + 6015732409609157874*2^64 + 15395342406912668252*2^128 + 31435466158905*2^192,15122525728025728656 + 5630165054758281690*2^64 + 13303045423900083825*2^128 + 33258594462599*2^192,4130482941813149216 + 16958326183211720588*2^64 + 13628047343650469275*2^128 + 3415177565948*2^192,18249369963527793600 + 14487283252957448942*2^64 + 5534026756946989478*2^128 + 17883989624180*2^192,11393687218673258048 + 14931245931132260206*2^64 + 6904468787487740769*2^128 + 28876696890091*2^192,10979900432338647336 + 146210941326125351*2^64 + 10115079258852488521*2^128 + 4425924300740*2^192,11723314004836207392 + 15341504161266323768*2^64 + 9655249754895324232*2^128 + 18617254921670*2^192,12289551861768968232 + 12344734111249712773*2^64 + 893558193048851736*2^128 + 33517808262073*2^192,5532110715276717200 + 11732263731874834981*2^64 + 9990896754287177566*2^128 + 24819798959130*2^192,11004354806049622240 + 14417446985982038235*2^64 + 13427688634408744890*2^128 + 28979958314160*2^192,9919002612079061120 + 6205786103089594576*2^64 + 631689676179126464*2^128 + 12281829787024*2^192,7269492518485955136 + 4623322937665608618*2^64 + 1560960382984033812*2^128 + 5792460949297*2^192,2240655120166057984 + 8255742401599505582*2^64 + 4035415697427905629*2^128 + 35146424648001*2^192,13794283910776249152 + 10997557328994841455*2^64 + 3541895007299513341*2^128 + 7684575106705*2^192,5407729619482283136 + 9460587050246448759*2^64 + 14886775297686949949*2^128 + 17401376826780*2^192;\
15594680340220228640 + 8873693855976372547*2^64 + 3400000101606255575*2^128 + 12367425120385*2^192,16471081811586979392 + 17931545798076422857*2^64 + 14294149144050458764*2^128 + 13298561598987*2^192,15809432497098524736 + 16167897345563209102*2^64 + 11847984872608803937*2^128 + 27014983094675*2^192,8360224550210692320 + 15072933500623739621*2^64 + 12485842793886776245*2^128 + 7799180230489*2^192,10839244755573061504 + 15373870406754635379*2^64 + 13055567687783963372*2^128 + 17969974867171*2^192,10199627151140330496 + 17457518158292645650*2^64 + 13511914871710235476*2^128 + 4773176920141*2^192,4167331728511084800 + 14131042769889932050*2^64 + 7961249734080734813*2^128 + 34245261869198*2^192,16261428241331085824 + 8227255031230043583*2^64 + 3889580847594662746*2^128 + 20882555613420*2^192,5688481772487556096 + 1806337927794532436*2^64 + 12958501261161375739*2^128 + 17565414670320*2^192,8596488150352520192 + 1320112841398935362*2^64 + 7472085526038636698*2^128 + 2479389472521*2^192,4668584279056102016 + 5554873286450925314*2^64 + 1327063671149106656*2^128 + 5953075455754*2^192,14194565143569969664 + 16081811812252073365*2^64 + 5577697060505621198*2^128 + 26361269926935*2^192,3508521913324282496 + 12723261076613499314*2^64 + 548061329013852660*2^128 + 30312125597798*2^192,12281117872504408320 + 11231591954219926540*2^64 + 7396312353552486083*2^128 + 28472259151825*2^192,7450686244394438144 + 17197944663599253056*2^64 + 9825932510667592560*2^128 + 19212954430643*2^192,7650439060631619584 + 10309897751112216102*2^64 + 9856049468998640195*2^128 + 20471007032240*2^192,4015900483347424256 + 14216658705229219852*2^64 + 15520140926165940117*2^128 + 20357543117186*2^192,13131190524974694400 + 9600760834010522748*2^64 + 5657404239852238354*2^128 + 8074575886847*2^192,7700480403547010048 + 11178565853693945855*2^64 + 9428701969407392179*2^128 + 14231204168885*2^192,1748049313737394176 + 3798603218657043066*2^64 + 5849991292903508798*2^128 + 12330953361909*2^192;\
5383938898184380334 + 12606069598753399352*2^64 + 6680161034243623022*2^128 + 35154668501100*2^192,8751251778580827516 + 322052529044862976*2^64 + 12196537966617520160*2^128 + 13358247110563*2^192,4383405626257710172 + 9425669185247902838*2^64 + 13328033202288487579*2^128 + 1935994609037*2^192,5980456195960160578 + 13792072141307499212*2^64 + 14238917692553492794*2^128 + 33703971117753*2^192,3251645976400420040 + 4653388678002713585*2^64 + 10714598589584710844*2^128 + 34552593742877*2^192,10629179199721787456 + 17085918946004793575*2^64 + 5458593974305820574*2^128 + 7598906925867*2^192,9989570413616597232 + 5604335914577145808*2^64 + 14468607736726044573*2^128 + 14527772943349*2^192,6203758448983107808 + 15693051295850523986*2^64 + 12300781010236336254*2^128 + 33466720392868*2^192,8639493025897014848 + 3900839968425908123*2^64 + 11517453684171946178*2^128 + 13901755686316*2^192,164302764460855232 + 14481474675078047309*2^64 + 2602970532588639029*2^128 + 7947222850490*2^192,4224224819656224664 + 7141927820155343207*2^64 + 12048263449787837115*2^128 + 16643285311518*2^192,4913945318669042656 + 3182613642084539429*2^64 + 8714138651551055746*2^128 + 6133907027597*2^192,16018589965580097688 + 896483995622741532*2^64 + 16903437873970844048*2^128 + 33610931060707*2^192,6962870604300149488 + 9030301840093743968*2^64 + 273541623663878549*2^128 + 31014050365371*2^192,8488846131566053408 + 983845837607364953*2^64 + 6000969849091519792*2^128 + 32560520649658*2^192,14151733723948413824 + 5055052528831119193*2^64 + 5204374096379202649*2^128 + 11305064515543*2^192,4267991258469247936 + 11787710660161715695*2^64 + 11149138301480528280*2^128 + 20163500897489*2^192,5876898095712552960 + 6023964716862974870*2^64 + 4748515516538052189*2^128 + 4819566140394*2^192,11943550735572425408 + 14482204986415667060*2^64 + 319386872587699565*2^128 + 18203184142278*2^192,3682153948080484224 + 7879215664329505593*2^64 + 4583236562305495347*2^128 + 19341859279561*2^192]
/* 
This matrix times 2^(-15) should be the matrix of frobenius.
*/ 
B = 2^(-15) * A; 
/* Freed 6126 lists. */
The sign is: -1
The characteristic polynomial is: x^20 + x^18 - 3*x^17 + 12*x^16 + 5*x^15 + 8*x^14 + 8*x^13 + 64*x^12 + 16*x^11 - 64*x^9 - 1024*x^8 - 512*x^7 - 2048*x^6 - 5120*x^5 - 49152*x^4 + 49152*x^3 - 65536*x^2 - 1048576
Its Newton polygon is: [2, 2, 2, 2, 2, 1, 1, 1, 1, 1, 1, 1, 1, 1, 1, 0, 0, 0, 0, 0]
Its factorization is: [x - 2, 1; x + 2, 1; x^18 + 5*x^16 - 3*x^15 + 32*x^14 - 7*x^13 + 136*x^12 - 20*x^11 + 608*x^10 - 64*x^9 + 2432*x^8 - 320*x^7 + 8704*x^6 - 1792*x^5 + 32768*x^4 - 12288*x^3 + 81920*x^2 + 262144, 1]
The valuation of f-g is: 13
The valuation of subst(g,x,A) is: -3
