/* Comments begin... 
No set up needed.

Please input coefficients below.
Coefficient of   x^23                     = Coefficient of   x^12 * w^2               = Coefficient of   x^6 * y^6 * w^1         = Coefficient of   x^5 * y^5 * z^1 * w^1   = Coefficient of   x^4 * y^4 * z^2 * w^1   = Coefficient of   x^3 * y^3 * z^3 * w^1   = Coefficient of   x^2 * y^2 * z^4 * w^1   = Coefficient of   x^1 * y^1 * z^5 * w^1   = Coefficient of   x^1 * w^4               = Coefficient of   y^12                     = Coefficient of   z^6 * w^1               = 
Here is the polynomial we're using this time:

1 + 0*2^64 + 0*2^128 + 0*2^192*x^23 + 1 + 0*2^64 + 0*2^128 + 0*2^192*x^12*w^2 + 1 + 0*2^64 + 0*2^128 + 0*2^192*x^6*y^6*w^1 + 1 + 0*2^64 + 0*2^128 + 0*2^192*x^4*y^4*z^2*w^1 + 1 + 0*2^64 + 0*2^128 + 0*2^192*x^3*y^3*z^3*w^1 + 1 + 0*2^64 + 0*2^128 + 0*2^192*x^2*y^2*z^4*w^1 + 1 + 0*2^64 + 0*2^128 + 0*2^192*x^1*w^4 + 1 + 0*2^64 + 0*2^128 + 0*2^192*y^12 + 1 + 0*2^64 + 0*2^128 + 0*2^192*z^6*w^1


Allocate G_len 20 elements and old = 0.
Allocate M_len = 400 elements.
Allocate G_len 40 elements and old = 20.
Allocate M_len = 800 elements.
Allocate G_len 80 elements and old = 40.
Allocate M_len = 1600 elements.
Allocate M_len = 3200 elements.
Allocate G_len 160 elements and old = 80.
Allocate M_len = 6400 elements.
Allocate M_len = 12800 elements.
Allocate G_len 320 elements and old = 160.
Allocate M_len = 25600 elements.
Allocate M_len = 51200 elements.
Allocate G_len 640 elements and old = 320.
Allocate M_len = 102400 elements.
Allocate M_len = 204800 elements.
Allocate G_len 1280 elements and old = 640.
Allocate M_len = 409600 elements.
Allocate M_len = 819200 elements.
The final length of G is 827
[22, 0, 0, 0, 0]  	264	7  <--- 1
[12, 0, 0, 2, 0]  	276	3 
[6, 6, 0, 1, 0]  	276	6 
[5, 4, 2, 1, 0]  	288	5 
[4, 3, 3, 1, 0]  	288	5 
[3, 3, 4, 1, 0]  	311	5 
[3, 2, 5, 1, 0]  	323	5 
[16, 6, 0, 0, 0]  	330	11 
[11, 3, 2, 1, 0]  	337	13 
[10, 2, 3, 1, 0]  	337	13 
[2, 2, 6, 1, 0]  	346	5 
[9, 2, 4, 1, 0]  	360	9 
[6, 13, 0, 0, 0]  	371	9 
[8, 12, 0, 0, 0]  	372	13 
[7, 12, 1, 0, 0]  	395	11 
[20, 4, 2, 0, 0]  	402	14 
[9, 10, 2, 0, 0]  	408	15 
[8, 9, 3, 0, 0]  	408	15 
[6, 12, 2, 0, 0]  	418	10 
[8, 11, 2, 0, 0]  	419	13 
[8, 8, 4, 0, 0]  	420	12 
[21, 3, 3, 0, 0]  	426	13 
[6, 1, 6, 2, 0]  	437	8 
[21, 2, 4, 0, 0]  	438	12 
[8, 0, 6, 2, 0]  	438	9 
[6, 1, 8, 1, 0]  	441	9 
[7, 11, 3, 0, 0]  	442	12 
[7, 8, 5, 0, 0]  	443	15 
[19, 5, 3, 0, 0]  	448	12 
[19, 2, 5, 0, 0]  	449	13 
[6, 0, 7, 2, 0]  	449	8 
[20, 0, 6, 0, 0]  	450	12 
[6, 0, 9, 1, 0]  	453	10 
[6, 9, 5, 0, 0]  	454	13 
[6, 6, 7, 0, 0]  	455	12 
[15, 9, 2, 0, 0]  	457	19 
[14, 8, 3, 0, 0]  	457	19 
[19, 4, 4, 0, 0]  	460	15 
[4, 0, 8, 2, 0]  	460	7 
[6, 11, 4, 0, 0]  	465	11 
[10, 0, 8, 1, 0]  	466	13 
[6, 8, 6, 0, 0]  	466	13 
[5, 7, 7, 0, 0]  	466	13 
[16, 0, 6, 1, 0]  	468	19 
[3, 1, 8, 2, 0]  	471	5 
[3, 16, 2, 0, 0]  	474	9 
[5, 15, 2, 0, 0]  	475	7 
[4, 14, 3, 0, 0]  	475	6 
[5, 0, 10, 1, 0]  	476	9 
[5, 9, 6, 0, 0]  	477	12 
[5, 6, 8, 0, 0]  	478	13 
[4, 5, 9, 0, 0]  	478	13 
[11, 6, 6, 0, 0]  	480	17 
[15, 7, 4, 0, 0]  	481	18 
[14, 6, 5, 0, 0]  	481	13 
[3, 0, 9, 2, 0]  	483	6 
[3, 15, 3, 0, 0]  	486	5 
[2, 0, 0, 7, 0]  	486	6 
[4, 13, 4, 0, 0]  	487	8 
[4, 1, 10, 1, 0]  	487	7 
[4, 7, 8, 0, 0]  	489	12 
[4, 4, 10, 0, 0]  	490	14 
[10, 7, 6, 0, 0]  	491	16 
[8, 5, 8, 0, 0]  	491	16 
[13, 7, 5, 0, 0]  	492	16 
[11, 5, 7, 0, 0]  	492	16 
[18, 3, 6, 0, 0]  	495	15 
[19, 1, 7, 0, 0]  	496	14 
[3, 14, 4, 0, 0]  	498	6 
[4, 12, 5, 0, 0]  	499	8 
[4, 0, 11, 1, 0]  	499	8 
[3, 5, 10, 0, 0]  	501	12 
[8, 4, 9, 0, 0]  	503	15 
[19, 0, 8, 0, 0]  	508	11 
[2, 15, 4, 0, 0]  	509	6 
[3, 13, 5, 0, 0]  	510	7 
[3, 1, 11, 1, 0]  	510	6 
[4, 11, 6, 0, 0]  	511	9 
[4, 3, 0, 6, 0]  	513	13 
[3, 4, 11, 0, 0]  	513	11 
[6, 2, 0, 6, 0]  	514	14 
[16, 5, 6, 0, 0]  	517	14 
[17, 3, 7, 0, 0]  	518	15 
[17, 0, 9, 0, 0]  	519	14 
[5, 20, 0, 0, 0]  	520	9 
[2, 14, 5, 0, 0]  	521	6 
[10, 3, 2, 4, 0]  	523	14 
[9, 2, 3, 4, 0]  	523	13 
[4, 10, 7, 0, 0]  	523	10 
[3, 9, 8, 0, 0]  	523	10 
[4, 2, 1, 6, 0]  	525	12 
[16, 4, 7, 0, 0]  	529	16 
[3, 20, 1, 0, 0]  	531	9 
[1, 3, 11, 1, 0]  	532	7 
[2, 13, 6, 0, 0]  	533	6 
[3, 11, 7, 0, 0]  	534	8 
[3, 8, 9, 0, 0]  	535	10 
[2, 7, 10, 0, 0]  	535	10 
[16, 3, 8, 0, 0]  	541	14 
[2, 0, 11, 2, 0]  	541	5 
[1, 14, 6, 0, 0]  	544	8 
[1, 2, 12, 1, 0]  	544	7 
[8, 2, 4, 4, 0]  	546	13 
[2, 6, 11, 0, 0]  	547	9 
[15, 4, 8, 0, 0]  	552	14 
[16, 2, 9, 0, 0]  	553	16 
[3, 0, 13, 1, 0]  	557	7 
[7, 0, 6, 4, 0]  	558	11 
[4, 5, 2, 5, 0]  	563	10 
[3, 4, 3, 5, 0]  	563	9 
[2, 16, 3, 1, 0]  	563	6 
[14, 2, 10, 0, 0]  	564	14 
[16, 1, 10, 0, 0]  	565	15 
[3, 6, 0, 6, 0]  	570	10 
[3, 3, 2, 6, 0]  	571	10 
[2, 2, 3, 6, 0]  	571	9 
[4, 14, 2, 2, 0]  	572	12 
[3, 13, 3, 2, 0]  	572	11 
[4, 20, 0, 1, 0]  	574	9 
[16, 0, 11, 0, 0]  	577	14 
[2, 12, 8, 0, 0]  	580	6 
[2, 8, 5, 3, 0]  	581	9 
[2, 7, 0, 6, 0]  	581	8 
[2, 4, 2, 6, 0]  	582	8 
[2, 3, 14, 0, 0]  	583	9 
[11, 3, 11, 0, 0]  	586	13 
[15, 1, 11, 0, 0]  	588	14 
[4, 12, 2, 3, 0]  	592	9 
[3, 11, 3, 3, 0]  	592	9 
[2, 11, 9, 0, 0]  	592	8 
[2, 6, 1, 6, 0]  	593	8 
[2, 16, 2, 2, 0]  	594	7 
[1, 15, 3, 2, 0]  	594	7 
[1, 3, 9, 3, 0]  	594	7 
[2, 1, 10, 3, 0]  	595	10 
[2, 3, 5, 5, 0]  	598	7 
[1, 15, 5, 1, 0]  	598	5 
[15, 0, 12, 0, 0]  	600	13 
[2, 1, 14, 1, 0]  	603	5 
[1, 20, 0, 2, 0]  	604	7 
[1, 9, 11, 0, 0]  	604	6 
[1, 5, 8, 3, 0]  	605	6 
[1, 3, 15, 0, 0]  	606	9 
[2, 12, 5, 2, 0]  	607	9 
[1, 5, 10, 2, 0]  	609	7 
[1, 0, 2, 8, 0]  	610	5 
[2, 0, 15, 1, 0]  	615	5 
[1, 11, 10, 0, 0]  	615	5 
[1, 9, 0, 6, 0]  	615	5 
[1, 8, 12, 0, 0]  	616	5 
[1, 6, 2, 6, 0]  	616	5 
[1, 12, 0, 5, 0]  	618	7 
[1, 2, 1, 8, 0]  	621	5 
[13, 2, 12, 0, 0]  	622	12 
[14, 0, 13, 0, 0]  	623	13 
[1, 8, 1, 6, 0]  	627	4 
[0, 20, 1, 2, 0]  	627	4 
[1, 7, 13, 0, 0]  	628	4 
[1, 5, 3, 6, 0]  	628	4 
[0, 17, 3, 2, 0]  	628	4 
[1, 2, 5, 6, 0]  	629	5 
[1, 1, 0, 9, 0]  	629	6 
[1, 24, 0, 1, 0]  	630	8 
[13, 1, 13, 0, 0]  	634	13 
[1, 1, 4, 7, 0]  	637	5 
[2, 0, 10, 4, 0]  	638	5 
[1, 0, 16, 1, 0]  	638	5 
[0, 19, 2, 2, 0]  	639	3 
[0, 8, 13, 0, 0]  	639	3 
[0, 5, 15, 0, 0]  	640	3 
[1, 14, 5, 2, 0]  	641	5 
[1, 2, 11, 3, 0]  	641	5 
[0, 25, 0, 1, 0]  	641	5 
[1, 23, 1, 1, 0]  	642	6 
[5, 11, 0, 5, 0]  	643	8 
[2, 21, 2, 1, 0]  	643	7 
[1, 8, 9, 2, 0]  	643	5 
[13, 0, 14, 0, 0]  	646	11 
[4, 26, 0, 0, 0]  	646	11 
[1, 20, 5, 0, 0]  	647	8 
[1, 3, 3, 7, 0]  	648	5 
[0, 7, 14, 0, 0]  	651	2 
[0, 6, 9, 3, 0]  	651	2 
[0, 15, 5, 2, 0]  	652	3 
[0, 14, 0, 5, 0]  	652	3 
[0, 3, 11, 3, 0]  	652	3 
[1, 2, 17, 0, 0]  	653	6 
[0, 24, 1, 1, 0]  	653	5 
[7, 2, 15, 0, 0]  	655	8 
[1, 19, 4, 1, 0]  	655	6 
[1, 5, 0, 8, 0]  	655	5 
[2, 23, 3, 0, 0]  	658	7 
[1, 10, 10, 1, 0]  	658	7 
[1, 5, 2, 7, 0]  	659	5 
[0, 15, 9, 0, 0]  	660	4 
[0, 3, 15, 1, 0]  	660	4 
[0, 5, 10, 3, 0]  	663	1 
[0, 4, 5, 6, 0]  	663	1 
[0, 3, 0, 9, 0]  	663	1 
[0, 13, 1, 5, 0]  	664	3 
[0, 3, 17, 0, 0]  	664	3 
[0, 2, 12, 3, 0]  	664	3 
[1, 1, 18, 0, 0]  	665	5 
[1, 0, 13, 3, 0]  	665	5 
[4, 11, 1, 5, 0]  	666	8 
[0, 20, 4, 1, 0]  	666	4 
[1, 5, 6, 5, 0]  	667	6 
[10, 1, 15, 0, 0]  	668	9 
[12, 0, 15, 0, 0]  	669	10 
[1, 7, 1, 7, 0]  	670	5 
[0, 17, 8, 0, 0]  	671	5 
[1, 2, 10, 4, 0]  	672	6 
[0, 12, 0, 6, 0]  	672	4 
[0, 3, 6, 6, 0]  	675	1 
[0, 2, 1, 9, 0]  	675	1 
[0, 12, 2, 5, 0]  	676	3 
[0, 2, 18, 0, 0]  	676	3 
[1, 11, 8, 2, 0]  	677	4 
[6, 0, 6, 6, 0]  	678	6 
[5, 1, 17, 0, 0]  	678	7 
[2, 8, 4, 5, 0]  	678	4 
[0, 19, 5, 1, 0]  	678	5 
[8, 1, 16, 0, 0]  	679	8 
[1, 23, 4, 0, 0]  	681	5 
[0, 19, 7, 0, 0]  	682	5 
[1, 0, 6, 7, 0]  	684	5 
[0, 24, 0, 2, 0]  	684	5 
[0, 2, 7, 6, 0]  	687	1 
[0, 1, 2, 9, 0]  	687	1 
[1, 0, 8, 6, 0]  	688	4 
[0, 11, 3, 5, 0]  	688	3 
[3, 11, 2, 5, 0]  	689	5 
[2, 10, 3, 5, 0]  	689	4 
[0, 18, 6, 1, 0]  	690	5 
[8, 0, 17, 0, 0]  	691	9 
[2, 29, 0, 0, 0]  	691	6 
[11, 0, 16, 0, 0]  	692	12 
[0, 6, 14, 1, 0]  	694	3 
[0, 14, 5, 3, 0]  	695	3 
[0, 2, 11, 4, 0]  	695	3 
[0, 14, 7, 2, 0]  	699	1 
[0, 1, 8, 6, 0]  	699	1 
[0, 0, 3, 9, 0]  	699	1 
[0, 23, 3, 1, 0]  	700	3 
[0, 11, 9, 2, 0]  	700	3 
[3, 0, 19, 0, 0]  	701	4 
[1, 8, 5, 5, 0]  	701	3 
[0, 8, 11, 2, 0]  	701	3 
[6, 0, 18, 0, 0]  	702	6 
[0, 17, 7, 1, 0]  	702	5 
[2, 28, 1, 0, 0]  	703	8 
[0, 3, 5, 7, 0]  	706	2 
[1, 0, 1, 10, 0]  	707	3 
[0, 14, 11, 0, 0]  	707	3 
[0, 2, 17, 1, 0]  	707	3 
[0, 13, 8, 2, 0]  	711	1 
[0, 1, 14, 3, 0]  	711	1 
[0, 0, 9, 6, 0]  	711	1 
[1, 10, 4, 5, 0]  	712	2 
[0, 10, 10, 2, 0]  	712	2 
[0, 9, 5, 5, 0]  	712	2 
[0, 28, 2, 0, 0]  	714	4 
[0, 16, 8, 1, 0]  	714	5 
[0, 2, 6, 7, 0]  	718	2 
[0, 13, 12, 0, 0]  	719	4 
[0, 11, 2, 6, 0]  	719	3 
[0, 1, 20, 0, 0]  	723	1 
[0, 0, 15, 3, 0]  	723	1 
[2, 0, 20, 0, 0]  	724	2 
[0, 20, 0, 4, 0]  	724	2 
[0, 8, 6, 5, 0]  	724	2 
[0, 30, 1, 0, 0]  	725	4 
[0, 6, 13, 2, 0]  	725	3 
[0, 27, 3, 0, 0]  	726	4 
[1, 0, 11, 5, 0]  	727	7 
[0, 9, 0, 8, 0]  	735	1 
[0, 0, 21, 0, 0]  	735	1  <--- 3
[0, 32, 0, 0, 0]  	736	2  <--- 2
[0, 7, 7, 5, 0]  	736	2 
[0, 5, 14, 2, 0]  	737	3 
[1, 0, 0, 11, 0]  	738	6 
[0, 8, 1, 8, 0]  	747	1 
[0, 6, 8, 5, 0]  	748	2 
[0, 7, 2, 8, 0]  	759	1 
[0, 5, 9, 5, 0]  	760	2 
[0, 6, 3, 8, 0]  	771	1 
[0, 26, 5, 0, 0]  	773	3 
[0, 5, 4, 8, 0]  	783	1 
[0, 0, 0, 12, 0]  	792	1  <--- 4
[12, 0, 0, 1, 1]  	210	7 
[4, 4, 1, 1, 1]  	241	4 
[6, 5, 0, 1, 1]  	253	5 
[10, 11, 0, 0, 1]  	373	14 
[10, 10, 1, 0, 1]  	385	10 
[11, 0, 0, 4, 1]  	396	16 
[6, 1, 7, 1, 1]  	406	8 
[11, 0, 6, 1, 1]  	408	15 
[8, 2, 4, 2, 1]  	414	9 
[11, 1, 4, 2, 1]  	427	9 
[10, 0, 5, 2, 1]  	427	9 
[5, 13, 2, 0, 1]  	429	8 
[9, 1, 5, 2, 1]  	438	9 
[5, 12, 3, 0, 1]  	441	9 
[8, 0, 8, 1, 1]  	442	12 
[4, 1, 7, 2, 1]  	448	5 
[5, 17, 0, 0, 1]  	451	7 
[4, 16, 1, 0, 1]  	451	6 
[4, 13, 3, 0, 1]  	452	7 
[7, 10, 4, 0, 1]  	454	13 
[3, 4, 2, 4, 1]  	462	9 
[4, 15, 2, 0, 1]  	463	6 
[5, 1, 9, 1, 1]  	464	8 
[4, 12, 4, 0, 1]  	464	8 
[17, 4, 5, 0, 1]  	471	14 
[3, 3, 3, 4, 1]  	474	10 
[1, 14, 4, 0, 1]  	474	6 
[3, 13, 4, 0, 1]  	475	7 
[3, 12, 3, 1, 1]  	483	6 
[3, 8, 0, 4, 1]  	484	7 
[3, 18, 1, 0, 1]  	485	9 
[1, 13, 5, 0, 1]  	486	5 
[3, 12, 5, 0, 1]  	487	7 
[5, 11, 5, 0, 1]  	488	10 
[2, 10, 5, 1, 1]  	495	5 
[2, 9, 0, 4, 1]  	495	6 
[2, 16, 3, 0, 1]  	497	9 
[2, 12, 4, 1, 1]  	506	6 
[18, 2, 7, 0, 1]  	507	16 
[2, 8, 1, 4, 1]  	507	6 
[2, 5, 3, 4, 1]  	508	7 
[2, 2, 5, 4, 1]  	509	8 
[1, 2, 11, 1, 1]  	509	5 
[2, 12, 6, 0, 1]  	510	6 
[2, 7, 2, 4, 1]  	519	5 
[6, 3, 11, 0, 1]  	526	13 
[5, 6, 0, 5, 1]  	528	10 
[4, 18, 0, 1, 1]  	528	6 
[5, 15, 0, 2, 1]  	537	12 
[9, 0, 5, 4, 1]  	547	10 
[3, 5, 0, 6, 1]  	547	10 
[3, 2, 2, 6, 1]  	548	10 
[5, 3, 12, 0, 1]  	549	12 
[1, 12, 0, 4, 1]  	552	6 
[1, 3, 6, 4, 1]  	555	5 
[5, 13, 0, 3, 1]  	557	11 
[3, 17, 0, 2, 1]  	559	11 
[3, 4, 1, 6, 1]  	559	9 
[3, 3, 13, 0, 1]  	560	10 
[1, 3, 10, 2, 1]  	563	6 
[1, 12, 6, 1, 1]  	564	5 
[1, 2, 7, 4, 1]  	567	5 
[5, 0, 7, 4, 1]  	569	10 
[2, 10, 9, 0, 1]  	569	8 
[3, 16, 1, 2, 1]  	571	11 
[2, 4, 13, 0, 1]  	571	9 
[1, 1, 8, 4, 1]  	579	5 
[1, 16, 2, 2, 1]  	582	8 
[1, 3, 5, 5, 1]  	586	7 
[1, 1, 12, 2, 1]  	587	5 
[1, 18, 1, 2, 1]  	593	7 
[1, 7, 12, 0, 1]  	593	7 
[1, 4, 14, 0, 1]  	594	7 
[3, 1, 4, 6, 1]  	595	10 
[2, 2, 15, 0, 1]  	595	10 
[4, 1, 15, 0, 1]  	596	11 
[1, 2, 6, 5, 1]  	598	7 
[1, 1, 1, 8, 1]  	598	5 
[2, 0, 9, 4, 1]  	603	5 
[1, 12, 9, 0, 1]  	603	5 
[1, 6, 13, 0, 1]  	605	6 
[1, 2, 10, 3, 1]  	606	7 
[10, 1, 2, 6, 1]  	609	11 
[14, 1, 12, 0, 1]  	611	15 
[2, 11, 4, 3, 1]  	615	5 
[1, 7, 7, 3, 1]  	616	5 
[0, 15, 4, 2, 1]  	617	5 
[2, 1, 5, 6, 1]  	618	7 
[1, 2, 16, 0, 1]  	618	7 
[1, 1, 11, 3, 1]  	618	7 
[10, 2, 13, 0, 1]  	621	10 
[0, 15, 6, 1, 1]  	621	5 
[2, 1, 7, 5, 1]  	622	7 
[5, 1, 6, 5, 1]  	623	12 
[0, 14, 5, 2, 1]  	629	6 
[1, 11, 1, 5, 1]  	630	7 
[8, 2, 14, 0, 1]  	632	10 
[0, 26, 1, 0, 1]  	633	6 
[0, 14, 7, 1, 1]  	633	5 
[0, 14, 9, 0, 1]  	637	5 
[1, 1, 6, 6, 1]  	641	5 
[1, 0, 1, 9, 1]  	641	5 
[0, 13, 6, 2, 1]  	641	5 
[1, 7, 4, 5, 1]  	643	5 
[7, 0, 16, 0, 1]  	644	7 
[0, 16, 8, 0, 1]  	648	5 
[1, 0, 5, 7, 1]  	649	5 
[0, 13, 10, 0, 1]  	649	5 
[0, 4, 16, 0, 1]  	652	3 
[1, 10, 8, 2, 1]  	654	5 
[0, 18, 5, 1, 1]  	655	5 
[10, 0, 4, 6, 1]  	656	11 
[12, 1, 14, 0, 1]  	657	10 
[1, 25, 2, 0, 1]  	657	7 
[1, 0, 9, 5, 1]  	657	5 
[1, 9, 5, 4, 1]  	658	6 
[0, 18, 7, 0, 1]  	659	5 
[0, 14, 4, 3, 1]  	660	4 
[1, 12, 5, 3, 1]  	661	7 
[1, 0, 11, 4, 1]  	661	5 
[5, 0, 6, 6, 1]  	666	5 
[1, 21, 3, 1, 1]  	666	5 
[8, 0, 5, 6, 1]  	667	8 
[6, 0, 17, 0, 1]  	667	7 
[1, 11, 4, 4, 1]  	669	5 
[0, 20, 6, 0, 1]  	670	5 
[1, 0, 0, 10, 1]  	672	5 
[0, 13, 5, 3, 1]  	672	4 
[1, 10, 3, 5, 1]  	677	4 
[1, 29, 0, 0, 1]  	679	6 
[0, 22, 5, 0, 1]  	681	5 
[4, 0, 7, 6, 1]  	689	5 
[0, 9, 10, 2, 1]  	689	3 
[5, 0, 18, 0, 1]  	690	6 
[0, 12, 12, 0, 1]  	696	4 
[1, 0, 20, 0, 1]  	712	2 
[0, 7, 12, 2, 1]  	713	3 
[0, 1, 7, 7, 1]  	730	2 
[0, 16, 3, 4, 1]  	737	3 
[0, 1, 13, 4, 1]  	742	2 
[10, 3, 2, 1, 2]  	325	9 
[8, 2, 4, 1, 2]  	348	10 
[2, 13, 1, 0, 2]  	358	5 
[11, 1, 4, 1, 2]  	361	13 
[10, 0, 5, 1, 2]  	361	13 
[9, 1, 5, 1, 2]  	372	12 
[9, 0, 6, 1, 2]  	384	13 
[8, 0, 7, 1, 2]  	407	12 
[8, 1, 5, 2, 2]  	426	9 
[5, 1, 8, 1, 2]  	429	7 
[5, 5, 0, 4, 2]  	439	9 
[6, 7, 6, 0, 2]  	443	14 
[14, 9, 2, 0, 2]  	445	17 
[4, 6, 0, 4, 2]  	450	9 
[4, 1, 9, 1, 2]  	452	6 
[11, 7, 5, 0, 2]  	468	18 
[14, 7, 4, 0, 2]  	469	18 
[3, 6, 1, 4, 2]  	473	8 
[3, 1, 10, 1, 2]  	475	6 
[2, 7, 1, 4, 2]  	484	6 
[14, 5, 6, 0, 2]  	493	15 
[2, 1, 11, 1, 2]  	498	5 
[4, 9, 7, 0, 2]  	500	11 
[1, 17, 3, 0, 2]  	508	6 
[9, 3, 2, 4, 2]  	511	13 
[12, 4, 8, 0, 2]  	516	15 
[10, 0, 0, 6, 2]  	516	11 
[3, 4, 0, 6, 2]  	524	11 
[9, 1, 0, 6, 2]  	527	11 
[17, 2, 8, 0, 2]  	530	17 
[1, 2, 6, 4, 2]  	532	6 
[7, 2, 4, 4, 2]  	534	12 
[9, 0, 1, 6, 2]  	539	8 
[7, 1, 5, 4, 2]  	546	12 
[3, 9, 3, 3, 2]  	546	9 
[10, 1, 4, 4, 2]  	547	11 
[5, 1, 2, 6, 2]  	549	11 
[11, 3, 10, 0, 2]  	551	13 
[1, 2, 1, 7, 2]  	555	5 
[2, 1, 7, 4, 2]  	556	6 
[2, 7, 5, 3, 2]  	558	9 
[2, 3, 4, 5, 2]  	563	8 
[1, 1, 2, 7, 2]  	567	5 
[2, 18, 0, 2, 2]  	570	10 
[2, 5, 1, 6, 2]  	570	8 
[4, 1, 3, 6, 2]  	572	11 
[9, 2, 12, 0, 2]  	574	12 
[1, 0, 3, 7, 2]  	579	5 
[2, 1, 4, 6, 2]  	583	9 
[2, 10, 4, 3, 2]  	592	8 
[1, 10, 10, 0, 2]  	592	7 
[8, 2, 13, 0, 2]  	597	11 
[8, 0, 3, 6, 2]  	597	11 
[1, 8, 6, 3, 2]  	604	6 
[8, 1, 14, 0, 2]  	609	9 
[1, 3, 0, 8, 2]  	609	6 
[1, 10, 5, 3, 2]  	615	5 
[1, 3, 4, 6, 2]  	617	5 
[3, 1, 16, 0, 2]  	619	8 
[2, 23, 0, 1, 2]  	619	8 
[7, 2, 14, 0, 2]  	620	15 
[5, 0, 16, 0, 2]  	620	11 
[1, 25, 1, 0, 2]  	622	6 
[0, 13, 0, 5, 2]  	629	5 
[2, 0, 6, 6, 2]  	630	8 
[1, 14, 3, 3, 2]  	637	6 
[0, 4, 10, 3, 2]  	640	3 
[2, 1, 17, 0, 2]  	642	7 
[1, 11, 7, 2, 2]  	642	6 
[4, 0, 17, 0, 2]  	643	6 
[1, 0, 7, 6, 2]  	653	5 
[1, 22, 2, 1, 2]  	654	6 
[7, 0, 5, 6, 2]  	655	7 
[1, 8, 0, 7, 2]  	658	6 
[3, 0, 18, 0, 2]  	666	6 
[0, 3, 10, 4, 2]  	683	3 
[0, 31, 0, 0, 2]  	713	4 
[0, 15, 3, 4, 2]  	714	4 
[0, 12, 7, 3, 2]  	719	3 
[0, 11, 8, 3, 2]  	731	3 
[0, 19, 1, 4, 2]  	736	2 
[0, 1, 19, 1, 2]  	754	2 
[8, 1, 5, 1, 3]  	360	12 
[7, 1, 6, 1, 3]  	383	9 
[9, 11, 1, 0, 3]  	396	14 
[10, 1, 4, 2, 3]  	415	10 
[7, 0, 8, 1, 3]  	430	11 
[3, 7, 0, 4, 3]  	461	8 
[2, 9, 5, 1, 3]  	472	7 
[2, 4, 3, 4, 3]  	485	7 
[2, 6, 2, 4, 3]  	496	6 
[2, 3, 4, 4, 3]  	497	8 
[11, 4, 8, 0, 3]  	504	15 
[1, 20, 1, 0, 3]  	507	5 
[3, 7, 9, 0, 3]  	512	11 
[8, 3, 10, 0, 3]  	515	13 
[1, 19, 2, 0, 3]  	519	5 
[1, 4, 10, 1, 3]  	520	7 
[3, 11, 1, 3, 3]  	522	7 
[1, 6, 9, 1, 3]  	531	5 
[3, 3, 1, 6, 3]  	536	10 
[1, 4, 5, 4, 3]  	543	6 
[2, 5, 12, 0, 3]  	559	9 
[5, 2, 13, 0, 3]  	561	11 
[8, 2, 12, 0, 3]  	562	11 
[8, 0, 2, 6, 3]  	562	9 
[6, 0, 3, 6, 3]  	573	10 
[4, 2, 14, 0, 3]  	584	11 
[6, 1, 14, 0, 3]  	585	11 
[2, 12, 3, 3, 3]  	603	5 
[3, 0, 5, 6, 3]  	607	9 
[2, 1, 16, 0, 3]  	607	8 
[4, 0, 16, 0, 3]  	608	10 
[3, 0, 17, 0, 3]  	631	9 
[0, 23, 0, 2, 3]  	661	5 
[0, 29, 0, 0, 3]  	667	6 
[0, 12, 6, 3, 3]  	684	4 
[2, 0, 19, 0, 3]  	689	6 
[0, 19, 0, 4, 3]  	701	3 
[0, 18, 2, 4, 3]  	748	2 
[10, 1, 4, 1, 4]  	349	14 
[7, 9, 4, 0, 4]  	431	14 
[2, 12, 1, 3, 4]  	533	6 
[9, 1, 4, 4, 4]  	535	12 
[1, 13, 1, 3, 4]  	544	6 
[1, 1, 7, 4, 4]  	544	6 
[8, 1, 1, 6, 4]  	550	12 
[4, 0, 4, 6, 4]  	584	10 
[0, 16, 3, 3, 4]  	671	4 
[0, 18, 0, 4, 4]  	678	4 
[0, 12, 8, 2, 4]  	688	3 
[0, 17, 1, 4, 4]  	690	4 
[0, 16, 2, 4, 4]  	702	4 
[0, 25, 4, 0, 4]  	715	5 
[1, 12, 1, 3, 5]  	521	5 
[2, 1, 10, 2, 5]  	529	6 
[7, 1, 1, 6, 5]  	538	13 
[7, 2, 12, 0, 5]  	550	12 
[3, 2, 14, 0, 5]  	572	10 
[1, 19, 0, 2, 5]  	581	8 
[0, 25, 2, 0, 5]  	645	5 
[2, 0, 18, 0, 5]  	654	5 
[1, 0, 19, 0, 5]  	677	4 
[2, 11, 3, 3, 6]  	580	6 
[1, 1, 5, 6, 6]  	606	7 
[0, 18, 2, 3, 7]  	682	4 
[0, 10, 4, 6, 7]  	766	2 
[1, 1, 14, 1, 8]  	591	5 
[2, 0, 5, 6, 10]  	595	9 
[1, 0, 10, 4, 242]  	626	5 
[1, 0, 9, 4, 243]  	591	4 
[1, 12, 5, 2, 247]  	595	8 
[2, 0, 14, 1, 248]  	580	5 
[0, 7, 13, 1, 248]  	682	3 
[1, 12, 5, 1, 249]  	529	5 
[1, 3, 0, 7, 249]  	543	6 
[1, 5, 4, 5, 249]  	597	4 
[0, 13, 9, 0, 249]  	614	4 
[0, 8, 5, 5, 249]  	689	2 
[0, 0, 20, 1, 249]  	766	1 
[6, 8, 5, 0, 250]  	431	13 
[1, 3, 5, 4, 250]  	520	7 
[1, 12, 8, 0, 250]  	568	4 
[0, 13, 8, 0, 250]  	579	4 
[1, 8, 8, 2, 250]  	608	2 
[0, 16, 5, 1, 250]  	609	3 
[1, 8, 3, 5, 250]  	631	3 
[0, 19, 6, 0, 250]  	647	5 
[0, 8, 10, 2, 250]  	666	1 
[0, 6, 7, 5, 250]  	713	2 
[1, 5, 4, 4, 251]  	531	5 
[1, 12, 7, 0, 251]  	533	4 
[2, 8, 0, 5, 251]  	538	7 
[1, 5, 8, 2, 251]  	539	3 
[1, 2, 10, 2, 251]  	540	5 
[1, 1, 13, 1, 251]  	556	4 
[0, 14, 7, 0, 251]  	567	4 
[0, 16, 4, 1, 251]  	574	3 
[1, 8, 11, 0, 251]  	581	6 
[1, 6, 3, 5, 251]  	585	3 
[1, 9, 7, 2, 251]  	596	4 
[0, 5, 10, 2, 251]  	597	1 
[0, 17, 6, 0, 251]  	601	4 
[0, 12, 5, 3, 251]  	649	4 
[0, 21, 3, 1, 251]  	654	3 
[0, 9, 9, 2, 251]  	654	2 
[0, 5, 14, 1, 251]  	671	1 
[0, 0, 14, 3, 251]  	688	1 
[0, 5, 8, 5, 251]  	725	2 
[8, 10, 2, 0, 252]  	396	10 
[6, 11, 3, 0, 252]  	430	6 
[13, 8, 3, 0, 252]  	445	14 
[1, 3, 10, 1, 252]  	497	6 
[1, 6, 3, 4, 252]  	519	3 
[1, 1, 12, 1, 252]  	521	4 
[1, 15, 3, 1, 252]  	528	4 
[0, 17, 4, 0, 252]  	531	4 
[0, 16, 5, 0, 252]  	543	4 
[1, 0, 2, 7, 252]  	544	3 
[2, 9, 9, 0, 252]  	546	7 
[1, 4, 9, 2, 252]  	551	3 
[0, 15, 6, 0, 252]  	555	4 
[2, 11, 8, 0, 252]  	557	5 
[2, 6, 0, 6, 252]  	558	7 
[2, 3, 2, 6, 252]  	559	5 
[2, 0, 10, 3, 252]  	572	7 
[1, 8, 7, 2, 252]  	573	4 
[1, 0, 1, 8, 252]  	575	4 
[0, 18, 3, 1, 252]  	585	2 
[1, 2, 0, 8, 252]  	586	2 
[0, 2, 12, 2, 252]  	598	1 
[1, 0, 15, 1, 252]  	603	2 
[1, 0, 0, 9, 252]  	606	6 
[0, 4, 11, 2, 252]  	609	1 
[0, 13, 7, 1, 252]  	610	3 
[1, 9, 2, 5, 252]  	619	4 
[0, 3, 14, 1, 252]  	625	1 
[0, 12, 10, 0, 252]  	626	4 
[0, 2, 11, 3, 252]  	629	2 
[0, 2, 15, 1, 252]  	637	1 
[0, 2, 0, 9, 252]  	640	1 
[0, 11, 0, 6, 252]  	649	1 
[0, 2, 5, 7, 252]  	683	2 
[0, 5, 3, 8, 252]  	748	1 
[9, 2, 3, 1, 253]  	325	8 
[6, 12, 0, 0, 253]  	348	7 
[5, 6, 7, 0, 253]  	443	8 
[1, 13, 4, 0, 253]  	451	4 
[5, 8, 6, 0, 253]  	454	9 
[5, 5, 8, 0, 253]  	455	8 
[1, 15, 3, 0, 253]  	462	5 
[2, 1, 10, 1, 253]  	463	4 
[10, 6, 6, 0, 253]  	468	11 
[13, 6, 5, 0, 253]  	469	11 
[1, 2, 10, 1, 253]  	474	5 
[10, 5, 7, 0, 253]  	480	11 
[1, 4, 9, 1, 253]  	485	5 
[2, 0, 10, 2, 253]  	506	4 
[0, 16, 4, 0, 253]  	508	3 
[8, 2, 3, 4, 253]  	511	10 
[2, 8, 5, 2, 253]  	515	6 
[1, 2, 0, 7, 253]  	520	4 
[3, 0, 12, 1, 253]  	522	6 
[1, 1, 1, 7, 253]  	532	5 
[0, 13, 7, 0, 253]  	544	3 
[2, 0, 13, 1, 253]  	545	3 
[7, 0, 2, 6, 253]  	550	7 
[1, 19, 1, 1, 253]  	550	2 
[0, 0, 14, 1, 253]  	556	1 
[1, 12, 4, 2, 253]  	560	4 
[1, 18, 2, 1, 253]  	562	4 
[1, 5, 3, 5, 253]  	562	1 
[0, 17, 3, 1, 253]  	562	1 
[1, 1, 0, 8, 253]  	563	3 
[0, 2, 11, 2, 253]  	563	1 
[1, 7, 2, 5, 253]  	573	4 
[0, 19, 2, 1, 253]  	573	3 
[1, 11, 9, 0, 253]  	580	4 
[0, 6, 9, 2, 253]  	585	2 
[0, 15, 5, 1, 253]  	586	1 
[0, 12, 9, 0, 253]  	591	2 
[1, 11, 2, 4, 253]  	599	4 
[1, 11, 4, 3, 253]  	603	4 
[0, 13, 5, 2, 253]  	606	5 
[0, 4, 13, 1, 253]  	613	3 
[0, 5, 5, 5, 253]  	620	1 
[0, 13, 4, 3, 253]  	637	3 
[0, 3, 5, 6, 253]  	640	1 
[0, 24, 3, 0, 253]  	657	3 
[3, 3, 3, 1, 254]  	276	2 
[9, 0, 5, 1, 254]  	349	11 
[6, 9, 2, 0, 254]  	349	5 
[6, 8, 3, 0, 254]  	361	5 
[1, 12, 3, 0, 254]  	393	3 
[6, 0, 6, 2, 254]  	414	5 
[5, 5, 7, 0, 254]  	420	8 
[1, 3, 8, 1, 254]  	427	2 
[2, 1, 9, 1, 254]  	428	4 
[1, 2, 9, 1, 254]  	439	1 
[0, 2, 10, 1, 254]  	462	1 
[4, 0, 10, 1, 254]  	464	4 
[2, 8, 0, 4, 254]  	472	5 
[1, 0, 0, 7, 254]  	474	4 
[2, 11, 4, 1, 254]  	483	5 
[0, 15, 4, 0, 254]  	485	2 
[1, 18, 2, 0, 254]  	496	5 
[1, 5, 3, 4, 254]  	496	2 
[1, 2, 5, 4, 254]  	497	6 
[3, 8, 8, 0, 254]  	500	6 
[4, 17, 0, 1, 254]  	505	5 
[16, 3, 7, 0, 254]  	506	13 
[1, 8, 7, 1, 254]  	507	3 
[2, 6, 10, 0, 254]  	512	7 
[3, 18, 0, 1, 254]  	516	3 
[2, 4, 2, 5, 254]  	516	3 
[2, 19, 0, 1, 254]  	527	4 
[2, 6, 1, 5, 254]  	527	5 
[16, 1, 9, 0, 254]  	530	11 
[5, 12, 0, 3, 254]  	534	8 
[8, 0, 5, 4, 254]  	535	10 
[2, 6, 5, 3, 254]  	535	6 
[2, 2, 2, 6, 254]  	536	5 
[2, 0, 9, 3, 254]  	537	2 
[1, 20, 0, 1, 254]  	538	3 
[0, 21, 0, 1, 254]  	549	3 
[1, 7, 7, 2, 254]  	550	3 
[1, 8, 1, 5, 254]  	561	4 
[0, 20, 1, 1, 254]  	561	3 
[2, 9, 4, 3, 254]  	569	6 
[1, 6, 12, 0, 254]  	570	7 
[2, 1, 15, 0, 254]  	572	8 
[0, 3, 5, 5, 254]  	574	1 
[1, 10, 6, 2, 254]  	584	5 
[1, 9, 5, 3, 254]  	592	5 
[0, 9, 11, 0, 254]  	592	1 
[5, 0, 6, 5, 254]  	600	7 
[0, 11, 10, 0, 254]  	603	1 
[0, 12, 0, 5, 254]  	606	2 
[0, 4, 15, 0, 254]  	617	3 
[0, 2, 7, 5, 254]  	621	1 
[0, 24, 2, 0, 254]  	622	2 
[1, 1, 17, 0, 254]  	630	5 
[0, 2, 2, 8, 254]  	644	1 
[0, 3, 9, 4, 254]  	648	2 
[0, 11, 2, 5, 254]  	653	1 
[0, 0, 2, 9, 254]  	664	1 
[0, 13, 3, 4, 254]  	668	3 
[0, 8, 0, 8, 254]  	712	1 
[0, 0, 8, 7, 254]  	742	1 
[6, 6, 0, 0, 255]  	210	5 
[3, 3, 2, 1, 255]  	241	1 
[3, 2, 3, 1, 255]  	253	1 
[2, 1, 7, 1, 255]  	358	3 
[1, 0, 8, 1, 255]  	358	1 
[1, 13, 2, 0, 255]  	381	3 
[7, 0, 7, 1, 255]  	395	7 
[4, 6, 6, 0, 255]  	396	6 
[0, 15, 2, 0, 255]  	415	1 
[0, 0, 10, 1, 255]  	416	1 
[0, 14, 3, 0, 255]  	427	1 
[4, 17, 0, 0, 255]  	439	3 
[0, 13, 4, 0, 255]  	439	2 
[4, 5, 8, 0, 255]  	443	5 
[3, 18, 0, 0, 255]  	450	3 
[0, 12, 5, 0, 255]  	451	2 
[4, 4, 9, 0, 255]  	455	5 
[0, 20, 0, 0, 255]  	460	1 
[2, 19, 0, 0, 255]  	461	5 
[1, 18, 1, 0, 255]  	461	3 
[2, 3, 3, 4, 255]  	462	2 
[2, 4, 10, 0, 255]  	466	7 
[2, 6, 5, 2, 255]  	469	2 
[16, 3, 6, 0, 255]  	471	6 
[2, 5, 2, 4, 255]  	473	3 
[2, 2, 4, 4, 255]  	474	6 
[1, 3, 2, 5, 255]  	481	1 
[0, 3, 8, 2, 255]  	481	2 
[4, 2, 0, 6, 255]  	490	5 
[4, 5, 0, 5, 255]  	493	4 
[1, 2, 3, 5, 255]  	493	1 
[9, 0, 0, 6, 255]  	504	8 
[3, 6, 0, 5, 255]  	504	4 
[16, 0, 9, 0, 255]  	507	7 
[1, 7, 2, 4, 255]  	507	2 
[1, 4, 4, 4, 255]  	508	5 
[3, 10, 7, 0, 255]  	511	5 
[2, 5, 5, 3, 255]  	512	2 
[2, 11, 3, 2, 255]  	514	2 
[2, 11, 7, 0, 255]  	522	3 
[2, 8, 9, 0, 255]  	523	4 
[1, 2, 2, 6, 255]  	524	1 
[1, 8, 0, 5, 255]  	526	1 
[0, 0, 0, 8, 255]  	528	1 
[2, 9, 3, 3, 255]  	534	4 
[6, 2, 12, 0, 255]  	538	10 
[6, 0, 2, 6, 255]  	538	8 
[2, 11, 2, 3, 255]  	545	5 
[2, 8, 4, 3, 255]  	546	3 
[2, 4, 1, 6, 255]  	547	5 
[2, 0, 15, 0, 255]  	549	2 
[0, 2, 5, 5, 255]  	551	1 
[1, 9, 6, 2, 255]  	561	5 
[0, 1, 8, 4, 255]  	567	2 
[1, 9, 10, 0, 255]  	569	6 
[1, 8, 5, 3, 255]  	569	4 
[1, 7, 0, 6, 255]  	569	2 
[0, 8, 11, 0, 255]  	569	1 
[0, 4, 14, 0, 255]  	582	3 
[1, 2, 15, 0, 255]  	583	2 
[0, 11, 0, 5, 255]  	583	1 
[1, 6, 7, 3, 255]  	593	5 
[0, 0, 17, 0, 255]  	595	1 
[0, 0, 8, 5, 255]  	610	1 
[13, 0, 13, 0, 255]  	611	7 
[0, 13, 2, 4, 255]  	633	2 
[0, 0, 5, 7, 255]  	637	1 
[0, 12, 3, 4, 255]  	645	2 
[0, 17, 0, 4, 255]  	655	2 
------
The gap is between 11 and 241.
Lengths: 5 5 10 12 5 16.
For 692 = 3*d-d1-d2-d3-d4 you get 5 in char 0.
1 + 0*2^64 + 0*2^128 + 0*2^192*y^24*z^4
1 + 0*2^64 + 0*2^128 + 0*2^192*y^12*z^10*w^1
1 + 0*2^64 + 0*2^128 + 0*2^192*y^11*z^5*w^4
1 + 0*2^64 + 0*2^128 + 0*2^192*y^10*w^7
1 + 0*2^64 + 0*2^128 + 0*2^192*z^16*w^2

For 416 = 2*d-d1-d2-d3-d4 you get 10 in char 0.
1 + 0*2^64 + 0*2^128 + 0*2^192*x^5*y^4*w^4
1 + 0*2^64 + 0*2^128 + 0*2^192*x^4*y^16
1 + 0*2^64 + 0*2^128 + 0*2^192*x^4*y^3*z^1*w^4
1 + 0*2^64 + 0*2^128 + 0*2^192*x^3*y^2*z^2*w^4
1 + 0*2^64 + 0*2^128 + 0*2^192*x^2*y^1*z^3*w^4
1 + 0*2^64 + 0*2^128 + 0*2^192*x^1*y^13*z^3
1 + 0*2^64 + 0*2^128 + 0*2^192*x^1*y^1*z^9*w^1
1 + 0*2^64 + 0*2^128 + 0*2^192*x^1*z^4*w^4
1 + 0*2^64 + 0*2^128 + 0*2^192*y^12*z^4
1 + 0*2^64 + 0*2^128 + 0*2^192*z^10*w^1

For 140 = d-d1-d2-d3-d4 you get 5 in char 0.
1 + 0*2^64 + 0*2^128 + 0*2^192*x^4*y^4
1 + 0*2^64 + 0*2^128 + 0*2^192*x^3*y^3*z^1
1 + 0*2^64 + 0*2^128 + 0*2^192*x^2*y^2*z^2
1 + 0*2^64 + 0*2^128 + 0*2^192*x^1*y^1*z^3
1 + 0*2^64 + 0*2^128 + 0*2^192*z^4

Extra powers of p used 8.
The invariant extra is equal to 33.
Start computing 2^4 Delta^1 (x1x2x3x4)^1... Done.
Start computing 2^5 Delta^2 (x1x2x3x4)^1... Done.
Start computing 2^6 Delta^3 (x1x2x3x4)^1... Done.
Start computing 2^7 Delta^4 (x1x2x3x4)^1... Done.
Start computing 2^8 Delta^5 (x1x2x3x4)^1... Done.
Start computing 2^9 Delta^6 (x1x2x3x4)^1... Done.
Start computing 2^10 Delta^7 (x1x2x3x4)^1... Done.
Start computing 2^11 Delta^8 (x1x2x3x4)^1... Done.
Start computing 2^12 Delta^9 (x1x2x3x4)^1... Done.
Start computing 2^13 Delta^10 (x1x2x3x4)^1... Done.
Start computing 2^14 Delta^11 (x1x2x3x4)^1... Done.
Start computing 2^15 Delta^12 (x1x2x3x4)^1... Done.
Start computing 2^16 Delta^13 (x1x2x3x4)^1... Done.
Start computing 2^17 Delta^14 (x1x2x3x4)^1... Done.
Start computing 2^18 Delta^15 (x1x2x3x4)^1... Done.
Start computing 2^19 Delta^16 (x1x2x3x4)^1... Done.
Start computing 2^20 Delta^17 (x1x2x3x4)^1... Done.
Start computing 2^21 Delta^18 (x1x2x3x4)^1... Done.
Start computing 2^22 Delta^19 (x1x2x3x4)^1... Done.
Start computing 2^23 Delta^20 (x1x2x3x4)^1... Done.
Start computing 2^24 Delta^21 (x1x2x3x4)^1... Done.
Start computing 2^25 Delta^22 (x1x2x3x4)^1... Done.
Start computing 2^26 Delta^23 (x1x2x3x4)^1... Done.
Start computing 2^27 Delta^24 (x1x2x3x4)^1... Done.
Start computing 2^28 Delta^25 (x1x2x3x4)^1... Done.
Start computing 2^29 Delta^26 (x1x2x3x4)^1... Done.
Start computing 2^30 Delta^27 (x1x2x3x4)^1... Done.
Start computing 2^31 Delta^28 (x1x2x3x4)^1... Done.
Start computing 2^32 Delta^29 (x1x2x3x4)^1... Done.
Start computing 2^33 Delta^30 (x1x2x3x4)^1... Done.
Start computing 2^34 Delta^31 (x1x2x3x4)^1... Done.
Start computing 2^35 Delta^32 (x1x2x3x4)^1... Done.
Start computing 2^36 Delta^33 (x1x2x3x4)^1... Done.
Start computing 2^37 Delta^34 (x1x2x3x4)^1... Done.
Start computing 2^38 Delta^35 (x1x2x3x4)^1... Done.
Start computing aa.
1 2 3 4 5 6 7 8 9 10 11 12 13 14 15 16 17 18 19 20 
*/
A = \
[11996412978552140752 + 3805010956907993781*2^64 + 13161311641635275885*2^128 + 61978293022*2^192,5462546308386887072 + 3460429846373455311*2^64 + 13426426842040122876*2^128 + 7584076197*2^192,5530900681870421952 + 15513518623650014717*2^64 + 4494687146861419552*2^128 + 22488981172*2^192,11338025316083415472 + 33122587630596448*2^64 + 11539688399809363580*2^128 + 60401698392*2^192,9941690157669746368 + 8704499436817238228*2^64 + 14064227820964292259*2^128 + 11435742980*2^192,9447746667054145664 + 2401238870676836453*2^64 + 17507312243166876518*2^128 + 50940248214*2^192,15821639220639525824 + 6443057485283171205*2^64 + 14015796233056280051*2^128 + 29911699713*2^192,99779767290408608 + 15536281718236640515*2^64 + 8263990063158208835*2^128 + 23648093496*2^192,12412172735010379520 + 543254477618939444*2^64 + 16840051696761168677*2^128 + 63161949010*2^192,1438020235984007552 + 5403379564628772403*2^64 + 445395756483401874*2^128 + 24592493834*2^192,2108904366207777408 + 4992461349775339767*2^64 + 765100038688677390*2^128 + 60258652874*2^192,12806992062534458624 + 1619447307028657483*2^64 + 15894129173715757656*2^128 + 31775473376*2^192,5077508279433731392 + 469479036538786676*2^64 + 13941627300017328678*2^128 + 3143233218*2^192,1769486178252648000 + 15606634122359047810*2^64 + 2620244283155176956*2^128 + 8470518249*2^192,8082141096892580608 + 5119303010743146075*2^64 + 3796032196971369477*2^128 + 39635566490*2^192,6189991042608578240 + 16759510037278710119*2^64 + 9541290610124605383*2^128 + 41998521772*2^192,4171057095371025024 + 7267963771823904216*2^64 + 16235313018593028862*2^128 + 64483154845*2^192,10739980196229969920 + 15515547118667687763*2^64 + 1172430310998999585*2^128 + 6806171677*2^192,3399149796736849600 + 4442628694618269814*2^64 + 15854201644263565423*2^128 + 36503049375*2^192,18079289743147178112 + 9967615872861451235*2^64 + 16863096877275575967*2^128 + 14783197692*2^192;\
11914820733060567088 + 13523925934758066381*2^64 + 14916313778267785167*2^128 + 42966097756*2^192,4071466267406322176 + 4353822024277979678*2^64 + 1839683657936166605*2^128 + 44152270159*2^192,14577954351534528732 + 11848698586848859531*2^64 + 16021108010595077026*2^128 + 28357876284*2^192,17073318939824803864 + 3774785798737107257*2^64 + 6031239129525344158*2^128 + 47627192391*2^192,3512160094723293440 + 6786318310674879864*2^64 + 3283508786577082829*2^128 + 50891811410*2^192,15082759212148050816 + 8658726911741437822*2^64 + 4680779393157166511*2^128 + 2829772485*2^192,9166649832114537312 + 16656119522994242286*2^64 + 17895653583979911567*2^128 + 47421838919*2^192,7622589750708002480 + 13375063497696270732*2^64 + 7947120490557194520*2^128 + 24709994042*2^192,9950419970814955200 + 13077675276830120654*2^64 + 6206231241466508979*2^128 + 28544028997*2^192,5406064611902397024 + 17539571166137421721*2^64 + 3728491885666838928*2^128 + 51829081530*2^192,5535586891931793600 + 10295152103927796570*2^64 + 697074187203291016*2^128 + 59630227732*2^192,9755918005258334976 + 14969723332274556544*2^64 + 4670064268956671539*2^128 + 27365314089*2^192,3746041004905558944 + 14696431911527725280*2^64 + 5796060155504946612*2^128 + 68674106371*2^192,1462056731357516256 + 10273358703188288501*2^64 + 7581657780512845478*2^128 + 39899623966*2^192,17117496586480613504 + 5813849266086952696*2^64 + 2448111090622775278*2^128 + 36022639971*2^192,18151393172115218464 + 10016754395052745499*2^64 + 9893735101941917845*2^128 + 45267064574*2^192,18187694555282542784 + 3369916682248832172*2^64 + 17461863119985969714*2^128 + 29776496985*2^192,3858640010677411328 + 6250887536677100839*2^64 + 5604143810666862302*2^128 + 25969152298*2^192,2637900380171808032 + 14020555360917357362*2^64 + 15576197322978086669*2^128 + 52178186165*2^192,3050578376270851648 + 16163240502193085624*2^64 + 16286984163287665603*2^128 + 7729890796*2^192;\
12316030202300225024 + 3760896021203067383*2^64 + 14036856350772246800*2^128 + 42546058424*2^192,12178193440734910720 + 8359215973679279587*2^64 + 8992555334176339662*2^128 + 1265745204*2^192,12355404090110793952 + 2306044260633558690*2^64 + 7749101573454850020*2^128 + 24986968449*2^192,17092897017287398336 + 9299489610308330462*2^64 + 9458086400415634354*2^128 + 67780622048*2^192,3036314558896951808 + 3623838087529663139*2^64 + 9567582109996556451*2^128 + 24033699407*2^192,8187107728379454464 + 13850790948126350898*2^64 + 15220198589111806803*2^128 + 51597302936*2^192,113369649785450240 + 8979441155490019676*2^64 + 6449828151557426280*2^128 + 17503422345*2^192,1130530059540949376 + 16910939172599035375*2^64 + 11463417984345842862*2^128 + 45203344160*2^192,11807948063228045824 + 3807282806372232038*2^64 + 7844194629083029844*2^128 + 61351407034*2^192,11488291422678107392 + 13771635186344089987*2^64 + 11880319229521182296*2^128 + 1462121992*2^192,4882036774477712896 + 2496486723991894661*2^64 + 1339226905659042792*2^128 + 19445026906*2^192,3415208127424802816 + 6050871909808306997*2^64 + 2880597554693189365*2^128 + 36611789146*2^192,15539016064092010752 + 8188156494655475912*2^64 + 13141472514281900988*2^128 + 33637364087*2^192,12752586731135803136 + 4641247509794106905*2^64 + 5623264765714983199*2^128 + 57876703036*2^192,3045452435382232064 + 7357892619352859540*2^64 + 348004625847823791*2^128 + 50266546317*2^192,6842952927800183040 + 4278153163735734642*2^64 + 15271864788308929435*2^128 + 55919583060*2^192,1394240776543086080 + 9533855550337048178*2^64 + 5113634467913607848*2^128 + 60147664928*2^192,2099067583515480064 + 3894730144562112505*2^64 + 1016078889891592291*2^128 + 41648922036*2^192,250299253055889664 + 899106338111328299*2^64 + 15181567167111972070*2^128 + 19032234673*2^192,13915448046817847808 + 9581130445026559976*2^64 + 14956644539906106238*2^128 + 63262385340*2^192;\
14993416083147997888 + 3496759260404083646*2^64 + 7321012943760637478*2^128 + 9783610234*2^192,18176220874760135808 + 16661865715895532954*2^64 + 15142535565557381717*2^128 + 55160117725*2^192,10934356726940925856 + 8286929893043155823*2^64 + 10384876117841866675*2^128 + 45020176868*2^192,12774092967444527488 + 9461702421173582034*2^64 + 1443242234364747863*2^128 + 63044152239*2^192,3115112453901843200 + 5565956498336591533*2^64 + 11696617250601004014*2^128 + 62999886144*2^192,4609280552393523712 + 18110502376192093723*2^64 + 16008831022372922091*2^128 + 25527706936*2^192,12851872947966693376 + 4993955816411129213*2^64 + 8489823094735899523*2^128 + 8286334193*2^192,14348894214113671424 + 2923712832174915200*2^64 + 4644067614106234017*2^128 + 20739818662*2^192,9848621346084772352 + 3034629248862998216*2^64 + 14592398328135751275*2^128 + 6480274769*2^192,3854750460725747456 + 13993684872603611323*2^64 + 971607070887936716*2^128 + 15310663955*2^192,2024031173280134144 + 8353184521587069508*2^64 + 17006321883003647000*2^128 + 38104488688*2^192,12807086413170826240 + 4224880218874333793*2^64 + 654959638848660627*2^128 + 34686318061*2^192,7910696272355506688 + 10102528609748068868*2^64 + 10468498203061824573*2^128 + 50294635398*2^192,15037267395938851328 + 5274656346826890069*2^64 + 10173028085872570537*2^128 + 26637136953*2^192,17285728003090927616 + 117478516150043449*2^64 + 4871363087883903285*2^128 + 66185255289*2^192,16497318311631116800 + 3256376327950997545*2^64 + 2272386003741019043*2^128 + 11023860207*2^192,3796327640173010944 + 14755984064032057447*2^64 + 15191841246365954541*2^128 + 34336433186*2^192,1497851211393169408 + 3320963171052590769*2^64 + 9377056819174219418*2^128 + 16468260055*2^192,14495878956018020864 + 1808669713368574067*2^64 + 1995371315483490863*2^128 + 40570979102*2^192,3512143249806817280 + 10412381413453482527*2^64 + 14175327821546551706*2^128 + 1540395641*2^192;\
16691560275460560276 + 12241249114802082990*2^64 + 9203881933257784463*2^128 + 3110781678*2^192,6697765058632963800 + 3040376597352935461*2^64 + 17775627795804169843*2^128 + 21916925071*2^192,14599054653209619074 + 6521593340276411332*2^64 + 18346020750518425701*2^128 + 39316605987*2^192,13779703310088163696 + 2509307603860906841*2^64 + 10219221500909378169*2^128 + 49195089532*2^192,12867952702143608272 + 3243951652861628430*2^64 + 16590475544695447826*2^128 + 26902368292*2^192,9823900273148057568 + 1005086041163155869*2^64 + 11370925035500932049*2^128 + 18077654455*2^192,10423622204854025632 + 1783186982462415610*2^64 + 14120076910606915438*2^128 + 54862438525*2^192,2686703518826933600 + 2773048317812699299*2^64 + 15952656198291823625*2^128 + 15993001321*2^192,3772771867797363680 + 6197631370910792517*2^64 + 6013502831615325645*2^128 + 37002191571*2^192,2425095507360089456 + 14263935183785913346*2^64 + 17482918865489103901*2^128 + 54168195755*2^192,15638691681433505920 + 9631633105455843564*2^64 + 4217869470820152840*2^128 + 14236909464*2^192,7001783499953355328 + 17600735931036189153*2^64 + 6509201058786644717*2^128 + 49670058422*2^192,5397269523629458784 + 17740062019391273020*2^64 + 6462724957308928240*2^128 + 35563706440*2^192,16931094510259747136 + 13109463015802189728*2^64 + 17970069976815911090*2^128 + 57091984747*2^192,6967845984897756416 + 7581068839243176346*2^64 + 8803446864870137534*2^128 + 64345149975*2^192,7805733964832505472 + 5765805946350485397*2^64 + 2393317506046993084*2^128 + 61999965826*2^192,9962846594064687104 + 14089921521598150747*2^64 + 1601612477395165681*2^128 + 62082114788*2^192,9140321446710145536 + 1766375020009200826*2^64 + 18045107447062653973*2^128 + 16007058028*2^192,6782439872844829952 + 6227233002094538787*2^64 + 11916707408763357407*2^128 + 25826212957*2^192,4513399025516471360 + 9195077678737499215*2^64 + 16917951608547252628*2^128 + 34002910348*2^192;\
13459970230973891328 + 13007248027788944908*2^64 + 12936571049464232567*2^128 + 40030216119*2^192,6667299927608710144 + 2929640282129246107*2^64 + 7981717186141841280*2^128 + 57561078606*2^192,2742517025014630528 + 9979624441947018652*2^64 + 4028520516061441504*2^128 + 36387921384*2^192,12472504807906005568 + 408359740225615962*2^64 + 512054206109688619*2^128 + 31609933895*2^192,1268491041062983680 + 16170512177479553839*2^64 + 17605509062204015589*2^128 + 59171572946*2^192,14751678236804121984 + 14359502984701029433*2^64 + 7523575638079656090*2^128 + 39630332768*2^192,14015769015066928128 + 10271956148849512545*2^64 + 8604988315494695255*2^128 + 65268874002*2^192,7086885494856012928 + 9278705789246967043*2^64 + 7083387509998502092*2^128 + 35415002218*2^192,1049305512821776896 + 9070633307476467901*2^64 + 688622565510784626*2^128 + 4958069566*2^192,11958440664944521728 + 3197576604542022088*2^64 + 2029130528810185606*2^128 + 43343778667*2^192,13193254540099582464 + 13464679794394795897*2^64 + 2468131127939430101*2^128 + 29745659565*2^192,1842900818747576320 + 3169444793100279368*2^64 + 17630687094442549636*2^128 + 16508784825*2^192,8619779958849238656 + 7975589927184593986*2^64 + 14571595800731637424*2^128 + 14470144329*2^192,11325225582676816896 + 17480447482745408289*2^64 + 17255382262096446249*2^128 + 57754960122*2^192,9640254545704587264 + 13921295864073688366*2^64 + 16682871622506981230*2^128 + 41871256246*2^192,8921068761676380160 + 16951475803119606881*2^64 + 2950313667069591543*2^128 + 67523553777*2^192,5775378284334304256 + 3488310267598626727*2^64 + 6964966520157934958*2^128 + 8196633050*2^192,9177054687956582400 + 9377830704611155281*2^64 + 1267022242977860989*2^128 + 46935944561*2^192,9297227030966214656 + 12849372823064911028*2^64 + 8835489086382134080*2^128 + 34737992201*2^192,4997123244132142080 + 15280287415162244545*2^64 + 16337606775004792247*2^128 + 9807382140*2^192;\
4003124234522922736 + 6917067540469612339*2^64 + 4414496219693175336*2^128 + 1543636297*2^192,14381580532748513856 + 1957517583932392980*2^64 + 4075716486168278899*2^128 + 22947825916*2^192,17902705453249460468 + 13644362015077908830*2^64 + 16630356373501059609*2^128 + 58326934918*2^192,4651434858685158888 + 2715685539597726375*2^64 + 18341627559479478223*2^128 + 68627160260*2^192,4464094808619420928 + 1357267874723871363*2^64 + 5066868763425985647*2^128 + 11153951427*2^192,1077438539052011776 + 16042102753326873078*2^64 + 11270266740873699595*2^128 + 18861114807*2^192,6757364989525204512 + 16397233135801855373*2^64 + 8578465357230333191*2^128 + 53773420607*2^192,4847031304211676240 + 5298044994496562028*2^64 + 10703223693194196827*2^128 + 54932493350*2^192,16347127758553309248 + 7697510330795663000*2^64 + 16047672043621617648*2^128 + 34764185102*2^192,4052210930428666656 + 18196448322332812084*2^64 + 17933150038710644484*2^128 + 8311837551*2^192,9959920605743406912 + 7088554292540627465*2^64 + 1391365030009152889*2^128 + 29405084138*2^192,14732323105662118656 + 1927850437347493758*2^64 + 14333678134773446870*2^128 + 6494872002*2^192,4364723674697946080 + 7310379109370850388*2^64 + 10477879686094316340*2^128 + 60544927390*2^192,12466383155360439968 + 12482369700259433210*2^64 + 3116478731912995305*2^128 + 64546132910*2^192,10719492620698237056 + 12018989560260463959*2^64 + 18420776124550115719*2^128 + 63091666660*2^192,13453420412608167136 + 4721031913125825296*2^64 + 5656864810510621815*2^128 + 6064255150*2^192,18121104711414523712 + 9142508067208793066*2^64 + 1955662452252763991*2^128 + 35738369249*2^192,4606229585055477248 + 8601368055870262541*2^64 + 17823633724743897391*2^128 + 42851165469*2^192,13014329771775379936 + 2160498474953612768*2^64 + 4352196381111460209*2^128 + 34065268814*2^192,17455539314359208384 + 7701169258237894721*2^64 + 16363501247196575912*2^128 + 54451350310*2^192;\
16597309159055662080 + 7098378023746558919*2^64 + 9920164150469486556*2^128 + 12032399953*2^192,6138403176757693952 + 1302170655654053730*2^64 + 6252378300471280963*2^128 + 42767281359*2^192,241524996749193856 + 4341482915704870435*2^64 + 11383980360163596837*2^128 + 35822204985*2^192,1692305969797635392 + 10084966357057206558*2^64 + 17335748307600795200*2^128 + 52254846635*2^192,1949835078964618240 + 14946137535522197256*2^64 + 3681392253696238698*2^128 + 31378066922*2^192,9731426041658734464 + 13831934805779639114*2^64 + 7039135383649028408*2^128 + 43518896371*2^192,11728564209887964160 + 8404673002847042683*2^64 + 17495892445149361751*2^128 + 25901251235*2^192,11907399946186317824 + 12702184120696418720*2^64 + 2449695752569666495*2^128 + 26003287573*2^192,1225877274296507136 + 6300517896008796975*2^64 + 3583776933154822649*2^128 + 24204164668*2^192,15932585901209707776 + 10787633196102291078*2^64 + 11904949374859997750*2^128 + 24403632203*2^192,14527391490794931712 + 4493937291180950579*2^64 + 1720998820575493640*2^128 + 28068394978*2^192,14050870496173473792 + 638122892215222375*2^64 + 15467993404915952730*2^128 + 39933510329*2^192,4251256025480558848 + 5543784984839753790*2^64 + 1453585730791819703*2^128 + 17282378942*2^192,9019579486518068224 + 9747132297964483970*2^64 + 5919866943728358488*2^128 + 8096297194*2^192,16896609501205463040 + 17752757048269930202*2^64 + 15455576353924730124*2^128 + 36607320186*2^192,3407738297595702272 + 16960161062596239237*2^64 + 5695946899032642392*2^128 + 64897798368*2^192,17384385326743818240 + 1688889890484311957*2^64 + 13619173049525264913*2^128 + 56284581783*2^192,8968085829768087552 + 13277516544246324016*2^64 + 9967820158990979530*2^128 + 20902771920*2^192,14276748745385823232 + 16957795566416614322*2^64 + 16161214368427430180*2^128 + 18972611556*2^192,41738847999355904 + 5236006936632542365*2^64 + 9752454853691563838*2^128 + 60497669685*2^192;\
16811866117536148480 + 8347126111711142987*2^64 + 5694974216499794468*2^128 + 26593176282*2^192,4363758089769391104 + 12289267487182922335*2^64 + 4225202340837254185*2^128 + 52937032199*2^192,8476247918536831936 + 18376298534578280961*2^64 + 15041584445801727049*2^128 + 34465989986*2^192,13231372421913357760 + 15461224614167642032*2^64 + 3035416755427178013*2^128 + 40392192944*2^192,9160960768900325376 + 8752135101026746947*2^64 + 5299611651224358914*2^128 + 8219168520*2^192,2620482696119938688 + 4122664553584432710*2^64 + 9718951261014503443*2^128 + 1847414569*2^192,12629428400952118272 + 13321317243291318645*2^64 + 4779771305820606276*2^128 + 66893008790*2^192,6013057589951153920 + 9458901575867926648*2^64 + 15661252908017934226*2^128 + 9170327519*2^192,17757848810515072896 + 11438406930272689733*2^64 + 12141483825026232968*2^128 + 51315662555*2^192,11571735205552020224 + 10576678712526518674*2^64 + 7192264172864769557*2^128 + 19774035420*2^192,3271223380112866816 + 1743751049154148708*2^64 + 13804694245803715381*2^128 + 60775564975*2^192,14383022563623352320 + 16987786277967717774*2^64 + 8732026486735477463*2^128 + 1938052823*2^192,1195860191061690496 + 8724167223202005218*2^64 + 2902317652580203442*2^128 + 62351647016*2^192,12104248299346259968 + 15237675359407012210*2^64 + 13608328729203018355*2^128 + 2431211592*2^192,6096434178464587776 + 4074797656635218469*2^64 + 9058009681521237226*2^128 + 31175729590*2^192,3295754298028308480 + 2735558272656118094*2^64 + 910315757825350147*2^128 + 60299975928*2^192,14344629039848139776 + 6428166788110145236*2^64 + 16508110949114107358*2^128 + 13452477686*2^192,13407307283427287040 + 10832242145471111752*2^64 + 774951988124440063*2^128 + 28934599111*2^192,194905898287040512 + 4469998653777484042*2^64 + 14354911633954977425*2^128 + 26466475446*2^192,5915744296009520128 + 9400253735853956045*2^64 + 2030819890649641817*2^128 + 56781939289*2^192;\
6634592996971339136 + 17211212384932351556*2^64 + 10052988626927885210*2^128 + 56967373154*2^192,1157423479466129152 + 6999621335029340387*2^64 + 4063628342802054274*2^128 + 52957040630*2^192,5279921156002018880 + 74651522374457792*2^64 + 628040482778760084*2^128 + 23944561458*2^192,15319592332216168064 + 11869363874764105015*2^64 + 8534600847623493901*2^128 + 20003955571*2^192,13754417672502073856 + 7916224601346626745*2^64 + 9144633039930275969*2^128 + 48919257679*2^192,10507144017562880256 + 8876755996658915562*2^64 + 5185319704213972139*2^128 + 26259350661*2^192,6650021543281344512 + 2131989900774717940*2^64 + 18208688104711789494*2^128 + 51126849555*2^192,5874315362811502336 + 3342318039495244778*2^64 + 6479648342865391533*2^128 + 21594642540*2^192,12283756813473645312 + 16929702462058829205*2^64 + 12572093228793344066*2^128 + 30597465666*2^192,12776520340734426368 + 4729455403023033996*2^64 + 15484403448100900039*2^128 + 60784025338*2^192,11153610560365473792 + 9810168625574727676*2^64 + 10347360639726526259*2^128 + 34496916797*2^192,3810952494133288960 + 4411600476374557395*2^64 + 3437958731689929930*2^128 + 56329263298*2^192,13576305698434493824 + 11635815874310511615*2^64 + 12037073280524120555*2^128 + 45634384382*2^192,15492585294544472064 + 3935394463344422073*2^64 + 5642520627002710756*2^128 + 63391822214*2^192,5259070063826952192 + 3218073589654887841*2^64 + 11454212858110865232*2^128 + 32758615923*2^192,3328586853918475264 + 9779485584780979266*2^64 + 13718755990799567373*2^128 + 56798924731*2^192,2766808170095875072 + 15609669760028409127*2^64 + 15871506575917377698*2^128 + 33929921748*2^192,8621886337323368448 + 6688920312233219168*2^64 + 8961394429773630363*2^128 + 29026306802*2^192,5160434165309366272 + 11992039541609900422*2^64 + 16784593487795467969*2^128 + 14658682299*2^192,8947434960330542080 + 7945932263500086011*2^64 + 897173459629367320*2^128 + 7919657320*2^192;\
10041652671898129670 + 2993017361272208569*2^64 + 18210437710309895370*2^128 + 36231439422*2^192,2277273246250097996 + 15168127552413566906*2^64 + 15119846388590823870*2^128 + 53421623385*2^192,13024075874675560380 + 2397591109509214958*2^64 + 4956557225914348563*2^128 + 66395928354*2^192,519830542516756054 + 13460476806748310330*2^64 + 5198588114007775144*2^128 + 53659293514*2^192,7523276757553983784 + 15811914592884765676*2^64 + 10225497307791846239*2^128 + 40860398978*2^192,8850323938067504368 + 9913745482522028485*2^64 + 8323261088323590984*2^128 + 21014190472*2^192,12620129286777582568 + 131674890566775707*2^64 + 17918422151132919498*2^128 + 21093986390*2^192,4010326931602281260 + 7978669713546444379*2^64 + 4124963738621345583*2^128 + 11156242437*2^192,11651516702944496736 + 17862556202809015506*2^64 + 3362331486238579572*2^128 + 44804810531*2^192,9617660821145125936 + 287371268321403167*2^64 + 11076533304601400718*2^128 + 46908618410*2^192,6403037485919035888 + 13051001439200156909*2^64 + 12057099764980976872*2^128 + 36843131151*2^192,6984341414372714848 + 4881893997255242660*2^64 + 4550776158098521081*2^128 + 24475419248*2^192,7867056175429665400 + 16483770822120166306*2^64 + 17753544798577783196*2^128 + 51534975804*2^192,10897855534550019384 + 9743473313403175114*2^64 + 2209635892051761879*2^128 + 18870323262*2^192,14412384351148236320 + 13856915137154651092*2^64 + 15157688508243686530*2^128 + 20312766068*2^192,15147235080584234792 + 17772140042077370878*2^64 + 4494379618642778490*2^128 + 10103009779*2^192,10565315612226281200 + 1767582424347298917*2^64 + 15375234745597509813*2^128 + 21320615128*2^192,9560631997741655680 + 12488415543956372117*2^64 + 16892524203942973078*2^128 + 57983484033*2^192,17377754062024475304 + 17542987288684951062*2^64 + 9739930661759546908*2^128 + 29669049621*2^192,839307175642880880 + 5403393075029204128*2^64 + 3178644686393494712*2^128 + 3530272567*2^192;\
11501290507216131249 + 14228019273799422243*2^64 + 3492578191144173324*2^128 + 23816607677*2^192,11696594892742405442 + 1552243325557908341*2^64 + 4438266533493243132*2^128 + 57002666668*2^192,15862022663991326002 + 6731952124072153132*2^64 + 14195391459681756801*2^128 + 33396359177*2^192,4340379936308311033 + 296480229871308612*2^64 + 7792033502667628353*2^128 + 10118269512*2^192,15589252855660316252 + 6589620791255107070*2^64 + 1607613374341923607*2^128 + 21265546447*2^192,17977628413434469672 + 409531480018194567*2^64 + 9871212286956386916*2^128 + 57554118694*2^192,1675924960425655292 + 8412584177390178007*2^64 + 14354769084047218543*2^128 + 59961592831*2^192,14091688580579885362 + 17225357853513064151*2^64 + 521824842795439639*2^128 + 67090317261*2^192,366761802807687184 + 14396766812341658884*2^64 + 1963312883418449172*2^128 + 6501382049*2^192,15677588385354431304 + 4503175024435054036*2^64 + 6447462024595458513*2^128 + 57050236908*2^192,6144760617632389160 + 497707230136286773*2^64 + 8963265620771414676*2^128 + 43774069695*2^192,437775879393117840 + 2057986725816158972*2^64 + 11747009465912399411*2^128 + 36203000196*2^192,6101081508694517716 + 14173553346649640522*2^64 + 8424849405594378452*2^128 + 32019245288*2^192,5552912874110608244 + 10022344639019470348*2^64 + 4573866264669135806*2^128 + 63898793222*2^192,12878239347696821552 + 8295931358045702242*2^64 + 807351048073837748*2^128 + 64407758369*2^192,17746032856810098652 + 2894121358055880967*2^64 + 11543471342222101271*2^128 + 53408302730*2^192,2327401159329298728 + 13198485161771117492*2^64 + 9872637724832632900*2^128 + 20504341058*2^192,5599426552703617984 + 10950888548113515303*2^64 + 2511340537215027765*2^128 + 63000141145*2^192,17020287127562722844 + 14304669491945939001*2^64 + 9713786790020602816*2^128 + 61408685806*2^192,11945724485997792744 + 3929872929602636050*2^64 + 952394613513281454*2^128 + 47199958185*2^192;\
18080262567459608192 + 16516169535594054997*2^64 + 6439039902410464164*2^128 + 7816740694*2^192,17869125421171575552 + 6220335061757385100*2^64 + 11110122984123392903*2^128 + 52719133383*2^192,2077126384445973056 + 2992347659736171404*2^64 + 5946648743583378112*2^128 + 13268008517*2^192,9738127500823927232 + 12151844474414815181*2^64 + 6909712224020003294*2^128 + 36581611*2^192,7249950450696348160 + 15119501127187377241*2^64 + 4013174028986846098*2^128 + 61136497680*2^192,14791406628568363136 + 9471648019568396619*2^64 + 4590492630829797376*2^128 + 21466350667*2^192,16651661375977030656 + 11777861144388718503*2^64 + 7458387303758598375*2^128 + 66108779499*2^192,16175686203131674880 + 2718637088820423512*2^64 + 6822452032978716216*2^128 + 52308918845*2^192,14925187303075573760 + 14569290748701161466*2^64 + 16053686393629141932*2^128 + 16278346739*2^192,17662096505489764480 + 10287166090728970054*2^64 + 3328335495754129907*2^128 + 4484278106*2^192,6703657051970712064 + 310786816550199941*2^64 + 10283591651970083413*2^128 + 11004091376*2^192,2816583153358217216 + 9735499335889618457*2^64 + 11737296358397735071*2^128 + 67398946748*2^192,11941910576761766784 + 17323854112187146008*2^64 + 12001116419117083794*2^128 + 36814864198*2^192,4541404648944663552 + 1323445183597980905*2^64 + 1255564461179424717*2^128 + 62239079365*2^192,10757052230029029376 + 4214909106734884310*2^64 + 6534117681562587847*2^128 + 60689989871*2^192,9588031023240371200 + 7470013335353434250*2^64 + 2524666206933853916*2^128 + 50732766749*2^192,16680735357591943168 + 9999228450765259066*2^64 + 12824308525066785024*2^128 + 15857837109*2^192,1705972387934187520 + 13169850048072638825*2^64 + 3047494040692881425*2^128 + 66427067887*2^192,13656943434752884736 + 4863541020099154406*2^64 + 13686216190955668434*2^128 + 63823889815*2^192,15581143450021513216 + 11097620018985610506*2^64 + 2528694850708985046*2^128 + 20960312219*2^192;\
13808442562707410024 + 8550917487856413272*2^64 + 13177317450767854380*2^128 + 11379321883*2^192,9706839209323006528 + 934540797660616739*2^64 + 3498765384376147409*2^128 + 7182646269*2^192,3327918615954707218 + 5514866643826534098*2^64 + 3178840843384666495*2^128 + 13611556817*2^192,16669887507904641156 + 1344148971236424087*2^64 + 10283500380489052314*2^128 + 58965313010*2^192,15001951249746375296 + 7948379356257483881*2^64 + 14602797732543991279*2^128 + 6628942325*2^192,17145087272656563200 + 3041150316660466003*2^64 + 10902980001424805492*2^128 + 11730537463*2^192,1326629922428403472 + 8780167630012136331*2^64 + 9681720344088990775*2^128 + 15995216008*2^192,11663128412737445608 + 7395850762550751293*2^64 + 13506984094551914448*2^128 + 60081972576*2^192,13381357223919826208 + 14604443567508453840*2^64 + 11993729660025041414*2^128 + 45125343480*2^192,15239453068255688144 + 10427890028591813732*2^64 + 10028279066545288131*2^128 + 53580444231*2^192,1370317844016242592 + 4374048336675460306*2^64 + 10117366342070849841*2^128 + 61402518290*2^192,8324684380353328256 + 4739657740804494131*2^64 + 15517132668501264378*2^128 + 42608943766*2^192,9954835550612035120 + 9349382370141074610*2^64 + 10800923479369389668*2^128 + 57789448792*2^192,10305866294441905552 + 8766828884478795766*2^64 + 6738006198332392970*2^128 + 23285706761*2^192,756694292957747904 + 2066153054512955331*2^64 + 17384617542624946008*2^128 + 45330884477*2^192,3603831361095703408 + 6815742561862397991*2^64 + 6197140642311691263*2^128 + 2070783046*2^192,8399195972554885792 + 14114304943201413984*2^64 + 16313454610607409829*2^128 + 56431360691*2^192,10378004582146769664 + 10471827542831932526*2^64 + 15482048475925402391*2^128 + 52909527199*2^192,12698022513540794096 + 757599254680617520*2^64 + 14562986797052161775*2^128 + 38031353217*2^192,1106367587733534688 + 2272646121905444159*2^64 + 411538070111181508*2^128 + 1959026020*2^192;\
2270544042362590496 + 3312698781288506423*2^64 + 4076694529890743255*2^128 + 63961412561*2^192,4820295701221249520 + 1475456664736888420*2^64 + 538576744890038429*2^128 + 68443570918*2^192,2740772676772511034 + 17506484016052879571*2^64 + 12705298441886678785*2^128 + 42655905705*2^192,16227243301282118972 + 17164521231795735651*2^64 + 6441026141964376217*2^128 + 53537801503*2^192,9844630525519679200 + 14290070247972821800*2^64 + 3363905417012329190*2^128 + 59166207730*2^192,4122910439735702656 + 1560632159354782029*2^64 + 4574443407119420056*2^128 + 37155292450*2^192,9678738065687119792 + 14049272687200781819*2^64 + 12413898261005790620*2^128 + 62524992981*2^192,6413414639072340344 + 1932980202546257703*2^64 + 12095422246661892677*2^128 + 52157173397*2^192,1948334161406407392 + 7148955457590333789*2^64 + 16810703728604639042*2^128 + 784991282*2^192,7941775827911618384 + 7184118173238441623*2^64 + 13200408392738696801*2^128 + 35507399893*2^192,8232930481065133024 + 13448289171761598270*2^64 + 13928984499965354877*2^128 + 18868974199*2^192,12635252229177129984 + 14483080245264807608*2^64 + 18078812747515413154*2^128 + 46754650395*2^192,12344925949565243792 + 8639350131464511151*2^64 + 9491635458367078152*2^128 + 1935310346*2^192,15510154617160596208 + 16402555475031700449*2^64 + 10981984408427527644*2^128 + 56703607531*2^192,6916649688862499648 + 2249332875922067792*2^64 + 13941862213624250497*2^128 + 9033232201*2^192,8569917229497292624 + 4066261923888091629*2^64 + 12881241074228605204*2^128 + 18223193635*2^192,6039000121240595168 + 13935088057318513923*2^64 + 6461740391968731720*2^128 + 55468468059*2^192,14367830764731894528 + 2981270958659266834*2^64 + 6619697426087478870*2^128 + 29496196273*2^192,7439037206628276688 + 17830727878452489119*2^64 + 4858285203518950130*2^128 + 55666006271*2^192,14486565022161388576 + 14512196388989458202*2^64 + 4112574828913334737*2^128 + 55765543545*2^192;\
11904112078716983301 + 17671121528765421820*2^64 + 7413284913400761791*2^128 + 57301930900*2^192,9016588970762126634 + 13393872126389074180*2^64 + 6607008918717935696*2^128 + 17812125980*2^192,8900769690287323874 + 10093750087766967976*2^64 + 8237945934058385087*2^128 + 4204133404*2^192,6857247429833841021 + 16320204214976561357*2^64 + 12667695573960871037*2^128 + 41945350266*2^192,14256672720475365516 + 8518472445529560060*2^64 + 14599401645859992337*2^128 + 17820406441*2^192,8621588988563758792 + 2627425367438184470*2^64 + 8952983188108277002*2^128 + 4929595817*2^192,3163849646906969836 + 6116322573030523615*2^64 + 13644648347255583010*2^128 + 3621799020*2^192,15204309369989510266 + 18403244991058528083*2^64 + 17404345896753118050*2^128 + 5290767887*2^192,4203684124701345616 + 9724628814412854827*2^64 + 15059927292782069143*2^128 + 17332915299*2^192,7577473075179061544 + 11294793655717978594*2^64 + 10702361237257257815*2^128 + 66157557747*2^192,9318969578102134472 + 15177140760267758567*2^64 + 17053364117104563148*2^128 + 56419484140*2^192,4959496391256011216 + 17510154475699233818*2^64 + 8405313422473703330*2^128 + 26063808855*2^192,5845702235791691812 + 7410954951634601457*2^64 + 10926094362137035668*2^128 + 33220636617*2^192,4540989356631641284 + 16413475830174742699*2^64 + 8852446883850658990*2^128 + 37602704045*2^192,2074407876128232944 + 13016051306880521561*2^64 + 13882131872790085142*2^128 + 1324092608*2^192,5391336750010400332 + 7888370431448295532*2^64 + 12130485785648501209*2^128 + 29978936005*2^192,14143690017217886920 + 4594266472342906512*2^64 + 4467148741858208321*2^128 + 33280626405*2^192,13329282242344991424 + 8600845282518686678*2^64 + 14421961737852687085*2^128 + 65016558662*2^192,7169567486054509708 + 4190085899748127831*2^64 + 6634043841428906886*2^128 + 26989886727*2^192,13509485620731672968 + 5681316194478615063*2^64 + 2382773380412286999*2^128 + 63038546895*2^192;\
12645533511243866888 + 7108058172846266572*2^64 + 910489034102948571*2^128 + 21751431430*2^192,17780228276338888544 + 5866099838343346756*2^64 + 2858264148333388570*2^128 + 48129656005*2^192,13628865699626517094 + 14929970808229090871*2^64 + 979323016377925208*2^128 + 7666650661*2^192,17899858461999683596 + 5321730860423342035*2^64 + 13204929409108974340*2^128 + 17176553476*2^192,504185944897858496 + 2360396536063210577*2^64 + 7645364661913680529*2^128 + 9296809172*2^192,3278676152046057216 + 9835526329372395273*2^64 + 13190895564032062684*2^128 + 40523241422*2^192,1006797301628132592 + 5300761645399751881*2^64 + 14771531865079568880*2^128 + 32952663630*2^192,5708683173777216728 + 9809685917192366828*2^64 + 2669038982102179*2^128 + 55715455186*2^192,13938340091626841440 + 8138123402958810794*2^64 + 1692049704005956876*2^128 + 20267509594*2^192,5713062883813244912 + 14778819595472619028*2^64 + 7180808056392395213*2^128 + 52942655647*2^192,988888944852421856 + 14184195844061127976*2^64 + 11414799429344051948*2^128 + 38955249803*2^192,8732315375476805248 + 3749457746297337518*2^64 + 7714890314394680846*2^128 + 45880081170*2^192,12271631512445958352 + 6181975443254288894*2^64 + 4736400744564367573*2^128 + 13837207279*2^192,6055699299651815536 + 8825914383713140465*2^64 + 4648301242712072163*2^128 + 16059817921*2^192,9298285624369330240 + 3822347817178442012*2^64 + 8494615119549879927*2^128 + 44829651137*2^192,9971755399711163664 + 9299014235507870575*2^64 + 648778581868105380*2^128 + 40362948870*2^192,18012574646524200288 + 5217369385041052520*2^64 + 2436537326783856267*2^128 + 21676029974*2^192,13446531442024498432 + 13400480917673746939*2^64 + 13026261324208756309*2^128 + 10303684110*2^192,262696500294172816 + 7535620112175155195*2^64 + 3931967048824242860*2^128 + 40421542336*2^192,9664156269018834976 + 3927203038952448040*2^64 + 12068584697594009931*2^128 + 39975976324*2^192;\
4396557551489750257 + 7769044767899049025*2^64 + 13603386254182145600*2^128 + 19009490446*2^192,7873676337610472786 + 12046851339033223900*2^64 + 5881969143427788724*2^128 + 59536883656*2^192,4834749263683312064 + 11149313672847944489*2^64 + 11729901788199837209*2^128 + 51498792302*2^192,12929640238305848525 + 9393537148221820322*2^64 + 16636555780172203522*2^128 + 67154137052*2^192,17136426089579913020 + 4468879921263966382*2^64 + 17439172143521147818*2^128 + 13650029396*2^192,13893635291651864424 + 17599023334462582392*2^64 + 10545528181177338447*2^128 + 7264426546*2^192,357470265522841036 + 1119633956469546726*2^64 + 11969494913782024872*2^128 + 20353708884*2^192,15090347978022341146 + 13723109777079021239*2^64 + 6185286954114411045*2^128 + 8682001490*2^192,3626522746208860400 + 1333429911422789044*2^64 + 3355001276317222386*2^128 + 2260185347*2^192,1803466065004386744 + 8346281663456180435*2^64 + 12387932096843383196*2^128 + 21959941130*2^192,8122049155629250376 + 10323496342451594131*2^64 + 18173097283308462612*2^128 + 3940721035*2^192,7363443758795479184 + 5896810349016493857*2^64 + 7176081647818715856*2^128 + 33256487829*2^192,16717585337805678404 + 3715847396387754230*2^64 + 10887701442275455685*2^128 + 3803411593*2^192,15291182032615879684 + 1112945227387088952*2^64 + 14231230707743746374*2^128 + 5444980887*2^192,11542096626642663152 + 16659720210642569189*2^64 + 16015903188469530775*2^128 + 36327905225*2^192,17011004795194522572 + 4401400958866323913*2^64 + 7811671095020579405*2^128 + 35687833941*2^192,10682677667719633352 + 16607070690106919862*2^64 + 17213395870699759243*2^128 + 58029221548*2^192,17802269033886651840 + 13894265655238233971*2^64 + 17727424557259961270*2^128 + 8781254413*2^192,2132265182727041420 + 1746525449080702387*2^64 + 7250770892955357565*2^128 + 22413152740*2^192,13470314671308356936 + 14611699561541516063*2^64 + 9079093887674715881*2^128 + 59397096095*2^192;\
13598602597010540501 + 16803037447757096320*2^64 + 17574847501053504746*2^128 + 10923243269*2^192,11930471280099300186 + 4943121770651946139*2^64 + 5117980075891248233*2^128 + 57738976588*2^192,3158961079295076528 + 1884821941603138473*2^64 + 11775576442864417442*2^128 + 67309286429*2^192,1444072282540678049 + 15442779576585226923*2^64 + 7951887330809865597*2^128 + 11312256702*2^192,17626572630226930348 + 12203499102873292238*2^64 + 1176442243835718478*2^128 + 60711431023*2^192,2926353060952573448 + 790845581712603988*2^64 + 15360914592089933435*2^128 + 67321244713*2^192,16447945065504283900 + 17127243939122261867*2^64 + 576679388506609819*2^128 + 10976225303*2^192,3709196917846387074 + 11881101728924291065*2^64 + 12387268367335996227*2^128 + 34526602402*2^192,2227180814771459248 + 15835776309940546139*2^64 + 5938585131746439317*2^128 + 44576860888*2^192,1984672993199236120 + 11952170423385275784*2^64 + 16993547191737035359*2^128 + 51215076068*2^192,13417888321959230824 + 14166833522201523308*2^64 + 7906924540905409768*2^128 + 53387780626*2^192,4776971954898847952 + 13826603944890868609*2^64 + 11280535517312256522*2^128 + 47980059289*2^192,6095064925532765012 + 14605618253426701054*2^64 + 9813458492609160980*2^128 + 61854091377*2^192,8485473912532832020 + 16832179025055136995*2^64 + 14834481220768792312*2^128 + 4174272632*2^192,5478585083816956080 + 13845723833254227453*2^64 + 14302606500031271753*2^128 + 46777793848*2^192,15344858923155280380 + 16626095930762218127*2^64 + 13594712829529315350*2^128 + 43919011306*2^192,1504678636385791720 + 10444854012587048575*2^64 + 7712371749784744220*2^128 + 40031689291*2^192,16307986470640965056 + 9852039038917873322*2^64 + 16769617679175650119*2^128 + 53694143334*2^192,12553079063577958332 + 14720115447221082618*2^64 + 9118640633701327386*2^128 + 18392167616*2^192,7313248602187287144 + 1905245941531192443*2^64 + 11722067861610826117*2^128 + 63646568935*2^192;\
2556315532108209909 + 14023003192603635703*2^64 + 1359745490722969726*2^128 + 44778728164*2^192,11993351730280874490 + 13319298709986301*2^64 + 4601187504205474854*2^128 + 56171458693*2^192,8895793041904569668 + 1708531723074537378*2^64 + 14541908003989224175*2^128 + 32384686424*2^192,16669770308445376921 + 203092036615488944*2^64 + 1454766514663566077*2^128 + 63260925978*2^192,4936801453010559852 + 16579454971944104765*2^64 + 163369251236983823*2^128 + 7385240200*2^192,476241099952474248 + 16988337437906172569*2^64 + 10251583730568526133*2^128 + 65182734416*2^192,1306591828757294940 + 3569726764476151463*2^64 + 9814460638429788216*2^128 + 61536959912*2^192,17522171923891863986 + 3503161193755017265*2^64 + 11746490453861270628*2^128 + 10196864779*2^192,15230300225659631856 + 16885130746757124782*2^64 + 17630830796126894153*2^128 + 35614240531*2^192,6186144199748121784 + 11553462677129455542*2^64 + 14948242523460141949*2^128 + 42425606306*2^192,13837068951313589288 + 17408259204048785631*2^64 + 11681752195841325242*2^128 + 22136941500*2^192,2029009532177772240 + 14784291841815017533*2^64 + 928507200087891367*2^128 + 19043503719*2^192,16936675220686970740 + 7758296867566118335*2^64 + 12769844284159572501*2^128 + 39636491150*2^192,8614317486170679540 + 13157164606514637467*2^64 + 12200834462249383816*2^128 + 13697039844*2^192,10537999533324537648 + 3132529345714745704*2^64 + 4988312411150105734*2^128 + 58707013825*2^192,18280824701556072732 + 15794347160695120040*2^64 + 5291729053299827140*2^128 + 40292291998*2^192,1924541367392555944 + 12526427950176338156*2^64 + 3011908021841459401*2^128 + 38254579899*2^192,8778503892664669632 + 8974838593755233066*2^64 + 5077190067142131523*2^128 + 24024252249*2^192,17900660992563967452 + 4459491876832118019*2^64 + 12465910765869591116*2^128 + 34542344883*2^192,2192774319270503336 + 12555038542246044167*2^64 + 16213581174086894309*2^128 + 24473359671*2^192]
/* 
This matrix times 2^(-6) should be the matrix of frobenius.
*/ 
B = 2^(-6) * A; 
/* Freed 6330 lists. */
The sign is: -1
The characteristic polynomial is: x^20 + x^19 - 10*x^17 - 17*x^16 - 23*x^15 + 28*x^14 + 28*x^13 + 176*x^12 + 224*x^11 - 896*x^9 - 2816*x^8 - 1792*x^7 - 7168*x^6 + 23552*x^5 + 69632*x^4 + 163840*x^3 - 262144*x - 1048576
Its Newton polygon is: [2, 2, 2, 2, 2, 1, 1, 1, 1, 1, 1, 1, 1, 1, 1, 0, 0, 0, 0, 0]
Its factorization is: [x - 2, 3; x + 2, 1; x^2 + x + 4, 2; x^12 + 3*x^11 + 5*x^10 + 9*x^9 + 32*x^8 + 44*x^7 + 64*x^6 + 176*x^5 + 512*x^4 + 576*x^3 + 1280*x^2 + 3072*x + 4096, 1]
The valuation of f-g is: 22
The valuation of subst(g,x,A) is: 14
