/* Comments begin... 
No set up needed.

Please input coefficients below.
Coefficient of   x^23                     = Coefficient of   x^12 * w^2               = Coefficient of   x^6 * y^6 * w^1         = Coefficient of   x^5 * y^5 * z^1 * w^1   = Coefficient of   x^4 * y^4 * z^2 * w^1   = Coefficient of   x^3 * y^3 * z^3 * w^1   = Coefficient of   x^2 * y^2 * z^4 * w^1   = Coefficient of   x^1 * y^1 * z^5 * w^1   = Coefficient of   x^1 * w^4               = Coefficient of   y^12                     = Coefficient of   z^6 * w^1               = 
Here is the polynomial we're using this time:

1 + 0*2^64 + 0*2^128 + 0*2^192*x^23 + 1 + 0*2^64 + 0*2^128 + 0*2^192*x^12*w^2 + 1 + 0*2^64 + 0*2^128 + 0*2^192*x^6*y^6*w^1 + 1 + 0*2^64 + 0*2^128 + 0*2^192*x^4*y^4*z^2*w^1 + 1 + 0*2^64 + 0*2^128 + 0*2^192*x^3*y^3*z^3*w^1 + 1 + 0*2^64 + 0*2^128 + 0*2^192*x^1*w^4 + 1 + 0*2^64 + 0*2^128 + 0*2^192*y^12 + 1 + 0*2^64 + 0*2^128 + 0*2^192*z^6*w^1


Allocate G_len 20 elements and old = 0.
Allocate M_len = 400 elements.
Allocate G_len 40 elements and old = 20.
Allocate M_len = 800 elements.
Allocate G_len 80 elements and old = 40.
Allocate M_len = 1600 elements.
Allocate M_len = 3200 elements.
Allocate G_len 160 elements and old = 80.
Allocate M_len = 6400 elements.
Allocate M_len = 12800 elements.
Allocate G_len 320 elements and old = 160.
Allocate M_len = 25600 elements.
Allocate M_len = 51200 elements.
Allocate G_len 640 elements and old = 320.
Allocate M_len = 102400 elements.
Allocate M_len = 204800 elements.
Allocate G_len 1280 elements and old = 640.
Allocate M_len = 409600 elements.
Allocate M_len = 819200 elements.
The final length of G is 810
[22, 0, 0, 0, 0]  	264	6  <--- 1
[12, 0, 0, 2, 0]  	276	3 
[6, 6, 0, 1, 0]  	276	5 
[5, 4, 2, 1, 0]  	288	5 
[4, 3, 3, 1, 0]  	288	5 
[3, 3, 4, 1, 0]  	311	5 
[3, 2, 5, 1, 0]  	323	5 
[16, 6, 0, 0, 0]  	330	9 
[11, 3, 2, 1, 0]  	337	7 
[10, 2, 3, 1, 0]  	337	11 
[9, 2, 4, 1, 0]  	360	11 
[6, 13, 0, 0, 0]  	371	8 
[8, 12, 0, 0, 0]  	372	10 
[20, 4, 2, 0, 0]  	402	12 
[9, 10, 2, 0, 0]  	408	15 
[8, 9, 3, 0, 0]  	408	15 
[8, 2, 4, 2, 0]  	414	8 
[6, 12, 2, 0, 0]  	418	9 
[8, 11, 2, 0, 0]  	419	13 
[8, 8, 4, 0, 0]  	420	12 
[21, 3, 3, 0, 0]  	426	11 
[6, 1, 6, 2, 0]  	437	7 
[19, 0, 6, 0, 0]  	438	11 
[8, 0, 6, 2, 0]  	438	9 
[6, 1, 8, 1, 0]  	441	8 
[8, 0, 8, 1, 0]  	442	12 
[7, 11, 3, 0, 0]  	442	12 
[7, 8, 5, 0, 0]  	443	14 
[19, 5, 3, 0, 0]  	448	13 
[20, 3, 4, 0, 0]  	449	13 
[6, 0, 7, 2, 0]  	449	8 
[6, 0, 9, 1, 0]  	453	10 
[7, 10, 4, 0, 0]  	454	13 
[6, 9, 5, 0, 0]  	454	13 
[6, 6, 7, 0, 0]  	455	12 
[15, 9, 2, 0, 0]  	457	15 
[14, 8, 3, 0, 0]  	457	17 
[4, 0, 8, 2, 0]  	460	6 
[6, 11, 4, 0, 0]  	465	11 
[6, 8, 6, 0, 0]  	466	13 
[5, 7, 7, 0, 0]  	466	13 
[16, 0, 6, 1, 0]  	468	18 
[13, 6, 5, 0, 0]  	469	11 
[18, 5, 4, 0, 0]  	471	13 
[3, 1, 8, 2, 0]  	471	5 
[19, 3, 5, 0, 0]  	472	15 
[3, 16, 2, 0, 0]  	474	9 
[2, 3, 9, 1, 0]  	474	7 
[5, 15, 2, 0, 0]  	475	7 
[4, 14, 3, 0, 0]  	475	6 
[5, 0, 10, 1, 0]  	476	9 
[5, 9, 6, 0, 0]  	477	12 
[5, 6, 8, 0, 0]  	478	13 
[4, 5, 9, 0, 0]  	478	14 
[11, 6, 6, 0, 0]  	480	17 
[18, 4, 5, 0, 0]  	483	16 
[3, 0, 9, 2, 0]  	483	6 
[2, 5, 8, 1, 0]  	485	8 
[3, 15, 3, 0, 0]  	486	7 
[2, 0, 0, 7, 0]  	486	7 
[4, 13, 4, 0, 0]  	487	8 
[4, 1, 10, 1, 0]  	487	7 
[4, 7, 8, 0, 0]  	489	12 
[4, 4, 10, 0, 0]  	490	14 
[10, 7, 6, 0, 0]  	491	15 
[8, 5, 8, 0, 0]  	491	15 
[11, 5, 7, 0, 0]  	492	16 
[18, 3, 6, 0, 0]  	495	16 
[3, 14, 4, 0, 0]  	498	5 
[4, 12, 5, 0, 0]  	499	8 
[4, 0, 11, 1, 0]  	499	8 
[3, 5, 10, 0, 0]  	501	13 
[8, 4, 9, 0, 0]  	503	15 
[17, 4, 6, 0, 0]  	506	17 
[18, 2, 7, 0, 0]  	507	16 
[2, 15, 4, 0, 0]  	509	5 
[3, 13, 5, 0, 0]  	510	6 
[3, 1, 11, 1, 0]  	510	6 
[4, 3, 0, 6, 0]  	513	13 
[3, 4, 11, 0, 0]  	513	13 
[6, 2, 0, 6, 0]  	514	13 
[16, 5, 6, 0, 0]  	517	16 
[18, 1, 8, 0, 0]  	519	14 
[5, 20, 0, 0, 0]  	520	11 
[2, 14, 5, 0, 0]  	521	6 
[2, 2, 11, 1, 0]  	521	6 
[3, 12, 6, 0, 0]  	522	8 
[10, 3, 2, 4, 0]  	523	13 
[9, 2, 3, 4, 0]  	523	12 
[4, 10, 7, 0, 0]  	523	11 
[4, 2, 1, 6, 0]  	525	12 
[16, 4, 7, 0, 0]  	529	17 
[15, 0, 10, 0, 0]  	530	13 
[18, 0, 9, 0, 0]  	531	13 
[3, 20, 1, 0, 0]  	531	7 
[3, 11, 7, 0, 0]  	534	8 
[2, 7, 10, 0, 0]  	535	10 
[3, 10, 8, 0, 0]  	546	9 
[15, 4, 8, 0, 0]  	552	15 
[1, 2, 1, 7, 0]  	555	5 
[4, 5, 2, 5, 0]  	563	10 
[3, 4, 3, 5, 0]  	563	9 
[2, 16, 3, 1, 0]  	563	7 
[1, 1, 2, 7, 0]  	567	5 
[2, 10, 9, 0, 0]  	569	8 
[3, 3, 2, 6, 0]  	571	11 
[2, 3, 8, 3, 0]  	571	10 
[4, 14, 2, 2, 0]  	572	13 
[3, 13, 3, 2, 0]  	572	11 
[4, 20, 0, 1, 0]  	574	9 
[1, 0, 3, 7, 0]  	579	5 
[2, 12, 8, 0, 0]  	580	6 
[2, 8, 5, 3, 0]  	581	9 
[2, 6, 12, 0, 0]  	582	8 
[2, 5, 7, 3, 0]  	582	9 
[3, 2, 3, 6, 0]  	583	11 
[14, 3, 10, 0, 0]  	587	13 
[4, 12, 2, 3, 0]  	592	9 
[3, 11, 3, 3, 0]  	592	8 
[3, 0, 14, 1, 0]  	592	6 
[2, 16, 2, 2, 0]  	594	8 
[1, 15, 3, 2, 0]  	594	7 
[3, 1, 4, 6, 0]  	595	10 
[2, 3, 5, 5, 0]  	598	7 
[1, 15, 5, 1, 0]  	598	6 
[1, 3, 11, 2, 0]  	598	5 
[14, 2, 11, 0, 0]  	599	14 
[2, 1, 14, 1, 0]  	603	5 
[2, 8, 0, 6, 0]  	604	6 
[1, 20, 0, 2, 0]  	604	7 
[1, 9, 11, 0, 0]  	604	6 
[2, 5, 2, 6, 0]  	605	8 
[1, 5, 8, 3, 0]  	605	6 
[2, 4, 14, 0, 0]  	606	8 
[2, 2, 4, 6, 0]  	606	9 
[1, 3, 15, 0, 0]  	606	7 
[3, 0, 5, 6, 0]  	607	10 
[2, 12, 5, 2, 0]  	607	10 
[1, 3, 0, 8, 0]  	609	6 
[1, 0, 2, 8, 0]  	610	6 
[14, 1, 12, 0, 0]  	611	14 
[2, 0, 15, 1, 0]  	615	5 
[1, 11, 10, 0, 0]  	615	5 
[1, 9, 0, 6, 0]  	615	5 
[1, 8, 12, 0, 0]  	616	5 
[1, 6, 2, 6, 0]  	616	5 
[2, 4, 3, 6, 0]  	617	6 
[1, 4, 9, 3, 0]  	617	5 
[2, 1, 5, 6, 0]  	618	9 
[1, 12, 0, 5, 0]  	618	8 
[10, 0, 3, 6, 0]  	621	9 
[14, 0, 13, 0, 0]  	623	11 
[1, 8, 1, 6, 0]  	627	4 
[0, 20, 1, 2, 0]  	627	4 
[1, 5, 3, 6, 0]  	628	5 
[1, 3, 10, 3, 0]  	629	6 
[1, 2, 5, 6, 0]  	629	6 
[0, 14, 5, 2, 0]  	629	6 
[2, 1, 11, 3, 0]  	630	7 
[2, 0, 6, 6, 0]  	630	7 
[1, 24, 0, 1, 0]  	630	8 
[4, 11, 0, 5, 0]  	631	12 
[9, 3, 13, 0, 0]  	632	11 
[13, 1, 13, 0, 0]  	634	14 
[1, 15, 8, 0, 0]  	637	5 
[1, 3, 14, 1, 0]  	637	5 
[1, 0, 16, 1, 0]  	638	5 
[0, 19, 2, 2, 0]  	639	3 
[0, 8, 13, 0, 0]  	639	3 
[1, 6, 14, 0, 0]  	640	3 
[1, 4, 4, 6, 0]  	640	5 
[1, 2, 11, 3, 0]  	641	5 
[1, 1, 6, 6, 0]  	641	6 
[0, 25, 0, 1, 0]  	641	5 
[2, 0, 12, 3, 0]  	642	6 
[2, 21, 2, 1, 0]  	643	7 
[1, 8, 9, 2, 0]  	643	5 
[11, 1, 14, 0, 0]  	645	9 
[13, 0, 14, 0, 0]  	646	11 
[4, 26, 0, 0, 0]  	646	11 
[2, 0, 14, 2, 0]  	646	5 
[1, 20, 5, 0, 0]  	647	7 
[1, 17, 7, 0, 0]  	648	6 
[1, 5, 13, 1, 0]  	648	5 
[1, 2, 15, 1, 0]  	649	5 
[0, 18, 3, 2, 0]  	651	2 
[0, 7, 14, 0, 0]  	651	2 
[0, 6, 9, 3, 0]  	651	2 
[1, 2, 0, 9, 0]  	652	3 
[0, 14, 0, 5, 0]  	652	3 
[0, 3, 11, 3, 0]  	652	3 
[1, 0, 7, 6, 0]  	653	5 
[0, 24, 1, 1, 0]  	653	5 
[2, 11, 7, 2, 0]  	654	7 
[8, 3, 14, 0, 0]  	655	9 
[1, 7, 10, 2, 0]  	655	5 
[2, 23, 3, 0, 0]  	658	7 
[1, 8, 0, 7, 0]  	658	6 
[1, 3, 9, 4, 0]  	660	4 
[0, 15, 9, 0, 0]  	660	4 
[0, 3, 15, 1, 0]  	660	4 
[0, 17, 4, 2, 0]  	663	1 
[0, 6, 15, 0, 0]  	663	1 
[0, 5, 10, 3, 0]  	663	1 
[0, 4, 5, 6, 0]  	663	1 
[0, 3, 0, 9, 0]  	663	1 
[1, 1, 1, 9, 0]  	664	4 
[0, 13, 1, 5, 0]  	664	3 
[0, 2, 12, 3, 0]  	664	3 
[1, 11, 2, 5, 0]  	665	6 
[3, 10, 2, 5, 0]  	666	6 
[0, 20, 4, 1, 0]  	666	4 
[1, 5, 6, 5, 0]  	667	6 
[12, 0, 15, 0, 0]  	669	9 
[0, 17, 8, 0, 0]  	671	4 
[1, 0, 0, 10, 0]  	672	5 
[0, 14, 10, 0, 0]  	672	5 
[0, 12, 0, 6, 0]  	672	4 
[2, 0, 11, 4, 0]  	673	4 
[0, 5, 16, 0, 0]  	675	1 
[0, 3, 6, 6, 0]  	675	1 
[0, 2, 1, 9, 0]  	675	1 
[0, 12, 2, 5, 0]  	676	3 
[1, 23, 2, 1, 0]  	677	5 
[1, 11, 8, 2, 0]  	677	4 
[2, 8, 4, 5, 0]  	678	4 
[0, 13, 11, 0, 0]  	684	5 
[0, 4, 17, 0, 0]  	687	1 
[0, 2, 7, 6, 0]  	687	1 
[0, 1, 2, 9, 0]  	687	1 
[0, 12, 8, 2, 0]  	688	3 
[0, 11, 3, 5, 0]  	688	3 
[2, 10, 3, 5, 0]  	689	5 
[1, 9, 4, 5, 0]  	689	3 
[0, 9, 10, 2, 0]  	689	3 
[5, 0, 18, 0, 0]  	690	7 
[8, 0, 17, 0, 0]  	691	9 
[2, 29, 0, 0, 0]  	691	5 
[11, 0, 16, 0, 0]  	692	10 
[0, 6, 14, 1, 0]  	694	3 
[0, 2, 11, 4, 0]  	695	3 
[0, 3, 18, 0, 0]  	699	1 
[0, 1, 8, 6, 0]  	699	1 
[0, 0, 3, 9, 0]  	699	1 
[1, 0, 14, 3, 0]  	700	3 
[0, 23, 3, 1, 0]  	700	3 
[0, 11, 9, 2, 0]  	700	3 
[5, 2, 17, 0, 0]  	701	5 
[3, 0, 19, 0, 0]  	701	3 
[1, 8, 5, 5, 0]  	701	3 
[0, 8, 11, 2, 0]  	701	3 
[7, 1, 17, 0, 0]  	702	8 
[0, 17, 7, 1, 0]  	702	4 
[2, 28, 1, 0, 0]  	703	8 
[2, 0, 10, 5, 0]  	704	6 
[0, 3, 5, 7, 0]  	706	2 
[0, 2, 17, 1, 0]  	707	3 
[0, 2, 19, 0, 0]  	711	1 
[0, 1, 14, 3, 0]  	711	1 
[0, 0, 9, 6, 0]  	711	1 
[2, 1, 19, 0, 0]  	712	2 
[1, 0, 20, 0, 0]  	712	2 
[0, 9, 5, 5, 0]  	712	2 
[1, 4, 8, 5, 0]  	714	5 
[0, 16, 8, 1, 0]  	714	5 
[0, 2, 6, 7, 0]  	718	2 
[0, 11, 2, 6, 0]  	719	3 
[0, 1, 20, 0, 0]  	723	1 
[0, 0, 15, 3, 0]  	723	1 
[0, 20, 0, 4, 0]  	724	2 
[0, 8, 6, 5, 0]  	724	2 
[0, 30, 1, 0, 0]  	725	4 
[0, 6, 13, 2, 0]  	725	3 
[1, 28, 2, 0, 0]  	726	4 
[0, 27, 3, 0, 0]  	726	4 
[1, 0, 11, 5, 0]  	727	7 
[0, 9, 0, 8, 0]  	735	1 
[0, 0, 21, 0, 0]  	735	1  <--- 3
[0, 32, 0, 0, 0]  	736	2  <--- 2
[0, 7, 7, 5, 0]  	736	2 
[0, 29, 2, 0, 0]  	737	3 
[0, 5, 14, 2, 0]  	737	3 
[1, 2, 10, 5, 0]  	738	5 
[0, 8, 1, 8, 0]  	747	1 
[0, 6, 8, 5, 0]  	748	2 
[0, 1, 19, 1, 0]  	754	2 
[0, 7, 2, 8, 0]  	759	1 
[0, 17, 3, 4, 0]  	760	2 
[0, 5, 9, 5, 0]  	760	2 
[0, 6, 3, 8, 0]  	771	1 
[0, 26, 5, 0, 0]  	773	3 
[0, 5, 4, 8, 0]  	783	1 
[0, 0, 0, 12, 0]  	792	1  <--- 4
[12, 0, 0, 1, 1]  	210	6 
[4, 4, 1, 1, 1]  	241	3 
[6, 5, 0, 1, 1]  	253	4 
[8, 2, 4, 1, 1]  	348	9 
[9, 11, 0, 0, 1]  	361	11 
[10, 10, 1, 0, 1]  	385	8 
[7, 12, 1, 0, 1]  	395	10 
[11, 0, 0, 4, 1]  	396	15 
[11, 0, 6, 1, 1]  	408	15 
[9, 0, 5, 2, 1]  	415	5 
[8, 1, 5, 2, 1]  	426	9 
[5, 13, 2, 0, 1]  	429	7 
[5, 1, 8, 1, 1]  	429	6 
[7, 0, 8, 1, 1]  	430	11 
[7, 9, 4, 0, 1]  	431	14 
[5, 12, 3, 0, 1]  	441	8 
[6, 7, 6, 0, 1]  	443	14 
[5, 17, 0, 0, 1]  	451	7 
[4, 16, 1, 0, 1]  	451	3 
[4, 13, 3, 0, 1]  	452	7 
[4, 1, 9, 1, 1]  	452	6 
[19, 4, 4, 0, 1]  	460	16 
[5, 1, 7, 2, 1]  	460	6 
[3, 17, 1, 0, 1]  	462	9 
[4, 15, 2, 0, 1]  	463	6 
[3, 3, 3, 4, 1]  	474	11 
[3, 13, 4, 0, 1]  	475	7 
[3, 1, 10, 1, 1]  	475	6 
[12, 7, 5, 0, 1]  	480	17 
[3, 12, 3, 1, 1]  	483	6 
[3, 8, 0, 4, 1]  	484	8 
[3, 5, 2, 4, 1]  	485	9 
[2, 14, 4, 0, 1]  	486	6 
[2, 2, 10, 1, 1]  	486	6 
[3, 12, 5, 0, 1]  	487	7 
[5, 11, 5, 0, 1]  	488	10 
[17, 5, 5, 0, 1]  	494	16 
[2, 13, 5, 0, 1]  	498	6 
[2, 1, 11, 1, 1]  	498	5 
[4, 9, 7, 0, 1]  	500	11 
[2, 12, 4, 1, 1]  	506	6 
[2, 5, 3, 4, 1]  	508	7 
[2, 2, 5, 4, 1]  	509	8 
[1, 14, 5, 0, 1]  	509	6 
[1, 2, 11, 1, 1]  	509	5 
[2, 12, 6, 0, 1]  	510	6 
[17, 3, 7, 0, 1]  	518	17 
[2, 17, 3, 0, 1]  	520	7 
[1, 16, 4, 0, 1]  	520	8 
[1, 4, 10, 1, 1]  	520	7 
[1, 13, 6, 0, 1]  	521	6 
[3, 9, 8, 0, 1]  	523	10 
[5, 6, 0, 5, 1]  	528	11 
[4, 18, 0, 1, 1]  	528	7 
[2, 1, 10, 2, 1]  	529	6 
[1, 2, 6, 4, 1]  	532	6 
[7, 2, 4, 4, 1]  	534	12 
[3, 8, 9, 0, 1]  	535	10 
[5, 15, 0, 2, 1]  	537	12 
[2, 11, 0, 4, 1]  	541	7 
[1, 4, 5, 4, 1]  	543	6 
[7, 1, 5, 4, 1]  	546	13 
[3, 5, 0, 6, 1]  	547	11 
[2, 6, 11, 0, 1]  	547	10 
[3, 2, 2, 6, 1]  	548	11 
[5, 1, 2, 6, 1]  	549	13 
[1, 13, 5, 1, 1]  	552	7 
[5, 13, 0, 3, 1]  	557	11 
[3, 0, 13, 1, 1]  	557	7 
[7, 0, 6, 4, 1]  	558	11 
[3, 17, 0, 2, 1]  	559	11 
[3, 4, 1, 6, 1]  	559	11 
[1, 15, 4, 1, 1]  	563	7 
[1, 3, 10, 2, 1]  	563	6 
[5, 0, 7, 4, 1]  	569	10 
[2, 5, 1, 6, 1]  	570	8 
[3, 16, 1, 2, 1]  	571	12 
[2, 4, 13, 0, 1]  	571	9 
[4, 3, 13, 0, 1]  	572	11 
[1, 13, 0, 4, 1]  	575	6 
[1, 1, 8, 4, 1]  	579	5 
[2, 7, 0, 6, 1]  	581	8 
[2, 3, 14, 0, 1]  	583	10 
[4, 0, 4, 6, 1]  	584	10 
[10, 2, 12, 0, 1]  	586	14 
[1, 12, 1, 4, 1]  	587	5 
[1, 1, 12, 2, 1]  	587	5 
[1, 10, 10, 0, 1]  	592	7 
[1, 18, 1, 2, 1]  	593	7 
[2, 3, 3, 6, 1]  	594	8 
[1, 4, 14, 0, 1]  	594	7 
[2, 0, 9, 4, 1]  	603	5 
[1, 12, 9, 0, 1]  	603	5 
[1, 6, 13, 0, 1]  	605	6 
[1, 14, 4, 2, 1]  	606	8 
[1, 2, 10, 3, 1]  	606	7 
[9, 0, 3, 6, 1]  	609	9 
[1, 3, 4, 6, 1]  	617	5 
[0, 15, 4, 2, 1]  	617	5 
[1, 1, 11, 3, 1]  	618	7 
[0, 15, 6, 1, 1]  	621	5 
[5, 1, 6, 5, 1]  	623	11 
[1, 1, 0, 9, 1]  	629	6 
[1, 12, 6, 2, 1]  	630	7 
[1, 11, 1, 5, 1]  	630	7 
[3, 23, 0, 1, 1]  	631	11 
[10, 1, 14, 0, 1]  	633	9 
[0, 26, 1, 0, 1]  	633	5 
[0, 14, 7, 1, 1]  	633	5 
[0, 14, 9, 0, 1]  	637	5 
[0, 4, 10, 3, 1]  	640	3 
[1, 0, 1, 9, 1]  	641	5 
[0, 13, 6, 2, 1]  	641	5 
[1, 7, 4, 5, 1]  	643	5 
[0, 25, 2, 0, 1]  	645	5 
[0, 16, 8, 0, 1]  	648	5 
[0, 13, 10, 0, 1]  	649	5 
[2, 23, 1, 1, 1]  	654	8 
[2, 10, 2, 5, 1]  	654	7 
[0, 18, 5, 1, 1]  	655	5 
[1, 0, 9, 5, 1]  	657	5 
[0, 18, 7, 0, 1]  	659	5 
[0, 14, 4, 3, 1]  	660	4 
[1, 12, 5, 3, 1]  	661	7 
[1, 0, 11, 4, 1]  	661	5 
[0, 3, 17, 0, 1]  	664	3 
[1, 0, 13, 3, 1]  	665	5 
[1, 21, 3, 1, 1]  	666	5 
[8, 2, 15, 0, 1]  	667	8 
[6, 0, 17, 0, 1]  	667	6 
[1, 11, 4, 4, 1]  	669	5 
[0, 20, 6, 0, 1]  	670	5 
[1, 10, 3, 5, 1]  	677	4 
[6, 2, 16, 0, 1]  	678	8 
[4, 0, 18, 0, 1]  	678	5 
[8, 1, 16, 0, 1]  	679	7 
[1, 29, 0, 0, 1]  	679	5 
[0, 22, 5, 0, 1]  	681	5 
[0, 3, 10, 4, 1]  	683	3 
[0, 24, 0, 2, 1]  	684	4 
[4, 2, 17, 0, 1]  	689	5 
[0, 12, 12, 0, 1]  	696	4 
[1, 1, 19, 0, 1]  	700	3 
[0, 1, 7, 7, 1]  	730	2 
[0, 11, 8, 3, 1]  	731	3 
[0, 16, 3, 4, 1]  	737	3 
[10, 3, 2, 1, 2]  	325	7 
[9, 0, 5, 1, 2]  	349	10 
[2, 13, 1, 0, 2]  	358	5 
[8, 1, 5, 1, 2]  	360	11 
[7, 1, 6, 1, 2]  	383	8 
[6, 1, 7, 1, 2]  	406	7 
[8, 0, 7, 1, 2]  	407	12 
[4, 5, 0, 4, 2]  	427	8 
[14, 9, 2, 0, 2]  	445	13 
[4, 1, 7, 2, 2]  	448	5 
[3, 4, 2, 4, 2]  	462	10 
[2, 9, 5, 1, 2]  	472	7 
[3, 6, 1, 4, 2]  	473	9 
[1, 14, 4, 0, 2]  	474	6 
[15, 7, 4, 0, 2]  	481	15 
[2, 7, 1, 4, 2]  	484	6 
[1, 13, 5, 0, 2]  	486	5 
[14, 5, 6, 0, 2]  	493	18 
[2, 9, 0, 4, 2]  	495	6 
[2, 6, 2, 4, 2]  	496	6 
[2, 3, 4, 4, 2]  	497	9 
[9, 0, 0, 6, 2]  	504	10 
[1, 20, 1, 0, 2]  	507	5 
[1, 17, 3, 0, 2]  	508	6 
[9, 3, 2, 4, 2]  	511	12 
[4, 11, 6, 0, 2]  	511	9 
[3, 7, 9, 0, 2]  	512	11 
[12, 4, 8, 0, 2]  	516	16 
[2, 8, 7, 1, 2]  	519	7 
[1, 19, 2, 0, 2]  	519	5 
[6, 3, 11, 0, 2]  	526	13 
[1, 6, 9, 1, 2]  	531	5 
[8, 0, 5, 4, 2]  	535	11 
[3, 3, 1, 6, 2]  	536	11 
[16, 3, 8, 0, 2]  	541	17 
[2, 0, 11, 2, 2]  	541	5 
[1, 13, 1, 3, 2]  	544	7 
[3, 9, 3, 3, 2]  	546	9 
[2, 17, 0, 2, 2]  	547	12 
[5, 3, 12, 0, 2]  	549	12 
[11, 3, 10, 0, 2]  	551	13 
[1, 12, 0, 4, 2]  	552	6 
[3, 3, 13, 0, 2]  	560	10 
[4, 1, 3, 6, 2]  	572	11 
[9, 2, 12, 0, 2]  	574	12 
[2, 4, 2, 6, 2]  	582	8 
[1, 16, 2, 2, 2]  	582	8 
[2, 2, 9, 3, 2]  	583	10 
[2, 1, 4, 6, 2]  	583	9 
[7, 0, 3, 6, 2]  	585	12 
[2, 10, 4, 3, 2]  	592	7 
[1, 3, 9, 3, 2]  	594	7 
[2, 0, 5, 6, 2]  	595	9 
[8, 2, 13, 0, 2]  	597	11 
[7, 1, 14, 0, 2]  	597	11 
[1, 8, 6, 3, 2]  	604	6 
[1, 1, 5, 6, 2]  	606	7 
[1, 1, 7, 5, 2]  	610	6 
[1, 10, 5, 3, 2]  	615	5 
[1, 7, 7, 3, 2]  	616	5 
[2, 23, 0, 1, 2]  	619	10 
[0, 5, 15, 0, 2]  	640	3 
[1, 11, 7, 2, 2]  	642	6 
[5, 1, 16, 0, 2]  	643	10 
[4, 0, 17, 0, 2]  	643	8 
[7, 0, 16, 0, 2]  	644	7 
[1, 10, 8, 2, 2]  	654	5 
[0, 23, 0, 2, 2]  	661	5 
[0, 13, 5, 3, 2]  	672	4 
[0, 2, 18, 0, 2]  	676	3 
[0, 12, 6, 3, 2]  	684	4 
[3, 1, 18, 0, 2]  	689	5 
[2, 0, 19, 0, 2]  	689	4 
[0, 18, 1, 4, 2]  	713	3 
[0, 15, 3, 4, 2]  	714	4 
[0, 1, 13, 4, 2]  	742	2 
[4, 12, 4, 0, 3]  	464	7 
[11, 7, 5, 0, 3]  	468	17 
[8, 3, 10, 0, 3]  	515	14 
[3, 4, 0, 6, 3]  	524	11 
[2, 12, 1, 3, 3]  	533	5 
[8, 1, 1, 6, 3]  	550	13 
[2, 1, 7, 4, 3]  	556	6 
[2, 7, 5, 3, 3]  	558	9 
[5, 2, 13, 0, 3]  	561	11 
[8, 2, 12, 0, 3]  	562	12 
[8, 0, 2, 6, 3]  	562	10 
[15, 3, 9, 0, 3]  	564	16 
[6, 0, 3, 6, 3]  	573	7 
[6, 1, 14, 0, 3]  	585	12 
[1, 3, 5, 5, 3]  	586	7 
[1, 7, 12, 0, 3]  	593	7 
[2, 2, 15, 0, 3]  	595	9 
[1, 1, 1, 8, 3]  	598	5 
[5, 1, 15, 0, 3]  	608	10 
[1, 2, 16, 0, 3]  	618	7 
[5, 0, 16, 0, 3]  	620	9 
[0, 17, 3, 2, 3]  	628	4 
[4, 1, 16, 0, 3]  	631	11 
[2, 1, 17, 0, 3]  	642	7 
[0, 4, 16, 0, 3]  	652	3 
[3, 0, 18, 0, 3]  	666	7 
[0, 29, 0, 0, 3]  	667	5 
[0, 16, 3, 3, 3]  	671	4 
[1, 0, 19, 0, 3]  	677	4 
[0, 18, 0, 4, 3]  	678	4 
[0, 18, 2, 3, 3]  	682	4 
[0, 17, 1, 4, 3]  	690	4 
[2, 2, 6, 1, 4]  	346	5 
[3, 11, 1, 3, 4]  	522	7 
[1, 1, 7, 4, 4]  	544	6 
[2, 2, 3, 6, 4]  	571	9 
[1, 1, 14, 1, 4]  	591	5 
[4, 0, 16, 0, 4]  	608	11 
[3, 0, 17, 0, 4]  	631	9 
[2, 0, 18, 0, 4]  	654	6 
[1, 1, 18, 0, 4]  	665	5 
[0, 16, 2, 4, 4]  	702	4 
[0, 7, 12, 2, 4]  	713	3 
[7, 1, 1, 6, 5]  	538	13 
[7, 2, 12, 0, 5]  	550	13 
[1, 12, 6, 1, 5]  	564	5 
[2, 11, 3, 3, 5]  	580	6 
[4, 1, 15, 0, 5]  	596	9 
[3, 1, 16, 0, 5]  	619	8 
[4, 2, 14, 0, 6]  	584	10 
[2, 1, 16, 0, 6]  	607	9 
[3, 7, 0, 4, 7]  	461	8 
[1, 12, 1, 3, 7]  	521	5 
[0, 13, 0, 5, 7]  	629	5 
[0, 10, 4, 6, 7]  	766	2 
[2, 5, 12, 0, 8]  	559	10 
[1, 19, 0, 2, 9]  	581	8 
[2, 4, 3, 4, 10]  	485	7 
[3, 2, 14, 0, 14]  	572	10 
[3, 0, 4, 6, 244]  	572	9 
[1, 0, 10, 4, 244]  	626	4 
[1, 0, 9, 4, 245]  	591	4 
[1, 16, 3, 0, 247]  	485	7 
[1, 8, 11, 0, 247]  	581	7 
[0, 19, 6, 0, 247]  	647	5 
[0, 6, 7, 5, 247]  	713	2 
[1, 1, 13, 1, 249]  	556	4 
[2, 3, 2, 6, 249]  	559	9 
[2, 0, 14, 1, 249]  	580	6 
[1, 11, 3, 4, 249]  	634	4 
[1, 9, 3, 5, 249]  	654	4 
[0, 0, 20, 1, 249]  	766	1 
[1, 1, 12, 1, 250]  	521	4 
[1, 15, 3, 1, 250]  	528	4 
[1, 2, 10, 2, 250]  	540	5 
[2, 11, 8, 0, 250]  	557	6 
[1, 5, 4, 5, 250]  	597	2 
[1, 8, 8, 2, 250]  	608	5 
[0, 2, 11, 3, 250]  	629	2 
[0, 8, 9, 2, 250]  	631	2 
[1, 13, 4, 0, 251]  	451	4 
[1, 15, 3, 0, 251]  	462	5 
[1, 3, 10, 1, 251]  	497	6 
[1, 5, 4, 4, 251]  	531	3 
[1, 17, 2, 1, 251]  	539	4 
[1, 19, 1, 1, 251]  	550	6 
[1, 4, 9, 2, 251]  	551	3 
[0, 5, 9, 2, 251]  	562	1 
[1, 11, 1, 4, 251]  	564	4 
[0, 16, 4, 1, 251]  	574	2 
[1, 10, 6, 2, 251]  	584	5 
[1, 7, 8, 2, 251]  	585	2 
[1, 6, 3, 5, 251]  	585	3 
[1, 2, 0, 8, 251]  	586	5 
[1, 8, 2, 5, 251]  	596	4 
[1, 23, 0, 1, 251]  	607	7 
[0, 23, 2, 1, 251]  	665	4 
[1, 0, 15, 2, 251]  	669	3 
[0, 5, 14, 1, 251]  	671	2 
[0, 8, 5, 5, 251]  	689	1 
[1, 13, 3, 0, 252]  	416	4 
[13, 8, 3, 0, 252]  	445	11 
[2, 6, 1, 4, 252]  	461	6 
[2, 1, 10, 1, 252]  	463	4 
[4, 0, 10, 1, 252]  	464	5 
[10, 6, 6, 0, 252]  	468	14 
[1, 2, 10, 1, 252]  	474	5 
[1, 4, 9, 1, 252]  	485	4 
[1, 2, 0, 7, 252]  	520	6 
[3, 0, 12, 1, 252]  	522	6 
[2, 8, 0, 5, 252]  	538	7 
[1, 0, 2, 7, 252]  	544	3 
[2, 6, 0, 6, 252]  	558	9 
[1, 9, 6, 2, 252]  	561	5 
[1, 6, 8, 2, 252]  	562	3 
[0, 2, 11, 2, 252]  	563	1 
[1, 17, 1, 2, 252]  	570	6 
[1, 8, 7, 2, 252]  	573	5 
[1, 7, 2, 5, 252]  	573	4 
[0, 18, 3, 1, 252]  	585	2 
[1, 8, 0, 6, 252]  	592	4 
[1, 6, 7, 3, 252]  	593	5 
[1, 12, 5, 2, 252]  	595	8 
[0, 17, 6, 0, 252]  	601	3 
[1, 0, 15, 1, 252]  	603	2 
[0, 13, 7, 1, 252]  	610	2 
[0, 16, 7, 0, 252]  	613	3 
[0, 3, 14, 1, 252]  	625	2 
[0, 12, 10, 0, 252]  	626	3 
[0, 2, 15, 1, 252]  	637	1 
[0, 12, 5, 3, 252]  	649	3 
[0, 11, 0, 6, 252]  	649	1 
[0, 6, 13, 1, 252]  	659	3 
[0, 24, 4, 0, 252]  	692	3 
[0, 5, 8, 5, 252]  	725	1 
[9, 2, 3, 1, 253]  	325	6 
[2, 1, 9, 1, 253]  	428	3 
[6, 11, 3, 0, 253]  	430	5 
[6, 8, 5, 0, 253]  	431	5 
[1, 2, 9, 1, 253]  	439	3 
[1, 1, 10, 1, 253]  	451	3 
[1, 16, 1, 1, 253]  	481	5 
[1, 18, 2, 0, 253]  	496	4 
[0, 16, 4, 0, 253]  	508	3 
[8, 2, 3, 4, 253]  	511	11 
[3, 10, 7, 0, 253]  	511	6 
[2, 8, 5, 2, 253]  	515	4 
[1, 7, 8, 1, 253]  	519	4 
[1, 6, 7, 2, 253]  	527	4 
[0, 14, 6, 0, 253]  	532	3 
[1, 5, 8, 2, 253]  	539	2 
[1, 8, 10, 0, 253]  	546	7 
[14, 2, 10, 0, 253]  	564	11 
[1, 12, 8, 0, 253]  	568	4 
[0, 19, 2, 1, 253]  	573	2 
[0, 13, 6, 1, 253]  	575	2 
[0, 13, 8, 0, 253]  	579	3 
[0, 1, 14, 1, 253]  	579	1 
[1, 11, 9, 0, 253]  	580	2 
[0, 12, 9, 0, 253]  	591	2 
[0, 0, 15, 1, 253]  	591	1 
[1, 5, 2, 6, 253]  	593	4 
[0, 14, 4, 2, 253]  	594	3 
[1, 11, 4, 3, 253]  	603	3 
[0, 12, 4, 3, 253]  	614	3 
[0, 21, 0, 2, 253]  	615	3 
[0, 24, 0, 1, 253]  	618	4 
[2, 0, 17, 0, 253]  	619	6 
[0, 5, 5, 5, 253]  	620	1 
[0, 3, 16, 0, 253]  	629	4 
[0, 2, 0, 9, 253]  	640	1 
[0, 2, 6, 6, 253]  	652	1 
[0, 11, 2, 5, 253]  	653	2 
[0, 24, 3, 0, 253]  	657	2 
[0, 2, 5, 7, 253]  	683	1 
[0, 0, 20, 0, 253]  	700	1 
[0, 0, 8, 7, 253]  	742	1 
[0, 5, 3, 8, 253]  	748	1 
[3, 3, 3, 1, 254]  	276	2 
[1, 13, 1, 0, 254]  	346	4 
[6, 12, 0, 0, 254]  	348	5 
[6, 9, 2, 0, 254]  	349	4 
[6, 8, 3, 0, 254]  	361	4 
[1, 1, 8, 1, 254]  	381	3 
[0, 3, 8, 1, 254]  	415	1 
[6, 0, 8, 1, 254]  	418	4 
[5, 5, 7, 0, 254]  	420	7 
[0, 14, 3, 0, 254]  	427	2 
[0, 2, 9, 1, 254]  	427	1 
[0, 13, 4, 0, 254]  	439	2 
[3, 0, 8, 2, 254]  	448	1 
[5, 8, 6, 0, 254]  	454	8 
[2, 12, 3, 1, 254]  	471	2 
[3, 17, 0, 1, 254]  	493	3 
[1, 2, 5, 4, 254]  	497	3 
[1, 7, 2, 4, 254]  	507	3 
[1, 6, 3, 4, 254]  	519	2 
[2, 19, 0, 1, 254]  	527	8 
[1, 11, 0, 4, 254]  	529	4 
[0, 11, 8, 0, 254]  	533	1 
[2, 6, 5, 3, 254]  	535	7 
[2, 0, 9, 3, 254]  	537	2 
[6, 0, 2, 6, 254]  	538	8 
[1, 20, 0, 1, 254]  	538	3 
[2, 5, 2, 5, 254]  	539	3 
[14, 1, 10, 0, 254]  	541	12 
[2, 8, 4, 3, 254]  	546	8 
[2, 4, 1, 6, 254]  	547	9 
[0, 21, 0, 1, 254]  	549	2 
[0, 2, 5, 5, 254]  	551	1 
[1, 0, 8, 4, 254]  	556	3 
[0, 0, 14, 1, 254]  	556	1 
[1, 4, 13, 0, 254]  	559	4 
[1, 12, 4, 2, 254]  	560	3 
[0, 20, 1, 1, 254]  	561	2 
[1, 5, 3, 5, 254]  	562	1 
[1, 0, 1, 8, 254]  	575	4 
[1, 2, 4, 6, 254]  	594	6 
[1, 0, 13, 2, 254]  	599	3 
[0, 13, 3, 3, 254]  	602	4 
[0, 8, 12, 0, 254]  	604	1 
[1, 4, 3, 6, 254]  	605	2 
[0, 12, 0, 5, 254]  	606	2 
[0, 10, 11, 0, 254]  	615	1 
[1, 0, 6, 6, 254]  	618	4 
[0, 24, 2, 0, 254]  	622	3 
[0, 6, 14, 0, 254]  	628	1 
[1, 0, 12, 3, 254]  	630	4 
[0, 2, 2, 8, 254]  	644	1 
[0, 12, 3, 4, 254]  	645	3 
[0, 17, 0, 4, 254]  	655	3 
[0, 17, 2, 3, 254]  	659	4 
[0, 0, 2, 9, 254]  	664	1 
[0, 0, 19, 0, 254]  	665	1 
[0, 0, 8, 6, 254]  	676	1 
[0, 8, 0, 8, 254]  	712	1 
[6, 6, 0, 0, 255]  	210	4 
[3, 3, 2, 1, 255]  	241	1 
[3, 2, 3, 1, 255]  	253	1 
[0, 12, 2, 0, 255]  	346	2 
[0, 0, 8, 1, 255]  	346	1 
[7, 0, 7, 1, 255]  	395	6 
[4, 6, 6, 0, 255]  	396	7 
[6, 0, 6, 2, 255]  	414	2 
[3, 17, 0, 0, 255]  	427	3 
[4, 5, 8, 0, 255]  	443	6 
[4, 4, 9, 0, 255]  	455	4 
[18, 3, 5, 0, 255]  	460	7 
[0, 20, 0, 0, 255]  	460	1 
[2, 19, 0, 0, 255]  	461	7 
[1, 6, 7, 1, 255]  	461	3 
[2, 3, 3, 4, 255]  	462	2 
[2, 4, 10, 0, 255]  	466	5 
[2, 6, 5, 2, 255]  	469	2 
[2, 8, 0, 4, 255]  	472	4 
[2, 5, 2, 4, 255]  	473	4 
[2, 2, 4, 4, 255]  	474	6 
[1, 0, 0, 7, 255]  	474	1 
[13, 5, 6, 0, 255]  	481	11 
[3, 5, 0, 5, 255]  	481	6 
[1, 3, 2, 5, 255]  	481	1 
[1, 10, 5, 1, 255]  	483	4 
[1, 9, 0, 4, 255]  	483	3 
[4, 2, 0, 6, 255]  	490	4 
[1, 2, 3, 5, 255]  	493	1 
[16, 4, 6, 0, 255]  	494	8 
[1, 9, 6, 1, 255]  	495	4 
[1, 8, 1, 4, 255]  	495	3 
[1, 5, 3, 4, 255]  	496	2 
[2, 6, 4, 3, 255]  	500	4 
[2, 5, 5, 3, 255]  	512	2 
[2, 11, 3, 2, 255]  	514	2 
[14, 0, 10, 0, 255]  	518	7 
[1, 7, 10, 0, 255]  	523	3 
[2, 3, 1, 6, 255]  	524	5 
[1, 2, 2, 6, 255]  	524	1 
[5, 0, 2, 6, 255]  	526	6 
[1, 8, 0, 5, 255]  	526	1 
[0, 0, 0, 8, 255]  	528	1 
[1, 11, 2, 3, 255]  	533	3 
[5, 12, 0, 3, 255]  	534	7 
[2, 10, 8, 0, 255]  	534	4 
[1, 6, 11, 0, 255]  	535	2 
[5, 1, 13, 0, 255]  	538	9 
[4, 0, 3, 6, 255]  	549	9 
[2, 10, 3, 3, 255]  	557	3 
[0, 6, 12, 0, 255]  	558	1 
[2, 0, 4, 6, 255]  	560	3 
[0, 11, 0, 5, 255]  	583	1 
[3, 1, 15, 0, 255]  	584	8 
[2, 0, 16, 0, 255]  	584	7 
[5, 0, 6, 5, 255]  	600	5 
[1, 1, 17, 0, 255]  	630	5 
[0, 0, 5, 7, 255]  	637	1 
[1, 0, 18, 0, 255]  	642	4 
------
The gap is between 15 and 243.
Lengths: 5 5 10 13 5 16.
For 692 = 3*d-d1-d2-d3-d4 you get 5 in char 0.
1 + 0*2^64 + 0*2^128 + 0*2^192*y^24*z^4
1 + 0*2^64 + 0*2^128 + 0*2^192*y^12*z^10*w^1
1 + 0*2^64 + 0*2^128 + 0*2^192*y^11*z^5*w^4
1 + 0*2^64 + 0*2^128 + 0*2^192*y^10*w^7
1 + 0*2^64 + 0*2^128 + 0*2^192*z^16*w^2

For 416 = 2*d-d1-d2-d3-d4 you get 10 in char 0.
1 + 0*2^64 + 0*2^128 + 0*2^192*x^5*y^4*w^4
1 + 0*2^64 + 0*2^128 + 0*2^192*x^4*y^16
1 + 0*2^64 + 0*2^128 + 0*2^192*x^4*y^3*z^1*w^4
1 + 0*2^64 + 0*2^128 + 0*2^192*x^3*y^2*z^2*w^4
1 + 0*2^64 + 0*2^128 + 0*2^192*x^2*y^1*z^3*w^4
1 + 0*2^64 + 0*2^128 + 0*2^192*x^1*y^13*z^3
1 + 0*2^64 + 0*2^128 + 0*2^192*x^1*y^1*z^9*w^1
1 + 0*2^64 + 0*2^128 + 0*2^192*x^1*z^4*w^4
1 + 0*2^64 + 0*2^128 + 0*2^192*y^12*z^4
1 + 0*2^64 + 0*2^128 + 0*2^192*z^10*w^1

For 140 = d-d1-d2-d3-d4 you get 5 in char 0.
1 + 0*2^64 + 0*2^128 + 0*2^192*x^4*y^4
1 + 0*2^64 + 0*2^128 + 0*2^192*x^3*y^3*z^1
1 + 0*2^64 + 0*2^128 + 0*2^192*x^2*y^2*z^2
1 + 0*2^64 + 0*2^128 + 0*2^192*x^1*y^1*z^3
1 + 0*2^64 + 0*2^128 + 0*2^192*z^4

Extra powers of p used 11.
The invariant extra is equal to 33.
Start computing 2^4 Delta^1 (x1x2x3x4)^1... Done.
Start computing 2^5 Delta^2 (x1x2x3x4)^1... Done.
Start computing 2^6 Delta^3 (x1x2x3x4)^1... Done.
Start computing 2^7 Delta^4 (x1x2x3x4)^1... Done.
Start computing 2^8 Delta^5 (x1x2x3x4)^1... Done.
Start computing 2^9 Delta^6 (x1x2x3x4)^1... Done.
Start computing 2^10 Delta^7 (x1x2x3x4)^1... Done.
Start computing 2^11 Delta^8 (x1x2x3x4)^1... Done.
Start computing 2^12 Delta^9 (x1x2x3x4)^1... Done.
Start computing 2^13 Delta^10 (x1x2x3x4)^1... Done.
Start computing 2^14 Delta^11 (x1x2x3x4)^1... Done.
Start computing 2^15 Delta^12 (x1x2x3x4)^1... Done.
Start computing 2^16 Delta^13 (x1x2x3x4)^1... Done.
Start computing 2^17 Delta^14 (x1x2x3x4)^1... Done.
Start computing 2^18 Delta^15 (x1x2x3x4)^1... Done.
Start computing 2^19 Delta^16 (x1x2x3x4)^1... Done.
Start computing 2^20 Delta^17 (x1x2x3x4)^1... Done.
Start computing 2^21 Delta^18 (x1x2x3x4)^1... Done.
Start computing 2^22 Delta^19 (x1x2x3x4)^1... Done.
Start computing 2^23 Delta^20 (x1x2x3x4)^1... Done.
Start computing 2^24 Delta^21 (x1x2x3x4)^1... Done.
Start computing 2^25 Delta^22 (x1x2x3x4)^1... Done.
Start computing 2^26 Delta^23 (x1x2x3x4)^1... Done.
Start computing 2^27 Delta^24 (x1x2x3x4)^1... Done.
Start computing 2^28 Delta^25 (x1x2x3x4)^1... Done.
Start computing 2^29 Delta^26 (x1x2x3x4)^1... Done.
Start computing 2^30 Delta^27 (x1x2x3x4)^1... Done.
Start computing 2^31 Delta^28 (x1x2x3x4)^1... Done.
Start computing 2^32 Delta^29 (x1x2x3x4)^1... Done.
Start computing 2^33 Delta^30 (x1x2x3x4)^1... Done.
Start computing 2^34 Delta^31 (x1x2x3x4)^1... Done.
Start computing 2^35 Delta^32 (x1x2x3x4)^1... Done.
Start computing 2^36 Delta^33 (x1x2x3x4)^1... Done.
Start computing 2^37 Delta^34 (x1x2x3x4)^1... Done.
Start computing 2^38 Delta^35 (x1x2x3x4)^1... Done.
Start computing aa.
1 2 3 4 5 6 7 8 9 10 11 12 13 14 15 16 17 18 19 20 
*/
A = \
[2043757413703339264 + 9996001785949533718*2^64 + 13378788388306888725*2^128 + 220473894471*2^192,4379318124145617920 + 11530806161175158777*2^64 + 14813962381012288162*2^128 + 15267421083*2^192,4802704073738924800 + 4361699505626145905*2^64 + 891446589637304875*2^128 + 123691507213*2^192,13437247701358127232 + 10418387369841722317*2^64 + 5049134583782150741*2^128 + 530336808788*2^192,11909190752071587840 + 9414611961870625490*2^64 + 1734303170240401000*2^128 + 230603031498*2^192,15704321086506320384 + 9615599147564413984*2^64 + 14948393892953415989*2^128 + 531428258893*2^192,8543477372137037312 + 6358329627870266683*2^64 + 2721057307157313462*2^128 + 504553462096*2^192,11290688544553277184 + 9508303461995929158*2^64 + 13544386501306840407*2^128 + 76653263279*2^192,8212625160289287680 + 15441874947079249998*2^64 + 18127194635790553797*2^128 + 455338316586*2^192,15774251099216616960 + 16284248705073164637*2^64 + 15249157345449667164*2^128 + 416465683424*2^192,11181122174138984960 + 9577191353167749696*2^64 + 11848369017019208150*2^128 + 62435704729*2^192,11238249517910122496 + 1351544391594124750*2^64 + 9320426294214066478*2^128 + 26782810913*2^192,9549958536499483648 + 15790989260045109001*2^64 + 17197910378221453661*2^128 + 183836766549*2^192,14410847296923879936 + 9035135859660996911*2^64 + 16825733113746743300*2^128 + 171295375188*2^192,6863544008427796480 + 2211682664531969402*2^64 + 11472984445356704725*2^128 + 507463782994*2^192,1240661265336133120 + 10675188773889808424*2^64 + 17277645987311839542*2^128 + 486731076690*2^192,4629110929883581440 + 7699336542521789129*2^64 + 6925163036191632706*2^128 + 293411243953*2^192,12875187359684352000 + 16703959629671788590*2^64 + 14884326661401424324*2^128 + 112332906232*2^192,17455190842738869760 + 4405549245232469497*2^64 + 10060967637150373302*2^128 + 363956950389*2^192,6636376470754044928 + 6545152404610822092*2^64 + 14334765939523216949*2^128 + 71031102961*2^192;\
15076150327230787520 + 4065517080166247569*2^64 + 5053508920169709817*2^128 + 34787960097*2^192,5546948757718730112 + 17186998707116169519*2^64 + 11085817556324996232*2^128 + 371335014911*2^192,188994029862709312 + 5943209871560126884*2^64 + 76204741495708291*2^128 + 242789363941*2^192,17243102182808265280 + 11642708476910426281*2^64 + 9180370831707974163*2^128 + 120240957687*2^192,16473134788319174400 + 4336364589263559779*2^64 + 11282737045025463329*2^128 + 487260997123*2^192,9523494468284900352 + 5400463084681399266*2^64 + 2717053134555844585*2^128 + 380375241121*2^192,16844497938964092928 + 12655355119966381954*2^64 + 1699620550779172622*2^128 + 388699896417*2^192,14307316749931122176 + 15293283033064064074*2^64 + 12926568710538728026*2^128 + 285309433289*2^192,6154307791246962176 + 8120809844298255029*2^64 + 12373129372447771737*2^128 + 548202590654*2^192,7452806259813824512 + 3852102553056977812*2^64 + 1356043629976342691*2^128 + 8899715979*2^192,9095042691747544064 + 16459481076986886966*2^64 + 11854168058110304765*2^128 + 57399125267*2^192,12106019109229234176 + 5033574104899449690*2^64 + 2721924391065413328*2^128 + 183579408832*2^192,8424991242279386624 + 14034946685832985585*2^64 + 15890156258586733990*2^128 + 383201944837*2^192,11146076001351403520 + 8794931660923428853*2^64 + 7134516147136214511*2^128 + 503063334810*2^192,13278919134639515648 + 9743949374192000844*2^64 + 15912161776700681001*2^128 + 101580698273*2^192,12721345781813200896 + 15141465603162453530*2^64 + 14432097001029639760*2^128 + 312414159214*2^192,16881573398681551872 + 2352427754008024766*2^64 + 12600609973514187203*2^128 + 472582553020*2^192,832361880631554048 + 5641258528926315968*2^64 + 15837107632535948858*2^128 + 134696415169*2^192,8698648017981700096 + 1692181798456716252*2^64 + 18295939791049929638*2^128 + 481877171302*2^192,12899169341518265344 + 890224912165592801*2^64 + 563984021430015803*2^128 + 453718087454*2^192;\
10106649596388900864 + 8957651710962632489*2^64 + 16909567409759693021*2^128 + 45304673223*2^192,14737472808833425408 + 2345790245711209074*2^64 + 1209598459123839580*2^128 + 465468067046*2^192,4797072508487362048 + 12771941515900265050*2^64 + 1220909143460232596*2^128 + 534434545823*2^192,13485242428607662080 + 1544157929116789608*2^64 + 16870008102900573823*2^128 + 154845023853*2^192,12202507327129878528 + 283786247808850030*2^64 + 15665752130243234886*2^128 + 195280855312*2^192,9968809463037452288 + 1972073854727187290*2^64 + 5176943312327063301*2^128 + 412810308342*2^192,15905879648405626880 + 7496688417015579544*2^64 + 17749980517847972446*2^128 + 524363945539*2^192,9189375409122856960 + 11045036953301052697*2^64 + 3494344920795575029*2^128 + 59008926649*2^192,7729613547400585216 + 10849875348271673624*2^64 + 13744180183403270784*2^128 + 96000555506*2^192,13190226840054677504 + 9807512104156886409*2^64 + 17045619018284010821*2^128 + 219085671089*2^192,8534261230554128384 + 9258844925678269222*2^64 + 10336818922070633414*2^128 + 481116387139*2^192,3898382773871607808 + 46961130919783569*2^64 + 3324128885951559376*2^128 + 402071944857*2^192,1607047001021521920 + 9953234679977000707*2^64 + 154055430491662146*2^128 + 20597673320*2^192,14378982248999411712 + 8614633221671518845*2^64 + 213147031911380784*2^128 + 199019840433*2^192,12046161892222435328 + 10717724370323801892*2^64 + 3730257967973677893*2^128 + 279266227774*2^192,3981658898787311616 + 15868341214404617998*2^64 + 1946156114238202018*2^128 + 73268269071*2^192,1999727266248327168 + 12315476721851228650*2^64 + 13081482934325630603*2^128 + 473668346860*2^192,12039473355670618112 + 17733843160971058322*2^64 + 1166507395049836706*2^128 + 525719809015*2^192,1308906197610274816 + 7820905427807448630*2^64 + 9884556713038858866*2^128 + 406948216033*2^192,6197495661073580032 + 17064288270536707785*2^64 + 10611256110718957605*2^128 + 326888452138*2^192;\
9478148733955127808 + 2154724224856924733*2^64 + 8128021210345189620*2^128 + 371820983071*2^192,13932628632401482752 + 9515407162844002882*2^64 + 10790199965810299143*2^128 + 113877402952*2^192,4624729682499058176 + 16542471322428125917*2^64 + 7232864985279245689*2^128 + 335285242835*2^192,8651447565194676736 + 13343502300191743144*2^64 + 18184405960821345399*2^128 + 112251642101*2^192,7665132649896617984 + 3871509629648264116*2^64 + 12672180821829772198*2^128 + 297725845082*2^192,16725640446380298240 + 8380609270455369805*2^64 + 11211596152756211564*2^128 + 149128247848*2^192,17708014004224233472 + 10744040071747293481*2^64 + 1151070620178217332*2^128 + 443168816488*2^192,12862301345807845376 + 13802692005861949656*2^64 + 8734610084956045364*2^128 + 167124346077*2^192,55762959629942784 + 5299808131237457266*2^64 + 15342616900894340072*2^128 + 362013681340*2^192,5849000419277500416 + 7948616986428790339*2^64 + 8034223424138788879*2^128 + 236451836044*2^192,6559154658417840128 + 3390881075665235676*2^64 + 175419717629767911*2^128 + 256260482328*2^192,1254449160631926784 + 7357876027273968050*2^64 + 6729322923434827484*2^128 + 21804927342*2^192,13128172500570005504 + 17571161217002826360*2^64 + 1178204467078280778*2^128 + 231816485724*2^192,3385100967996624896 + 11604463888250789698*2^64 + 4148903913507840947*2^128 + 154415929135*2^192,6234988814573289472 + 5740626910775011700*2^64 + 4352623125272594952*2^128 + 249577764398*2^192,8707928504117686272 + 11986779724031183887*2^64 + 9617362574380137494*2^128 + 409427218603*2^192,14108771987103244288 + 14704677671718173879*2^64 + 11028864896091009799*2^128 + 492453683333*2^192,14004175774340546560 + 5749744129716519804*2^64 + 1814485156855366173*2^128 + 46150803987*2^192,7016043695728750592 + 11851268855715206368*2^64 + 15668369667684379682*2^128 + 278809327309*2^192,5794050329449250816 + 9994724606568922591*2^64 + 3414992951064162678*2^128 + 312386873913*2^192;\
14182482123164533856 + 14893544385051749037*2^64 + 16286464673024371919*2^128 + 439439171367*2^192,18377677676939099968 + 1010254714629591066*2^64 + 14895494116838211549*2^128 + 196308875499*2^192,3028668740063988448 + 11912116856722554095*2^64 + 574279010460321880*2^128 + 490042793565*2^192,14108712421936249600 + 8805839616525271243*2^64 + 535502481038977268*2^128 + 130502481431*2^192,13744572196522369152 + 5595180802035149114*2^64 + 11542169589508028797*2^128 + 387105396848*2^192,1244503639830776704 + 3629592072999268327*2^64 + 17165749540348598345*2^128 + 49084320626*2^192,9614132950234406016 + 15885729612103337453*2^64 + 14628156639968388631*2^128 + 471950887090*2^192,18172875656573649728 + 8643526993166221975*2^64 + 13086335045513703332*2^128 + 377463197471*2^192,18392982596286467456 + 9863799471743108730*2^64 + 584881652908892765*2^128 + 125594108246*2^192,441737983972714112 + 15853471579259413281*2^64 + 11903762775389461858*2^128 + 345574561474*2^192,3905938825511362432 + 15695549567525625173*2^64 + 6884116950708511244*2^128 + 283429930811*2^192,5896068380181060608 + 8500185215941445431*2^64 + 7231913212088764990*2^128 + 223596212644*2^192,6532455003832468480 + 9288951319179978254*2^64 + 12368331452799764096*2^128 + 531288297642*2^192,3866708417744415104 + 4216431229234639664*2^64 + 10310745584233129651*2^128 + 379909989325*2^192,2003975468632587776 + 1055133083899999094*2^64 + 14019155128590816168*2^128 + 547828111916*2^192,6938314910865349248 + 15178739451651193478*2^64 + 4522858974583459590*2^128 + 479979368246*2^192,16883571236546847488 + 4669597325205176892*2^64 + 6283564975474614424*2^128 + 15298225237*2^192,3729264285871813120 + 5489799210249834509*2^64 + 14570976417304057131*2^128 + 215858880794*2^192,15362365889846526592 + 189758495999544508*2^64 + 8029346771015548802*2^128 + 262230922063*2^192,10924179171281788672 + 276314810954514907*2^64 + 14552300565758380499*2^128 + 510425689345*2^192;\
3235335323959976960 + 12164069481201704999*2^64 + 6964309722634303505*2^128 + 534791671472*2^192,18070714554328995840 + 9912451738396837780*2^64 + 4579165447064027253*2^128 + 215373020617*2^192,15955076165803008000 + 15566345391658546084*2^64 + 5441906371713192753*2^128 + 545467164509*2^192,3748159987722899968 + 4824955986979474798*2^64 + 3884339171499958437*2^128 + 507612565269*2^192,10600860371921154048 + 11226388043319599264*2^64 + 14099268411885531889*2^128 + 512401463646*2^192,13363292184747217920 + 10576143312450674193*2^64 + 4493679605695992935*2^128 + 36968663014*2^192,10415780779898314752 + 9686587152776382831*2^64 + 14869439547541639922*2^128 + 290464586762*2^192,7818689607339912192 + 8778718051991830715*2^64 + 14039074221092977335*2^128 + 400765351875*2^192,6683710012222875648 + 18020055632216441738*2^64 + 17988904306078348266*2^128 + 192904845501*2^192,15835637676743557120 + 9063931281699550287*2^64 + 16419522088351442811*2^128 + 475371424307*2^192,5964908484242993152 + 294727226233693987*2^64 + 14482754648844937042*2^128 + 359124761399*2^192,675454896174759936 + 9954620206963160037*2^64 + 1375237604543932750*2^128 + 488252801221*2^192,5282152374615354368 + 7285562455067727290*2^64 + 5050233749350736035*2^128 + 305296683278*2^192,16449032070164676608 + 14347301247552555584*2^64 + 9919015482950088281*2^128 + 118731482128*2^192,5356036785193189376 + 11558410588674106709*2^64 + 15314050244040150254*2^128 + 300011876538*2^192,16901933564657385472 + 17082162965612338476*2^64 + 16858087855944242898*2^128 + 89642982625*2^192,12251808571614789632 + 12780073591064640941*2^64 + 8439747305769231590*2^128 + 232904334850*2^192,4652944957534945280 + 1275605970883932962*2^64 + 8166462588081531692*2^128 + 402387024994*2^192,914008688910065664 + 15169639422030071923*2^64 + 4504816826711741849*2^128 + 284099289358*2^192,626657294571118592 + 9958480070753706865*2^64 + 4264812052657110535*2^128 + 507825453517*2^192;\
1589327523896184256 + 10355525524478058508*2^64 + 10705598860127010980*2^128 + 437322518098*2^192,17409666639399716480 + 18004756957866817421*2^64 + 15428842043816001271*2^128 + 471561791947*2^192,6268903209334933952 + 1135170066495947629*2^64 + 6735041159798819772*2^128 + 215138585226*2^192,15335701937444535936 + 11438061083074883587*2^64 + 14908602354219541086*2^128 + 538677785576*2^192,18166733125709032704 + 8384762143572977605*2^64 + 3307704917614020994*2^128 + 395385940453*2^192,14333949381118238976 + 17430183748107849936*2^64 + 15189887498085971104*2^128 + 421792295872*2^192,15242494391769640704 + 14068881100326141688*2^64 + 12940399923810118627*2^128 + 509048123830*2^192,5797079347365753728 + 5686187608417542074*2^64 + 8951288484927940122*2^128 + 362312580633*2^192,990173346554705152 + 2092509265903206494*2^64 + 6988626039417063148*2^128 + 355655361158*2^192,13155082492071466752 + 17151393516863134531*2^64 + 5527270158364271802*2^128 + 335190172653*2^192,14056044474203211008 + 15577291197723991701*2^64 + 10526329797510861451*2^128 + 84714213003*2^192,2873673423168575488 + 3505898615075099408*2^64 + 15676933096698868152*2^128 + 380835052875*2^192,4594688234840496128 + 13426415854788171812*2^64 + 812254229077905679*2^128 + 268791751292*2^192,5466200484351966464 + 980410786092246886*2^64 + 5767735921750095136*2^128 + 13097729155*2^192,17701713334587362304 + 15492446560141190408*2^64 + 16955465983080769164*2^128 + 106752026648*2^192,8722444752029073152 + 7773109142753767039*2^64 + 7631876195990786620*2^128 + 504448375670*2^192,14807407618742602240 + 6608951433407640519*2^64 + 13493486799664876350*2^128 + 539423755278*2^192,14513266339255110656 + 13220403636504846113*2^64 + 11418268755050959661*2^128 + 25396612474*2^192,479519341511069440 + 1061526910213395679*2^64 + 5616787287435751486*2^128 + 496659253162*2^192,13762036111456440832 + 3965322964001143200*2^64 + 3284968178563195181*2^128 + 226495863901*2^192;\
11940932085438735360 + 18402343882430306121*2^64 + 14022391499135888010*2^128 + 251392034712*2^192,3507112719575865344 + 5635779943084078843*2^64 + 10901501368096154032*2^128 + 74190941921*2^192,7886698322629083136 + 14630904318185189481*2^64 + 17625717597556500121*2^128 + 444400217416*2^192,4695543126348857856 + 15646314895046316553*2^64 + 8218113170922087542*2^128 + 326444407174*2^192,14923822567916711936 + 10611319719902169907*2^64 + 18030932634145404159*2^128 + 390721329645*2^192,12711088469790790656 + 7331484180617796955*2^64 + 972766480788534483*2^128 + 146247207897*2^192,2496588600196898816 + 11302159861808909728*2^64 + 7666505304069663556*2^128 + 181449805170*2^192,12603935665106462720 + 14637241342981952641*2^64 + 14217743546310482425*2^128 + 286117528108*2^192,9264708838798731264 + 9671806909567984413*2^64 + 11354651148633562439*2^128 + 305609494656*2^192,7951278813316683776 + 4876767745518834113*2^64 + 9949962971163628164*2^128 + 488640221598*2^192,9834262226867433472 + 8291791758311050655*2^64 + 7353504084722357720*2^128 + 373089590912*2^192,6714952573010673664 + 5198325283381231375*2^64 + 13696802045391367888*2^128 + 296308359916*2^192,2448335453037744128 + 7349197203668669650*2^64 + 11744139006053237911*2^128 + 258605529955*2^192,16136296396209274880 + 1402753293115048205*2^64 + 9817780196879033930*2^128 + 42955544318*2^192,14943719626301538304 + 12127066778980858410*2^64 + 7184756665594552042*2^128 + 405396300264*2^192,4888256982023733248 + 15695031147068748045*2^64 + 7697148768725889873*2^128 + 69914392233*2^192,11819890701060931584 + 12963088638871393911*2^64 + 5949656067270628360*2^128 + 176093196148*2^192,2743210048761610240 + 4502603907949612766*2^64 + 489176918898789686*2^128 + 360164035130*2^192,1913056901997207552 + 7353386508350892678*2^64 + 6276449815650155835*2^128 + 71170866755*2^192,12962766250548862976 + 4062356052289705072*2^64 + 7145630572290476638*2^128 + 298784334225*2^192;\
16310748775520865280 + 11326923024452275508*2^64 + 8565045582377572794*2^128 + 190067228942*2^192,8449295366988105728 + 3382540269574960760*2^64 + 13283632964982150528*2^128 + 475282155164*2^192,10427603459573850624 + 16945023159798764623*2^64 + 5710865878621115390*2^128 + 423104582285*2^192,16118697149846571008 + 4834982173159428992*2^64 + 8855364304228656726*2^128 + 251300396771*2^192,6671498765271732224 + 14189781745342178401*2^64 + 12004329987471370241*2^128 + 132136343555*2^192,15326439620266047488 + 7227045868982728886*2^64 + 6094446599935842768*2^128 + 420385925830*2^192,14561332649556426752 + 622526487843532730*2^64 + 15507473995577437828*2^128 + 393808989391*2^192,4327971627709001728 + 1737627632577822235*2^64 + 2825003346805176723*2^128 + 245351245588*2^192,1721622127122555904 + 15303157482600829081*2^64 + 15089134212681482124*2^128 + 81464915352*2^192,2984180238740563968 + 2458567638847585049*2^64 + 16335022519473809644*2^128 + 382646224497*2^192,5413139529693421568 + 9254250495151934299*2^64 + 4751507999484903674*2^128 + 109272803272*2^192,5131896243763183616 + 12611175371081003852*2^64 + 1426706443196632485*2^128 + 27942398129*2^192,10077516279049794560 + 17607977785971713078*2^64 + 17070562211517376705*2^128 + 430621485051*2^192,2857531185900322816 + 4072678250794320867*2^64 + 2471641418992798010*2^128 + 408953986188*2^192,10301069421317292032 + 15774142146623935352*2^64 + 7534300185293693956*2^128 + 5999202358*2^192,12342312963347521536 + 18430881567007523187*2^64 + 2985220406804796114*2^128 + 59721651853*2^192,16586494722772787200 + 15341085715491376574*2^64 + 4484294982825565585*2^128 + 2435977028*2^192,9965275458731966464 + 15907294659342887139*2^64 + 10371425642112937067*2^128 + 481477869422*2^192,5916352352552296448 + 2224046382808350465*2^64 + 12491238080697576643*2^128 + 359449686985*2^192,3839531960066400256 + 15829725151803100535*2^64 + 7916095750036445900*2^128 + 487118914571*2^192;\
926416726416966656 + 8344498621052450121*2^64 + 9658306359943239618*2^128 + 449229938606*2^192,6469548070005094400 + 15169443690539827568*2^64 + 6561223323244919724*2^128 + 522483666947*2^192,17733292943181818880 + 11229461166443226338*2^64 + 1981738811763926860*2^128 + 229899315444*2^192,15137529475081205760 + 14641092085463124729*2^64 + 17522678124463027114*2^128 + 29433589419*2^192,16342031428388155392 + 6239753107973339298*2^64 + 1891284529096894385*2^128 + 418068101846*2^192,4307826900303878144 + 10103266696163613431*2^64 + 8899286024163754812*2^128 + 164444894198*2^192,15403818959773728768 + 14932445434292074419*2^64 + 11828252631660035123*2^128 + 229193403305*2^192,5849354847234541568 + 7222687612576661738*2^64 + 3014464746040058970*2^128 + 167890471078*2^192,2573685408643158016 + 6307895632154857632*2^64 + 14513208687804524635*2^128 + 286674889415*2^192,16448219639116445696 + 4896724602146592880*2^64 + 7548904241462408134*2^128 + 77914648409*2^192,5926112546136309760 + 1703217320990947926*2^64 + 1881178775576753013*2^128 + 350662063345*2^192,7627334527220301824 + 5258232751791589911*2^64 + 14760874196947815187*2^128 + 384971895411*2^192,2600921736987823104 + 6541457186804947488*2^64 + 4799661198432565107*2^128 + 191133127457*2^192,8945481868445106176 + 6665334126195974168*2^64 + 1034934360900377028*2^128 + 255193886948*2^192,3824993013008629760 + 17844201451178777208*2^64 + 3382054880111551444*2^128 + 511832480330*2^192,12208713984812187648 + 12777410996296996461*2^64 + 16390591811576866051*2^128 + 204484336764*2^192,11463752924875014144 + 14899232030808464231*2^64 + 10698704833523906935*2^128 + 134218766291*2^192,2441198384446586880 + 13455351610669388346*2^64 + 14916432690297757178*2^128 + 478389684034*2^192,3543574381745602560 + 3951767393961157460*2^64 + 8725818971642218194*2^128 + 258444046951*2^192,3170212704625795072 + 17824111595154835980*2^64 + 7311429564982399691*2^128 + 181102555940*2^192;\
12946605018589857368 + 16565796569721035213*2^64 + 13336456834259607992*2^128 + 106930796287*2^192,5003887986581486880 + 5973999029181436166*2^64 + 6055581615076307398*2^128 + 247501764741*2^192,3346927753199545808 + 3478605629127764930*2^64 + 17335315082537099863*2^128 + 385155261032*2^192,8671020899922632036 + 16831650572052448559*2^64 + 10254052746960353257*2^128 + 449203193210*2^192,17276844803413202752 + 8755314863715895420*2^64 + 15073267553428438189*2^128 + 191560608594*2^192,10735426553488654384 + 2408712853946250295*2^64 + 14688558133330911722*2^128 + 297673423989*2^192,10214458479926492944 + 16602890605679555023*2^64 + 6706160865822244294*2^128 + 393404983875*2^192,14240522789369252520 + 9122960371289156350*2^64 + 11393695755774092479*2^128 + 207497918625*2^192,12787129936634298192 + 8013225961625096902*2^64 + 12811988261209514454*2^128 + 248688402956*2^192,12277832271681216912 + 10656586775562568037*2^64 + 5361949255032172937*2^128 + 224625043006*2^192,4885696060661647216 + 17671861594693276752*2^64 + 12917896453859127601*2^128 + 540252717935*2^192,433441161996817664 + 5685903956307251940*2^64 + 827200274478095503*2^128 + 209973787576*2^192,3111148009877333344 + 14540936976556655065*2^64 + 17872772726202313619*2^128 + 16229314230*2^192,18188248743042143216 + 9306705163131323612*2^64 + 278166830453777295*2^128 + 244767315551*2^192,7410271373126096704 + 2430317183123048259*2^64 + 2859028276052135930*2^128 + 493412545216*2^192,16708167228482850704 + 15747566540596692342*2^64 + 9563488400157764423*2^128 + 158476125743*2^192,16726414619546365472 + 12933412838061443708*2^64 + 6296251058421877422*2^128 + 47510131393*2^192,5139280956861746752 + 2522837941084145971*2^64 + 1624733667743813013*2^128 + 338498406739*2^192,17908687514340493712 + 10905893389496631037*2^64 + 16818526057704207055*2^128 + 461717077027*2^192,14242009996940114464 + 17213041706290710876*2^64 + 10593180064904429457*2^128 + 360699652018*2^192;\
7418589202303553720 + 1808701724914053760*2^64 + 3658197852386520707*2^128 + 539465285361*2^192,14777552521175933888 + 17177728428552755491*2^64 + 10055202494255166828*2^128 + 102348587468*2^192,15659064034805318272 + 12672856689306948653*2^64 + 16275716838214811500*2^128 + 227450498141*2^192,8530837413464061084 + 6896894308496710740*2^64 + 18048470849419438111*2^128 + 351231693916*2^192,17607516467359371392 + 1694149861976500481*2^64 + 2477660651584361959*2^128 + 529602743477*2^192,18175347593867338512 + 17165952105200493284*2^64 + 15570368825741787110*2^128 + 44881940488*2^192,17801784175800480176 + 5098247985925881033*2^64 + 16224661359439805814*2^128 + 403204646225*2^192,9233192599793857848 + 10560916307299179346*2^64 + 12468795122337880671*2^128 + 421172299322*2^192,1796354928306744304 + 15493303642513457171*2^64 + 5081477754059586568*2^128 + 518701690110*2^192,14852603078525496368 + 17136117102792794609*2^64 + 13176154860017523738*2^128 + 182928063774*2^192,16687553099396517840 + 17090828780714317415*2^64 + 6506371601994977410*2^128 + 273904350061*2^192,6223941794179449088 + 12051718217071301870*2^64 + 15266299946788315615*2^128 + 346402900969*2^192,11539095653744924064 + 14516300232707204027*2^64 + 6668688450336994242*2^128 + 243086880092*2^192,14007696075717347664 + 9213112529286952211*2^64 + 17992795565609533270*2^128 + 513854788654*2^192,7057804839609909184 + 673676393779445619*2^64 + 15114255494821323893*2^128 + 292708580881*2^192,15289348659683556912 + 14289410778530575295*2^64 + 5724839464873278205*2^128 + 312355427572*2^192,15590366843787387488 + 11296735664202302704*2^64 + 4675685900049716090*2^128 + 174165781651*2^192,13378398888066069696 + 1135393013659856861*2^64 + 16994909021047222847*2^128 + 401235257243*2^192,4273983143089607728 + 16127802806521738429*2^64 + 12746695033659194289*2^128 + 162390464923*2^192,13735624307638377568 + 1345067658736876292*2^64 + 3159916091792462035*2^128 + 257594333006*2^192;\
3031949488827016192 + 4459131079211433056*2^64 + 2730013437959749158*2^128 + 180726519865*2^192,10061056911585957888 + 3237503370438893329*2^64 + 6947739204875714941*2^128 + 305532983859*2^192,8477445927498369024 + 14997813735602807162*2^64 + 12557918345515516351*2^128 + 478421897452*2^192,15213646366614542848 + 8211795696695074874*2^64 + 17944581781000338055*2^128 + 501079146687*2^192,16267105293910945792 + 7409438470612322663*2^64 + 11456463722117275361*2^128 + 15973684877*2^192,14104251786991739904 + 8871284261127158861*2^64 + 12363230503754423187*2^128 + 474703036927*2^192,2024619627109621760 + 7719177698676562390*2^64 + 9063024504320937916*2^128 + 16276480349*2^192,1409240920621664256 + 11316386151882102468*2^64 + 2683771389738500285*2^128 + 541628295551*2^192,16834409188102821888 + 12380520581290361826*2^64 + 17800985413822616555*2^128 + 267854794683*2^192,1644227785672858624 + 1627507463728266541*2^64 + 6775696628392860715*2^128 + 111898546364*2^192,2684076937770586112 + 15170720259284585987*2^64 + 8670506637951668872*2^128 + 414111579302*2^192,13297546551353245696 + 6368412450487683519*2^64 + 8492258605241194438*2^128 + 526469732062*2^192,1897154646785359872 + 336380587958958790*2^64 + 1256303255418070802*2^128 + 177926935003*2^192,77462433535442944 + 5113444119077606892*2^64 + 15661254137517658705*2^128 + 460019043363*2^192,3121845929985507328 + 10739824087211307305*2^64 + 3141904519473041811*2^128 + 232401847290*2^192,15158082898848079872 + 13585295442535387234*2^64 + 14774039915732736107*2^128 + 443498460247*2^192,4847357128673288192 + 17954565460049813766*2^64 + 501737404410376003*2^128 + 120084475828*2^192,3779020508881977344 + 16666161160048519844*2^64 + 3954103916208819961*2^128 + 436901591640*2^192,17133725340935536640 + 18028143093074428487*2^64 + 2017460294459162897*2^128 + 203937103263*2^192,15220421317951873024 + 3852180217099578110*2^64 + 5820453114961317971*2^128 + 538320495028*2^192;\
9491035732491937028 + 393018902950702579*2^64 + 18168793434401012879*2^128 + 375393680959*2^192,9624372277362965840 + 16410561092384950848*2^64 + 7419341204946282783*2^128 + 68890347863*2^192,15714772811244261608 + 276690055651620309*2^64 + 7409402274349827553*2^128 + 10696111836*2^192,12144406202303390302 + 3872437122381589406*2^64 + 12502255731334412039*2^128 + 428000602775*2^192,5570903322967355424 + 9124428020865543896*2^64 + 4684056730892530402*2^128 + 168089351985*2^192,10333540313318013160 + 16078821913688604105*2^64 + 15688431754840275784*2^128 + 137173577883*2^192,4373097631387951224 + 8883296335643637589*2^64 + 11314980798342553433*2^128 + 477735678865*2^192,1603713088073647020 + 16121631396385372962*2^64 + 14227565100622726539*2^128 + 33546838667*2^192,7867805696235604952 + 2800519201296979987*2^64 + 11998676403075455802*2^128 + 224892219865*2^192,9357784221544435768 + 4433748733948523049*2^64 + 1921089784453101768*2^128 + 439260444309*2^192,3962922783030754376 + 16715424988677867633*2^64 + 12323799668111666414*2^128 + 494042263467*2^192,10217956722417028992 + 16507942483664322860*2^64 + 3731179097937187896*2^128 + 44295484546*2^192,4884030606894606288 + 15633765652513442766*2^64 + 4413518498805854719*2^128 + 502680207413*2^192,9186079670287659016 + 1427950882195206671*2^64 + 16358907941797699443*2^128 + 273786029448*2^192,6202924764430731360 + 16585223911749541259*2^64 + 494595437076720224*2^128 + 243964126196*2^192,8493151118657476920 + 6916399238352829394*2^64 + 4861807123564729653*2^128 + 120382568840*2^192,11438967533508448240 + 1551923771825428688*2^64 + 17548692049976003709*2^128 + 403809356015*2^192,150801497322813664 + 7182318428507431864*2^64 + 13215241492636111045*2^128 + 302034357013*2^192,5821335397083644984 + 14139132280671831312*2^64 + 5783637267523948857*2^128 + 368842654227*2^192,5735349709754177520 + 3361565935446472795*2^64 + 7780371290693856006*2^128 + 364321388701*2^192;\
2701877692499485974 + 17535244806401019867*2^64 + 11404223525243522894*2^128 + 298012518086*2^192,3126755552159717464 + 13885602690878310842*2^64 + 2247108392066618425*2^128 + 2731606180*2^192,6344208631216894380 + 6556369229162382965*2^64 + 14575179878597295868*2^128 + 182570679434*2^192,10965310753160062125 + 17189964772420400027*2^64 + 15556244209356685604*2^128 + 21281753849*2^192,13672325725430312944 + 2178060220136459544*2^64 + 10012718760570015070*2^128 + 176772822112*2^192,18124317238916554780 + 17477604908457597746*2^64 + 17288064283112373332*2^128 + 131660229056*2^192,9722590782427384308 + 14380623957458204694*2^64 + 15921303985647312437*2^128 + 88533622756*2^192,362063804875489954 + 17277145757995826306*2^64 + 17303687816244278031*2^128 + 469007854382*2^192,15252435477335254148 + 9226827290191491407*2^64 + 6522662379490953910*2^128 + 215354674619*2^192,14505088630784976020 + 15456999172377294382*2^64 + 12694445838375808819*2^128 + 2159402828*2^192,10149580905199320364 + 14174615883352260081*2^64 + 14745666098873328482*2^128 + 428225707526*2^192,9718762590765606208 + 18300133885716791120*2^64 + 2660010908989037215*2^128 + 34492334954*2^192,15692957501870065336 + 7489227411515017181*2^64 + 13038326124750207402*2^128 + 150938992464*2^192,3931715938135509964 + 8159772015038406183*2^64 + 670655989011938761*2^128 + 233050278372*2^192,18383224094335470480 + 16555928170824070721*2^64 + 938413535032778863*2^128 + 212910371408*2^192,2122513730436097044 + 1372003043043801370*2^64 + 257348167442752124*2^128 + 219475131293*2^192,10034003629337525608 + 15000305731662609738*2^64 + 5934901687970498448*2^128 + 205673036747*2^192,6174367096152885840 + 18019960614367536947*2^64 + 1300863671643304089*2^128 + 16995716816*2^192,3724807735181006996 + 14609285139922056091*2^64 + 12505838924137174087*2^128 + 114172801085*2^192,7423996404842867560 + 15460966831759556802*2^64 + 15814171382013071006*2^128 + 432751103799*2^192;\
12540353549122433504 + 7408023004037540709*2^64 + 14093141658808475773*2^128 + 522075321047*2^192,18320254425832122528 + 5839653512093015207*2^64 + 9516127587619186387*2^128 + 316236246705*2^192,2461244689298207920 + 4909441169780979480*2^64 + 10089163487348532078*2^128 + 125172120371*2^192,12834773150390186488 + 1846305760654560664*2^64 + 9870795643247646081*2^128 + 94380221419*2^192,4818403135096813376 + 15988451437435369508*2^64 + 6935130577080680346*2^128 + 58280932353*2^192,16339369893460325344 + 1328676681481702589*2^64 + 2629560437032179215*2^128 + 23500512277*2^192,12297873860039122336 + 9935269919278160789*2^64 + 3873060218694499444*2^128 + 536503941185*2^192,8049928194703318032 + 13827662720345415802*2^64 + 13146173243282962911*2^128 + 31122312189*2^192,16143488753423534496 + 12800034499352091896*2^64 + 10413664041704247554*2^128 + 219299042408*2^192,3615145840334419360 + 17184370153064744847*2^64 + 1518881429205001719*2^128 + 466226818835*2^192,11747817665446444384 + 2925098479894806067*2^64 + 14141699296129653535*2^128 + 370851295232*2^192,506386572060744704 + 1770376529977510558*2^64 + 8583053192539689258*2^128 + 304445731878*2^192,10311690168931842112 + 9253456709717072381*2^64 + 16626704951793072732*2^128 + 137965936776*2^192,5242551329573094496 + 11800760725422831211*2^64 + 12850824642260918259*2^128 + 233839216494*2^192,14707801896333754496 + 10701381573968417152*2^64 + 16147264410366554463*2^128 + 183852403922*2^192,13123541004786550176 + 10707448596277956176*2^64 + 17317583646837039279*2^128 + 490293361475*2^192,9163786389787769408 + 9430342973693147137*2^64 + 17619412251888053182*2^128 + 373154412184*2^192,3124736847916012160 + 13277687573638313724*2^64 + 1208263781487900960*2^128 + 420131306741*2^192,18349080411481772448 + 11412048515079648497*2^64 + 13164513986682639195*2^128 + 109723088833*2^192,11147203040166977600 + 6853319492891602585*2^64 + 17968410225622654402*2^128 + 220715573565*2^192;\
2361300132338698348 + 802602179860822538*2^64 + 15738540689701274548*2^128 + 343027511608*2^192,16823932902055607152 + 13860004037846965786*2^64 + 10560669885231652606*2^128 + 24871723346*2^192,5324600865982838520 + 16771073633379060777*2^64 + 3295827821367791628*2^128 + 457474731166*2^192,7290439607876283626 + 2417719512727075549*2^64 + 2504377079370713614*2^128 + 70696852531*2^192,10620684224762602336 + 14720146134552565208*2^64 + 2162280611164395356*2^128 + 472959790144*2^192,10666905177989420664 + 3110128598018846207*2^64 + 6594623052760840291*2^128 + 272371365924*2^192,6610041174512528040 + 13379702244615864062*2^64 + 10487656127138045451*2^128 + 528218919305*2^192,4244458902430602788 + 3938428497418737562*2^64 + 14921455029772536432*2^128 + 525509599749*2^192,12807453477337314760 + 5239730680926589882*2^64 + 3029139288142456749*2^128 + 56660660204*2^192,11534983263769349096 + 7051277483536142480*2^64 + 8640863457865675807*2^128 + 235667547216*2^192,840030822441496984 + 16508612604565596849*2^64 + 10172250957430099357*2^128 + 527606093155*2^192,15723585637054808704 + 6368608713338669651*2^64 + 12058922151440511128*2^128 + 136932018987*2^192,18063071166802964208 + 6946659895418821306*2^64 + 993702552892148269*2^128 + 41357618859*2^192,3812588434282590936 + 14665650686578644430*2^64 + 17624020668086025340*2^128 + 222653187942*2^192,15640488027576085024 + 11592431274618628562*2^64 + 5775043104984619444*2^128 + 374173975133*2^192,11030866602505158376 + 9821649147113403054*2^64 + 14570050475330214468*2^128 + 430339902747*2^192,17068481886786419280 + 10729573161723269429*2^64 + 4393805954732409317*2^128 + 295617246434*2^192,18402929345104603040 + 4761437160828500962*2^64 + 14986137750936283414*2^128 + 73435659753*2^192,5703958608216633320 + 3783505909194746566*2^64 + 13497791303301897109*2^128 + 314125907133*2^192,11194668538586620496 + 7757626946082484011*2^64 + 1561290975851559134*2^128 + 198011746554*2^192;\
13491903843003000400 + 7408681968627261873*2^64 + 17753073880821923435*2^128 + 193546696786*2^192,88740711054724832 + 9549286540666589979*2^64 + 5672743121992676261*2^128 + 340744508326*2^192,4821941705643832400 + 17556987391782664334*2^64 + 1059255855560102066*2^128 + 151202510376*2^192,4315636527797070112 + 3580565739759985813*2^64 + 16643439026382074139*2^128 + 395549440681*2^192,11741087174100835776 + 16472375524166052437*2^64 + 12609060046407240077*2^128 + 20381075194*2^192,7410349874356471488 + 17316890568411144315*2^64 + 15140517562543343018*2^128 + 121061551244*2^192,5763607843941158720 + 16833817882276750333*2^64 + 11473330636942439445*2^128 + 6743085419*2^192,1756110392528049696 + 8799827198254424087*2^64 + 15236438997519673527*2^128 + 462720016562*2^192,5080752549208833472 + 2039514663531799276*2^64 + 8120929360436430577*2^128 + 126336020099*2^192,4304380532918671424 + 5364518653672295042*2^64 + 5710284458332653639*2^128 + 386426061030*2^192,14590230957600064704 + 8961001212668582806*2^64 + 5298783064154250611*2^128 + 418098373357*2^192,702684948380225024 + 13992774673445573851*2^64 + 1579627060066619017*2^128 + 270812609770*2^192,9106898846626814976 + 8467580792594826096*2^64 + 16278999473811545600*2^128 + 333354598819*2^192,7093764137126971584 + 13800083231850574876*2^64 + 1773302666554010044*2^128 + 240471991199*2^192,8580759715231724800 + 11134740868051460693*2^64 + 2943980280382864412*2^128 + 524112773936*2^192,3940637533455289408 + 140485357421659646*2^64 + 6177987535120476879*2^128 + 85588908510*2^192,7976758790947474816 + 17209832561020293709*2^64 + 12775047216470911896*2^128 + 401101958803*2^192,16611324505831068928 + 7401505993833617826*2^64 + 16027814762174757626*2^128 + 195277478656*2^192,6698380600713335872 + 16771029096910724281*2^64 + 18186963605151522369*2^128 + 177141895571*2^192,11717458265648632704 + 13797233402861668712*2^64 + 13149013648112917204*2^128 + 445290660937*2^192;\
10217995021081778412 + 13249497337164342258*2^64 + 5643669401164150433*2^128 + 205863732570*2^192,4434598097655415696 + 3837954803429675856*2^64 + 1095261996693183108*2^128 + 302603999233*2^192,9599202412038275688 + 336049071276766940*2^64 + 1851248096778017253*2^128 + 156766328104*2^192,13849351191041179730 + 1866431329499151368*2^64 + 3579027196625314894*2^128 + 80267582619*2^192,7909035662959496608 + 16684069754259215928*2^64 + 15142292990236776593*2^128 + 132419938654*2^192,17801089962555815320 + 17619048544302137062*2^64 + 7160819754087922191*2^128 + 250161308509*2^192,9837319266707632136 + 10023598955184752104*2^64 + 3522158593123185650*2^128 + 453444979599*2^192,161769824297120148 + 13260258289884560308*2^64 + 5601469584433878891*2^128 + 295267575328*2^192,9180762220097066536 + 7917136624386912931*2^64 + 14076636771638523712*2^128 + 483225031909*2^192,13247864916600926024 + 5624972009542197220*2^64 + 7544424795166111770*2^128 + 405927436764*2^192,1347286543417015608 + 15546109346830154811*2^64 + 3589017971256979381*2^128 + 16605045733*2^192,357014424672643712 + 386905773872637572*2^64 + 7081422866801417561*2^128 + 197664125134*2^192,1695937461670918576 + 7804843549363270958*2^64 + 7676562596131906948*2^128 + 494711151539*2^192,14188083325223408504 + 8736200908808713741*2^64 + 696200792970616267*2^128 + 4887604661*2^192,10496127966873513376 + 3360968436081613651*2^64 + 18173013480870367559*2^128 + 503990905908*2^192,5168586764672105032 + 635542887810139569*2^64 + 14378456940370674166*2^128 + 462591979531*2^192,17517259843653917712 + 15946491369980220651*2^64 + 11628919916786618422*2^128 + 221936917375*2^192,17722062868420546848 + 10628376517454583029*2^64 + 1567895174560645052*2^128 + 256422134683*2^192,15001350429867503432 + 4672446084947489727*2^64 + 8242379033848878485*2^128 + 331079562962*2^192,685409034987110928 + 7420075804312014829*2^64 + 16288752929303867918*2^128 + 450052820064*2^192;\
15948535004683300880 + 17154615305423943233*2^64 + 16038499467553158340*2^128 + 289097783483*2^192,4596115717586214464 + 2596494296415600753*2^64 + 3703637935300440537*2^128 + 106616985491*2^192,5044827873854576672 + 6412147742872195523*2^64 + 10671211605883434672*2^128 + 463154653589*2^192,5123117760070539704 + 13318244698008346812*2^64 + 6959069395675486070*2^128 + 242851773830*2^192,6707849839467426432 + 11875847054132328449*2^64 + 17000544028804808533*2^128 + 220022527878*2^192,835045802289228960 + 17448858325685780620*2^64 + 17403918622139664403*2^128 + 276411636773*2^192,866334018961339616 + 18197283294497495976*2^64 + 1768749657474820988*2^128 + 158485380646*2^192,13938909202934576688 + 10225150140896581736*2^64 + 17024841868395405731*2^128 + 94068587508*2^192,17523700749592998496 + 9524009601645991067*2^64 + 16045093121986793304*2^128 + 288807047505*2^192,12897914066421171168 + 8048724280395405924*2^64 + 3542136785564425299*2^128 + 535198750949*2^192,18055920484385611296 + 9692953319682249141*2^64 + 501887749313713864*2^128 + 99860330639*2^192,8657353060116848128 + 9695130003602250670*2^64 + 859968256223003083*2^128 + 180661915467*2^192,10249035640245534016 + 11302401611547901924*2^64 + 11910357887237446506*2^128 + 185482859620*2^192,14012113804793136416 + 232275038002519872*2^64 + 18413525839514764029*2^128 + 277610579777*2^192,1044041301989842304 + 17845587627613315332*2^64 + 4131298207471078051*2^128 + 477639945613*2^192,23260949865357280 + 8748019006152367245*2^64 + 11825174105055522382*2^128 + 35347449443*2^192,6873046066222583232 + 8098881342896480217*2^64 + 12959987447640426511*2^128 + 390790991211*2^192,5093557696315383680 + 4687571226185114719*2^64 + 7102877206611819165*2^128 + 119311067494*2^192,9400573949370948576 + 8727483158336920767*2^64 + 1523601784482086638*2^128 + 170336110499*2^192,3897704116626935232 + 16400124193723395407*2^64 + 11208101335715302416*2^128 + 282756766417*2^192]
/* 
This matrix times 2^(-9) should be the matrix of frobenius.
*/ 
B = 2^(-9) * A; 
/* Freed 6273 lists. */
The sign is: -1
The characteristic polynomial is: x^20 + 6*x^16 - 7*x^15 - 4*x^14 - 64*x^13 + 32*x^11 - 128*x^9 + 4096*x^7 + 1024*x^6 + 7168*x^5 - 24576*x^4 - 1048576
Its Newton polygon is: [2, 2, 2, 2, 2, 1, 1, 1, 1, 1, 1, 1, 1, 1, 1, 0, 0, 0, 0, 0]
Its factorization is: [x - 2, 1; x + 2, 1; x^18 + 4*x^16 + 22*x^14 - 7*x^13 + 84*x^12 - 92*x^11 + 336*x^10 - 336*x^9 + 1344*x^8 - 1472*x^7 + 5376*x^6 - 1792*x^5 + 22528*x^4 + 65536*x^2 + 262144, 1]
The valuation of f-g is: 19
The valuation of subst(g,x,A) is: 8
