/* Comments begin... 
No set up needed.

Please input coefficients below.
Coefficient of   x^23                     = Coefficient of   x^12 * w^2               = Coefficient of   x^6 * y^6 * w^1         = Coefficient of   x^5 * y^5 * z^1 * w^1   = Coefficient of   x^4 * y^4 * z^2 * w^1   = Coefficient of   x^3 * y^3 * z^3 * w^1   = Coefficient of   x^2 * y^2 * z^4 * w^1   = Coefficient of   x^1 * y^1 * z^5 * w^1   = Coefficient of   x^1 * w^4               = Coefficient of   y^12                     = Coefficient of   z^6 * w^1               = 
Here is the polynomial we're using this time:

1 + 0*2^64 + 0*2^128 + 0*2^192*x^23 + 1 + 0*2^64 + 0*2^128 + 0*2^192*x^12*w^2 + 1 + 0*2^64 + 0*2^128 + 0*2^192*x^5*y^5*z^1*w^1 + 1 + 0*2^64 + 0*2^128 + 0*2^192*x^3*y^3*z^3*w^1 + 1 + 0*2^64 + 0*2^128 + 0*2^192*x^1*w^4 + 1 + 0*2^64 + 0*2^128 + 0*2^192*y^12 + 1 + 0*2^64 + 0*2^128 + 0*2^192*z^6*w^1


Allocate G_len 20 elements and old = 0.
Allocate M_len = 400 elements.
Allocate G_len 40 elements and old = 20.
Allocate M_len = 800 elements.
Allocate G_len 80 elements and old = 40.
Allocate M_len = 1600 elements.
Allocate M_len = 3200 elements.
Allocate G_len 160 elements and old = 80.
Allocate M_len = 6400 elements.
Allocate M_len = 12800 elements.
Allocate G_len 320 elements and old = 160.
Allocate M_len = 25600 elements.
Allocate M_len = 51200 elements.
Allocate G_len 640 elements and old = 320.
Allocate M_len = 102400 elements.
Allocate M_len = 204800 elements.
Allocate G_len 1280 elements and old = 640.
Allocate M_len = 409600 elements.
Allocate M_len = 819200 elements.
The final length of G is 817
[5, 5, 0, 1, 0]  	241	3 
[5, 4, 1, 1, 0]  	253	3 
[22, 0, 0, 0, 0]  	264	5  <--- 1
[12, 0, 0, 2, 0]  	276	3 
[15, 5, 1, 0, 0]  	330	7 
[10, 10, 1, 0, 0]  	385	6 
[10, 3, 2, 2, 0]  	391	4 
[5, 13, 1, 0, 0]  	394	7 
[10, 2, 3, 2, 0]  	403	5 
[8, 12, 1, 0, 0]  	407	13 
[8, 0, 7, 1, 0]  	407	12 
[11, 12, 0, 0, 0]  	408	3 
[11, 0, 6, 1, 0]  	408	7 
[9, 10, 2, 0, 0]  	408	7 
[8, 9, 3, 0, 0]  	408	9 
[20, 3, 3, 0, 0]  	414	8 
[8, 2, 4, 2, 0]  	414	5 
[5, 2, 7, 1, 0]  	417	6 
[7, 1, 7, 1, 0]  	418	11 
[6, 12, 2, 0, 0]  	418	11 
[7, 0, 6, 2, 0]  	426	5 
[5, 1, 8, 1, 0]  	429	8 
[7, 0, 8, 1, 0]  	430	12 
[7, 9, 4, 0, 0]  	431	10 
[19, 0, 6, 0, 0]  	438	10 
[5, 12, 3, 0, 0]  	441	8 
[7, 11, 3, 0, 0]  	442	13 
[7, 8, 5, 0, 0]  	443	8 
[20, 3, 2, 1, 0]  	445	9 
[13, 8, 3, 0, 0]  	445	10 
[5, 2, 6, 2, 0]  	448	3 
[6, 0, 7, 2, 0]  	449	8 
[5, 17, 0, 0, 0]  	451	3 
[4, 16, 1, 0, 0]  	451	5 
[4, 4, 7, 1, 0]  	451	7 
[6, 9, 5, 0, 0]  	454	13 
[6, 6, 7, 0, 0]  	455	12 
[20, 2, 3, 1, 0]  	457	7 
[18, 3, 5, 0, 0]  	460	13 
[5, 1, 7, 2, 0]  	460	5 
[3, 2, 9, 1, 0]  	463	6 
[6, 11, 4, 0, 0]  	465	12 
[6, 8, 6, 0, 0]  	466	13 
[5, 7, 7, 0, 0]  	466	13 
[18, 2, 4, 1, 0]  	468	11 
[11, 7, 5, 0, 0]  	468	11 
[12, 5, 6, 0, 0]  	469	9 
[5, 0, 8, 2, 0]  	472	7 
[3, 4, 8, 1, 0]  	474	7 
[5, 0, 10, 1, 0]  	476	10 
[5, 9, 6, 0, 0]  	477	12 
[5, 6, 8, 0, 0]  	478	13 
[4, 5, 9, 0, 0]  	478	13 
[10, 5, 7, 0, 0]  	480	9 
[4, 1, 8, 2, 0]  	483	6 
[3, 0, 9, 2, 0]  	483	5 
[4, 19, 0, 0, 0]  	485	8 
[4, 7, 6, 1, 0]  	485	8 
[2, 2, 10, 1, 0]  	486	8 
[5, 11, 5, 0, 0]  	488	11 
[10, 7, 6, 0, 0]  	491	15 
[8, 5, 8, 0, 0]  	491	15 
[2, 16, 3, 0, 0]  	497	7 
[2, 4, 9, 1, 0]  	497	7 
[3, 0, 0, 7, 0]  	498	7 
[3, 5, 10, 0, 0]  	501	12 
[8, 4, 9, 0, 0]  	503	15 
[17, 4, 6, 0, 0]  	506	14 
[18, 2, 7, 0, 0]  	507	14 
[4, 11, 6, 0, 0]  	511	10 
[3, 7, 9, 0, 0]  	512	11 
[17, 0, 9, 0, 0]  	519	12 
[4, 10, 7, 0, 0]  	523	10 
[7, 4, 10, 0, 0]  	526	13 
[6, 3, 11, 0, 0]  	526	13 
[4, 5, 1, 5, 0]  	528	7 
[3, 17, 1, 1, 0]  	528	6 
[3, 5, 7, 2, 0]  	528	6 
[16, 4, 7, 0, 0]  	529	14 
[17, 2, 8, 0, 0]  	530	16 
[2, 2, 0, 7, 0]  	532	9 
[4, 0, 12, 1, 0]  	534	9 
[4, 9, 8, 0, 0]  	535	10 
[3, 3, 1, 6, 0]  	536	11 
[5, 4, 11, 0, 0]  	537	14 
[5, 2, 1, 6, 0]  	537	13 
[4, 3, 12, 0, 0]  	537	12 
[16, 3, 8, 0, 0]  	541	16 
[6, 0, 6, 4, 0]  	546	11 
[3, 10, 8, 0, 0]  	546	9 
[4, 7, 4, 3, 0]  	547	11 
[3, 5, 0, 6, 0]  	547	11 
[3, 4, 12, 0, 0]  	548	11 
[3, 2, 2, 6, 0]  	548	11 
[2, 0, 0, 8, 0]  	552	7 
[16, 2, 9, 0, 0]  	553	16 
[2, 14, 6, 0, 0]  	556	10 
[2, 8, 10, 0, 0]  	558	10 
[2, 16, 1, 2, 0]  	559	9 
[2, 5, 12, 0, 0]  	559	9 
[2, 4, 7, 3, 0]  	559	9 
[4, 15, 1, 2, 0]  	560	12 
[4, 3, 7, 3, 0]  	560	12 
[3, 3, 13, 0, 0]  	560	11 
[1, 3, 10, 2, 0]  	563	8 
[15, 3, 9, 0, 0]  	564	14 
[16, 1, 10, 0, 0]  	565	16 
[5, 0, 7, 4, 0]  	569	10 
[4, 17, 0, 2, 0]  	571	11 
[4, 5, 6, 3, 0]  	571	11 
[4, 14, 2, 2, 0]  	572	13 
[16, 0, 11, 0, 0]  	577	10 
[2, 1, 2, 7, 0]  	579	8 
[4, 13, 1, 3, 0]  	580	10 
[4, 1, 7, 4, 0]  	580	10 
[3, 13, 7, 0, 0]  	580	10 
[3, 1, 13, 1, 0]  	580	10 
[4, 10, 3, 3, 0]  	581	9 
[2, 7, 0, 6, 0]  	581	8 
[4, 13, 3, 2, 0]  	584	12 
[14, 3, 10, 0, 0]  	587	13 
[14, 0, 12, 0, 0]  	588	14 
[4, 12, 2, 3, 0]  	592	10 
[3, 0, 14, 1, 0]  	592	6 
[2, 11, 9, 0, 0]  	592	6 
[2, 19, 0, 2, 0]  	593	7 
[2, 7, 6, 3, 0]  	593	7 
[2, 6, 1, 6, 0]  	593	7 
[1, 7, 12, 0, 0]  	593	7 
[2, 3, 3, 6, 0]  	594	8 
[3, 1, 4, 6, 0]  	595	11 
[2, 1, 10, 3, 0]  	595	10 
[1, 1, 1, 8, 0]  	598	6 
[2, 13, 8, 0, 0]  	603	8 
[1, 20, 0, 2, 0]  	604	7 
[1, 9, 11, 0, 0]  	604	7 
[2, 5, 2, 6, 0]  	605	7 
[1, 6, 13, 0, 0]  	605	6 
[2, 2, 4, 6, 0]  	606	9 
[1, 1, 5, 6, 0]  	606	7 
[4, 10, 0, 5, 0]  	608	11 
[2, 2, 6, 5, 0]  	610	10 
[1, 17, 6, 0, 0]  	613	9 
[1, 5, 12, 1, 0]  	613	7 
[2, 0, 15, 1, 0]  	615	5 
[1, 11, 10, 0, 0]  	615	5 
[1, 9, 0, 6, 0]  	615	5 
[1, 7, 7, 3, 0]  	616	5 
[1, 6, 2, 6, 0]  	616	5 
[1, 5, 14, 0, 0]  	617	7 
[1, 4, 9, 3, 0]  	617	7 
[3, 11, 0, 5, 0]  	619	10 
[2, 11, 6, 2, 0]  	619	8 
[1, 16, 5, 1, 0]  	621	8 
[13, 2, 12, 0, 0]  	622	12 
[1, 16, 7, 0, 0]  	625	5 
[1, 4, 13, 1, 0]  	625	5 
[1, 13, 9, 0, 0]  	626	7 
[1, 9, 6, 3, 0]  	627	5 
[1, 8, 1, 6, 0]  	627	4 
[1, 18, 2, 2, 0]  	628	5 
[1, 6, 8, 3, 0]  	628	6 
[2, 12, 0, 5, 0]  	630	8 
[2, 0, 6, 6, 0]  	630	8 
[1, 24, 0, 1, 0]  	630	8 
[1, 12, 6, 2, 0]  	630	8 
[4, 12, 5, 2, 0]  	631	9 
[3, 23, 0, 1, 0]  	631	8 
[3, 10, 1, 5, 0]  	631	7 
[2, 22, 1, 1, 0]  	631	6 
[2, 10, 7, 2, 0]  	631	6 
[1, 15, 6, 1, 0]  	633	8 
[13, 1, 13, 0, 0]  	634	13 
[1, 15, 8, 0, 0]  	637	7 
[1, 3, 14, 1, 0]  	637	6 
[0, 14, 9, 0, 0]  	637	5 
[2, 0, 10, 4, 0]  	638	5 
[1, 0, 16, 1, 0]  	638	5 
[0, 19, 2, 2, 0]  	639	3 
[0, 8, 13, 0, 0]  	639	3 
[1, 4, 4, 6, 0]  	640	3 
[0, 16, 4, 2, 0]  	640	4 
[0, 4, 10, 3, 0]  	640	3 
[1, 13, 0, 5, 0]  	641	6 
[1, 2, 11, 3, 0]  	641	6 
[1, 0, 1, 9, 0]  	641	7 
[2, 0, 12, 3, 0]  	642	6 
[1, 23, 1, 1, 0]  	642	6 
[1, 11, 7, 2, 0]  	642	6 
[3, 9, 2, 5, 0]  	643	7 
[2, 21, 2, 1, 0]  	643	6 
[2, 9, 8, 2, 0]  	643	5 
[1, 0, 3, 8, 0]  	645	6 
[13, 0, 14, 0, 0]  	646	11 
[3, 25, 1, 0, 0]  	646	9 
[2, 0, 14, 2, 0]  	646	6 
[1, 20, 5, 0, 0]  	647	8 
[1, 8, 11, 1, 0]  	647	7 
[1, 3, 3, 7, 0]  	648	5 
[1, 2, 15, 1, 0]  	649	6 
[0, 18, 3, 2, 0]  	651	2 
[0, 7, 14, 0, 0]  	651	2 
[0, 6, 9, 3, 0]  	651	2 
[1, 2, 0, 9, 0]  	652	3 
[0, 14, 0, 5, 0]  	652	3 
[0, 3, 11, 3, 0]  	652	3 
[1, 2, 17, 0, 0]  	653	6 
[1, 1, 12, 3, 0]  	653	6 
[1, 0, 7, 6, 0]  	653	6 
[1, 10, 8, 2, 0]  	654	5 
[7, 2, 15, 0, 0]  	655	8 
[2, 7, 4, 5, 0]  	655	5 
[1, 19, 4, 1, 0]  	655	5 
[1, 5, 0, 8, 0]  	655	5 
[10, 2, 14, 0, 0]  	656	11 
[9, 1, 15, 0, 0]  	656	9 
[12, 1, 14, 0, 0]  	657	11 
[3, 24, 2, 0, 0]  	658	7 
[1, 5, 2, 7, 0]  	659	5 
[1, 2, 4, 7, 0]  	660	4 
[0, 3, 15, 1, 0]  	660	4 
[2, 0, 5, 7, 0]  	661	7 
[0, 6, 15, 0, 0]  	663	1 
[0, 4, 5, 6, 0]  	663	1 
[0, 3, 0, 9, 0]  	663	1 
[0, 26, 0, 1, 0]  	664	3 
[0, 2, 12, 3, 0]  	664	3 
[1, 11, 2, 5, 0]  	665	6 
[1, 0, 13, 3, 0]  	665	5 
[1, 9, 9, 2, 0]  	666	5 
[0, 20, 4, 1, 0]  	666	4 
[7, 1, 16, 0, 0]  	667	8 
[0, 17, 6, 1, 0]  	667	5 
[12, 0, 15, 0, 0]  	669	9 
[3, 1, 8, 5, 0]  	669	8 
[1, 7, 1, 7, 0]  	670	6 
[0, 17, 8, 0, 0]  	671	5 
[1, 2, 10, 4, 0]  	672	5 
[0, 12, 0, 6, 0]  	672	4 
[0, 5, 16, 0, 0]  	675	1 
[0, 3, 6, 6, 0]  	675	1 
[0, 2, 1, 9, 0]  	675	1 
[0, 13, 7, 2, 0]  	676	4 
[0, 12, 2, 5, 0]  	676	4 
[5, 1, 17, 0, 0]  	678	6 
[0, 28, 1, 0, 0]  	679	5 
[1, 23, 4, 0, 0]  	681	5 
[0, 19, 7, 0, 0]  	682	5 
[0, 3, 10, 4, 0]  	683	3 
[1, 0, 6, 7, 0]  	684	6 
[0, 15, 6, 2, 0]  	687	1 
[0, 4, 17, 0, 0]  	687	1 
[0, 2, 7, 6, 0]  	687	1 
[0, 1, 2, 9, 0]  	687	1 
[0, 24, 2, 1, 0]  	688	4 
[0, 11, 3, 5, 0]  	688	3 
[2, 10, 3, 5, 0]  	689	3 
[1, 22, 3, 1, 0]  	689	3 
[1, 9, 4, 5, 0]  	689	3 
[0, 9, 10, 2, 0]  	689	3 
[1, 6, 6, 5, 0]  	690	6 
[1, 3, 8, 5, 0]  	691	6 
[11, 0, 16, 0, 0]  	692	12 
[1, 1, 15, 2, 0]  	692	7 
[0, 21, 6, 0, 0]  	693	5 
[0, 6, 14, 1, 0]  	694	3 
[1, 0, 12, 4, 0]  	696	5 
[0, 12, 12, 0, 0]  	696	4 
[0, 3, 18, 0, 0]  	699	1 
[0, 1, 8, 6, 0]  	699	1 
[0, 0, 3, 9, 0]  	699	1 
[1, 1, 19, 0, 0]  	700	3 
[0, 23, 3, 1, 0]  	700	3 
[0, 11, 9, 2, 0]  	700	3 
[4, 1, 18, 0, 0]  	701	4 
[1, 8, 5, 5, 0]  	701	3 
[0, 8, 11, 2, 0]  	701	3 
[11, 0, 5, 6, 0]  	703	9 
[3, 29, 0, 0, 0]  	703	6 
[0, 2, 17, 1, 0]  	707	3 
[0, 2, 19, 0, 0]  	711	1 
[0, 1, 14, 3, 0]  	711	1 
[0, 0, 9, 6, 0]  	711	1 
[4, 0, 19, 0, 0]  	713	5 
[0, 31, 0, 0, 0]  	713	3  <--- 2
[0, 7, 12, 2, 0]  	713	3 
[0, 16, 8, 1, 0]  	714	4 
[10, 0, 17, 0, 0]  	715	10 
[0, 2, 6, 7, 0]  	718	2 
[0, 11, 2, 6, 0]  	719	3 
[0, 1, 20, 0, 0]  	723	1 
[0, 0, 15, 3, 0]  	723	1 
[0, 20, 0, 4, 0]  	724	2 
[0, 8, 6, 5, 0]  	724	2 
[0, 6, 13, 2, 0]  	725	3 
[1, 0, 11, 5, 0]  	727	7 
[0, 1, 7, 7, 0]  	730	2 
[0, 10, 5, 5, 0]  	735	1 
[0, 9, 0, 8, 0]  	735	1 
[0, 0, 21, 0, 0]  	735	1  <--- 3
[3, 0, 20, 0, 0]  	736	4 
[0, 5, 14, 2, 0]  	737	3 
[9, 0, 18, 0, 0]  	738	7 
[1, 0, 0, 11, 0]  	738	6 
[0, 1, 13, 4, 0]  	742	2 
[0, 8, 1, 8, 0]  	747	1 
[0, 18, 2, 4, 0]  	748	2 
[0, 6, 8, 5, 0]  	748	2 
[0, 1, 19, 1, 0]  	754	2 
[0, 7, 2, 8, 0]  	759	1 
[0, 6, 3, 8, 0]  	771	1 
[0, 26, 5, 0, 0]  	773	4 
[0, 5, 4, 8, 0]  	783	1 
[0, 0, 0, 12, 0]  	792	1  <--- 4
[12, 0, 0, 1, 1]  	210	5 
[3, 3, 3, 1, 1]  	276	3 
[3, 2, 5, 1, 1]  	323	4 
[10, 3, 2, 1, 1]  	325	6 
[10, 2, 3, 1, 1]  	337	6 
[2, 14, 0, 0, 1]  	346	4 
[8, 2, 4, 1, 1]  	348	6 
[7, 12, 0, 0, 1]  	360	6 
[11, 0, 0, 4, 1]  	396	9 
[6, 1, 7, 1, 1]  	406	9 
[9, 0, 5, 2, 1]  	415	5 
[4, 13, 2, 0, 1]  	417	7 
[8, 8, 4, 0, 1]  	420	7 
[3, 4, 1, 4, 1]  	427	7 
[6, 1, 6, 2, 1]  	437	7 
[6, 7, 6, 0, 1]  	443	10 
[4, 13, 1, 1, 1]  	448	5 
[2, 2, 9, 1, 1]  	451	6 
[4, 1, 9, 1, 1]  	452	8 
[6, 0, 9, 1, 1]  	453	11 
[4, 12, 2, 1, 1]  	460	6 
[3, 7, 0, 4, 1]  	461	8 
[2, 13, 4, 0, 1]  	463	6 
[4, 12, 4, 0, 1]  	464	9 
[3, 1, 8, 2, 1]  	471	4 
[3, 1, 10, 1, 1]  	475	7 
[2, 5, 8, 1, 1]  	485	7 
[2, 0, 0, 7, 1]  	486	7 
[4, 7, 8, 0, 1]  	489	12 
[1, 15, 4, 0, 1]  	497	8 
[4, 9, 7, 0, 1]  	500	11 
[2, 12, 4, 1, 1]  	506	5 
[1, 14, 5, 0, 1]  	509	7 
[9, 3, 2, 4, 1]  	511	12 
[17, 3, 7, 0, 1]  	518	18 
[2, 4, 4, 4, 1]  	520	9 
[9, 2, 3, 4, 1]  	523	12 
[3, 4, 0, 6, 1]  	524	11 
[4, 2, 1, 6, 1]  	525	12 
[7, 2, 0, 6, 1]  	526	13 
[2, 6, 3, 4, 1]  	531	7 
[1, 18, 3, 0, 1]  	531	6 
[7, 2, 4, 4, 1]  	534	12 
[2, 7, 10, 0, 1]  	535	10 
[6, 3, 0, 6, 1]  	537	14 
[2, 11, 0, 4, 1]  	541	7 
[2, 2, 6, 4, 1]  	544	10 
[2, 5, 6, 3, 1]  	547	10 
[15, 4, 8, 0, 1]  	552	14 
[1, 13, 5, 1, 1]  	552	7 
[2, 1, 7, 4, 1]  	556	8 
[5, 1, 6, 4, 1]  	557	12 
[3, 12, 7, 0, 1]  	557	8 
[1, 24, 0, 0, 1]  	564	6 
[2, 10, 9, 0, 1]  	569	8 
[2, 5, 1, 6, 1]  	570	9 
[2, 4, 13, 0, 1]  	571	10 
[2, 3, 8, 3, 1]  	571	10 
[15, 2, 10, 0, 1]  	576	16 
[2, 8, 5, 3, 1]  	581	9 
[2, 4, 2, 6, 1]  	582	9 
[2, 3, 14, 0, 1]  	583	10 
[2, 1, 4, 6, 1]  	583	9 
[1, 13, 8, 0, 1]  	591	6 
[4, 0, 8, 4, 1]  	592	9 
[1, 18, 1, 2, 1]  	593	7 
[1, 15, 3, 2, 1]  	594	8 
[1, 3, 9, 3, 1]  	594	7 
[2, 2, 15, 0, 1]  	595	9 
[7, 1, 14, 0, 1]  	597	12 
[1, 6, 9, 2, 1]  	597	6 
[2, 3, 5, 5, 1]  	598	8 
[1, 14, 0, 4, 1]  	598	8 
[3, 13, 2, 3, 1]  	603	8 
[2, 1, 14, 1, 1]  	603	6 
[2, 0, 9, 4, 1]  	603	6 
[1, 17, 2, 2, 1]  	605	7 
[1, 5, 8, 3, 1]  	605	6 
[1, 14, 4, 2, 1]  	606	7 
[1, 3, 15, 0, 1]  	606	7 
[1, 2, 10, 3, 1]  	606	7 
[1, 4, 5, 5, 1]  	609	6 
[1, 3, 0, 8, 1]  	609	6 
[1, 4, 7, 4, 1]  	613	6 
[1, 3, 2, 7, 1]  	613	6 
[2, 11, 4, 3, 1]  	615	5 
[1, 3, 4, 6, 1]  	617	6 
[1, 12, 0, 5, 1]  	618	7 
[1, 2, 16, 0, 1]  	618	8 
[2, 10, 1, 5, 1]  	619	8 
[10, 2, 13, 0, 1]  	621	10 
[1, 3, 6, 5, 1]  	621	6 
[1, 3, 8, 4, 1]  	625	5 
[1, 2, 3, 7, 1]  	625	5 
[1, 1, 15, 1, 1]  	626	6 
[1, 1, 0, 9, 1]  	629	5 
[0, 14, 5, 2, 1]  	629	6 
[2, 9, 2, 5, 1]  	631	7 
[1, 21, 2, 1, 1]  	631	6 
[1, 2, 7, 5, 1]  	633	6 
[1, 2, 9, 4, 1]  	637	5 
[1, 1, 4, 7, 1]  	637	5 
[2, 1, 17, 0, 1]  	642	6 
[1, 7, 4, 5, 1]  	643	5 
[10, 1, 3, 6, 1]  	644	12 
[1, 13, 2, 4, 1]  	645	7 
[1, 7, 6, 4, 1]  	647	6 
[1, 6, 1, 7, 1]  	647	6 
[1, 16, 2, 3, 1]  	648	7 
[0, 16, 8, 0, 1]  	648	5 
[1, 1, 10, 4, 1]  	649	6 
[1, 0, 5, 7, 1]  	649	6 
[0, 4, 16, 0, 1]  	652	3 
[6, 1, 16, 0, 1]  	655	6 
[0, 18, 5, 1, 1]  	655	5 
[1, 10, 10, 1, 1]  	658	7 
[1, 9, 5, 4, 1]  	658	6 
[1, 8, 0, 7, 1]  	658	6 
[0, 18, 7, 0, 1]  	659	5 
[0, 14, 4, 3, 1]  	660	4 
[1, 12, 5, 3, 1]  	661	7 
[1, 0, 11, 4, 1]  	661	5 
[0, 13, 1, 5, 1]  	664	4 
[0, 3, 17, 0, 1]  	664	3 
[1, 12, 9, 1, 1]  	669	6 
[1, 0, 0, 10, 1]  	672	5 
[0, 18, 0, 4, 1]  	678	4 
[0, 22, 5, 0, 1]  	681	5 
[2, 0, 19, 0, 1]  	689	3 
[0, 30, 0, 0, 1]  	690	5 
[8, 0, 17, 0, 1]  	691	7 
[0, 27, 2, 0, 1]  	691	6 
[0, 15, 8, 1, 1]  	691	5 
[0, 17, 3, 3, 1]  	694	3 
[6, 0, 18, 0, 1]  	702	6 
[0, 25, 0, 2, 1]  	707	3 
[1, 0, 20, 0, 1]  	712	3 
[0, 17, 2, 4, 1]  	725	3 
[0, 7, 7, 5, 1]  	736	2 
[0, 16, 3, 4, 1]  	737	3 
[0, 26, 4, 0, 1]  	738	5 
[0, 5, 9, 5, 1]  	760	2 
[9, 0, 5, 1, 2]  	349	8 
[6, 13, 0, 0, 2]  	371	8 
[2, 9, 5, 1, 2]  	472	7 
[1, 14, 4, 0, 2]  	474	6 
[19, 11, 0, 0, 2]  	481	8 
[2, 7, 7, 1, 2]  	496	7 
[4, 11, 0, 3, 2]  	499	9 
[9, 0, 0, 6, 2]  	504	8 
[2, 5, 3, 4, 2]  	508	7 
[2, 2, 5, 4, 2]  	509	7 
[3, 12, 0, 3, 2]  	510	8 
[4, 3, 0, 6, 2]  	513	13 
[6, 4, 10, 0, 2]  	514	15 
[6, 2, 0, 6, 2]  	514	13 
[2, 13, 0, 3, 2]  	521	8 
[4, 9, 2, 3, 2]  	523	10 
[1, 14, 0, 3, 2]  	532	8 
[8, 0, 5, 4, 2]  	535	12 
[1, 5, 10, 1, 2]  	543	7 
[1, 4, 5, 4, 2]  	543	6 
[1, 2, 12, 1, 2]  	544	7 
[2, 6, 11, 0, 2]  	547	10 
[11, 3, 10, 0, 2]  	551	13 
[1, 4, 11, 1, 2]  	555	7 
[1, 3, 6, 4, 2]  	555	6 
[3, 11, 2, 3, 2]  	557	8 
[1, 2, 7, 4, 2]  	567	6 
[3, 2, 14, 0, 2]  	572	10 
[6, 0, 3, 6, 2]  	573	12 
[9, 2, 12, 0, 2]  	574	12 
[1, 13, 2, 3, 2]  	579	7 
[1, 1, 8, 4, 2]  	579	6 
[1, 19, 0, 2, 2]  	581	8 
[1, 16, 2, 2, 2]  	582	8 
[5, 1, 3, 6, 2]  	584	12 
[6, 1, 14, 0, 2]  	585	13 
[1, 4, 14, 0, 2]  	594	7 
[5, 0, 4, 6, 2]  	596	12 
[14, 2, 11, 0, 2]  	599	15 
[2, 12, 3, 3, 2]  	603	7 
[3, 0, 5, 6, 2]  	607	10 
[5, 1, 15, 0, 2]  	608	13 
[1, 1, 7, 5, 2]  	610	7 
[1, 10, 5, 3, 2]  	615	5 
[0, 15, 4, 2, 2]  	617	5 
[0, 27, 0, 0, 2]  	621	6 
[1, 12, 4, 3, 2]  	626	7 
[0, 26, 1, 0, 2]  	633	6 
[0, 5, 15, 0, 2]  	640	3 
[0, 25, 0, 1, 2]  	641	5 
[0, 13, 6, 2, 2]  	641	5 
[7, 0, 16, 0, 2]  	644	8 
[0, 13, 10, 0, 2]  	649	5 
[1, 12, 3, 4, 2]  	657	6 
[6, 0, 17, 0, 2]  	667	7 
[1, 11, 4, 4, 2]  	669	6 
[0, 20, 6, 0, 2]  	670	5 
[0, 16, 3, 3, 2]  	671	4 
[0, 13, 5, 3, 2]  	672	4 
[1, 10, 3, 5, 2]  	677	4 
[1, 0, 19, 0, 2]  	677	4 
[0, 16, 7, 1, 2]  	679	5 
[0, 18, 2, 3, 2]  	682	4 
[0, 12, 6, 3, 2]  	684	4 
[0, 12, 8, 2, 2]  	688	3 
[5, 0, 18, 0, 2]  	690	5 
[0, 17, 1, 4, 2]  	690	4 
[1, 0, 10, 5, 2]  	692	6 
[0, 2, 11, 4, 2]  	695	3 
[0, 3, 5, 7, 2]  	706	2 
[0, 25, 4, 0, 2]  	715	5 
[9, 11, 0, 0, 3]  	361	8 
[7, 1, 6, 1, 3]  	383	10 
[2, 8, 6, 1, 3]  	484	7 
[1, 3, 10, 1, 3]  	497	7 
[2, 12, 0, 3, 3]  	498	6 
[1, 13, 0, 3, 3]  	509	6 
[3, 4, 11, 0, 3]  	513	12 
[8, 3, 10, 0, 3]  	515	15 
[12, 4, 8, 0, 3]  	516	15 
[2, 1, 10, 2, 3]  	529	6 
[5, 1, 2, 6, 3]  	549	12 
[7, 0, 2, 6, 3]  	550	10 
[1, 12, 0, 4, 3]  	552	6 
[8, 2, 12, 0, 3]  	562	14 
[4, 1, 3, 6, 3]  	572	10 
[1, 2, 11, 2, 3]  	575	6 
[7, 2, 13, 0, 3]  	585	14 
[1, 12, 3, 3, 3]  	591	6 
[2, 10, 4, 3, 3]  	592	7 
[1, 10, 10, 0, 3]  	592	7 
[4, 1, 15, 0, 3]  	596	12 
[1, 12, 9, 0, 3]  	603	6 
[1, 8, 6, 3, 3]  	604	6 
[5, 0, 16, 0, 3]  	620	9 
[0, 20, 1, 2, 3]  	627	4 
[1, 5, 3, 6, 3]  	628	5 
[0, 17, 3, 2, 3]  	628	4 
[1, 11, 1, 5, 3]  	630	7 
[4, 0, 17, 0, 3]  	643	7 
[0, 23, 0, 2, 3]  	661	5 
[1, 1, 18, 0, 3]  	665	5 
[3, 0, 18, 0, 3]  	666	7 
[0, 16, 2, 4, 3]  	702	4 
[0, 9, 5, 5, 3]  	712	2 
[3, 12, 5, 0, 4]  	487	8 
[4, 4, 10, 0, 4]  	490	13 
[2, 9, 0, 4, 4]  	495	6 
[2, 8, 1, 4, 4]  	507	6 
[2, 7, 2, 4, 4]  	519	6 
[1, 15, 3, 1, 4]  	528	5 
[2, 0, 11, 2, 4]  	541	6 
[8, 1, 1, 6, 4]  	550	14 
[5, 2, 13, 0, 4]  	561	13 
[1, 2, 5, 5, 4]  	563	7 
[4, 0, 4, 6, 4]  	584	11 
[2, 1, 16, 0, 4]  	607	9 
[0, 13, 0, 5, 4]  	629	5 
[0, 15, 3, 4, 4]  	714	4 
[0, 10, 4, 6, 4]  	766	2 
[3, 13, 3, 0, 5]  	440	6 
[1, 13, 5, 0, 5]  	486	6 
[7, 1, 1, 6, 5]  	538	14 
[2, 2, 3, 6, 5]  	571	9 
[2, 12, 8, 0, 5]  	580	7 
[4, 0, 16, 0, 5]  	608	9 
[1, 1, 11, 3, 5]  	618	7 
[0, 24, 1, 1, 5]  	653	5 
[1, 1, 14, 2, 5]  	657	6 
[3, 1, 3, 6, 6]  	560	11 
[2, 0, 5, 6, 6]  	595	9 
[3, 0, 8, 5, 6]  	646	7 
[2, 0, 18, 0, 6]  	654	6 
[8, 11, 2, 0, 7]  	419	13 
[2, 7, 5, 3, 7]  	558	9 
[3, 0, 8, 4, 7]  	580	9 
[3, 0, 17, 0, 7]  	631	6 
[0, 11, 8, 3, 7]  	731	3 
[0, 2, 18, 0, 8]  	676	3 
[2, 0, 17, 0, 11]  	619	7 
[7, 10, 3, 0, 245]  	419	14 
[0, 1, 13, 3, 245]  	676	2 
[2, 11, 3, 3, 246]  	580	7 
[1, 21, 1, 1, 246]  	596	5 
[2, 6, 0, 6, 247]  	558	9 
[1, 20, 1, 1, 247]  	573	5 
[1, 19, 2, 1, 247]  	585	5 
[1, 22, 0, 1, 248]  	584	6 
[1, 4, 9, 2, 249]  	551	4 
[1, 21, 0, 1, 249]  	561	6 
[1, 0, 1, 8, 249]  	575	5 
[1, 10, 7, 2, 249]  	619	5 
[1, 20, 1, 0, 250]  	507	5 
[1, 19, 2, 0, 250]  	519	5 
[3, 3, 12, 0, 250]  	525	11 
[2, 7, 1, 5, 250]  	550	6 
[2, 6, 2, 5, 250]  	562	6 
[1, 4, 1, 7, 250]  	601	6 
[1, 8, 8, 2, 250]  	608	4 
[1, 11, 9, 1, 250]  	646	5 
[1, 0, 9, 5, 250]  	657	4 
[0, 8, 10, 2, 250]  	666	3 
[0, 4, 13, 2, 250]  	679	3 
[7, 0, 7, 1, 251]  	395	11 
[7, 9, 3, 0, 251]  	396	7 
[3, 1, 9, 1, 251]  	440	5 
[3, 2, 1, 6, 251]  	513	11 
[2, 7, 6, 2, 251]  	527	3 
[1, 3, 9, 2, 251]  	528	4 
[1, 5, 8, 2, 251]  	539	3 
[1, 3, 0, 7, 251]  	543	6 
[1, 2, 1, 7, 251]  	555	6 
[1, 12, 2, 3, 251]  	556	3 
[1, 1, 0, 8, 251]  	563	4 
[1, 1, 2, 7, 251]  	567	6 
[1, 2, 9, 3, 251]  	571	3 
[1, 8, 7, 2, 251]  	573	5 
[1, 0, 3, 7, 251]  	579	5 
[1, 12, 5, 2, 251]  	595	8 
[1, 5, 4, 5, 251]  	597	4 
[1, 12, 7, 1, 251]  	599	5 
[0, 18, 4, 1, 251]  	620	4 
[0, 6, 14, 0, 251]  	628	3 
[0, 7, 10, 2, 251]  	643	3 
[0, 25, 2, 0, 251]  	645	5 
[1, 9, 3, 5, 251]  	654	3 
[0, 11, 1, 6, 251]  	684	2 
[6, 12, 1, 0, 252]  	383	9 
[8, 10, 2, 0, 252]  	396	7 
[2, 4, 7, 2, 252]  	493	2 
[1, 21, 0, 0, 252]  	495	5 
[1, 2, 9, 2, 252]  	505	3 
[5, 3, 11, 0, 252]  	514	11 
[1, 1, 1, 7, 252]  	532	5 
[2, 8, 0, 5, 252]  	538	7 
[1, 1, 7, 4, 252]  	544	6 
[3, 0, 13, 1, 252]  	557	3 
[1, 6, 3, 5, 252]  	585	3 
[0, 15, 5, 1, 252]  	586	3 
[0, 17, 4, 1, 252]  	597	3 
[0, 5, 10, 2, 252]  	597	2 
[0, 26, 0, 0, 252]  	598	3 
[1, 11, 4, 3, 252]  	603	4 
[0, 4, 11, 2, 252]  	609	2 
[0, 16, 7, 0, 252]  	613	4 
[1, 0, 6, 6, 252]  	618	5 
[0, 9, 12, 0, 252]  	627	1 
[0, 3, 16, 0, 252]  	629	3 
[1, 0, 12, 3, 252]  	630	2 
[0, 11, 0, 6, 252]  	649	1 
[0, 12, 7, 2, 252]  	653	4 
[0, 21, 5, 0, 252]  	658	4 
[1, 0, 15, 2, 252]  	669	4 
[0, 8, 12, 1, 252]  	670	1 
[0, 1, 6, 7, 252]  	695	2 
[0, 0, 18, 1, 252]  	696	1 
[0, 8, 0, 8, 252]  	712	1 
[0, 10, 3, 6, 252]  	731	2 
[7, 9, 2, 0, 253]  	361	6 
[5, 12, 2, 0, 253]  	406	5 
[5, 11, 4, 0, 253]  	453	6 
[13, 7, 4, 0, 253]  	457	7 
[1, 3, 9, 1, 253]  	462	4 
[5, 10, 5, 0, 253]  	465	7 
[2, 7, 1, 4, 253]  	484	6 
[1, 12, 0, 3, 253]  	486	3 
[0, 0, 12, 1, 253]  	486	1 
[3, 11, 0, 3, 253]  	487	6 
[4, 2, 0, 6, 253]  	490	12 
[2, 6, 2, 4, 253]  	496	5 
[1, 1, 0, 7, 253]  	497	4 
[2, 8, 5, 2, 253]  	515	6 
[3, 9, 8, 0, 253]  	523	9 
[1, 12, 5, 1, 253]  	529	5 
[3, 11, 7, 0, 253]  	534	4 
[2, 12, 7, 0, 253]  	545	3 
[2, 9, 9, 0, 253]  	546	8 
[1, 19, 1, 1, 253]  	550	6 
[2, 1, 9, 3, 253]  	560	6 
[1, 9, 6, 2, 253]  	561	4 
[1, 18, 2, 1, 253]  	562	5 
[0, 14, 7, 0, 253]  	567	3 
[1, 4, 4, 5, 253]  	574	4 
[0, 4, 10, 2, 253]  	574	1 
[0, 6, 9, 2, 253]  	585	1 
[1, 0, 9, 4, 253]  	591	2 
[0, 12, 9, 0, 253]  	591	2 
[1, 8, 0, 6, 253]  	592	1 
[0, 8, 12, 0, 253]  	604	1 
[0, 13, 7, 1, 253]  	610	2 
[0, 24, 2, 0, 253]  	622	3 
[0, 16, 0, 4, 253]  	632	3 
[0, 2, 0, 9, 253]  	640	1 
[0, 1, 7, 6, 253]  	664	1 
[0, 23, 2, 1, 253]  	665	4 
[7, 10, 1, 0, 254]  	349	4 
[5, 12, 1, 0, 254]  	371	4 
[5, 1, 7, 1, 254]  	394	3 
[2, 5, 6, 1, 254]  	415	2 
[5, 11, 3, 0, 254]  	418	3 
[5, 5, 7, 0, 254]  	420	3 
[2, 4, 7, 1, 254]  	427	2 
[1, 3, 8, 1, 254]  	427	3 
[5, 0, 7, 2, 254]  	437	2 
[1, 2, 9, 1, 254]  	439	3 
[5, 0, 9, 1, 254]  	441	3 
[6, 10, 4, 0, 254]  	442	10 
[5, 9, 5, 0, 254]  	442	3 
[1, 15, 3, 0, 254]  	462	4 
[1, 0, 0, 7, 254]  	474	4 
[2, 4, 1, 5, 254]  	481	5 
[1, 7, 7, 1, 254]  	484	3 
[3, 0, 11, 1, 254]  	487	3 
[3, 6, 9, 0, 254]  	489	10 
[3, 3, 11, 0, 254]  	490	7 
[1, 9, 6, 1, 254]  	495	3 
[1, 2, 5, 4, 254]  	497	7 
[0, 4, 10, 1, 254]  	508	1 
[4, 1, 7, 3, 254]  	514	3 
[0, 6, 9, 1, 254]  	519	1 
[0, 15, 5, 0, 254]  	520	2 
[2, 11, 7, 0, 254]  	522	2 
[1, 5, 4, 4, 254]  	531	2 
[0, 17, 4, 0, 254]  	531	2 
[2, 6, 5, 3, 254]  	535	7 
[3, 13, 2, 2, 254]  	537	5 
[1, 20, 0, 1, 254]  	538	3 
[0, 13, 7, 0, 254]  	544	1 
[1, 5, 12, 0, 254]  	547	4 
[4, 0, 7, 4, 254]  	557	4 
[2, 2, 14, 0, 254]  	560	8 
[5, 0, 3, 6, 254]  	561	9 
[0, 17, 3, 1, 254]  	562	3 
[0, 11, 9, 0, 254]  	568	1 
[0, 8, 11, 0, 254]  	569	1 
[1, 17, 1, 2, 254]  	570	7 
[2, 0, 10, 3, 254]  	572	3 
[5, 1, 14, 0, 254]  	573	7 
[0, 19, 2, 1, 254]  	573	2 
[0, 16, 4, 1, 254]  	574	3 
[1, 9, 5, 3, 254]  	592	4 
[0, 2, 10, 3, 254]  	594	2 
[13, 1, 12, 0, 254]  	599	6 
[0, 15, 0, 4, 254]  	609	3 
[0, 12, 6, 2, 254]  	618	2 
[0, 14, 1, 4, 254]  	621	3 
[0, 14, 3, 3, 254]  	625	4 
[0, 13, 2, 4, 254]  	633	3 
[0, 13, 4, 3, 254]  	637	3 
[0, 12, 1, 5, 254]  	641	3 
[0, 2, 17, 0, 254]  	641	1 
[0, 12, 5, 3, 254]  	649	3 
[0, 11, 2, 5, 254]  	653	2 
[0, 0, 2, 9, 254]  	664	1 
[0, 0, 6, 7, 254]  	672	1 
[0, 6, 2, 8, 254]  	736	1 
[0, 4, 4, 8, 254]  	760	1 
[5, 5, 1, 0, 255]  	210	3 
[0, 0, 6, 1, 255]  	276	1 
[2, 13, 1, 0, 255]  	358	2 
[0, 12, 3, 0, 255]  	381	2 
[4, 6, 7, 0, 255]  	431	6 
[3, 4, 9, 0, 255]  	443	5 
[0, 20, 0, 0, 255]  	460	1 
[0, 11, 6, 0, 255]  	463	1 
[2, 6, 5, 2, 255]  	469	5 
[2, 8, 0, 4, 255]  	472	4 
[3, 5, 0, 5, 255]  	481	2 
[0, 18, 2, 0, 255]  	484	1 
[4, 10, 6, 0, 255]  	488	6 
[4, 8, 2, 3, 255]  	500	7 
[2, 2, 1, 6, 255]  	501	6 
[1, 4, 4, 4, 255]  	508	2 
[4, 10, 1, 3, 255]  	511	5 
[2, 5, 5, 3, 255]  	512	5 
[11, 3, 9, 0, 255]  	516	9 
[16, 2, 8, 0, 255]  	518	9 
[1, 6, 3, 4, 255]  	519	2 
[1, 8, 0, 5, 255]  	526	1 
[0, 0, 0, 8, 255]  	528	1 
[2, 5, 0, 6, 255]  	535	2 
[6, 2, 12, 0, 255]  	538	9 
[6, 0, 2, 6, 255]  	538	8 
[4, 0, 3, 6, 255]  	549	9 
[3, 1, 14, 0, 255]  	549	7 
[2, 11, 4, 2, 255]  	549	3 
[1, 6, 2, 5, 255]  	550	1 
[1, 11, 3, 3, 255]  	568	2 
[2, 9, 4, 3, 255]  	569	5 
[1, 8, 5, 3, 255]  	569	2 
[1, 1, 4, 6, 255]  	571	3 
[3, 0, 4, 6, 255]  	572	9 
[2, 1, 15, 0, 255]  	572	3 
[13, 0, 12, 0, 255]  	576	6 
[1, 2, 15, 0, 255]  	583	3 
[0, 11, 0, 5, 255]  	583	1 
[0, 4, 5, 5, 255]  	597	1 
[0, 13, 1, 4, 255]  	598	2 
[1, 7, 1, 6, 255]  	604	2 
[0, 4, 15, 0, 255]  	617	4 
[0, 0, 5, 7, 255]  	637	1 
------
The gap is between 12 and 244.
Lengths: 5 5 10 15 5 12.
For 692 = 3*d-d1-d2-d3-d4 you get 5 in char 0.
1 + 0*2^64 + 0*2^128 + 0*2^192*y^24*z^4
1 + 0*2^64 + 0*2^128 + 0*2^192*y^12*z^10*w^1
1 + 0*2^64 + 0*2^128 + 0*2^192*y^11*z^5*w^4
1 + 0*2^64 + 0*2^128 + 0*2^192*y^10*w^7
1 + 0*2^64 + 0*2^128 + 0*2^192*z^16*w^2

For 416 = 2*d-d1-d2-d3-d4 you get 10 in char 0.
1 + 0*2^64 + 0*2^128 + 0*2^192*x^5*y^4*w^4
1 + 0*2^64 + 0*2^128 + 0*2^192*x^4*y^3*z^1*w^4
1 + 0*2^64 + 0*2^128 + 0*2^192*x^3*y^2*z^2*w^4
1 + 0*2^64 + 0*2^128 + 0*2^192*x^2*y^2*z^8*w^1
1 + 0*2^64 + 0*2^128 + 0*2^192*x^2*y^1*z^3*w^4
1 + 0*2^64 + 0*2^128 + 0*2^192*x^1*y^13*z^3
1 + 0*2^64 + 0*2^128 + 0*2^192*x^1*y^1*z^9*w^1
1 + 0*2^64 + 0*2^128 + 0*2^192*x^1*z^4*w^4
1 + 0*2^64 + 0*2^128 + 0*2^192*y^12*z^4
1 + 0*2^64 + 0*2^128 + 0*2^192*z^10*w^1

For 140 = d-d1-d2-d3-d4 you get 5 in char 0.
1 + 0*2^64 + 0*2^128 + 0*2^192*x^4*y^4
1 + 0*2^64 + 0*2^128 + 0*2^192*x^3*y^3*z^1
1 + 0*2^64 + 0*2^128 + 0*2^192*x^2*y^2*z^2
1 + 0*2^64 + 0*2^128 + 0*2^192*x^1*y^1*z^3
1 + 0*2^64 + 0*2^128 + 0*2^192*z^4

Extra powers of p used 6.
The invariant extra is equal to 33.
Start computing 2^4 Delta^1 (x1x2x3x4)^1... Done.
Start computing 2^5 Delta^2 (x1x2x3x4)^1... Done.
Start computing 2^6 Delta^3 (x1x2x3x4)^1... Done.
Start computing 2^7 Delta^4 (x1x2x3x4)^1... Done.
Start computing 2^8 Delta^5 (x1x2x3x4)^1... Done.
Start computing 2^9 Delta^6 (x1x2x3x4)^1... Done.
Start computing 2^10 Delta^7 (x1x2x3x4)^1... Done.
Start computing 2^11 Delta^8 (x1x2x3x4)^1... Done.
Start computing 2^12 Delta^9 (x1x2x3x4)^1... Done.
Start computing 2^13 Delta^10 (x1x2x3x4)^1... Done.
Start computing 2^14 Delta^11 (x1x2x3x4)^1... Done.
Start computing 2^15 Delta^12 (x1x2x3x4)^1... Done.
Start computing 2^16 Delta^13 (x1x2x3x4)^1... Done.
Start computing 2^17 Delta^14 (x1x2x3x4)^1... Done.
Start computing 2^18 Delta^15 (x1x2x3x4)^1... Done.
Start computing 2^19 Delta^16 (x1x2x3x4)^1... Done.
Start computing 2^20 Delta^17 (x1x2x3x4)^1... Done.
Start computing 2^21 Delta^18 (x1x2x3x4)^1... Done.
Start computing 2^22 Delta^19 (x1x2x3x4)^1... Done.
Start computing 2^23 Delta^20 (x1x2x3x4)^1... Done.
Start computing 2^24 Delta^21 (x1x2x3x4)^1... Done.
Start computing 2^25 Delta^22 (x1x2x3x4)^1... Done.
Start computing 2^26 Delta^23 (x1x2x3x4)^1... Done.
Start computing 2^27 Delta^24 (x1x2x3x4)^1... Done.
Start computing 2^28 Delta^25 (x1x2x3x4)^1... Done.
Start computing 2^29 Delta^26 (x1x2x3x4)^1... Done.
Start computing 2^30 Delta^27 (x1x2x3x4)^1... Done.
Start computing 2^31 Delta^28 (x1x2x3x4)^1... Done.
Start computing 2^32 Delta^29 (x1x2x3x4)^1... Done.
Start computing 2^33 Delta^30 (x1x2x3x4)^1... Done.
Start computing 2^34 Delta^31 (x1x2x3x4)^1... Done.
Start computing 2^35 Delta^32 (x1x2x3x4)^1... Done.
Start computing 2^36 Delta^33 (x1x2x3x4)^1... Done.
Start computing 2^37 Delta^34 (x1x2x3x4)^1... Done.
Start computing 2^38 Delta^35 (x1x2x3x4)^1... Done.
Start computing aa.
1 2 3 4 5 6 7 8 9 10 11 12 13 14 15 16 17 18 19 20 
*/
A = \
[5714953508592945344 + 17252868722140337027*2^64 + 3619964772929156588*2^128 + 5839867035*2^192,1697333587866138048 + 12779507884324363496*2^64 + 3631650842342438370*2^128 + 51998398286*2^192,17775866066302195792 + 16694450695598756389*2^64 + 4303882527489532712*2^128 + 29827719509*2^192,2911646382930547592 + 18387813949858982889*2^64 + 86846822710005031*2^128 + 12286773499*2^192,15871639066079165824 + 3309999762845109031*2^64 + 6957658944671553286*2^128 + 9081370862*2^192,8842075825655384320 + 13299390182605573512*2^64 + 9210205241950605379*2^128 + 25494015644*2^192,481013179258622464 + 3339062718573752013*2^64 + 7688048581494376695*2^128 + 56009160362*2^192,4581032163262251648 + 10408499170058913913*2^64 + 1138882482263316495*2^128 + 45994773776*2^192,1796451029391666176 + 10776084468197482321*2^64 + 155369276723969251*2^128 + 22572371111*2^192,10554222032491392960 + 6403063919817633166*2^64 + 2675312841546559901*2^128 + 49635887875*2^192,10504507089585341440 + 13965400636815481411*2^64 + 15029993059014851757*2^128 + 55305114879*2^192,18233346920581953408 + 15629858781471854170*2^64 + 3510400884364865013*2^128 + 41439313159*2^192,3219309866877260544 + 17567963124831343248*2^64 + 7968364092194193161*2^128 + 13045208881*2^192,10164108030114828032 + 9564458604557797207*2^64 + 12004616003493288288*2^128 + 4586546648*2^192,4557877877202932992 + 1527881663356521662*2^64 + 4494568159774384927*2^128 + 47250712294*2^192,18187805970995140096 + 14996917259592974337*2^64 + 6812987241240184335*2^128 + 13724052301*2^192,10543215935316140416 + 13268647814070168536*2^64 + 4287429997401781241*2^128 + 13156684459*2^192,1251031031228136704 + 14936728487783729563*2^64 + 17302681239351258186*2^128 + 60303204560*2^192,3665340638805866624 + 9184391362614301866*2^64 + 15550453550267930319*2^128 + 52276245755*2^192,2543405218182498048 + 14562882977749258335*2^64 + 14316608349195173773*2^128 + 47729994833*2^192;\
15120828679405358608 + 8101247079062157353*2^64 + 12152729256536760653*2^128 + 49685938108*2^192,12122118702502583712 + 18098014901634316845*2^64 + 16824842230472902077*2^128 + 37912797284*2^192,16539881573431278512 + 13373688817676836313*2^64 + 13215052727267418956*2^128 + 43237905713*2^192,15844204476543726696 + 3374847843912024002*2^64 + 1447924779373103016*2^128 + 21221127418*2^192,15613005283152051520 + 12524431400835816110*2^64 + 14905379532729244525*2^128 + 21323560627*2^192,11108095685412314368 + 16099185972038640399*2^64 + 3636415895732745496*2^128 + 55960250014*2^192,10782398058427011136 + 3350255351668587665*2^64 + 6203850644439606628*2^128 + 41358536549*2^192,4202024285144036096 + 12810717191317728220*2^64 + 973800689323364201*2^128 + 56842692626*2^192,11316557164759831296 + 1857102878783358810*2^64 + 10764026674606246479*2^128 + 59115826022*2^192,14781929463663996352 + 16479392180620273759*2^64 + 7190167241520525178*2^128 + 33335404015*2^192,3215754951469101056 + 7149728867366294010*2^64 + 14557681826183477645*2^128 + 40589065008*2^192,1809685567428491904 + 7680730589757530122*2^64 + 16397583383892225034*2^128 + 14093203082*2^192,6345463647825402624 + 1054634937188269911*2^64 + 3045634545823806001*2^128 + 29770544190*2^192,7587283815453674240 + 4649423451415051484*2^64 + 778297292385643737*2^128 + 21746359721*2^192,18426213963886311424 + 6822439352105340731*2^64 + 12576247693011917999*2^128 + 41058542078*2^192,4942803721831425152 + 11730091811890852220*2^64 + 11734314071855857864*2^128 + 50062376195*2^192,1743655594071508992 + 3666719656815460159*2^64 + 7020688538808405011*2^128 + 4635351550*2^192,10449870012591746688 + 12276703748716625300*2^64 + 16925133764133730443*2^128 + 55565144567*2^192,17764637219245087616 + 11200885776170345895*2^64 + 14014779928326135033*2^128 + 41903135262*2^192,15065701247469634944 + 1601391749244848081*2^64 + 7361343596467921390*2^128 + 34049786892*2^192;\
8365743563329349120 + 15574525280440823179*2^64 + 8489072586372653336*2^128 + 3969268873*2^192,3323296115207051264 + 9594414529694323085*2^64 + 18116716176495328286*2^128 + 31123267829*2^192,6306882234235610944 + 16684803316814718609*2^64 + 14038863372175950525*2^128 + 31591955921*2^192,15027307518157086848 + 16734986698983566257*2^64 + 7608001267721734661*2^128 + 29839032445*2^192,14972799035572107264 + 468860445330218683*2^64 + 4694321480223191957*2^128 + 63516666330*2^192,17931173874776890368 + 6705057730163632025*2^64 + 12225317909519678717*2^128 + 33109528930*2^192,13552064680249724928 + 1070567951586048526*2^64 + 16108348845579477538*2^128 + 52713896065*2^192,18085182946287092736 + 12203299849539312068*2^64 + 735679486370376416*2^128 + 42406087909*2^192,12058947727503302656 + 13312471286258988799*2^64 + 786204845816383995*2^128 + 43041258590*2^192,5995454574879993856 + 16829054194781042535*2^64 + 12479805841177638384*2^128 + 55856285879*2^192,17959365948497813504 + 8043108546124920041*2^64 + 10639850607508090609*2^128 + 12730677311*2^192,3694767367965990912 + 13678348950226710557*2^64 + 16348539448159491918*2^128 + 14141701293*2^192,14493616046288702464 + 12583637416737119706*2^64 + 12637871995718155773*2^128 + 30743759099*2^192,4815588355534993408 + 16050500013881785521*2^64 + 9921966125184529307*2^128 + 55799416752*2^192,10224276985951141888 + 3087084545783042528*2^64 + 14743432565482390335*2^128 + 166070536*2^192,16340057575285168128 + 3482990647750939319*2^64 + 12265303823426786553*2^128 + 30662927701*2^192,3792222744113760256 + 13624629342600230082*2^64 + 14531582252997698395*2^128 + 21968217377*2^192,15524731636107479040 + 4163284585840873843*2^64 + 16061473979046292008*2^128 + 25274504480*2^192,13943437924155351040 + 5766387198784755911*2^64 + 527466303444050441*2^128 + 5161845505*2^192,7198284603766863872 + 1026191470442500670*2^64 + 6800318817636920703*2^128 + 9223133149*2^192;\
7761710708353595776 + 2035261142706167150*2^64 + 18040014382689080963*2^128 + 42367579192*2^192,16592932953177043712 + 9901724651046598752*2^64 + 2327171795755370346*2^128 + 63043749053*2^192,14016650083155386240 + 15182368357249852457*2^64 + 2220529902398933235*2^128 + 38495761740*2^192,5290910746003321984 + 16409899774519347497*2^64 + 4226513207641655338*2^128 + 35029380867*2^192,10375561003754690048 + 11200749771843044365*2^64 + 2320346416706081549*2^128 + 50797142351*2^192,14304265176662679552 + 15269628963940607108*2^64 + 6518068821460448152*2^128 + 64909753953*2^192,16426029974647468544 + 5804159334574460508*2^64 + 8423921409447738090*2^128 + 31989626324*2^192,6251933722219179008 + 11246866317706864934*2^64 + 8186909443163796362*2^128 + 59826381025*2^192,3190036061325938688 + 17651612831739322779*2^64 + 15690401074462877801*2^128 + 22868953294*2^192,225386567980580352 + 16012280409270610781*2^64 + 9100885308803910628*2^128 + 52529239061*2^192,5819582420975180800 + 7154778206933949663*2^64 + 16650305243476740100*2^128 + 62336245202*2^192,16395107721675303936 + 12129741399007475019*2^64 + 2151329306289831687*2^128 + 714007420*2^192,13302413497772590592 + 14232498970218338638*2^64 + 13849075015145884495*2^128 + 33470971185*2^192,7357069981568918528 + 8207210447686588920*2^64 + 7621151476242745075*2^128 + 47619797096*2^192,768379954290098176 + 6776072790992722231*2^64 + 3886995019167297485*2^128 + 32010063952*2^192,7476556166463213568 + 2631433686868783759*2^64 + 4258682648267109597*2^128 + 40866058997*2^192,13010660765470620672 + 10546063856990474477*2^64 + 11652335093623108178*2^128 + 52760410880*2^192,12368748580976113664 + 6865955983138136721*2^64 + 15798744505199549667*2^128 + 37159275872*2^192,18257281671790242816 + 1566750902372561051*2^64 + 812766014888852548*2^128 + 32948524497*2^192,15722093693562253312 + 17996506837963607015*2^64 + 13290822533307320471*2^128 + 9372198465*2^192;\
1130269441281989896 + 10255374896633014159*2^64 + 1219114460428355831*2^128 + 23499063107*2^192,4236961188531099392 + 9126942088817047466*2^64 + 7380854957954988415*2^128 + 44289077513*2^192,15628335423531384580 + 10447606073737618932*2^64 + 5640734811420916659*2^128 + 45450619432*2^192,7605312634953916482 + 18112523194245854208*2^64 + 1272343723714672061*2^128 + 51294634768*2^192,1081779024973296384 + 12755365535214496091*2^64 + 964774627985108349*2^128 + 44900097964*2^192,14428892776238232704 + 3854635326160659380*2^64 + 10628463489518781714*2^128 + 63054624199*2^192,9625729449566642464 + 8180722440727157244*2^64 + 12013443924977933229*2^128 + 10698332175*2^192,15888995109257987360 + 17656071973719496848*2^64 + 1344760266991290870*2^128 + 48882156057*2^192,8332561796380771968 + 8324531321864829620*2^64 + 4938154556126487131*2^128 + 684724270*2^192,10878295854927311984 + 11552567047425666560*2^64 + 452089969461485214*2^128 + 30057668442*2^192,11127590721631773824 + 4138043948125652276*2^64 + 379241045460568535*2^128 + 468172545*2^192,2909242948607299936 + 1132192301039079514*2^64 + 1448889966662611570*2^128 + 25555138568*2^192,8938099609892871296 + 17178888347488388016*2^64 + 2167650606739086133*2^128 + 53357474154*2^192,2474589576435096000 + 13160448761932250515*2^64 + 3985632282715746682*2^128 + 44634512962*2^192,13618349379611374272 + 2551518959472641265*2^64 + 1756591323921512051*2^128 + 12915612137*2^192,15773168731694503360 + 10806031959285052501*2^64 + 17395591088019109392*2^128 + 46434247064*2^192,3269304766356968864 + 5273354719239490139*2^64 + 9287684363983472532*2^128 + 49457958808*2^192,335028155160568576 + 1917894627813893829*2^64 + 4461955615987757099*2^128 + 24351787961*2^192,4612697844469042336 + 16762399810572166162*2^64 + 18183789686252398964*2^128 + 941456468*2^192,2565337413168043776 + 5241676917458001456*2^64 + 17668522575894978937*2^128 + 16630115305*2^192;\
18133967251848914432 + 15202043232485279309*2^64 + 15239264612136588423*2^128 + 19057731208*2^192,815647657691855872 + 228388109229489809*2^64 + 183689406224413548*2^128 + 38690742381*2^192,9268998574531128832 + 6756933175181620965*2^64 + 12671832562008434545*2^128 + 54627418240*2^192,17143203285132304192 + 17774375612678627515*2^64 + 90775380588594136*2^128 + 7258554056*2^192,2779483539888327680 + 13376518374906507527*2^64 + 14117235434042775658*2^128 + 7436235301*2^192,1620968870721230720 + 14900879789581966227*2^64 + 9272767943232964908*2^128 + 25475112189*2^192,14560900926703613184 + 2846170215735773588*2^64 + 11258379790791743545*2^128 + 50395194755*2^192,12702289242700321792 + 13722912644060906447*2^64 + 1708002766886172627*2^128 + 51698312981*2^192,2232745726870962176 + 9035968540241873734*2^64 + 3132065532739050580*2^128 + 53198353780*2^192,15358559823723211264 + 11726217240184630470*2^64 + 505935365758950318*2^128 + 1806486590*2^192,7839614815111496704 + 7724543036522660035*2^64 + 13840545365940325315*2^128 + 1231107389*2^192,15026107568348318720 + 7973579335262327533*2^64 + 9990399875436279966*2^128 + 52155557774*2^192,13616029564495340544 + 1839260259681477252*2^64 + 11670675886379567845*2^128 + 37095006319*2^192,13265516096237099008 + 6949957873667525679*2^64 + 10843813606329682293*2^128 + 51919227203*2^192,11379838497426774016 + 4665303179639870008*2^64 + 9474344897965756727*2^128 + 46744016903*2^192,9593009967650278400 + 853191943654749661*2^64 + 14827164514269874402*2^128 + 34207918026*2^192,6634361679951153152 + 14120829333192560677*2^64 + 3914324267811799317*2^128 + 6362200705*2^192,16416638417164194816 + 11605876052866080694*2^64 + 10629177795144051503*2^128 + 33416438698*2^192,16865742521252019200 + 5809497317133417995*2^64 + 4548165262285367771*2^128 + 39772727336*2^192,6689068670633682944 + 16999587186317873245*2^64 + 15819376048602710234*2^128 + 8696386245*2^192;\
14582051880759475968 + 10230077184680824552*2^64 + 7045033320513701081*2^128 + 18027192753*2^192,8362669305728459264 + 17865852342397868972*2^64 + 48890737274940523*2^128 + 36192708403*2^192,14632914901158863936 + 355424290953209690*2^64 + 5431030186418359991*2^128 + 49378864739*2^192,18272663514870383680 + 5819014777302072822*2^64 + 12760599100060614256*2^128 + 21810011905*2^192,1073732511447460864 + 3270478187851786715*2^64 + 5391971042943070019*2^128 + 37877553615*2^192,7535781251268774272 + 6931343963436640319*2^64 + 14559603594066070618*2^128 + 59819760839*2^192,16164758918519132800 + 12548793558545709131*2^64 + 5611350952366269389*2^128 + 57322328406*2^192,10476868209432853376 + 3799545563310883972*2^64 + 9564666041240822116*2^128 + 44700895250*2^192,1803562281506985984 + 15644724992088423039*2^64 + 16947689080178396411*2^128 + 8199726605*2^192,15573456675151451776 + 7652063972827677333*2^64 + 11182779358564243756*2^128 + 27147739368*2^192,6356599923745747968 + 11950123203541781095*2^64 + 13429152689662081486*2^128 + 41990508007*2^192,12092403047965156352 + 8897748380291448103*2^64 + 16372254121503786294*2^128 + 53216696282*2^192,10865768295677897728 + 4346529133987697668*2^64 + 3815849008060858807*2^128 + 60616693942*2^192,13153274180114787328 + 13964533400160307021*2^64 + 3417208768264576748*2^128 + 6440566444*2^192,519421621836193792 + 8609191454525746095*2^64 + 8252455257497177823*2^128 + 55207919792*2^192,11409924305390795776 + 6799657563160196333*2^64 + 13002542061748745883*2^128 + 31450451417*2^192,9410198011967567872 + 7283972927481700400*2^64 + 8078607945425480466*2^128 + 31927834771*2^192,6083908643920368640 + 18427867114101637369*2^64 + 2475641450282921094*2^128 + 6304122482*2^192,13917907626310370304 + 5724218581486524440*2^64 + 2082652988028727968*2^128 + 20866792875*2^192,4827444909473134592 + 6495821030112965055*2^64 + 3238928105580364860*2^128 + 66201504055*2^192;\
566915715244134912 + 12244286351100377168*2^64 + 17821057196246114771*2^128 + 8762357952*2^192,4645270184950350848 + 8851853698424495463*2^64 + 17026820492277642867*2^128 + 38999473947*2^192,9019150016847410752 + 16997658304167129755*2^64 + 14739757122712324688*2^128 + 46837814838*2^192,16502986331223478720 + 5242800804932252450*2^64 + 482960340385664172*2^128 + 11330168943*2^192,8116651436932720640 + 14414126463357177659*2^64 + 16572722853435439173*2^128 + 61132648197*2^192,2250098767520317056 + 4307688138946015546*2^64 + 10740730897339782016*2^128 + 52294625902*2^192,4001387022200343424 + 4287059540387225440*2^64 + 1378860759083143055*2^128 + 48071478341*2^192,1042500138233172992 + 13185863488069033073*2^64 + 5681788582341015966*2^128 + 51672846264*2^192,10860383621902532608 + 12871981084722700213*2^64 + 7710168307668221660*2^128 + 55029796633*2^192,5092201785935265792 + 16607019419107542260*2^64 + 4805785407194808635*2^128 + 54995490358*2^192,8069498622116531712 + 18196225401957670083*2^64 + 17991901022023597384*2^128 + 9645996533*2^192,1098108996778733568 + 8147413701764421843*2^64 + 640442789851810056*2^128 + 38687715770*2^192,5724428740956580352 + 1831567063964480808*2^64 + 6797007304522801261*2^128 + 62665805159*2^192,18345489380361775104 + 13882396558341947641*2^64 + 16975682866904954888*2^128 + 59323102610*2^192,6458452616854175744 + 475516714347176765*2^64 + 5772975368363020801*2^128 + 66327590597*2^192,13265553618356000768 + 7887435204106646931*2^64 + 2526010715403834605*2^128 + 27601753920*2^192,8989722511458091008 + 1485491595705553153*2^64 + 10638607625410407009*2^128 + 42593008300*2^192,15948903932395538432 + 6086990659155107531*2^64 + 2421251460837167780*2^128 + 50541337544*2^192,6966292944714624000 + 16997199769850544614*2^64 + 6627774216304582300*2^128 + 1630971908*2^192,11919689791381923840 + 12397890443865825936*2^64 + 1842667178288858841*2^128 + 46909218668*2^192;\
14885568473322017984 + 12725853257614959808*2^64 + 11095679681143257792*2^128 + 60769140227*2^192,1812469178223802304 + 13005237408661029609*2^64 + 390389968224591163*2^128 + 42728937687*2^192,3059105229722451808 + 16151345777921178389*2^64 + 14223808125441822199*2^128 + 43230199755*2^192,15696767277306521296 + 4859526265332598772*2^64 + 7138042366487024757*2^128 + 19596517243*2^192,4320569673904299008 + 11923029197850276731*2^64 + 15564845335821085472*2^128 + 64649766765*2^192,15131259651199379008 + 8652565199048880191*2^64 + 7948216819396760982*2^128 + 9216491822*2^192,12970022053167125952 + 15302407339807435319*2^64 + 11405366708480720449*2^128 + 50550694156*2^192,16023347806206645632 + 18073101916477512688*2^64 + 17706964195499149668*2^128 + 31105904145*2^192,15956473318742473728 + 13429826866668821356*2^64 + 15771792466587502211*2^128 + 19391247937*2^192,10308531195009698304 + 17739339202778998179*2^64 + 13974033685439947577*2^128 + 29165153690*2^192,2363319281949796992 + 10076113646304698208*2^64 + 1368717567381001185*2^128 + 42841347114*2^192,211791950515960576 + 3959640422050468079*2^64 + 4560057712835689674*2^128 + 34395961134*2^192,17960436795555785088 + 14104354255094227903*2^64 + 7870119162272708194*2^128 + 21064600930*2^192,14063603626238192768 + 17854324515840582982*2^64 + 13899780639144964205*2^128 + 58185163068*2^192,3999415444292730368 + 17291933237396396595*2^64 + 7551104504671230858*2^128 + 23994577630*2^192,18427442515410319616 + 16586649290909907050*2^64 + 5210136880493380630*2^128 + 13419207471*2^192,134394276366097664 + 12922397599502212480*2^64 + 13026665356842117507*2^128 + 14733046400*2^192,11944952949969547520 + 7215102271435229998*2^64 + 13272939741630642770*2^128 + 61262272448*2^192,18042643976059588352 + 4534897155827107704*2^64 + 4447682896270327260*2^128 + 28915887034*2^192,5500530098607618816 + 2291987489906586365*2^64 + 7783667954000564087*2^128 + 49395840056*2^192;\
16265761871252685824 + 7016659595672818285*2^64 + 15726246961706187879*2^128 + 39665911111*2^192,3655342754425139200 + 2996903943531418659*2^64 + 13662272078923085344*2^128 + 31431529601*2^192,9852344505205550656 + 4193293823175092957*2^64 + 16409213816103114726*2^128 + 3642297237*2^192,2474143758454411520 + 12847592286452066271*2^64 + 12218246231304650482*2^128 + 4716313240*2^192,7922223489305504768 + 14619566950606590705*2^64 + 9212615975716152724*2^128 + 68242827687*2^192,11333946401280965120 + 16943330260802579227*2^64 + 2867331485133318*2^128 + 22371867537*2^192,14457208128277129216 + 4969261508955882958*2^64 + 11923685557007663443*2^128 + 2408739991*2^192,6671864117286447104 + 17946504610707518667*2^64 + 11287133974502249302*2^128 + 36978335034*2^192,7080306778416472064 + 5401198927909426394*2^64 + 13865284288002828744*2^128 + 1057446037*2^192,3294915353119646208 + 14730139893237746422*2^64 + 10406459235842987357*2^128 + 10110655681*2^192,11747554884418411008 + 640259216419724375*2^64 + 11277634960816969943*2^128 + 18811891828*2^192,13689027018295866368 + 2536684834376271488*2^64 + 10299938778006661175*2^128 + 30214012268*2^192,5018351412308474496 + 5403386391441707628*2^64 + 6753236065997222933*2^128 + 29913351928*2^192,5331332866919852032 + 13363429501011624305*2^64 + 2285952584243460959*2^128 + 4668001*2^192,5374245531475888128 + 6610951434048490482*2^64 + 6367222545020993857*2^128 + 16487702257*2^192,3239959858710383616 + 7899165511125397779*2^64 + 12339763656875940618*2^128 + 59485884435*2^192,5980119668631668736 + 741143776070408611*2^64 + 8119821910671231377*2^128 + 15800700348*2^192,2298736972745794560 + 10597291473432072066*2^64 + 17407496415734262083*2^128 + 50931068088*2^192,302925419152031744 + 4357435306963105551*2^64 + 7515303288217702039*2^128 + 51113983763*2^192,16842082667375331328 + 14347105623367655664*2^64 + 5565390161610210156*2^128 + 10592953511*2^192;\
9825715667295818976 + 16029769819282435094*2^64 + 13533214616203035969*2^128 + 10825338531*2^192,5637190641070871584 + 8177007199009792121*2^64 + 13354246003611375925*2^128 + 9730084707*2^192,3953409996746730296 + 6054042980867254261*2^64 + 8480266150179167130*2^128 + 18869763275*2^192,5466256648703037804 + 17440571341273629732*2^64 + 12551514764396423759*2^128 + 9946957478*2^192,12489728257944509248 + 2792852105099449058*2^64 + 3928201940739651787*2^128 + 23141374854*2^192,7067499826070967232 + 4260375430030272662*2^64 + 6759537972941484462*2^128 + 62022637546*2^192,9015076127680690944 + 8425045923817280257*2^64 + 15436300687249594876*2^128 + 60092069188*2^192,17205010630237433536 + 13575794712417386193*2^64 + 7128802007280734658*2^128 + 61116656581*2^192,8056975704125576192 + 10372613677462341746*2^64 + 6989853272380599752*2^128 + 43010535928*2^192,11823922557789652768 + 15834529033736294425*2^64 + 3603225227138228871*2^128 + 18313277266*2^192,1007793521175594880 + 1689595406398083188*2^64 + 8290109086276621950*2^128 + 50321257168*2^192,3492121438018936896 + 17046855742014577384*2^64 + 7558656107716767477*2^128 + 10601244908*2^192,9970396564502649728 + 2240627230306294391*2^64 + 471470827385856563*2^128 + 740687954*2^192,1975100610498503808 + 16561521727326935154*2^64 + 9083385430549232081*2^128 + 5751980790*2^192,4855561353107745152 + 11306455637563871756*2^64 + 2114479006494567055*2^128 + 8494003574*2^192,9151693693968976896 + 4858272085315948407*2^64 + 17718929063316776686*2^128 + 45666456272*2^192,7406607688021707840 + 17150594323349296786*2^64 + 12451096445207343364*2^128 + 21191329989*2^192,2056906872644390528 + 17791620631438631133*2^64 + 2695705219045687456*2^128 + 55941837764*2^192,18356415793979475392 + 15709549336694366155*2^64 + 7622212445021897298*2^128 + 39745673174*2^192,12578152511466054528 + 5842892797577278647*2^64 + 11788264319473841321*2^128 + 24460165697*2^192;\
12134414021907949616 + 5945461724847931183*2^64 + 7706116016452376018*2^128 + 46090917405*2^192,12098119830890018608 + 9907881664402973256*2^64 + 7411154770834583165*2^128 + 45946119960*2^192,2361125365526231604 + 7272938831714883589*2^64 + 6971844735069847891*2^128 + 56980197393*2^192,7668035546623892338 + 689507115484833535*2^64 + 16054477570480033214*2^128 + 66707562333*2^192,2397609555571970464 + 18024403491134900327*2^64 + 14184683375195962609*2^128 + 45651583061*2^192,7481623194348349600 + 15209748282299555834*2^64 + 8170280897086622964*2^128 + 48042279221*2^192,6166995657622860416 + 17646120282403934475*2^64 + 5846561304150249395*2^128 + 6468916138*2^192,8190001316072239136 + 13516123332876774983*2^64 + 5522676704620462039*2^128 + 1335416394*2^192,3559964870875090432 + 6320393326100451310*2^64 + 15817068822798109959*2^128 + 51991766648*2^192,2057022442404408368 + 372359679332290500*2^64 + 17663470194675133751*2^128 + 55968469296*2^192,2377984139897254976 + 17144529342431593061*2^64 + 16144698268634512209*2^128 + 7555395433*2^192,10143739463534900320 + 17876554309881171483*2^64 + 15939004788706537963*2^128 + 63161611666*2^192,2676103414740634624 + 18220090261829530187*2^64 + 12529701572844410152*2^128 + 47475192317*2^192,3194950016080310400 + 16801880563884515320*2^64 + 16476952735890058586*2^128 + 35890678369*2^192,10566334948661102528 + 7294998319978948782*2^64 + 7087500332448178154*2^128 + 57250295533*2^192,7262169010835404288 + 6015777609778991993*2^64 + 17696263893171362210*2^128 + 20373991450*2^192,15768365749283558496 + 13148714739222290260*2^64 + 6224519878256771993*2^128 + 33663634358*2^192,4721512358202427840 + 10003276088635155503*2^64 + 14710505038688878666*2^128 + 3373490195*2^192,8674594716556662432 + 11620286043736597659*2^64 + 16788871711707825923*2^128 + 63628647826*2^192,8038087274355983424 + 14162960445924802273*2^64 + 5037860359691840867*2^128 + 23050587202*2^192;\
12563861534587543040 + 10848927609632379157*2^64 + 11324793240161329204*2^128 + 32875732350*2^192,17472613846889501696 + 4890128989695695886*2^64 + 16798363440524369575*2^128 + 1223232518*2^192,12680173174646271808 + 9042166397823622089*2^64 + 6392981390277275342*2^128 + 1084435710*2^192,12696432615710953536 + 4594198809830845053*2^64 + 7177025011538332349*2^128 + 15476430955*2^192,11472984371621092352 + 16333608274058715285*2^64 + 4646635526113787814*2^128 + 54569786235*2^192,11083287848115018624 + 4027222261904950779*2^64 + 2961507910686170248*2^128 + 27296964308*2^192,741232007681607808 + 6507654251637971133*2^64 + 17938521928598070188*2^128 + 57209423480*2^192,10703771811195450752 + 13230781026129492832*2^64 + 4610845684925803901*2^128 + 11353968240*2^192,12883015653798907904 + 2303669430095414499*2^64 + 7521242754782907177*2^128 + 22936417990*2^192,2592518371111527168 + 4124678491908954979*2^64 + 7267368937997554210*2^128 + 23785613751*2^192,8840280311679073280 + 10988439863049801983*2^64 + 3039469943298963074*2^128 + 31521254210*2^192,11383393345948492800 + 1596671854283951696*2^64 + 15619600458859057445*2^128 + 18746665399*2^192,1480847101180758016 + 10665298811679734083*2^64 + 4871647347950718411*2^128 + 9138710646*2^192,14501042833088893952 + 18137434082483278994*2^64 + 7235078107488638457*2^128 + 64805356319*2^192,16299332242864805888 + 4836809134038778841*2^64 + 11672740444871512060*2^128 + 42073856748*2^192,7687108111253678080 + 3417123535290055866*2^64 + 4118349405843122477*2^128 + 66208631976*2^192,6094288646576735232 + 10057984895613511653*2^64 + 1104139878114785835*2^128 + 41340509030*2^192,10899690487722940416 + 4997056286386512987*2^64 + 934497024177246641*2^128 + 15042808278*2^192,7486376981211366400 + 10868067101032354876*2^64 + 5137622607638251339*2^128 + 47851645206*2^192,4798840888671579136 + 4892291888737247745*2^64 + 17335706580490551889*2^128 + 34166392841*2^192;\
14225463747460086216 + 3506503030500858122*2^64 + 6688181907277970378*2^128 + 403278285*2^192,7425526797294295856 + 13994924138677127992*2^64 + 2469040053149991570*2^128 + 33113721164*2^192,13875820053544319616 + 3519433814914252056*2^64 + 5851204630343579482*2^128 + 1125122931*2^192,17078648613639147832 + 12937446967337172953*2^64 + 5923886792815862236*2^128 + 63383001770*2^192,8907013175747211488 + 8216577577088580529*2^64 + 14075197433119899940*2^128 + 41472363717*2^192,16766421284393040448 + 15249984985532966445*2^64 + 17011684959776352319*2^128 + 6176198532*2^192,9097435245175037664 + 10110437674015035514*2^64 + 6221577102388690687*2^128 + 23028992054*2^192,8328833056647201024 + 5348484444057780195*2^64 + 7722304829909988474*2^128 + 51701626784*2^192,6032428062589267200 + 6527278508314138464*2^64 + 14465605736571349288*2^128 + 8534836406*2^192,13441266612782288384 + 14635922749920219408*2^64 + 1652771419844180375*2^128 + 47007229675*2^192,10026568880732399168 + 17204032969713681453*2^64 + 4356397860353883131*2^128 + 51780120924*2^192,9658442100816704896 + 5244065794641187933*2^64 + 11112643845702396675*2^128 + 60271815521*2^192,14593446033716690304 + 4411188701053642084*2^64 + 14216509768002398808*2^128 + 62348221888*2^192,6550087036641165696 + 5513544387409287950*2^64 + 13924572819736952924*2^128 + 45431644833*2^192,11211640523371074176 + 5313455293776939342*2^64 + 8369624982192654943*2^128 + 21235580895*2^192,4644829180944657472 + 14092319556813369104*2^64 + 5419986642905591176*2^128 + 39366357755*2^192,14992169614199215040 + 7610486183851825967*2^64 + 6918655884901951019*2^128 + 27589234836*2^192,10246375618078243520 + 13162582878586618698*2^64 + 16362469933076751675*2^128 + 33764718784*2^192,9821013844912529664 + 1866283665790035269*2^64 + 11583766428074302884*2^128 + 45136473560*2^192,17826899722844177472 + 8901577483027225572*2^64 + 11273884264738218175*2^128 + 22003279307*2^192;\
13605541806986273896 + 16317691455210903568*2^64 + 11330697336468096926*2^128 + 35802963425*2^192,9834284225769802360 + 311315078916204989*2^64 + 17341987056598763845*2^128 + 34642344935*2^192,17094365598781205562 + 8047022417173320375*2^64 + 14837310056807132895*2^128 + 42393722198*2^192,11249945476555619241 + 5581757423713845485*2^64 + 7053441500224891042*2^128 + 28453213489*2^192,13571034447929588528 + 15629254284196065938*2^64 + 14530007074901561009*2^128 + 19007002974*2^192,15623208934498763424 + 11876463746285840668*2^64 + 1260695458295546330*2^128 + 21195313346*2^192,11948337487630614592 + 14570551676484802141*2^64 + 10799132303697016681*2^128 + 20095782520*2^192,14663731047827590160 + 15357858226842172419*2^64 + 9793572966402860945*2^128 + 1797862031*2^192,10246788789556707520 + 17981334119247063291*2^64 + 8993733965243562416*2^128 + 12439895089*2^192,17456500952155569944 + 4884458744308449911*2^64 + 11483520239686895826*2^128 + 51320807068*2^192,14247867487591363360 + 11884464430832572580*2^64 + 6766677938502204270*2^128 + 32204578697*2^192,16881483887948770608 + 15049506317970326038*2^64 + 3137152836647448155*2^128 + 18450414743*2^192,12788103972189757632 + 6687277622068498348*2^64 + 2563379787307679263*2^128 + 62897754415*2^192,12517868360169140512 + 17271387935450716744*2^64 + 16719717685526660828*2^128 + 25973244425*2^192,11277367730806041888 + 17584277672812620475*2^64 + 3272069785451328536*2^128 + 60692531176*2^192,15286701322964207232 + 3275514760060084763*2^64 + 5814728448361001068*2^128 + 25774265261*2^192,9270747551779552112 + 6421651028886022724*2^64 + 17016753025459599869*2^128 + 47977201358*2^192,16998651737509630432 + 11482343121026984549*2^64 + 4700114445660974106*2^128 + 3427322414*2^192,5784297114974494864 + 3829725986087301533*2^64 + 6773068277357885404*2^128 + 16089338861*2^192,11134034437491124384 + 6279482700264441952*2^64 + 2322693171812603596*2^128 + 2796749798*2^192;\
7335480677993547008 + 5158705149025238651*2^64 + 185913247663407488*2^128 + 3381091500*2^192,5857053638539719168 + 8586034251463979449*2^64 + 10392729841607253639*2^128 + 24025731670*2^192,14699549536416042944 + 13578239393677852410*2^64 + 7644568953834298826*2^128 + 13419380623*2^192,5821313484700828128 + 5727958046236003174*2^64 + 551053467120752218*2^128 + 31457737084*2^192,14521923627746204160 + 7775722937654256207*2^64 + 14704134234839982405*2^128 + 4987601011*2^192,10998142045452499968 + 11937679369576674592*2^64 + 373261180979840215*2^128 + 3329349164*2^192,384756260089265920 + 16105066674629481084*2^64 + 17783102958135728167*2^128 + 20528856656*2^192,14194512836412675584 + 6088355039142284575*2^64 + 14406134110770090505*2^128 + 10588128327*2^192,8843344799085561856 + 14711049819215514975*2^64 + 17963408576071529615*2^128 + 7997681569*2^192,10350665524698022144 + 14009961704685099911*2^64 + 6016504920307777912*2^128 + 20230400923*2^192,11621954031572020224 + 10051086474152211241*2^64 + 11242155958822027453*2^128 + 28214117112*2^192,4889800679368553984 + 9289850074382792602*2^64 + 15235290477047060331*2^128 + 26297596572*2^192,7755889998884867072 + 16229968758190431763*2^64 + 10424632537146379886*2^128 + 33676980008*2^192,7828135998029680640 + 9025314646627501258*2^64 + 4870731365993435469*2^128 + 17298297982*2^192,9915609047832278016 + 15570248428925895195*2^64 + 13147842330900000304*2^128 + 17925457802*2^192,13604719968216353024 + 1398993068992911773*2^64 + 17719943421407219126*2^128 + 32255659519*2^192,1172455619221709824 + 1063632702555558330*2^64 + 1746372402900824706*2^128 + 32648833960*2^192,9229566784777651200 + 15562454379660985384*2^64 + 10850554258567034960*2^128 + 25272663274*2^192,18409798470642520576 + 17488778345272516103*2^64 + 16048411482045220952*2^128 + 2308815811*2^192,1814180321998410752 + 8470988762378580050*2^64 + 494788145785982007*2^128 + 11347349226*2^192;\
10208598121949325160 + 11926072529931798472*2^64 + 5758896360208356891*2^128 + 13097841856*2^192,11237459911410838768 + 13699785299854065678*2^64 + 13581413563306489895*2^128 + 7790362455*2^192,1833721125021909088 + 17069133012090717640*2^64 + 7120258549111719837*2^128 + 44138711497*2^192,2021566407408714120 + 2119194823390826903*2^64 + 13508241951433175840*2^128 + 56779009013*2^192,14519105432772872288 + 3262328875582935530*2^64 + 6397685569511541509*2^128 + 42193167215*2^192,13606009595182961600 + 12396454373231972862*2^64 + 7136544197503904292*2^128 + 23968372833*2^192,7858099360708338272 + 3774690794462822732*2^64 + 16401889242868076119*2^128 + 14481934381*2^192,16352585675349356416 + 11830275966142472290*2^64 + 15933412614627090947*2^128 + 3683456871*2^192,14702604267996519168 + 4055426975948402909*2^64 + 13330059825538410135*2^128 + 56068423723*2^192,16474069043308994304 + 9981222971854134096*2^64 + 15223013572470185941*2^128 + 18132546469*2^192,13611326232149833408 + 9586527116663444354*2^64 + 18083895663675167882*2^128 + 32065404828*2^192,579031259586033792 + 862517601462997623*2^64 + 2934923177793898257*2^128 + 39328937070*2^192,16723048519280076800 + 18278296559737936661*2^64 + 18110644200697096060*2^128 + 28990148240*2^192,10405503834500158336 + 8889210341381907624*2^64 + 7427523955722719316*2^128 + 44390161766*2^192,864335991274660992 + 7989427580872727175*2^64 + 12766168062550143300*2^128 + 5781039388*2^192,9828861304018269504 + 6685352013828753516*2^64 + 10195508947494381202*2^128 + 61609253821*2^192,13597884093724557760 + 7497712577043843578*2^64 + 15783294653419266763*2^128 + 2986499820*2^192,2278424833573181888 + 14350685753985095854*2^64 + 16292269269738101127*2^128 + 1617300949*2^192,11027955030263437056 + 10788882051168000397*2^64 + 8875239224495982021*2^128 + 49641971500*2^192,15324412353566520896 + 9237239484184208334*2^64 + 5596535047596847006*2^128 + 20662007642*2^192;\
12393165487694203264 + 16374228591368402686*2^64 + 14559513753356651377*2^128 + 44827285709*2^192,17239470229015245568 + 14089320851875259918*2^64 + 15840869595757359893*2^128 + 32500896292*2^192,18122419964160993888 + 4833761675052988949*2^64 + 15031664847329980131*2^128 + 59128372742*2^192,17245700846006630704 + 12046891532195899584*2^64 + 12883973820387726949*2^128 + 13270151980*2^192,8079704007416595712 + 5371709934877975196*2^64 + 3751121493298848640*2^128 + 4845767880*2^192,13587233418758986240 + 17726497666965077681*2^64 + 3901709078576850920*2^128 + 12167897452*2^192,15322914837178108800 + 15174423799270244613*2^64 + 17556322187262354359*2^128 + 61465563210*2^192,3365496081674254080 + 14502272056596629557*2^64 + 6648632478743648073*2^128 + 13434905689*2^192,2174099781187007488 + 3226783799166669831*2^64 + 7083577055455200416*2^128 + 41298288635*2^192,5100272282631017088 + 4864850281340535512*2^64 + 3871293691165323222*2^128 + 2836221866*2^192,3180008946061854208 + 4021086682375998621*2^64 + 221265282881502713*2^128 + 19691647357*2^192,11082818291799035648 + 7649581107381563142*2^64 + 16104017867190993114*2^128 + 5339280468*2^192,9927016527318814720 + 16960621624965163922*2^64 + 13255210134439634162*2^128 + 33484639634*2^192,9089804100475831296 + 17894201532892314837*2^64 + 10345049331385398927*2^128 + 12601786110*2^192,16360168729167561216 + 15554888949560397530*2^64 + 3543355672796820954*2^128 + 63357238842*2^192,6838061288159433472 + 15508788179204846503*2^64 + 11069206877862944598*2^128 + 37826545563*2^192,15463949762447674880 + 5200158612820589658*2^64 + 13757271823907322792*2^128 + 57410189348*2^192,1616468154089647616 + 12607924803010091944*2^64 + 553187813837928741*2^128 + 37491830556*2^192,1254586682701501696 + 2511311625037315520*2^64 + 18188709975076336331*2^128 + 221988326*2^192,5899930338394152448 + 13645949059939755812*2^64 + 14609291512973371047*2^128 + 34669621958*2^192;\
12016441492376136176 + 2697883866531759332*2^64 + 16561614836584710794*2^128 + 44908261874*2^192,14658658438387645808 + 690407006831215406*2^64 + 1223837305664158777*2^128 + 58104644025*2^192,799809434172601892 + 12532014964822203884*2^64 + 2395909133399272868*2^128 + 38461200796*2^192,2978297225223600522 + 15001681440359186031*2^64 + 17285105411330134504*2^128 + 58311985949*2^192,2554248341674435616 + 13922529722877000357*2^64 + 12691660849757825024*2^128 + 67467325436*2^192,9235839406995531168 + 1113474703291610598*2^64 + 13182496625861537514*2^128 + 40157199469*2^192,14969912594656088192 + 17949007100564492239*2^64 + 5137316484459181282*2^128 + 3462750874*2^192,2306398650074455712 + 2869918288959873463*2^64 + 3083306264249788666*2^128 + 10755763118*2^192,3189450914726498816 + 12603902873325944494*2^64 + 4952928925475492857*2^128 + 30058759887*2^192,3666832392982482800 + 9226608993646181401*2^64 + 7901650475638358107*2^128 + 22847896922*2^192,17558070026895744064 + 3339074058310553231*2^64 + 17245419894661716793*2^128 + 2215711164*2^192,13848026584829529824 + 18412661389022002658*2^64 + 468046965991542718*2^128 + 63881485819*2^192,1388698308782222080 + 17763550888571689681*2^64 + 9008427941594956655*2^128 + 55824198808*2^192,710834585614680960 + 18120520469139514565*2^64 + 11857902318516300491*2^128 + 25907822527*2^192,7078041567703682752 + 13612449374625018307*2^64 + 657294967983565602*2^128 + 6171273264*2^192,3287091713948111872 + 5328176771390480155*2^64 + 4667038553641609778*2^128 + 4266117168*2^192,7640908770575182048 + 5022474017648485897*2^64 + 14465414300296979009*2^128 + 29326792132*2^192,9032508661275660480 + 4732099173360764245*2^64 + 1135654162894824238*2^128 + 58473909847*2^192,9937929291856312352 + 8917492317435943740*2^64 + 14783029327953751898*2^128 + 36783729133*2^192,2753140583957534784 + 15578474234690136648*2^64 + 3657495761322065126*2^128 + 25072676623*2^192;\
12738134123450272272 + 7012366676963918456*2^64 + 12726598545628178904*2^128 + 68713310150*2^192,4500484598499978528 + 12940707112095939337*2^64 + 6655920252894368737*2^128 + 48035007733*2^192,12258135280141452560 + 5791253732950975973*2^64 + 4376589286500962463*2^128 + 561056782*2^192,14514752690260436568 + 17508747553437829999*2^64 + 15255887704462633967*2^128 + 12556178315*2^192,17367730252978795584 + 15381095939841372346*2^64 + 9636721631876955498*2^128 + 56021771364*2^192,13295320546715864448 + 6585768279712198406*2^64 + 18248884662559138420*2^128 + 48966796165*2^192,2673562556483421760 + 3889525672917173126*2^64 + 13078652889083923228*2^128 + 63911832231*2^192,5841684777611126400 + 11365253183239706128*2^64 + 6434926574264212734*2^128 + 24857370695*2^192,11943328350682727936 + 11282126227288897521*2^64 + 7978941485030958439*2^128 + 47622847038*2^192,11010267748819872192 + 11809405652123472774*2^64 + 12944951932972948723*2^128 + 51803977728*2^192,6419439125128160640 + 7076244303926813800*2^64 + 17399869910666142125*2^128 + 15259613570*2^192,15072395266449110656 + 17170848893938806218*2^64 + 2731604595947308588*2^128 + 56923412157*2^192,18199543490232569088 + 9475615682432242660*2^64 + 11537512013738956765*2^128 + 23397910118*2^192,7792498175839851520 + 7155782912795344112*2^64 + 796233830995646925*2^128 + 60682698143*2^192,837240217106577920 + 6118835913849919687*2^64 + 13693419025141958005*2^128 + 2166975810*2^192,16772100822316658560 + 8488670033985617939*2^64 + 3904179866502890301*2^128 + 13934382667*2^192,4069522272749837824 + 1377074815947502800*2^64 + 9756759274928017931*2^128 + 48389912465*2^192,16572317009900797824 + 1866996800676406043*2^64 + 1669550466204406839*2^128 + 55906348963*2^192,15375545864660740224 + 10277005558515474279*2^64 + 13087732329364801425*2^128 + 9191093018*2^192,10951317508561931136 + 11803287509955474265*2^64 + 16148045970571446151*2^128 + 41476748925*2^192]
/* 
This matrix times 2^(-6) should be the matrix of frobenius.
*/ 
B = 2^(-6) * A; 
/* Freed 6095 lists. */
The sign is: -1
The characteristic polynomial is: x^20 - 6*x^17 + 21*x^15 + 32*x^14 + 72*x^13 - 240*x^12 - 384*x^11 + 1536*x^9 + 3840*x^8 - 4608*x^7 - 8192*x^6 - 21504*x^5 + 98304*x^3 - 1048576
Its Newton polygon is: [2, 2, 2, 2, 2, 1, 1, 1, 1, 1, 1, 1, 1, 1, 1, 0, 0, 0, 0, 0]
Its factorization is: [x - 2, 1; x + 2, 1; x^18 + 4*x^16 - 6*x^15 + 16*x^14 - 3*x^13 + 96*x^12 + 60*x^11 + 144*x^10 - 144*x^9 + 576*x^8 + 960*x^7 + 6144*x^6 - 768*x^5 + 16384*x^4 - 24576*x^3 + 65536*x^2 + 262144, 1]
The valuation of f-g is: 24
The valuation of subst(g,x,A) is: 18
