/* Comments begin... 
No set up needed.

Please input coefficients below.
Coefficient of   x^23                     = Coefficient of   x^12 * w^2               = Coefficient of   x^6 * y^6 * w^1         = Coefficient of   x^5 * y^5 * z^1 * w^1   = Coefficient of   x^4 * y^4 * z^2 * w^1   = Coefficient of   x^3 * y^3 * z^3 * w^1   = Coefficient of   x^2 * y^2 * z^4 * w^1   = Coefficient of   x^1 * y^1 * z^5 * w^1   = Coefficient of   x^1 * w^4               = Coefficient of   y^12                     = Coefficient of   z^6 * w^1               = 
Here is the polynomial we're using this time:

1 + 0*2^64 + 0*2^128 + 0*2^192*x^23 + 1 + 0*2^64 + 0*2^128 + 0*2^192*x^12*w^2 + 1 + 0*2^64 + 0*2^128 + 0*2^192*x^6*y^6*w^1 + 1 + 0*2^64 + 0*2^128 + 0*2^192*x^3*y^3*z^3*w^1 + 1 + 0*2^64 + 0*2^128 + 0*2^192*x^2*y^2*z^4*w^1 + 1 + 0*2^64 + 0*2^128 + 0*2^192*x^1*y^1*z^5*w^1 + 1 + 0*2^64 + 0*2^128 + 0*2^192*x^1*w^4 + 1 + 0*2^64 + 0*2^128 + 0*2^192*y^12 + 1 + 0*2^64 + 0*2^128 + 0*2^192*z^6*w^1


Allocate G_len 20 elements and old = 0.
Allocate M_len = 400 elements.
Allocate G_len 40 elements and old = 20.
Allocate M_len = 800 elements.
Allocate G_len 80 elements and old = 40.
Allocate M_len = 1600 elements.
Allocate M_len = 3200 elements.
Allocate G_len 160 elements and old = 80.
Allocate M_len = 6400 elements.
Allocate M_len = 12800 elements.
Allocate G_len 320 elements and old = 160.
Allocate M_len = 25600 elements.
Allocate M_len = 51200 elements.
Allocate G_len 640 elements and old = 320.
Allocate M_len = 102400 elements.
Allocate M_len = 204800 elements.
Allocate G_len 1280 elements and old = 640.
Allocate M_len = 409600 elements.
The final length of G is 665
[3, 3, 2, 1, 0]  	241	4 
[22, 0, 0, 0, 0]  	264	7  <--- 1
[12, 0, 0, 2, 0]  	276	3 
[6, 6, 0, 1, 0]  	276	5 
[3, 2, 5, 1, 0]  	323	4 
[9, 2, 3, 1, 0]  	325	9 
[16, 6, 0, 0, 0]  	330	11 
[6, 13, 0, 0, 0]  	371	9 
[8, 12, 0, 0, 0]  	372	12 
[9, 9, 2, 0, 0]  	385	10 
[7, 12, 1, 0, 0]  	395	10 
[19, 3, 3, 0, 0]  	402	13 
[8, 9, 3, 0, 0]  	408	11 
[8, 2, 4, 2, 0]  	414	8 
[10, 1, 4, 2, 0]  	415	8 
[6, 12, 2, 0, 0]  	418	8 
[8, 11, 2, 0, 0]  	419	12 
[10, 0, 5, 2, 0]  	427	8 
[7, 0, 8, 1, 0]  	430	9 
[7, 9, 4, 0, 0]  	431	13 
[21, 2, 4, 0, 0]  	438	12 
[8, 0, 6, 2, 0]  	438	8 
[6, 1, 8, 1, 0]  	441	8 
[7, 8, 5, 0, 0]  	443	14 
[6, 7, 6, 0, 0]  	443	14 
[13, 8, 3, 0, 0]  	445	17 
[21, 1, 5, 0, 0]  	450	14 
[3, 15, 2, 0, 0]  	451	5 
[6, 0, 9, 1, 0]  	453	9 
[6, 6, 7, 0, 0]  	455	12 
[18, 0, 7, 0, 0]  	461	12 
[21, 0, 6, 0, 0]  	462	12 
[3, 14, 3, 0, 0]  	463	4 
[6, 11, 4, 0, 0]  	465	10 
[15, 11, 1, 0, 0]  	468	18 
[12, 8, 4, 0, 0]  	468	16 
[10, 6, 6, 0, 0]  	468	16 
[20, 1, 4, 1, 0]  	469	15 
[14, 7, 4, 0, 0]  	469	15 
[18, 5, 4, 0, 0]  	471	13 
[3, 1, 8, 2, 0]  	471	4 
[5, 18, 0, 0, 0]  	474	10 
[2, 15, 3, 0, 0]  	474	6 
[2, 3, 9, 1, 0]  	474	5 
[5, 0, 10, 1, 0]  	476	8 
[6, 10, 5, 0, 0]  	477	11 
[5, 6, 8, 0, 0]  	478	14 
[20, 0, 5, 1, 0]  	481	15 
[14, 6, 5, 0, 0]  	481	14 
[17, 3, 6, 0, 0]  	483	14 
[3, 0, 9, 2, 0]  	483	5 
[6, 0, 8, 2, 0]  	484	5 
[2, 17, 2, 0, 0]  	485	7 
[2, 5, 8, 1, 0]  	485	7 
[2, 2, 10, 1, 0]  	486	6 
[4, 13, 4, 0, 0]  	487	7 
[4, 1, 10, 1, 0]  	487	6 
[5, 5, 9, 0, 0]  	490	12 
[4, 4, 10, 0, 0]  	490	12 
[18, 0, 6, 1, 0]  	492	9 
[17, 5, 5, 0, 0]  	494	14 
[3, 0, 0, 7, 0]  	498	5 
[4, 12, 5, 0, 0]  	499	7 
[4, 0, 11, 1, 0]  	499	7 
[4, 6, 9, 0, 0]  	501	12 
[3, 5, 10, 0, 0]  	501	12 
[9, 5, 8, 0, 0]  	503	16 
[2, 0, 10, 2, 0]  	506	5 
[2, 1, 0, 7, 0]  	509	6 
[3, 13, 5, 0, 0]  	510	5 
[3, 1, 11, 1, 0]  	510	5 
[8, 2, 3, 4, 0]  	511	13 
[3, 7, 9, 0, 0]  	512	11 
[4, 3, 0, 6, 0]  	513	12 
[3, 4, 11, 0, 0]  	513	11 
[1, 4, 10, 1, 0]  	520	7 
[2, 14, 5, 0, 0]  	521	4 
[2, 0, 1, 7, 0]  	521	5 
[3, 12, 6, 0, 0]  	522	6 
[3, 0, 12, 1, 0]  	522	6 
[5, 11, 6, 0, 0]  	523	8 
[4, 10, 7, 0, 0]  	523	9 
[3, 9, 8, 0, 0]  	523	9 
[4, 2, 1, 6, 0]  	525	12 
[10, 4, 9, 0, 0]  	527	15 
[4, 18, 0, 1, 0]  	528	11 
[1, 3, 11, 1, 0]  	532	7 
[2, 1, 12, 1, 0]  	533	4 
[3, 11, 7, 0, 0]  	534	7 
[2, 7, 10, 0, 0]  	535	10 
[8, 2, 0, 6, 0]  	538	15 
[16, 3, 8, 0, 0]  	541	13 
[17, 1, 9, 0, 0]  	542	12 
[1, 14, 6, 0, 0]  	544	7 
[1, 2, 12, 1, 0]  	544	5 
[3, 5, 0, 6, 0]  	547	10 
[2, 6, 11, 0, 0]  	547	9 
[2, 0, 0, 8, 0]  	552	5 
[16, 2, 9, 0, 0]  	553	14 
[17, 0, 10, 0, 0]  	554	12 
[2, 11, 8, 0, 0]  	557	6 
[3, 4, 1, 6, 0]  	559	9 
[15, 3, 9, 0, 0]  	564	13 
[16, 1, 10, 0, 0]  	565	14 
[1, 1, 2, 7, 0]  	567	4 
[2, 10, 9, 0, 0]  	569	7 
[2, 18, 0, 2, 0]  	570	9 
[2, 15, 2, 2, 0]  	571	8 
[2, 3, 8, 3, 0]  	571	8 
[16, 0, 11, 0, 0]  	577	13 
[1, 0, 3, 7, 0]  	579	4 
[2, 0, 14, 1, 0]  	580	5 
[2, 8, 5, 3, 0]  	581	9 
[2, 7, 0, 6, 0]  	581	8 
[3, 2, 3, 6, 0]  	583	8 
[2, 3, 14, 0, 0]  	583	8 
[11, 3, 11, 0, 0]  	586	13 
[14, 3, 10, 0, 0]  	587	11 
[1, 13, 8, 0, 0]  	591	6 
[2, 6, 1, 6, 0]  	593	7 
[1, 18, 1, 2, 0]  	593	7 
[1, 7, 12, 0, 0]  	593	6 
[2, 3, 3, 6, 0]  	594	7 
[1, 4, 14, 0, 0]  	594	7 
[3, 1, 4, 6, 0]  	595	8 
[2, 3, 5, 5, 0]  	598	5 
[1, 1, 1, 8, 0]  	598	5 
[15, 0, 12, 0, 0]  	600	14 
[1, 20, 0, 2, 0]  	604	7 
[1, 9, 11, 0, 0]  	604	6 
[2, 6, 7, 3, 0]  	605	7 
[1, 6, 13, 0, 0]  	605	6 
[2, 2, 4, 6, 0]  	606	8 
[1, 3, 15, 0, 0]  	606	8 
[2, 12, 5, 2, 0]  	607	9 
[13, 0, 13, 0, 0]  	611	12 
[1, 11, 10, 0, 0]  	615	4 
[1, 9, 0, 6, 0]  	615	4 
[1, 6, 2, 6, 0]  	616	5 
[1, 12, 0, 5, 0]  	618	7 
[5, 10, 0, 5, 0]  	620	10 
[1, 16, 5, 1, 0]  	621	4 
[13, 2, 12, 0, 0]  	622	12 
[1, 1, 13, 2, 0]  	622	5 
[1, 8, 1, 6, 0]  	627	4 
[0, 20, 1, 2, 0]  	627	4 
[1, 6, 8, 3, 0]  	628	4 
[1, 1, 0, 9, 0]  	629	5 
[0, 13, 0, 5, 0]  	629	5 
[2, 0, 6, 6, 0]  	630	7 
[1, 24, 0, 1, 0]  	630	7 
[0, 14, 7, 1, 0]  	633	5 
[0, 14, 9, 0, 0]  	637	5 
[1, 0, 16, 1, 0]  	638	4 
[0, 19, 2, 2, 0]  	639	3 
[0, 8, 13, 0, 0]  	639	3 
[1, 4, 4, 6, 0]  	640	3 
[0, 16, 4, 2, 0]  	640	4 
[0, 5, 15, 0, 0]  	640	4 
[1, 1, 6, 6, 0]  	641	6 
[1, 0, 1, 9, 0]  	641	6 
[0, 25, 0, 1, 0]  	641	6 
[2, 8, 3, 5, 0]  	643	5 
[1, 20, 3, 1, 0]  	643	4 
[1, 8, 9, 2, 0]  	643	4 
[1, 1, 8, 5, 0]  	645	5 
[4, 26, 0, 0, 0]  	646	7 
[1, 20, 5, 0, 0]  	647	7 
[0, 18, 3, 2, 0]  	651	2 
[0, 7, 14, 0, 0]  	651	2 
[0, 6, 9, 3, 0]  	651	2 
[0, 4, 16, 0, 0]  	652	3 
[1, 0, 7, 6, 0]  	653	5 
[0, 24, 1, 1, 0]  	653	5 
[2, 11, 7, 2, 0]  	654	8 
[7, 2, 15, 0, 0]  	655	4 
[2, 7, 4, 5, 0]  	655	5 
[1, 19, 4, 1, 0]  	655	4 
[1, 5, 0, 8, 0]  	655	4 
[4, 25, 1, 0, 0]  	658	7 
[1, 3, 9, 4, 0]  	660	4 
[0, 3, 15, 1, 0]  	660	4 
[0, 5, 10, 3, 0]  	663	1 
[0, 4, 5, 6, 0]  	663	1 
[0, 3, 0, 9, 0]  	663	1 
[0, 3, 17, 0, 0]  	664	3 
[0, 2, 12, 3, 0]  	664	3 
[2, 2, 17, 0, 0]  	665	5 
[1, 11, 2, 5, 0]  	665	5 
[1, 0, 13, 3, 0]  	665	5 
[3, 23, 1, 1, 0]  	666	4 
[7, 1, 16, 0, 0]  	667	7 
[1, 5, 6, 5, 0]  	667	6 
[9, 0, 16, 0, 0]  	668	8 
[12, 0, 15, 0, 0]  	669	6 
[2, 0, 9, 5, 0]  	669	5 
[1, 0, 15, 2, 0]  	669	4 
[1, 7, 1, 7, 0]  	670	5 
[1, 2, 10, 4, 0]  	672	6 
[0, 12, 0, 6, 0]  	672	4 
[0, 4, 11, 3, 0]  	675	1 
[0, 3, 6, 6, 0]  	675	1 
[0, 2, 1, 9, 0]  	675	1 
[0, 12, 2, 5, 0]  	676	3 
[1, 23, 2, 1, 0]  	677	4 
[1, 11, 8, 2, 0]  	677	4 
[0, 19, 5, 1, 0]  	678	5 
[7, 0, 17, 0, 0]  	679	7 
[1, 23, 4, 0, 0]  	681	4 
[0, 19, 7, 0, 0]  	682	5 
[0, 15, 6, 2, 0]  	687	1 
[0, 2, 7, 6, 0]  	687	1 
[0, 1, 2, 9, 0]  	687	1 
[0, 11, 3, 5, 0]  	688	3 
[0, 9, 10, 2, 0]  	689	3 
[1, 18, 0, 4, 0]  	690	5 
[0, 30, 0, 0, 0]  	690	5  <--- 2
[0, 18, 6, 1, 0]  	690	5 
[0, 18, 8, 0, 0]  	694	3 
[0, 6, 14, 1, 0]  	694	3 
[0, 1, 8, 6, 0]  	699	1 
[0, 0, 3, 9, 0]  	699	1 
[1, 1, 19, 0, 0]  	700	3 
[0, 23, 3, 1, 0]  	700	3 
[0, 11, 9, 2, 0]  	700	3 
[1, 27, 2, 0, 0]  	703	5 
[0, 4, 10, 4, 0]  	706	3 
[0, 2, 17, 1, 0]  	707	3 
[0, 13, 8, 2, 0]  	711	1 
[0, 2, 19, 0, 0]  	711	1 
[0, 1, 14, 3, 0]  	711	1 
[0, 0, 9, 6, 0]  	711	1 
[1, 10, 4, 5, 0]  	712	2 
[0, 22, 4, 1, 0]  	712	2 
[0, 18, 1, 4, 0]  	713	3 
[0, 7, 12, 2, 0]  	713	3 
[0, 13, 12, 0, 0]  	719	4 
[0, 11, 2, 6, 0]  	719	3 
[0, 1, 20, 0, 0]  	723	1 
[0, 0, 15, 3, 0]  	723	1 
[0, 20, 0, 4, 0]  	724	3 
[5, 0, 19, 0, 0]  	725	4 
[0, 6, 13, 2, 0]  	725	3 
[0, 27, 3, 0, 0]  	726	4 
[1, 0, 11, 5, 0]  	727	5 
[0, 14, 6, 3, 0]  	730	3 
[0, 10, 5, 5, 0]  	735	1 
[0, 9, 0, 8, 0]  	735	1 
[0, 0, 21, 0, 0]  	735	1  <--- 3
[0, 29, 2, 0, 0]  	737	3 
[0, 5, 14, 2, 0]  	737	3 
[1, 0, 0, 11, 0]  	738	5 
[0, 9, 6, 5, 0]  	747	1 
[0, 8, 1, 8, 0]  	747	1 
[0, 6, 8, 5, 0]  	748	2 
[0, 1, 19, 1, 0]  	754	2 
[0, 8, 7, 5, 0]  	759	1 
[0, 7, 2, 8, 0]  	759	1 
[0, 6, 3, 8, 0]  	771	1 
[0, 26, 5, 0, 0]  	773	3 
[0, 5, 4, 8, 0]  	783	1 
[0, 0, 0, 12, 0]  	792	1  <--- 4
[12, 0, 0, 1, 1]  	210	7 
[6, 5, 0, 1, 1]  	253	5 
[2, 2, 6, 1, 1]  	346	4 
[8, 2, 4, 1, 1]  	348	9 
[10, 1, 4, 1, 1]  	349	12 
[2, 1, 7, 1, 1]  	358	4 
[10, 0, 5, 1, 1]  	361	13 
[1, 13, 2, 0, 1]  	381	4 
[9, 0, 6, 1, 1]  	384	13 
[11, 11, 0, 0, 1]  	385	11 
[8, 1, 6, 1, 1]  	395	8 
[11, 0, 0, 4, 1]  	396	17 
[8, 0, 7, 1, 1]  	407	10 
[10, 11, 1, 0, 1]  	408	15 
[8, 8, 4, 0, 1]  	420	11 
[5, 12, 3, 0, 1]  	441	8 
[7, 1, 6, 2, 1]  	449	8 
[4, 6, 0, 4, 1]  	450	8 
[5, 17, 0, 0, 1]  	451	7 
[6, 9, 5, 0, 1]  	454	12 
[4, 0, 8, 2, 1]  	460	6 
[4, 12, 4, 0, 1]  	464	7 
[5, 7, 7, 0, 1]  	466	13 
[2, 12, 3, 1, 1]  	471	4 
[2, 9, 5, 1, 1]  	472	7 
[3, 6, 1, 4, 1]  	473	7 
[1, 2, 10, 1, 1]  	474	5 
[12, 7, 5, 0, 1]  	480	17 
[2, 11, 4, 1, 1]  	483	5 
[3, 8, 0, 4, 1]  	484	6 
[2, 7, 1, 4, 1]  	484	6 
[2, 0, 0, 7, 1]  	486	5 
[3, 12, 5, 0, 1]  	487	6 
[5, 11, 5, 0, 1]  	488	9 
[8, 5, 8, 0, 1]  	491	16 
[11, 5, 7, 0, 1]  	492	15 
[2, 9, 0, 4, 1]  	495	6 
[2, 6, 2, 4, 1]  	496	6 
[5, 10, 6, 0, 1]  	500	10 
[4, 9, 7, 0, 1]  	500	10 
[8, 4, 9, 0, 1]  	503	15 
[1, 8, 7, 1, 1]  	507	4 
[1, 5, 9, 1, 1]  	508	5 
[2, 12, 6, 0, 1]  	510	5 
[4, 8, 8, 0, 1]  	512	11 
[15, 4, 7, 0, 1]  	517	13 
[1, 7, 8, 1, 1]  	519	4 
[2, 4, 4, 4, 1]  	520	8 
[1, 1, 12, 1, 1]  	521	4 
[3, 4, 0, 6, 1]  	524	11 
[7, 2, 0, 6, 1]  	526	13 
[6, 3, 11, 0, 1]  	526	13 
[9, 1, 0, 6, 1]  	527	11 
[1, 12, 5, 1, 1]  	529	5 
[17, 2, 8, 0, 1]  	530	15 
[1, 5, 4, 4, 1]  	531	4 
[1, 12, 7, 0, 1]  	533	4 
[7, 2, 4, 4, 1]  	534	11 
[9, 1, 4, 4, 1]  	535	12 
[3, 3, 1, 6, 1]  	536	10 
[5, 15, 0, 2, 1]  	537	12 
[7, 1, 1, 6, 1]  	538	12 
[1, 4, 5, 4, 1]  	543	4 
[1, 3, 0, 7, 1]  	543	5 
[1, 0, 2, 7, 1]  	544	4 
[2, 9, 9, 0, 1]  	546	8 
[9, 0, 5, 4, 1]  	547	12 
[3, 2, 2, 6, 1]  	548	9 
[5, 14, 1, 2, 1]  	549	11 
[1, 3, 6, 4, 1]  	555	4 
[1, 2, 1, 7, 1]  	555	5 
[5, 13, 0, 3, 1]  	557	9 
[7, 0, 6, 4, 1]  	558	11 
[2, 5, 12, 0, 1]  	559	8 
[3, 3, 13, 0, 1]  	560	9 
[6, 1, 2, 6, 1]  	561	11 
[1, 2, 7, 4, 1]  	567	5 
[0, 14, 7, 0, 1]  	567	4 
[5, 12, 1, 3, 1]  	569	10 
[2, 5, 1, 6, 1]  	570	8 
[2, 4, 13, 0, 1]  	571	8 
[1, 13, 0, 4, 1]  	575	6 
[1, 1, 8, 4, 1]  	579	5 
[0, 13, 8, 0, 1]  	579	4 
[1, 12, 1, 4, 1]  	587	5 
[15, 1, 11, 0, 1]  	588	14 
[1, 0, 9, 4, 1]  	591	4 
[1, 3, 9, 3, 1]  	594	7 
[2, 2, 15, 0, 1]  	595	8 
[5, 0, 4, 6, 1]  	596	10 
[14, 2, 11, 0, 1]  	599	15 
[1, 11, 2, 4, 1]  	599	4 
[8, 1, 14, 0, 1]  	609	7 
[1, 7, 7, 3, 1]  	616	5 
[1, 2, 16, 0, 1]  	618	7 
[1, 1, 11, 3, 1]  	618	7 
[4, 0, 5, 6, 1]  	619	9 
[3, 1, 16, 0, 1]  	619	8 
[2, 23, 0, 1, 1]  	619	7 
[0, 15, 6, 1, 1]  	621	4 
[1, 5, 3, 6, 1]  	628	4 
[0, 17, 3, 2, 1]  	628	4 
[0, 14, 5, 2, 1]  	629	5 
[1, 11, 1, 5, 1]  	630	7 
[2, 1, 17, 0, 1]  	642	7 
[4, 0, 17, 0, 1]  	643	7 
[0, 19, 4, 1, 1]  	643	4 
[0, 25, 2, 0, 1]  	645	5 
[1, 3, 5, 6, 1]  	652	3 
[0, 18, 5, 1, 1]  	655	4 
[8, 0, 16, 0, 1]  	656	8 
[0, 14, 4, 3, 1]  	660	4 
[3, 0, 18, 0, 1]  	666	4 
[0, 20, 6, 0, 1]  	670	5 
[0, 16, 3, 3, 1]  	671	4 
[1, 0, 0, 10, 1]  	672	5 
[0, 13, 7, 2, 1]  	676	3 
[0, 2, 18, 0, 1]  	676	3 
[1, 10, 3, 5, 1]  	677	4 
[0, 18, 0, 4, 1]  	678	4 
[0, 22, 5, 0, 1]  	681	4 
[0, 24, 0, 2, 1]  	684	6 
[2, 0, 19, 0, 1]  	689	4 
[0, 12, 12, 0, 1]  	696	4 
[0, 8, 11, 2, 1]  	701	3 
[3, 29, 0, 0, 1]  	703	5 
[0, 13, 6, 3, 1]  	707	3 
[1, 0, 20, 0, 1]  	712	3 
[0, 3, 11, 4, 1]  	718	3 
[0, 2, 6, 7, 1]  	718	2 
[0, 8, 6, 5, 1]  	724	2 
[0, 17, 2, 4, 1]  	725	3 
[2, 29, 1, 0, 1]  	726	4 
[0, 1, 7, 7, 1]  	730	2 
[0, 7, 7, 5, 1]  	736	2 
[0, 1, 13, 4, 1]  	742	2 
[10, 11, 0, 0, 2]  	373	14 
[7, 1, 6, 1, 2]  	383	9 
[8, 1, 5, 2, 2]  	426	8 
[6, 1, 6, 2, 2]  	437	7 
[7, 11, 3, 0, 2]  	442	11 
[6, 0, 7, 2, 2]  	449	6 
[3, 7, 0, 4, 2]  	461	8 
[5, 9, 6, 0, 2]  	477	11 
[4, 5, 9, 0, 2]  	478	13 
[2, 3, 4, 4, 2]  	497	7 
[2, 2, 5, 4, 2]  	509	7 
[8, 3, 10, 0, 2]  	515	14 
[1, 2, 6, 4, 2]  	532	6 
[1, 1, 7, 4, 2]  	544	6 
[2, 11, 2, 3, 2]  	545	5 
[7, 1, 5, 4, 2]  	546	12 
[7, 2, 12, 0, 2]  	550	11 
[10, 0, 1, 6, 2]  	551	10 
[1, 12, 0, 4, 2]  	552	5 
[1, 12, 2, 3, 2]  	556	5 
[2, 9, 4, 3, 2]  	569	7 
[4, 17, 0, 2, 2]  	571	8 
[2, 2, 3, 6, 2]  	571	7 
[6, 2, 13, 0, 2]  	573	10 
[15, 2, 10, 0, 2]  	576	14 
[5, 1, 3, 6, 2]  	584	12 
[4, 2, 14, 0, 2]  	584	10 
[4, 0, 4, 6, 2]  	584	9 
[1, 10, 10, 0, 2]  	592	6 
[3, 17, 1, 2, 2]  	594	7 
[4, 1, 15, 0, 2]  	596	9 
[7, 1, 14, 0, 2]  	597	8 
[1, 11, 4, 3, 2]  	603	4 
[1, 5, 8, 3, 2]  	605	6 
[2, 1, 16, 0, 2]  	607	8 
[1, 10, 5, 3, 2]  	615	4 
[2, 1, 5, 6, 2]  	618	7 
[0, 24, 2, 0, 2]  	622	4 
[1, 9, 6, 3, 2]  	627	4 
[1, 2, 5, 6, 2]  	629	5 
[0, 13, 2, 4, 2]  	633	4 
[5, 0, 7, 5, 2]  	635	8 
[0, 13, 4, 3, 2]  	637	4 
[1, 23, 1, 1, 2]  	642	6 
[7, 0, 16, 0, 2]  	644	8 
[0, 12, 5, 3, 2]  	649	4 
[0, 3, 11, 3, 2]  	652	3 
[1, 1, 18, 0, 2]  	665	5 
[1, 0, 19, 0, 2]  	677	4 
[0, 3, 10, 4, 2]  	683	3 
[0, 12, 8, 2, 2]  	688	3 
[2, 29, 0, 0, 2]  	691	6 
[0, 9, 5, 5, 2]  	712	2 
[0, 11, 8, 3, 2]  	731	3 
[0, 5, 9, 5, 2]  	760	2 
[8, 1, 5, 1, 3]  	360	11 
[9, 11, 1, 0, 3]  	396	14 
[5, 5, 0, 4, 3]  	439	9 
[11, 4, 8, 0, 3]  	504	14 
[14, 4, 7, 0, 3]  	505	14 
[2, 5, 3, 4, 3]  	508	5 
[10, 0, 0, 6, 3]  	516	11 
[5, 3, 12, 0, 3]  	549	11 
[3, 17, 0, 2, 3]  	559	10 
[9, 0, 2, 6, 3]  	574	8 
[1, 19, 0, 2, 3]  	581	8 
[2, 4, 2, 6, 3]  	582	7 
[2, 1, 4, 6, 3]  	583	7 
[1, 8, 6, 3, 3]  	604	6 
[3, 0, 5, 6, 3]  	607	9 
[5, 1, 6, 5, 3]  	623	8 
[6, 0, 16, 0, 3]  	632	8 
[0, 4, 10, 3, 3]  	640	3 
[0, 23, 0, 2, 3]  	661	4 
[1, 29, 0, 0, 3]  	679	5 
[4, 5, 1, 4, 4]  	462	9 
[2, 4, 3, 4, 4]  	485	6 
[4, 7, 8, 0, 4]  	489	12 
[13, 4, 7, 0, 4]  	493	14 
[6, 2, 0, 6, 4]  	514	14 
[1, 3, 5, 4, 4]  	520	6 
[9, 0, 1, 6, 4]  	539	9 
[2, 7, 5, 3, 4]  	558	9 
[4, 1, 3, 6, 4]  	572	10 
[6, 0, 3, 6, 4]  	573	10 
[2, 17, 1, 2, 4]  	582	10 
[6, 1, 14, 0, 4]  	585	10 
[1, 3, 4, 6, 4]  	617	6 
[0, 15, 4, 2, 4]  	617	5 
[0, 3, 5, 7, 4]  	706	2 
[0, 10, 4, 6, 4]  	766	2 
[4, 11, 6, 0, 5]  	511	8 
[5, 2, 13, 0, 5]  	561	11 
[8, 0, 2, 6, 5]  	562	8 
[1, 1, 5, 6, 5]  	606	7 
[5, 0, 16, 0, 5]  	620	7 
[0, 29, 0, 0, 5]  	667	5 
[0, 2, 11, 4, 5]  	695	3 
[4, 0, 16, 0, 6]  	608	10 
[0, 18, 2, 3, 6]  	682	4 
[3, 0, 17, 0, 7]  	631	9 
[0, 13, 6, 2, 8]  	641	5 
[0, 17, 1, 4, 8]  	690	4 
[2, 0, 18, 0, 9]  	654	6 
[1, 9, 3, 5, 244]  	654	4 
[1, 8, 3, 5, 245]  	631	4 
[1, 7, 3, 5, 246]  	608	4 
[1, 6, 3, 5, 247]  	585	4 
[0, 18, 4, 1, 247]  	620	3 
[0, 12, 1, 5, 247]  	641	4 
[1, 6, 8, 2, 248]  	562	5 
[0, 17, 4, 1, 248]  	597	3 
[0, 6, 12, 2, 248]  	690	3 
[1, 4, 9, 2, 249]  	551	3 
[1, 4, 4, 5, 249]  	574	4 
[0, 16, 5, 1, 249]  	609	3 
[0, 5, 12, 2, 249]  	667	3 
[0, 7, 13, 1, 249]  	682	3 
[3, 6, 9, 0, 250]  	489	12 
[3, 10, 7, 0, 250]  	511	8 
[1, 5, 13, 0, 250]  	582	7 
[1, 2, 0, 8, 250]  	586	3 
[0, 4, 12, 2, 250]  	644	3 
[2, 5, 2, 5, 251]  	539	6 
[2, 6, 0, 6, 251]  	558	9 
[1, 1, 0, 8, 251]  	563	4 
[0, 12, 0, 5, 251]  	606	3 
[0, 4, 15, 0, 251]  	617	4 
[0, 3, 12, 2, 251]  	621	3 
[0, 2, 0, 9, 251]  	640	1 
[0, 19, 6, 0, 251]  	647	5 
[0, 1, 6, 7, 251]  	695	2 
[8, 10, 2, 0, 252]  	396	11 
[1, 3, 9, 1, 252]  	462	4 
[5, 14, 0, 2, 252]  	514	13 
[1, 0, 1, 8, 252]  	575	4 
[1, 8, 11, 0, 252]  	581	7 
[0, 2, 12, 2, 252]  	598	2 
[1, 0, 15, 1, 252]  	603	3 
[0, 13, 7, 1, 252]  	610	3 
[0, 12, 10, 0, 252]  	626	4 
[0, 2, 15, 1, 252]  	637	2 
[0, 15, 3, 3, 252]  	648	4 
[0, 11, 0, 6, 252]  	649	1 
[0, 0, 20, 1, 252]  	766	1 
[7, 12, 0, 0, 253]  	360	8 
[8, 9, 2, 0, 253]  	373	9 
[6, 6, 6, 0, 253]  	420	9 
[1, 2, 9, 1, 253]  	439	3 
[6, 10, 4, 0, 253]  	442	10 
[3, 4, 10, 0, 253]  	478	8 
[1, 1, 0, 7, 253]  	497	3 
[1, 4, 4, 4, 253]  	508	5 
[2, 4, 2, 5, 253]  	516	6 
[0, 15, 5, 0, 253]  	520	4 
[0, 17, 4, 0, 253]  	531	4 
[0, 0, 14, 1, 253]  	556	1 
[2, 3, 2, 6, 253]  	559	8 
[4, 1, 14, 0, 253]  	561	8 
[1, 11, 9, 0, 253]  	580	4 
[0, 12, 9, 0, 253]  	591	2 
[0, 5, 10, 2, 253]  	597	1 
[1, 7, 1, 6, 253]  	604	2 
[0, 4, 11, 2, 253]  	609	1 
[0, 1, 0, 9, 253]  	617	1 
[4, 25, 0, 0, 253]  	623	5 
[0, 14, 3, 3, 253]  	625	3 
[1, 10, 2, 5, 253]  	642	5 
[0, 7, 0, 8, 253]  	689	1 
[0, 7, 6, 5, 253]  	701	2 
[0, 4, 4, 8, 253]  	760	1 
[6, 12, 0, 0, 254]  	348	5 
[8, 0, 6, 1, 254]  	372	9 
[8, 8, 3, 0, 254]  	385	6 
[7, 8, 4, 0, 254]  	408	6 
[1, 1, 10, 1, 254]  	451	3 
[2, 6, 1, 4, 254]  	461	4 
[4, 0, 10, 1, 254]  	464	5 
[4, 6, 8, 0, 254]  	466	10 
[1, 0, 0, 7, 254]  	474	2 
[4, 8, 7, 0, 254]  	477	9 
[1, 18, 0, 1, 254]  	492	2 
[2, 3, 2, 5, 254]  	493	6 
[1, 6, 8, 1, 254]  	496	3 
[0, 19, 0, 1, 254]  	503	2 
[10, 3, 9, 0, 254]  	504	10 
[4, 17, 0, 1, 254]  	505	4 
[0, 4, 10, 1, 254]  	508	1 
[2, 6, 10, 0, 254]  	512	9 
[1, 6, 3, 4, 254]  	519	3 
[3, 17, 1, 1, 254]  	528	4 
[0, 2, 12, 1, 254]  	532	1 
[2, 0, 9, 3, 254]  	537	3 
[0, 13, 7, 0, 254]  	544	2 
[2, 0, 13, 1, 254]  	545	3 
[1, 12, 4, 2, 254]  	560	4 
[1, 7, 0, 6, 254]  	569	1 
[1, 6, 12, 0, 254]  	570	6 
[3, 2, 14, 0, 254]  	572	5 
[0, 16, 4, 1, 254]  	574	1 
[1, 2, 15, 0, 254]  	583	2 
[2, 0, 16, 0, 254]  	584	4 
[0, 18, 3, 1, 254]  	585	2 
[0, 6, 9, 2, 254]  	585	2 
[0, 9, 11, 0, 254]  	592	1 
[0, 0, 0, 9, 254]  	594	1 
[4, 24, 0, 0, 254]  	600	5 
[0, 11, 10, 0, 254]  	603	1 
[1, 4, 3, 6, 254]  	605	4 
[1, 11, 6, 2, 254]  	607	5 
[4, 23, 1, 0, 254]  	612	6 
[0, 3, 10, 3, 254]  	617	2 
[1, 0, 6, 6, 254]  	618	3 
[0, 3, 16, 0, 254]  	629	2 
[0, 12, 3, 4, 254]  	645	3 
[0, 6, 0, 8, 254]  	666	1 
[0, 0, 8, 7, 254]  	742	1 
[6, 6, 0, 0, 255]  	210	5 
[3, 2, 3, 1, 255]  	253	2 
[0, 0, 8, 1, 255]  	346	1 
[1, 12, 3, 0, 255]  	393	2 
[5, 7, 5, 0, 255]  	396	5 
[3, 4, 8, 0, 255]  	408	4 
[0, 18, 0, 0, 255]  	414	1 
[0, 12, 4, 0, 255]  	416	2 
[2, 6, 0, 4, 255]  	426	3 
[2, 9, 4, 1, 255]  	437	4 
[4, 17, 0, 0, 255]  	439	6 
[4, 7, 7, 0, 255]  	454	7 
[3, 17, 1, 0, 255]  	462	7 
[2, 3, 3, 4, 255]  	462	3 
[2, 9, 3, 2, 255]  	468	3 
[7, 0, 0, 6, 255]  	480	5 
[1, 6, 0, 5, 255]  	480	1 
[4, 10, 6, 0, 255]  	488	5 
[4, 2, 0, 6, 255]  	490	5 
[6, 1, 0, 6, 255]  	491	6 
[12, 3, 8, 0, 255]  	493	10 
[4, 5, 0, 5, 255]  	493	7 
[2, 7, 9, 0, 255]  	500	6 
[3, 3, 0, 6, 255]  	501	8 
[2, 2, 3, 5, 255]  	505	2 
[3, 5, 1, 5, 255]  	516	7 
[2, 3, 1, 6, 255]  	524	6 
[0, 0, 0, 8, 255]  	528	1 
[16, 1, 9, 0, 255]  	530	5 
[0, 11, 8, 0, 255]  	533	1 
[5, 12, 0, 3, 255]  	534	6 
[2, 6, 5, 3, 255]  	535	6 
[2, 2, 2, 6, 255]  	536	4 
[5, 11, 1, 3, 255]  	546	7 
[2, 8, 4, 3, 255]  	546	4 
[3, 1, 14, 0, 255]  	549	3 
[2, 0, 15, 0, 255]  	549	2 
[0, 3, 14, 0, 255]  	559	1 
[0, 17, 3, 1, 255]  	562	3 
[0, 13, 2, 3, 255]  	567	4 
[1, 9, 10, 0, 255]  	569	3 
[14, 1, 11, 0, 255]  	576	10 
[13, 0, 12, 0, 255]  	576	5 
[0, 11, 0, 5, 255]  	583	1 
[0, 2, 6, 5, 255]  	586	1 
[1, 9, 5, 3, 255]  	592	3 
[1, 6, 7, 3, 255]  	593	5 
[0, 4, 5, 5, 255]  	597	1 
[0, 0, 5, 7, 255]  	637	1 
[0, 1, 19, 0, 255]  	688	1 
------
The gap is between 10 and 243.
Lengths: 5 5 10 13 5 12.
For 692 = 3*d-d1-d2-d3-d4 you get 5 in char 0.
1 + 0*2^64 + 0*2^128 + 0*2^192*x^3*y^27*z^1
1 + 0*2^64 + 0*2^128 + 0*2^192*y^12*z^10*w^1
1 + 0*2^64 + 0*2^128 + 0*2^192*y^11*z^5*w^4
1 + 0*2^64 + 0*2^128 + 0*2^192*y^10*w^7
1 + 0*2^64 + 0*2^128 + 0*2^192*z^16*w^2

For 416 = 2*d-d1-d2-d3-d4 you get 10 in char 0.
1 + 0*2^64 + 0*2^128 + 0*2^192*x^5*y^4*w^4
1 + 0*2^64 + 0*2^128 + 0*2^192*x^4*y^16
1 + 0*2^64 + 0*2^128 + 0*2^192*x^4*y^3*z^1*w^4
1 + 0*2^64 + 0*2^128 + 0*2^192*x^3*y^15*z^1
1 + 0*2^64 + 0*2^128 + 0*2^192*x^3*y^2*z^2*w^4
1 + 0*2^64 + 0*2^128 + 0*2^192*x^2*y^1*z^3*w^4
1 + 0*2^64 + 0*2^128 + 0*2^192*x^1*y^1*z^9*w^1
1 + 0*2^64 + 0*2^128 + 0*2^192*x^1*z^4*w^4
1 + 0*2^64 + 0*2^128 + 0*2^192*y^12*z^4
1 + 0*2^64 + 0*2^128 + 0*2^192*z^10*w^1

For 140 = d-d1-d2-d3-d4 you get 5 in char 0.
1 + 0*2^64 + 0*2^128 + 0*2^192*x^4*y^4
1 + 0*2^64 + 0*2^128 + 0*2^192*x^3*y^3*z^1
1 + 0*2^64 + 0*2^128 + 0*2^192*x^2*y^2*z^2
1 + 0*2^64 + 0*2^128 + 0*2^192*x^1*y^1*z^3
1 + 0*2^64 + 0*2^128 + 0*2^192*z^4

Extra powers of p used 6.
The invariant extra is equal to 33.
Start computing 2^4 Delta^1 (x1x2x3x4)^1... Done.
Start computing 2^5 Delta^2 (x1x2x3x4)^1... Done.
Start computing 2^6 Delta^3 (x1x2x3x4)^1... Done.
Start computing 2^7 Delta^4 (x1x2x3x4)^1... Done.
Start computing 2^8 Delta^5 (x1x2x3x4)^1... Done.
Start computing 2^9 Delta^6 (x1x2x3x4)^1... Done.
Start computing 2^10 Delta^7 (x1x2x3x4)^1... Done.
Start computing 2^11 Delta^8 (x1x2x3x4)^1... Done.
Start computing 2^12 Delta^9 (x1x2x3x4)^1... Done.
Start computing 2^13 Delta^10 (x1x2x3x4)^1... Done.
Start computing 2^14 Delta^11 (x1x2x3x4)^1... Done.
Start computing 2^15 Delta^12 (x1x2x3x4)^1... Done.
Start computing 2^16 Delta^13 (x1x2x3x4)^1... Done.
Start computing 2^17 Delta^14 (x1x2x3x4)^1... Done.
Start computing 2^18 Delta^15 (x1x2x3x4)^1... Done.
Start computing 2^19 Delta^16 (x1x2x3x4)^1... Done.
Start computing 2^20 Delta^17 (x1x2x3x4)^1... Done.
Start computing 2^21 Delta^18 (x1x2x3x4)^1... Done.
Start computing 2^22 Delta^19 (x1x2x3x4)^1... Done.
Start computing 2^23 Delta^20 (x1x2x3x4)^1... Done.
Start computing 2^24 Delta^21 (x1x2x3x4)^1... Done.
Start computing 2^25 Delta^22 (x1x2x3x4)^1... Done.
Start computing 2^26 Delta^23 (x1x2x3x4)^1... Done.
Start computing 2^27 Delta^24 (x1x2x3x4)^1... Done.
Start computing 2^28 Delta^25 (x1x2x3x4)^1... Done.
Start computing 2^29 Delta^26 (x1x2x3x4)^1... Done.
Start computing 2^30 Delta^27 (x1x2x3x4)^1... Done.
Start computing 2^31 Delta^28 (x1x2x3x4)^1... Done.
Start computing 2^32 Delta^29 (x1x2x3x4)^1... Done.
Start computing 2^33 Delta^30 (x1x2x3x4)^1... Done.
Start computing 2^34 Delta^31 (x1x2x3x4)^1... Done.
Start computing 2^35 Delta^32 (x1x2x3x4)^1... Done.
Start computing 2^36 Delta^33 (x1x2x3x4)^1... Done.
Start computing 2^37 Delta^34 (x1x2x3x4)^1... Done.
Start computing 2^38 Delta^35 (x1x2x3x4)^1... Done.
Start computing aa.
1 2 3 4 5 6 7 8 9 10 11 12 13 14 15 16 17 18 19 20 
*/
A = \
[1206788794040251008 + 16543305351428478684*2^64 + 2924618684551504562*2^128 + 28977589984*2^192,7931543973566112256 + 8741341939147824482*2^64 + 12785753672558111242*2^128 + 63506395840*2^192,12044855928269036480 + 13108407818378978968*2^64 + 18322311112841318896*2^128 + 54975064996*2^192,7499294549093672320 + 5332055205749261853*2^64 + 15209721960742851198*2^128 + 9948487753*2^192,4705536370403666944 + 14592733063453669102*2^64 + 1001430135091162837*2^128 + 53840726207*2^192,13232370773650320896 + 4160524023697129104*2^64 + 9809939715472955504*2^128 + 41895775346*2^192,12018508082661711360 + 6611195793581928549*2^64 + 3224033231922945285*2^128 + 13645510134*2^192,801652019017095680 + 17324844011803417055*2^64 + 16157954197550722912*2^128 + 48098913967*2^192,11379902009786620928 + 717038017727485846*2^64 + 14448460149705298052*2^128 + 54261497671*2^192,8082044080969609216 + 17540752113076224938*2^64 + 17887551196320763099*2^128 + 16461061876*2^192,4659587235637731328 + 8892452489921940899*2^64 + 8014696748741045850*2^128 + 63757089942*2^192,1923196728636387840 + 2265727418324668415*2^64 + 8088176185162157869*2^128 + 38131759406*2^192,1213338481750937600 + 5935155938133852807*2^64 + 8072914180459109520*2^128 + 10611480472*2^192,13859615441961844736 + 3759221851911108076*2^64 + 18404754730928112341*2^128 + 32329024698*2^192,3306202308335139840 + 13477454911313206509*2^64 + 3968514708339944459*2^128 + 16700064991*2^192,9087729191046915584 + 13329159272422180353*2^64 + 12965595753376625492*2^128 + 10237645892*2^192,17460822207983985664 + 7720496756793879309*2^64 + 3068348210297464905*2^128 + 43386738097*2^192,5418182329977931776 + 17188412188581511681*2^64 + 17819194014629446851*2^128 + 40073394111*2^192,3337233009732886528 + 8196418235474883057*2^64 + 8406837919826822910*2^128 + 40385090959*2^192,9081764571586149376 + 12303098289661805846*2^64 + 13685358147763899900*2^128 + 52313844737*2^192;\
16983390115409115264 + 5499512157177010362*2^64 + 3921146479752268109*2^128 + 48287091764*2^192,12210445090354463056 + 12914106707567724008*2^64 + 10939743057334076135*2^128 + 63441248275*2^192,12717306674522841208 + 5394102866270031892*2^64 + 1218828059139967222*2^128 + 32077185309*2^192,3002733734299707076 + 9096051094493325209*2^64 + 4177749353515747411*2^128 + 22557482149*2^192,11157449801456642720 + 12803699911982135008*2^64 + 3285566133274373529*2^128 + 57169994080*2^192,16668037904063766720 + 13236951079462367618*2^64 + 1802370808057631561*2^128 + 24960387428*2^192,2363649248818146944 + 4717837141863592358*2^64 + 7820466266009850361*2^128 + 55007872033*2^192,3641717256584103744 + 10177616878631251189*2^64 + 1040119935511215789*2^128 + 3301891461*2^192,4164792541286177280 + 13772614724194883727*2^64 + 5180547229554279809*2^128 + 2245257030*2^192,7596869296299801888 + 6685531638646850501*2^64 + 732611243644167503*2^128 + 48826836281*2^192,312133720951536512 + 10207129259588314159*2^64 + 13260782006535284033*2^128 + 33485671569*2^192,1937752892815203712 + 2036893307963134174*2^64 + 3227603566963269086*2^128 + 10489255968*2^192,14004586072021849824 + 2861391370814175573*2^64 + 16715199678620393357*2^128 + 11768518997*2^192,1785881930782729216 + 12682064484024126680*2^64 + 10523755161167061844*2^128 + 17962424502*2^192,12577765481090130944 + 2544569225950042488*2^64 + 5114111869456802304*2^128 + 40860945107*2^192,9029275892622775808 + 16908146959579763121*2^64 + 10357160121195069472*2^128 + 59229872540*2^192,1196239891181002624 + 10184199162129411428*2^64 + 3349895722760025814*2^128 + 64631807290*2^192,8737798217989583936 + 15149177855411612251*2^64 + 15291386225571273123*2^128 + 18281704862*2^192,15487364340306603712 + 11597365630404530437*2^64 + 17746119637406781511*2^128 + 6426266928*2^192,16988894254234397120 + 18251320362016512626*2^64 + 14887188751755528805*2^128 + 6721477097*2^192;\
7763003070732816256 + 8075243545974133594*2^64 + 2226704047326065216*2^128 + 37834503960*2^192,8321723367988520320 + 10470117117604215251*2^64 + 739006529627787358*2^128 + 42900496744*2^192,13798551450878832640 + 13770128211975043129*2^64 + 14276758994390893821*2^128 + 8468546991*2^192,10397266198585576480 + 14899344632891444184*2^64 + 14663141575602998250*2^128 + 54739628494*2^192,5880743702273774336 + 6630244661737172511*2^64 + 1241232910940291800*2^128 + 43864140448*2^192,13957616650096716288 + 14447317078937061829*2^64 + 5983554476089235827*2^128 + 3254780082*2^192,14893605658472584192 + 12643739372904705362*2^64 + 2853424861959562858*2^128 + 39559771879*2^192,283642547806690304 + 5886578386093427261*2^64 + 6062001031797288174*2^128 + 55120060655*2^192,1358243367846113280 + 13588836087759239359*2^64 + 16396529119086810101*2^128 + 4415752676*2^192,11200009899914055936 + 1998646602089123790*2^64 + 7868808702329604515*2^128 + 19877645310*2^192,2736234633757190656 + 15415465001890863227*2^64 + 9966324280734269813*2^128 + 40698019070*2^192,17144210284879455232 + 13864929362262246111*2^64 + 4985267184769892969*2^128 + 25949034027*2^192,197840530337528576 + 14887052746118981565*2^64 + 1896598496663363412*2^128 + 18221795623*2^192,10830244796043179008 + 2270878882153256081*2^64 + 10120672310649410391*2^128 + 55301130271*2^192,10558360400170328064 + 8864490260642968463*2^64 + 14353215077930779067*2^128 + 7963166189*2^192,12628745432725932032 + 3439545021166860741*2^64 + 9440378914141144158*2^128 + 389744423*2^192,16878484619956733952 + 7645415277678624959*2^64 + 13360652550794204083*2^128 + 47374059065*2^192,2893676004192019968 + 3533467386443116280*2^64 + 14439400118674521315*2^128 + 10691205057*2^192,717763943763886592 + 5744923934885039862*2^64 + 14872873034475391419*2^128 + 46243914652*2^192,16815661335307647488 + 9817773870692963995*2^64 + 7285332230106807606*2^128 + 10529498931*2^192;\
5067269603002689920 + 10328901134638272250*2^64 + 10384088780345473270*2^128 + 21622032591*2^192,16560993295474155136 + 4451574675731406862*2^64 + 13824276210238104285*2^128 + 35762148555*2^192,10867512607944768704 + 5941842067961629739*2^64 + 2313399232444435098*2^128 + 54180849685*2^192,12610382118867145248 + 3006483093477525799*2^64 + 2103863508241684804*2^128 + 52822434185*2^192,8021739280622863616 + 5364762077356621367*2^64 + 5940533461517675121*2^128 + 52454319911*2^192,14715981157609849344 + 15366386743071218957*2^64 + 10460113355930821116*2^128 + 33175930895*2^192,544739843477453824 + 7700447570281505606*2^64 + 11173635747247460907*2^128 + 9208891790*2^192,17524626814138277888 + 3733351765475873746*2^64 + 15226051918841101106*2^128 + 29069829765*2^192,285815802994718720 + 5085340254648386216*2^64 + 2862347950021193655*2^128 + 31488760372*2^192,8605991158914666240 + 13851741234460263215*2^64 + 1075287475169812230*2^128 + 14061215581*2^192,7195556620106709504 + 2931946284914720167*2^64 + 35935129555913948*2^128 + 49100730108*2^192,7324924790828540928 + 2696142251454247991*2^64 + 17542399928704758851*2^128 + 7729391983*2^192,1269264033936047360 + 14577328747123867876*2^64 + 9992195317147517037*2^128 + 1866611187*2^192,13774410320746916864 + 4572658213105471964*2^64 + 14554393861175430768*2^128 + 32259774818*2^192,3339005194961436672 + 5996438094189649273*2^64 + 8744056569650790493*2^128 + 47345728787*2^192,16359140070484156416 + 14040299050810602776*2^64 + 17691915019855907549*2^128 + 59134733033*2^192,12302484859542806528 + 18186101209456024359*2^64 + 9749597141012057117*2^128 + 62716833692*2^192,13050009895390532096 + 8013877161646262281*2^64 + 8876991127389575557*2^128 + 49093389228*2^192,8008584411464381952 + 17328947107525745157*2^64 + 7115344189968692820*2^128 + 66659725855*2^192,11023784999696588288 + 13092342052868898040*2^64 + 13677677463053222107*2^128 + 66731700505*2^192;\
13902250440860838064 + 2392340485652022289*2^64 + 1912397996585824130*2^128 + 47206726816*2^192,6340730943004179624 + 9957354821725557172*2^64 + 4531478091086982591*2^128 + 13426824251*2^192,9160040562126027500 + 11664670741801956197*2^64 + 2869802911594889846*2^128 + 68167329696*2^192,12038174806263088618 + 8728385043569523911*2^64 + 2605512983912159473*2^128 + 32322674393*2^192,13454371040434827088 + 16850823437565334758*2^64 + 3790784943954123055*2^128 + 43585411057*2^192,7592747568279074848 + 3353664297055237833*2^64 + 10288998320783272267*2^128 + 25794268533*2^192,9892574935432214336 + 8679656556120714293*2^64 + 5698482239016560128*2^128 + 6717118892*2^192,398857076151005472 + 11919903329549743507*2^64 + 17438742689568863795*2^128 + 67758040237*2^192,1626180944701894016 + 14310030543550212931*2^64 + 4598713315981389339*2^128 + 29201400580*2^192,5035907664780501008 + 16601148452614018975*2^64 + 16365760976599892794*2^128 + 8815956909*2^192,15639447587479628608 + 18047660420377505267*2^64 + 2755255614967558861*2^128 + 37143005719*2^192,15829384346295031744 + 11780796090279289526*2^64 + 16747582695430665007*2^128 + 11535185463*2^192,50581988887073648 + 10569591205421613415*2^64 + 11330847381696799517*2^128 + 52969765535*2^192,1402716880451355904 + 15663346042303731840*2^64 + 12861233866163750806*2^128 + 37201744231*2^192,9780424626315031808 + 6205018870895962167*2^64 + 4670123909160146596*2^128 + 53135792166*2^192,17340646457871731840 + 7102677557029236968*2^64 + 10156250073867378416*2^128 + 14277664597*2^192,11838624343760601152 + 6458699000526832006*2^64 + 3222658497460949092*2^128 + 22450287488*2^192,14378313123111582496 + 10513632451849878212*2^64 + 3374727004777222026*2^128 + 47788824804*2^192,12247076332052909024 + 16616733485501968134*2^64 + 5985233339558425386*2^128 + 48396441024*2^192,15099027509157887456 + 1346407131800888671*2^64 + 3002404318584655895*2^128 + 59023946881*2^192;\
11165647931862041472 + 14952260858915559573*2^64 + 16372929890527278697*2^128 + 3518103504*2^192,6265256953616722176 + 4582578503809876898*2^64 + 2016890259713335825*2^128 + 30023193953*2^192,17435220545264600064 + 16963067269298596025*2^64 + 17044983041657949469*2^128 + 41097357633*2^192,4604258662795186496 + 17239788355829585892*2^64 + 17398000216762303988*2^128 + 39791964469*2^192,14854519259160360448 + 5193910296340414417*2^64 + 7837881569408424185*2^128 + 46155537153*2^192,7448525753928120320 + 586998644503257329*2^64 + 14188165465481719321*2^128 + 30652770633*2^192,12643447209566596096 + 10511448232322588888*2^64 + 2662998724033679939*2^128 + 17219027771*2^192,15896231421283385088 + 10675709846493684512*2^64 + 8436490091287617158*2^128 + 53412626524*2^192,14197128807398668800 + 3015549616205514908*2^64 + 9905854585287426418*2^128 + 15813776341*2^192,8428684998980943488 + 17259040467371383872*2^64 + 4659154637522294870*2^128 + 45935600249*2^192,8382118474959054976 + 10556784408721104199*2^64 + 6122376415173501602*2^128 + 20671011231*2^192,8335489293655375872 + 68432151663905006*2^64 + 15519612738287783619*2^128 + 64845786146*2^192,9513249572737719424 + 10047844875992670015*2^64 + 3334457475993428781*2^128 + 22739791074*2^192,17562411027379824640 + 16580873779004836960*2^64 + 12145847453615175226*2^128 + 56094107946*2^192,14163439352314996736 + 13386307588331528197*2^64 + 15916376824840270298*2^128 + 25326959125*2^192,3449169985107449856 + 12370419991248394185*2^64 + 6531364269186467656*2^128 + 14654649638*2^192,9057846110215302144 + 2299325391785027179*2^64 + 3078764197840250377*2^128 + 42547815743*2^192,728239017581357056 + 3918189809437789159*2^64 + 16198170858005837222*2^128 + 24421505179*2^192,10614243141922433024 + 14417256677720529370*2^64 + 16400801618265559295*2^128 + 9486319861*2^192,5208687827756224512 + 1841062956461634741*2^64 + 15747836147527316075*2^128 + 66531453084*2^192;\
7106459033393457728 + 17832321428276502826*2^64 + 11775692737267342411*2^128 + 36444726802*2^192,10578602581776753040 + 872522146702609324*2^64 + 1353276263900809971*2^128 + 38623981729*2^192,4098390638136636568 + 9093006316281729556*2^64 + 13527752920763502183*2^128 + 1624662600*2^192,8196468544610659956 + 8439275849101710449*2^64 + 6372979176426417384*2^128 + 59975882164*2^192,3454734180422620576 + 10255419869944796961*2^64 + 8779422605050045418*2^128 + 55474503941*2^192,5621271519755158208 + 14190956085257282695*2^64 + 11892313661863824811*2^128 + 47159962031*2^192,17000068116502667392 + 7886613015039022114*2^64 + 1371596732783001062*2^128 + 27120645328*2^192,16305302465371267392 + 10530639100669794474*2^64 + 7687813911092993367*2^128 + 20178668471*2^192,2656738658680080128 + 14587029077219473685*2^64 + 8746626546030649763*2^128 + 13165842139*2^192,9987717504453619232 + 7796705546175230244*2^64 + 12354420539832379707*2^128 + 13765850072*2^192,8110587335248870912 + 16652596979319569747*2^64 + 1159383069707297712*2^128 + 64907289655*2^192,15588502940364412544 + 17618748193277344829*2^64 + 4927354901128763130*2^128 + 59063438431*2^192,12020318933362062560 + 2906369925701948919*2^64 + 8451709785236335736*2^128 + 33367529015*2^192,12789355456636971648 + 11808457033942357134*2^64 + 17676382678231095366*2^128 + 54063351255*2^192,13897667531304251648 + 8598551876509561497*2^64 + 11864336271865569723*2^128 + 29232236561*2^192,7755583368334563328 + 2501566423083351810*2^64 + 6249264499461860358*2^128 + 15263008128*2^192,353667240245201792 + 13595368067606264202*2^64 + 4364312213792551115*2^128 + 36964677649*2^192,10124231729560008512 + 10426748387461128064*2^64 + 600643781511260356*2^128 + 37158290353*2^192,8688204490140960704 + 17157841921509812847*2^64 + 1837054021930956451*2^128 + 40772598782*2^192,16147670712451368640 + 13551864943594288598*2^64 + 14186851871195616547*2^128 + 3522630280*2^192;\
670718774484491776 + 4220202543112585847*2^64 + 15715852727233217807*2^128 + 65149228499*2^192,18145572753295548672 + 12942944891575870068*2^64 + 6550263063000741232*2^128 + 38433726284*2^192,3775404081353465280 + 14784136499478755228*2^64 + 4731530303951714228*2^128 + 40255086513*2^192,4853149299991397248 + 6050364191823197456*2^64 + 17263532157852413392*2^128 + 48402880462*2^192,16550009526672090624 + 5912272620780840077*2^64 + 16739289947349989417*2^128 + 36053244775*2^192,820101398669802368 + 14722700829862453429*2^64 + 3574526273637872904*2^128 + 38614660183*2^192,16423107012897603584 + 9993646780118128283*2^64 + 6193820607420962119*2^128 + 29525536753*2^192,7619783061360511232 + 1551818846265206499*2^64 + 12130294632801575746*2^128 + 4387901399*2^192,17644838535585272832 + 7515336233568883924*2^64 + 9069537555434501500*2^128 + 56996059489*2^192,14489683416695352832 + 6863006598524466553*2^64 + 17518924146612586449*2^128 + 48338214612*2^192,5448258743923978752 + 12612933808238996243*2^64 + 355738992567070570*2^128 + 23408018567*2^192,11296978779045664768 + 9722522034153063478*2^64 + 16025616645242997764*2^128 + 35417755672*2^192,16631761329720216576 + 8169595801305753333*2^64 + 7028643824199276390*2^128 + 29994348676*2^192,6589991195716162560 + 11781042259895185135*2^64 + 13446515463908655136*2^128 + 18070685421*2^192,17791026183851792384 + 2828224366547224974*2^64 + 13535063538169871555*2^128 + 9137853344*2^192,4412696201426623488 + 9843271556594340361*2^64 + 1947588594236108617*2^128 + 26995770102*2^192,16986645196686141440 + 612005849103648901*2^64 + 8805292794350381397*2^128 + 47642047320*2^192,17135881854126439424 + 13117169138598088764*2^64 + 3991575850644148327*2^128 + 66150766492*2^192,4830921879983833088 + 15727825528522736546*2^64 + 15372576765293287497*2^128 + 10392371552*2^192,17768710569621093376 + 9863247886003700730*2^64 + 632220532009842436*2^128 + 17571515990*2^192;\
3293947287232155424 + 11175018041800619165*2^64 + 7315407870711599232*2^128 + 63252405331*2^192,16633290305539522176 + 6966359138425815082*2^64 + 6437188563664737842*2^128 + 13355418957*2^192,17973243344747722560 + 7538881839762063056*2^64 + 4941197926022768452*2^128 + 19864998167*2^192,18085086758733209744 + 10815565239345316555*2^64 + 16557500429424297871*2^128 + 21278613888*2^192,3451313320150044160 + 18034238565643395742*2^64 + 9579663740025070158*2^128 + 29576876768*2^192,2587841256677986304 + 15755999304834919728*2^64 + 10198879544653997146*2^128 + 8978645379*2^192,10253085143409914496 + 2513085667433024362*2^64 + 12835900746560628473*2^128 + 64512819516*2^192,15552432649581363968 + 16881239693629236054*2^64 + 1304234950927256741*2^128 + 52716540684*2^192,5305706022318692352 + 17594143337506688939*2^64 + 18401577045901210857*2^128 + 54093506704*2^192,6611815856757329664 + 14430946330257667771*2^64 + 17791914919185305775*2^128 + 57322532593*2^192,3000997896116845312 + 9353750769073746221*2^64 + 6040394831184612299*2^128 + 9207699646*2^192,8194760740292729600 + 8022882033456543075*2^64 + 10377710268528069019*2^128 + 35343063485*2^192,1427414510080857600 + 1026435057932326734*2^64 + 4861128025477475187*2^128 + 67573230765*2^192,8143846930081265664 + 15764284867065390647*2^64 + 2674465363982608403*2^128 + 58435856941*2^192,6542009296472483840 + 599027660789742285*2^64 + 6226585292277051351*2^128 + 47093993680*2^192,17968809921942496768 + 6302152933649050579*2^64 + 1657851314926678629*2^128 + 65329134972*2^192,12861661913983224576 + 12471901750228640618*2^64 + 5829634062279547635*2^128 + 66961506632*2^192,8426764756932831744 + 8642798124326753317*2^64 + 18183331763321272800*2^128 + 64973416866*2^192,12673981385730748672 + 928338564438761072*2^64 + 12142882585129682887*2^128 + 8331598557*2^192,1534617522170641408 + 8722988266251277905*2^64 + 9030101138399440211*2^128 + 15892137252*2^192;\
9914735871799630336 + 11832549208171684120*2^64 + 13020554381414273893*2^128 + 26211109282*2^192,9012759435414314240 + 4749137921662836910*2^64 + 4732678708799193239*2^128 + 6159524566*2^192,9129516728084913856 + 8896905549326944833*2^64 + 633000323122388508*2^128 + 1601066571*2^192,5354293166304177920 + 5431085100987218252*2^64 + 16712850626433005605*2^128 + 22020741507*2^192,1785179449102098944 + 7095095798138851571*2^64 + 3424671109204471558*2^128 + 10427302387*2^192,8878222627590977408 + 3138077337752384959*2^64 + 9457787227475319720*2^128 + 38821052968*2^192,5360280271825782784 + 7028820051768502368*2^64 + 18245848777167545504*2^128 + 37513990658*2^192,859691203609243904 + 7561007041009856692*2^64 + 17779812060184533419*2^128 + 15531083044*2^192,17221723328297465856 + 9816846945938785729*2^64 + 10097220229109309126*2^128 + 54437108628*2^192,2569857482798658560 + 16277059790322366099*2^64 + 17532770671855669751*2^128 + 6886028511*2^192,17397416028143795840 + 779574438348416451*2^64 + 18024230829548732238*2^128 + 38923376646*2^192,11306771469024634880 + 9823206856267828066*2^64 + 13987588507076403768*2^128 + 63058787511*2^192,11338706881614044032 + 10485072122684694828*2^64 + 6582830031996726240*2^128 + 30415261563*2^192,12250979113784761344 + 13377154043316811345*2^64 + 16943036539203071579*2^128 + 20562947682*2^192,12616487837918146560 + 3786497135786101177*2^64 + 12559773338667682434*2^128 + 40367044739*2^192,12444678484985308160 + 17419723967004673135*2^64 + 13938736703287531787*2^128 + 18425449130*2^192,9155339009690233856 + 3259282520202292896*2^64 + 18287760232191594101*2^128 + 55430023133*2^192,13487708567288743936 + 5689259043252842430*2^64 + 18063952895999491883*2^128 + 35742044225*2^192,7506938922703496192 + 6856778359157001077*2^64 + 6167101676669666731*2^128 + 13068973033*2^192,9835401299898806272 + 2040195226557431737*2^64 + 3474772272164354191*2^128 + 42918441251*2^192;\
15606335481951965696 + 6506951457760460665*2^64 + 4026026004810175946*2^128 + 216072587*2^192,10230507036449138688 + 271467015879289026*2^64 + 2634636931900851919*2^128 + 26360886735*2^192,1049995317752455296 + 5248184190787448542*2^64 + 16384488904453013387*2^128 + 36618648776*2^192,11718939978540798592 + 17749764784084280182*2^64 + 9747378531540302762*2^128 + 15560230045*2^192,8681825983241772032 + 18327013134961818496*2^64 + 5640644075255146110*2^128 + 18503005070*2^192,9887296808068688896 + 15036685342178139956*2^64 + 11202145379629694811*2^128 + 43070237092*2^192,1208765221212518400 + 4364528388488106895*2^64 + 8413908255457795193*2^128 + 4761175595*2^192,16495645446514273152 + 902443889259543199*2^64 + 8071486483360286416*2^128 + 61796309908*2^192,11341547237234451456 + 14676903088392135629*2^64 + 15139361254315679860*2^128 + 35384939065*2^192,8408950269783822976 + 16692799313010347754*2^64 + 12296825548358660778*2^128 + 10222533970*2^192,16259897648605316736 + 18130582046011132383*2^64 + 3454525771610300210*2^128 + 7684158707*2^192,9986919404904562688 + 10868267793652725994*2^64 + 9638934824715435510*2^128 + 46502777269*2^192,7816670222760051328 + 6846822047287964862*2^64 + 15373613689876085668*2^128 + 57876194676*2^192,25486565575217152 + 2519964820066505108*2^64 + 12685069189916261114*2^128 + 7314022441*2^192,4995177678743201792 + 4388407499575490011*2^64 + 17975614327337304474*2^128 + 51963647402*2^192,1331712106694672384 + 8949037910221567280*2^64 + 7386036520757300447*2^128 + 10056779803*2^192,1890530437254018048 + 8521938071498302293*2^64 + 6192191716627199764*2^128 + 51460187548*2^192,10475036446670531584 + 16458746838708367133*2^64 + 2795010580652859096*2^128 + 37800097626*2^192,600542798449234944 + 7505844924019981548*2^64 + 7556077757482974583*2^128 + 35070310883*2^192,14812602335575352320 + 1095215037456518660*2^64 + 16115970808568332941*2^128 + 55246557054*2^192;\
11654798112921142720 + 9281048894985351709*2^64 + 9527526604195727866*2^128 + 44438082280*2^192,10584863730728493856 + 8638422661276335223*2^64 + 1162162575981916817*2^128 + 59241796363*2^192,2721314861344204336 + 12689026636743348938*2^64 + 10186320550084383806*2^128 + 63709373332*2^192,9318882975590549032 + 1584795136147685953*2^64 + 6745192148735350785*2^128 + 23534843578*2^192,12684381714438081344 + 10177434226832606558*2^64 + 11851708607639395829*2^128 + 59518260469*2^192,13701245411415294016 + 7828995964696398838*2^64 + 9163409198651080381*2^128 + 55399713709*2^192,14618486665817800512 + 7517485821500161632*2^64 + 17560425702217062248*2^128 + 23207556850*2^192,4683733703366461888 + 2896125380543564820*2^64 + 8843466736412496125*2^128 + 30316438570*2^192,16676546135852870208 + 748740277477690688*2^64 + 8824198066377985786*2^128 + 27035984785*2^192,10133473292550125312 + 17457140223587142783*2^64 + 148596990225815771*2^128 + 67515577808*2^192,14484754025441218816 + 7880881532536041837*2^64 + 7286108631525119873*2^128 + 26955588426*2^192,5387871449499782656 + 5115218686292988494*2^64 + 15323703432772875712*2^128 + 38008120357*2^192,15868275445989949760 + 13507918123209834782*2^64 + 13389648048053359405*2^128 + 49323492430*2^192,6318314249234185472 + 3002003631377891350*2^64 + 10241123307444851785*2^128 + 8396751013*2^192,6157837808156901632 + 7054790791713346007*2^64 + 616879639449163372*2^128 + 66208517928*2^192,11863644651151705600 + 16484287824614166181*2^64 + 6238163637724383005*2^128 + 38189309959*2^192,17551304364562704128 + 5600424425366251936*2^64 + 670854939382895890*2^128 + 58813166549*2^192,8674201926992489344 + 9158550078873923467*2^64 + 5908145379057344295*2^128 + 17976605853*2^192,2363107670185535616 + 11113354134986154960*2^64 + 989841654292709842*2^128 + 62728840896*2^192,14122481838577409664 + 13938395545060317275*2^64 + 11873480397287223527*2^128 + 51078793336*2^192;\
13914420605386308352 + 8676910648172442747*2^64 + 11941542532038524329*2^128 + 66626642503*2^192,12510117092693028352 + 14082667329703832826*2^64 + 2690868669198296032*2^128 + 39575776856*2^192,13135623024475882432 + 7174745114475120857*2^64 + 5030794105813152551*2^128 + 56641022372*2^192,17160633361248311936 + 7283567809604781077*2^64 + 9917571077817983396*2^128 + 38775464343*2^192,10184455021386174464 + 9679211629323885345*2^64 + 2769221697966341049*2^128 + 3826191983*2^192,15210955671990110720 + 132774096014084985*2^64 + 10345670344121467397*2^128 + 35091405103*2^192,8214011440151934976 + 3557790164766792649*2^64 + 14880801581816064103*2^128 + 17065916057*2^192,687605816884794752 + 5942268611743056935*2^64 + 18210540052061035842*2^128 + 49640990154*2^192,7420294692934209536 + 3423870096068876730*2^64 + 9884726057247290098*2^128 + 58146656386*2^192,15757613256995585152 + 8391889478788544173*2^64 + 4886235519150673949*2^128 + 32536154890*2^192,1120552003205618048 + 17143112061316849937*2^64 + 7824654172727452896*2^128 + 22524492383*2^192,11700332877099123712 + 755667449446248375*2^64 + 6926550118596801454*2^128 + 19685675690*2^192,7359111464052881664 + 549502878072153508*2^64 + 965617027954062026*2^128 + 31675533302*2^192,11520481062198033408 + 12698284798478100936*2^64 + 10457460095929855588*2^128 + 49419100013*2^192,14796036379795738624 + 12237745793237084279*2^64 + 7519968334803856131*2^128 + 47657854560*2^192,18283365460464551936 + 17843134618340099563*2^64 + 4720417714176883655*2^128 + 10724129391*2^192,15077052798063077376 + 10066949795017788189*2^64 + 1559808257462012671*2^128 + 54619833119*2^192,15673819465494556672 + 9140977812930688463*2^64 + 14557272096700478896*2^128 + 52189954921*2^192,7766516796406999040 + 13049102478916382568*2^64 + 7096230949879524393*2^128 + 13004574018*2^192,16010968045419425792 + 12335101811830707498*2^64 + 10084267897762151566*2^128 + 11765488404*2^192;\
7785007048030634064 + 17217454455030717311*2^64 + 7304609220151449420*2^128 + 21768944843*2^192,876111333476768656 + 2361072905819346650*2^64 + 3712934613516167427*2^128 + 13804993710*2^192,5265557044677740200 + 5420331330904381526*2^64 + 8034429903998914210*2^128 + 4763545511*2^192,15753243704731419948 + 10449762531213013195*2^64 + 737061060489472083*2^128 + 54664394876*2^192,1918036011626964320 + 17562648627897484348*2^64 + 8469854725509643539*2^128 + 63245917673*2^192,3984399373678082112 + 8564642643944131360*2^64 + 17684304976084769237*2^128 + 43361623072*2^192,8583956881251566784 + 992804341381390364*2^64 + 13978794646692465242*2^128 + 18781485961*2^192,8395870215057395008 + 3178581959035211694*2^64 + 8378337389811886922*2^128 + 41807971970*2^192,953041707680582400 + 7654785108072545736*2^64 + 3266199960626185967*2^128 + 16765743347*2^192,2589207814603162656 + 6814777619303226022*2^64 + 793075335296443953*2^128 + 11078578623*2^192,11405588702776579520 + 14973122462454690433*2^64 + 10996038055432242722*2^128 + 1221337617*2^192,3737174609818218496 + 4146173166587566867*2^64 + 10079502838234228805*2^128 + 18776417378*2^192,9872797085137559968 + 13988946380156938746*2^64 + 11550375952554635441*2^128 + 25268481433*2^192,3379343344817932608 + 4096883662258335533*2^64 + 13999574623179444289*2^128 + 39773833459*2^192,4467291079758677632 + 1039017164452219098*2^64 + 1310206419951665675*2^128 + 45428376382*2^192,9835479264416161664 + 17455053408226604030*2^64 + 3439067974013119992*2^128 + 54717655841*2^192,18429423320127901440 + 17021329430186847986*2^64 + 13671690519502058939*2^128 + 2052514556*2^192,6714486513733800000 + 17424752383367517881*2^64 + 2299729650751427421*2^128 + 60091994835*2^192,16377655533037290816 + 10248517246421086069*2^64 + 15638828890193338969*2^128 + 41342138755*2^192,16858364089891626944 + 10871927806757223518*2^64 + 3962388396224310490*2^128 + 42580298707*2^192;\
331938684645107136 + 16131057225556485452*2^64 + 7932710752524291306*2^128 + 61683531952*2^192,7474518628286499588 + 6778969525950167425*2^64 + 7450819280625240968*2^128 + 5135943534*2^192,9015226045866134502 + 16437932361486558088*2^64 + 14980096406952298094*2^128 + 54589142212*2^192,9054663066438921213 + 11152470609879412754*2^64 + 10740322894843588087*2^128 + 48891454870*2^192,12962094289474314856 + 11165096146708733705*2^64 + 13609754735866726913*2^128 + 42118127916*2^192,158021142156771152 + 16298428909757979595*2^64 + 7044588671797026707*2^128 + 30139618987*2^192,5676778895759754112 + 10039568393220796402*2^64 + 6571883331577755856*2^128 + 64168464751*2^192,5547561464537967120 + 18346845150756654735*2^64 + 13696395297751452847*2^128 + 1775758660*2^192,8501009679403849856 + 3146943311117221864*2^64 + 15624383904591425785*2^128 + 52430667947*2^192,10375496128418566376 + 12277433640950598235*2^64 + 10869100989850079826*2^128 + 10927506844*2^192,4054673069415387328 + 1154005654056971579*2^64 + 934970118752482840*2^128 + 17464781591*2^192,16589177588422706336 + 3209817005360486278*2^64 + 10786757318978686379*2^128 + 42191320743*2^192,12531301642181928760 + 13732545556353265617*2^64 + 4521097151716069271*2^128 + 44300064207*2^192,10361726532014436448 + 8896357959930689307*2^64 + 14730241962287746242*2^128 + 59393586807*2^192,4539939738748642112 + 14451904638183323923*2^64 + 6825002604760001882*2^128 + 27327089528*2^192,1693332248805589248 + 10409109546165590967*2^64 + 14114366492252867771*2^128 + 61786191520*2^192,4850649034512619104 + 1325577910889011278*2^64 + 16722006184576143921*2^128 + 63071563047*2^192,10735286610003926736 + 8063900945275854631*2^64 + 15194606971764705722*2^128 + 64288177680*2^192,8355390134806031600 + 16503262035498437165*2^64 + 5299603033845141012*2^128 + 37693133165*2^192,11200598504960709296 + 7989311520922033600*2^64 + 9426425819353943185*2^128 + 8030961912*2^192;\
15962689661107213728 + 17670429037814128854*2^64 + 2642334896404184012*2^128 + 26022423952*2^192,422108351338929448 + 10526584706948960026*2^64 + 141406411533473922*2^128 + 25892361720*2^192,5827118964957208668 + 6501259527286474071*2^64 + 16183349231255620082*2^128 + 18753096025*2^192,11324773463667824946 + 3157064369240375047*2^64 + 16731025184889866816*2^128 + 62170163880*2^192,12610475756870850704 + 6505108770533124614*2^64 + 11006341433032007079*2^128 + 24460373115*2^192,6870906215934206816 + 7522468262951915942*2^64 + 3322509913306733495*2^128 + 43444288777*2^192,6343136284153198144 + 9725204945359013523*2^64 + 14999080497602476204*2^128 + 63592843635*2^192,10784033923788054880 + 1444688869916364423*2^64 + 4288420269221090850*2^128 + 28590161739*2^192,8422896183267096768 + 2575609096189170956*2^64 + 3015351185041127835*2^128 + 62280305824*2^192,2325419086292389200 + 11317389099469537718*2^64 + 7315990503303287725*2^128 + 59839481954*2^192,9550965755214566912 + 233595114815468111*2^64 + 3910173928217322122*2^128 + 6258331924*2^192,3580193403173443136 + 4613915052516696*2^64 + 837067083318640715*2^128 + 62161669488*2^192,610066849916486960 + 15071674261502882436*2^64 + 3836931549778812216*2^128 + 59749770207*2^192,9228945123007255104 + 10386914297803853193*2^64 + 5538891050228575622*2^128 + 31098301397*2^192,17785902169751424640 + 17964280968700881772*2^64 + 1208590816289592601*2^128 + 29120954332*2^192,7821620260016325888 + 17666318464646003213*2^64 + 18419832543962416884*2^128 + 39642410457*2^192,1032413690592504512 + 17356483069263949151*2^64 + 17507013698830782706*2^128 + 32145378521*2^192,2674808249506331680 + 17528617310907279639*2^64 + 12415277898739685473*2^128 + 14031142380*2^192,7437349664336610400 + 10579264937791508911*2^64 + 16447736055037524729*2^128 + 6632713895*2^192,12480739992629316320 + 6691834535530048056*2^64 + 4271655014464995650*2^128 + 14085252200*2^192;\
13575671139455064560 + 11110620177338237712*2^64 + 7026338127675411303*2^128 + 60386664264*2^192,159290237267093568 + 16604401388725574020*2^64 + 6033188779340183551*2^128 + 62776571142*2^192,17028339308761203152 + 7944106006141095995*2^64 + 15916889139716404771*2^128 + 30425397987*2^192,7398881153010488536 + 15078701222291898635*2^64 + 14680089940190233600*2^128 + 50618749045*2^192,292395693230408128 + 8567533387473227726*2^64 + 14670641042548352257*2^128 + 62069320331*2^192,6927821864754277120 + 10343445118168836233*2^64 + 6064498128820087793*2^128 + 14268407453*2^192,7476530967195440192 + 12354776973458827667*2^64 + 18209335710800146491*2^128 + 24059968002*2^192,16444042848331977344 + 14963695711176320427*2^64 + 16835527501467405846*2^128 + 50957117281*2^192,7211341837745962880 + 17451811954530465856*2^64 + 5270039839694637562*2^128 + 67408428592*2^192,138326163747603840 + 16393434632815514530*2^64 + 2635389573419027859*2^128 + 29674072784*2^192,18238932881408014528 + 4189020077221454897*2^64 + 1326553722254911507*2^128 + 56160944845*2^192,8411251825360582272 + 13914390474026061373*2^64 + 6454028905799191957*2^128 + 50765173445*2^192,14953747943735230144 + 2480617239349366113*2^64 + 12389575897451915627*2^128 + 15858854670*2^192,10435367188386074688 + 7339234697057007014*2^64 + 2656962400186817971*2^128 + 48635066980*2^192,9196986374203124864 + 15517122756006730109*2^64 + 12498824232442298869*2^128 + 65645531838*2^192,4027015162435733888 + 5243132117111868970*2^64 + 11563582649305989191*2^128 + 53964654979*2^192,193711025170662016 + 10727545235093905695*2^64 + 17182060950218788346*2^128 + 13380582532*2^192,16230233899387369984 + 18418353966322635698*2^64 + 7539453455472563356*2^128 + 58099034489*2^192,2625660178100649344 + 7569758306484624468*2^64 + 12574249252999972384*2^128 + 46514735649*2^192,1259320219587179520 + 7331338209593389965*2^64 + 4518259806024124265*2^128 + 52636061099*2^192;\
6029981124738761376 + 4009892350270758670*2^64 + 17721526303217053371*2^128 + 53983508821*2^192,8218016904468663640 + 7978067948185985867*2^64 + 495563692552244542*2^128 + 13989643039*2^192,13163401897447693348 + 2771429010691939314*2^64 + 4545314795458646379*2^128 + 10266905769*2^192,17251844131662334670 + 7112380114218181343*2^64 + 15278438965737141271*2^128 + 5627221562*2^192,13491772897660943216 + 2684957241904444312*2^64 + 9595678358918808016*2^128 + 68704962718*2^192,18213107436884057760 + 10215162364464640501*2^64 + 5819590222708410614*2^128 + 19265304896*2^192,18432123111582034624 + 4800298996895464527*2^64 + 6035829129746403082*2^128 + 2831582092*2^192,1361796316040982944 + 11670075293820282357*2^64 + 4120871128205759662*2^128 + 7551281529*2^192,7025856432440876096 + 13799545214245564860*2^64 + 1128156170234666258*2^128 + 5042070886*2^192,4513368523522785712 + 5096900441942222454*2^64 + 13622062710534607468*2^128 + 67224127139*2^192,3437013357017497344 + 13171929962609226203*2^64 + 2543060075170220094*2^128 + 15312099793*2^192,4425358936972153792 + 10191896309802001669*2^64 + 3081064303958598172*2^128 + 66852686507*2^192,10202686111322475216 + 4857570850201706282*2^64 + 3617998394380128899*2^128 + 60987614976*2^192,7175497899905260736 + 17715527923294050320*2^64 + 6713984388714209769*2^128 + 65517233048*2^192,6052339047685480320 + 2812626666983816990*2^64 + 16499405791276809009*2^128 + 12890076066*2^192,1490137884098386432 + 8910218663109843200*2^64 + 16037947978066079223*2^128 + 50106048629*2^192,4132068680736350016 + 16232442554911581673*2^64 + 6235481953649134231*2^128 + 3658918075*2^192,8907278797346947296 + 12652424203244870239*2^64 + 8662663710689096398*2^128 + 11871752189*2^192,17653069234897764768 + 10609621668830807495*2^64 + 15169053865800402187*2^128 + 29803203335*2^192,422774690672704288 + 4104181826776994391*2^64 + 8813511160462216984*2^128 + 51121839640*2^192;\
11773984672722316096 + 2277359954476590321*2^64 + 7628052045954960434*2^128 + 65721088087*2^192,9210732115591683848 + 9496748303737131992*2^64 + 17600955491507509370*2^128 + 46885011051*2^192,7063784798487988044 + 9115138401341020932*2^64 + 17724469429815340750*2^128 + 53260773791*2^192,1268267239574020602 + 9659272369935905291*2^64 + 181060389703119757*2^128 + 32377367343*2^192,14618738856419929040 + 972659354043169689*2^64 + 33022207385978680*2^128 + 28913825117*2^192,14105520686118962912 + 5563591157959239450*2^64 + 12398212731150249839*2^128 + 51473985437*2^192,11446520990659011520 + 13667243626030353264*2^64 + 17050185978021570279*2^128 + 18695690766*2^192,5034284901255496928 + 4488950783189155523*2^64 + 6411753714242992227*2^128 + 21574456889*2^192,9547690999874173120 + 17085966456076066020*2^64 + 7032066369026466294*2^128 + 31009547958*2^192,1827773912286549520 + 5281984087283519971*2^64 + 3470852929755180147*2^128 + 41849305675*2^192,10546952232632134272 + 9279207859654179940*2^64 + 13469733138047543166*2^128 + 17735285242*2^192,14128131542066235968 + 15363029417584280715*2^64 + 11560197742463970917*2^128 + 23833304293*2^192,11479295652487487216 + 10923972054040417465*2^64 + 2122900135613066705*2^128 + 16688096699*2^192,15614973044429613760 + 4292164800459040690*2^64 + 617286713800896880*2^128 + 46103216515*2^192,17309128718943546752 + 2778762369272440731*2^64 + 13076446839872736971*2^128 + 36644762487*2^192,3315380840706619392 + 7612682185957739093*2^64 + 12873837235947746147*2^128 + 56493172894*2^192,14879211516673867200 + 49379650473569239*2^64 + 14612779713955731912*2^128 + 65162320297*2^192,17947991777257786272 + 16317840828532670752*2^64 + 16838947131961660987*2^128 + 56827678791*2^192,3383858663593963488 + 4624461632772793760*2^64 + 12640276015227280507*2^128 + 43403610174*2^192,5403869691551068000 + 15713930694504300672*2^64 + 1207599081750219484*2^128 + 60401265567*2^192;\
8335298848817893600 + 6879797295099942142*2^64 + 15521194352136590003*2^128 + 65208506384*2^192,672087850786145168 + 16088631168297234477*2^64 + 16881626915291164099*2^128 + 50462292717*2^192,14738157349701734520 + 11416569726333645683*2^64 + 1095329181315428903*2^128 + 67722437048*2^192,16769592781107215396 + 17820276313892784857*2^64 + 5662868900902622283*2^128 + 53698239837*2^192,13481230628856139552 + 16149963830447140232*2^64 + 7135601548467804826*2^128 + 50091774247*2^192,3863237600522437824 + 4963801508776510090*2^64 + 1871337475255466472*2^128 + 45244198015*2^192,5014633587759061248 + 16584816320821897997*2^64 + 12070121947328411896*2^128 + 42391965472*2^192,10811176249738079936 + 10835228673467203280*2^64 + 17617103232394266558*2^128 + 58592777388*2^192,14649513673570263680 + 16375925036717850571*2^64 + 14230461543459229538*2^128 + 35259521359*2^192,8940799029028265760 + 2611582613271399633*2^64 + 17412028702746618820*2^128 + 36737310047*2^192,1504140230892783232 + 3046511111240597156*2^64 + 13243678958142722205*2^128 + 20530744006*2^192,3435409581388376960 + 16369678914962306015*2^64 + 12957377983258634138*2^128 + 49514732884*2^192,10784714808189279328 + 6865875981861802242*2^64 + 2672477399013042712*2^128 + 36126603923*2^192,2191982065173432064 + 18030893682486848403*2^64 + 12127161157641062924*2^128 + 55872350939*2^192,1988311281423590400 + 4300998247540026996*2^64 + 370143357318511927*2^128 + 41998556440*2^192,11079041777653623552 + 14196680737563452403*2^64 + 15454792205737392845*2^128 + 11399886826*2^192,12047020131275193216 + 8438642913053830000*2^64 + 215857359495659779*2^128 + 24306178286*2^192,3505917031613549632 + 10203560959876189841*2^64 + 5262868168191651351*2^128 + 9999263127*2^192,4634941858066460096 + 9350767375031548392*2^64 + 2177944638686847191*2^128 + 46970788216*2^192,2099458151704050368 + 5771975238237386878*2^64 + 15583986270477728703*2^128 + 63861030424*2^192]
/* 
This matrix times 2^(-6) should be the matrix of frobenius.
*/ 
B = 2^(-6) * A; 
/* Freed 6307 lists. */
The sign is: -1
The characteristic polynomial is: x^20 + x^19 + 7*x^16 + 3*x^15 + 8*x^14 + 20*x^13 + 240*x^12 + 288*x^11 - 1152*x^9 - 3840*x^8 - 1280*x^7 - 2048*x^6 - 3072*x^5 - 28672*x^4 - 262144*x - 1048576
Its Newton polygon is: [2, 2, 2, 2, 2, 1, 1, 1, 1, 1, 1, 1, 1, 1, 1, 0, 0, 0, 0, 0]
Its factorization is: [x - 2, 1; x + 2, 1; x^8 + x^6 + 8*x^4 + 16*x^2 + 256, 1; x^10 + x^9 + 3*x^8 + 3*x^7 + 12*x^6 + 8*x^5 + 48*x^4 + 48*x^3 + 192*x^2 + 256*x + 1024, 1]
The valuation of f-g is: 24
The valuation of subst(g,x,A) is: 18
