/* Comments begin... 
No set up needed.

Please input coefficients below.
Coefficient of   x^23                     = Coefficient of   x^12 * w^2               = Coefficient of   x^6 * y^6 * w^1         = Coefficient of   x^5 * y^5 * z^1 * w^1   = Coefficient of   x^4 * y^4 * z^2 * w^1   = Coefficient of   x^3 * y^3 * z^3 * w^1   = Coefficient of   x^2 * y^2 * z^4 * w^1   = Coefficient of   x^1 * y^1 * z^5 * w^1   = Coefficient of   x^1 * w^4               = Coefficient of   y^12                     = Coefficient of   z^6 * w^1               = 
Here is the polynomial we're using this time:

1 + 0*2^64 + 0*2^128 + 0*2^192*x^23 + 1 + 0*2^64 + 0*2^128 + 0*2^192*x^12*w^2 + 1 + 0*2^64 + 0*2^128 + 0*2^192*x^6*y^6*w^1 + 1 + 0*2^64 + 0*2^128 + 0*2^192*x^2*y^2*z^4*w^1 + 1 + 0*2^64 + 0*2^128 + 0*2^192*x^1*y^1*z^5*w^1 + 1 + 0*2^64 + 0*2^128 + 0*2^192*x^1*w^4 + 1 + 0*2^64 + 0*2^128 + 0*2^192*y^12 + 1 + 0*2^64 + 0*2^128 + 0*2^192*z^6*w^1


Allocate G_len 20 elements and old = 0.
Allocate M_len = 400 elements.
Allocate G_len 40 elements and old = 20.
Allocate M_len = 800 elements.
Allocate G_len 80 elements and old = 40.
Allocate M_len = 1600 elements.
Allocate M_len = 3200 elements.
Allocate G_len 160 elements and old = 80.
Allocate M_len = 6400 elements.
Allocate M_len = 12800 elements.
Allocate G_len 320 elements and old = 160.
Allocate M_len = 25600 elements.
Allocate M_len = 51200 elements.
Allocate G_len 640 elements and old = 320.
Allocate M_len = 102400 elements.
Allocate M_len = 204800 elements.
Allocate G_len 1280 elements and old = 640.
Allocate M_len = 409600 elements.
The final length of G is 673
[22, 0, 0, 0, 0]  	264	6  <--- 1
[12, 0, 0, 2, 0]  	276	3 
[6, 6, 0, 1, 0]  	276	5 
[16, 6, 0, 0, 0]  	330	9 
[7, 1, 5, 1, 0]  	348	7 
[5, 4, 4, 1, 0]  	358	3 
[4, 3, 5, 1, 0]  	358	3 
[3, 2, 6, 1, 0]  	358	3 
[2, 1, 7, 1, 0]  	358	3 
[11, 1, 4, 1, 0]  	361	11 
[10, 0, 5, 1, 0]  	361	11 
[1, 1, 8, 1, 0]  	381	3 
[9, 12, 0, 0, 0]  	384	12 
[9, 0, 6, 1, 0]  	384	10 
[6, 14, 0, 0, 0]  	394	7 
[18, 2, 4, 0, 0]  	402	10 
[6, 13, 1, 0, 0]  	406	7 
[8, 12, 1, 0, 0]  	407	11 
[8, 0, 7, 1, 0]  	407	9 
[8, 2, 4, 2, 0]  	414	7 
[6, 12, 2, 0, 0]  	418	7 
[7, 7, 5, 0, 0]  	420	9 
[7, 0, 6, 2, 0]  	426	7 
[7, 0, 8, 1, 0]  	430	6 
[6, 1, 6, 2, 0]  	437	6 
[6, 7, 6, 0, 0]  	443	11 
[6, 0, 7, 2, 0]  	449	6 
[21, 1, 5, 0, 0]  	450	11 
[6, 0, 9, 1, 0]  	453	6 
[21, 0, 6, 0, 0]  	462	10 
[6, 11, 4, 0, 0]  	465	7 
[8, 10, 4, 0, 0]  	466	14 
[15, 11, 1, 0, 0]  	468	17 
[12, 8, 4, 0, 0]  	468	13 
[8, 4, 8, 0, 0]  	468	12 
[2, 0, 9, 2, 0]  	471	3 
[2, 9, 5, 1, 0]  	472	7 
[19, 0, 7, 0, 0]  	473	11 
[5, 18, 0, 0, 0]  	474	9 
[1, 0, 0, 7, 0]  	474	4 
[5, 0, 10, 1, 0]  	476	6 
[6, 10, 5, 0, 0]  	477	8 
[5, 9, 6, 0, 0]  	477	10 
[5, 6, 8, 0, 0]  	478	14 
[4, 5, 9, 0, 0]  	478	11 
[11, 6, 6, 0, 0]  	480	14 
[15, 7, 4, 0, 0]  	481	14 
[14, 6, 5, 0, 0]  	481	13 
[1, 10, 5, 1, 0]  	483	4 
[2, 8, 6, 1, 0]  	484	6 
[5, 8, 7, 0, 0]  	489	11 
[4, 7, 8, 0, 0]  	489	12 
[4, 4, 10, 0, 0]  	490	12 
[17, 5, 5, 0, 0]  	494	12 
[1, 9, 6, 1, 0]  	495	4 
[5, 13, 4, 0, 0]  	499	6 
[4, 12, 5, 0, 0]  	499	6 
[4, 0, 11, 1, 0]  	499	6 
[10, 6, 7, 0, 0]  	503	13 
[16, 3, 7, 0, 0]  	506	12 
[1, 8, 7, 1, 0]  	507	4 
[4, 3, 0, 6, 0]  	513	13 
[6, 2, 0, 6, 0]  	514	14 
[16, 5, 6, 0, 0]  	517	10 
[18, 1, 8, 0, 0]  	519	13 
[3, 12, 6, 0, 0]  	522	5 
[3, 0, 12, 1, 0]  	522	5 
[4, 2, 1, 6, 0]  	525	12 
[4, 18, 0, 1, 0]  	528	9 
[15, 0, 10, 0, 0]  	530	14 
[18, 0, 9, 0, 0]  	531	13 
[6, 1, 5, 4, 0]  	534	9 
[3, 8, 9, 0, 0]  	535	10 
[2, 7, 10, 0, 0]  	535	10 
[3, 3, 1, 6, 0]  	536	10 
[2, 12, 7, 0, 0]  	545	4 
[2, 0, 13, 1, 0]  	545	4 
[6, 0, 6, 4, 0]  	546	9 
[3, 10, 8, 0, 0]  	546	7 
[2, 9, 9, 0, 0]  	546	7 
[10, 1, 4, 4, 0]  	547	12 
[9, 0, 5, 4, 0]  	547	12 
[2, 6, 11, 0, 0]  	547	10 
[3, 2, 2, 6, 0]  	548	10 
[4, 16, 4, 0, 0]  	556	3 
[3, 15, 5, 0, 0]  	556	3 
[2, 14, 6, 0, 0]  	556	3 
[1, 13, 7, 0, 0]  	556	3 
[2, 11, 8, 0, 0]  	557	5 
[2, 5, 12, 0, 0]  	559	7 
[15, 3, 9, 0, 0]  	564	15 
[1, 12, 8, 0, 0]  	568	4 
[4, 8, 4, 3, 0]  	570	11 
[3, 7, 5, 3, 0]  	570	11 
[3, 6, 0, 6, 0]  	570	11 
[0, 13, 8, 0, 0]  	579	4 
[1, 11, 9, 0, 0]  	580	4 
[3, 18, 0, 2, 0]  	582	6 
[1, 5, 13, 0, 0]  	582	5 
[2, 7, 6, 3, 0]  	593	8 
[2, 6, 1, 6, 0]  	593	8 
[1, 7, 12, 0, 0]  	593	6 
[4, 12, 4, 2, 0]  	596	11 
[1, 0, 15, 1, 0]  	603	3 
[2, 8, 0, 6, 0]  	604	5 
[1, 9, 11, 0, 0]  	604	5 
[2, 18, 1, 2, 0]  	605	6 
[2, 2, 4, 6, 0]  	606	8 
[1, 1, 5, 6, 0]  	606	5 
[4, 1, 4, 6, 0]  	607	9 
[3, 0, 5, 6, 0]  	607	8 
[10, 3, 12, 0, 0]  	609	13 
[14, 1, 12, 0, 0]  	611	11 
[1, 9, 0, 6, 0]  	615	4 
[2, 20, 0, 2, 0]  	616	5 
[1, 19, 1, 2, 0]  	616	5 
[1, 7, 7, 3, 0]  	616	5 
[1, 6, 2, 6, 0]  	616	5 
[1, 12, 0, 5, 0]  	618	7 
[1, 0, 6, 6, 0]  	618	5 
[3, 11, 0, 5, 0]  	619	9 
[5, 10, 0, 5, 0]  	620	9 
[10, 2, 13, 0, 0]  	621	12 
[14, 0, 13, 0, 0]  	623	11 
[5, 1, 6, 5, 0]  	623	7 
[1, 8, 1, 6, 0]  	627	4 
[1, 18, 2, 2, 0]  	628	4 
[0, 13, 0, 5, 0]  	629	5 
[9, 3, 13, 0, 0]  	632	11 
[4, 5, 4, 5, 0]  	633	3 
[3, 17, 4, 1, 0]  	633	3 
[3, 4, 5, 5, 0]  	633	3 
[2, 3, 6, 5, 0]  	633	3 
[1, 2, 7, 5, 0]  	633	3 
[0, 14, 7, 1, 0]  	633	3 
[0, 2, 13, 2, 0]  	633	3 
[13, 1, 13, 0, 0]  	634	10 
[1, 0, 14, 2, 0]  	634	3 
[3, 20, 4, 0, 0]  	636	8 
[2, 19, 5, 0, 0]  	636	9 
[0, 2, 15, 1, 0]  	637	3 
[0, 19, 2, 2, 0]  	639	3 
[0, 8, 13, 0, 0]  	639	3 
[1, 4, 4, 6, 0]  	640	5 
[0, 4, 10, 3, 0]  	640	3 
[1, 3, 16, 0, 0]  	641	7 
[3, 2, 16, 0, 0]  	642	8 
[2, 24, 0, 1, 0]  	642	7 
[2, 11, 1, 5, 0]  	642	8 
[4, 10, 1, 5, 0]  	643	9 
[0, 7, 10, 2, 0]  	643	3 
[10, 1, 3, 6, 0]  	644	15 
[13, 0, 14, 0, 0]  	646	9 
[4, 26, 0, 0, 0]  	646	6 
[4, 23, 2, 0, 0]  	647	7 
[0, 18, 3, 2, 0]  	651	2 
[0, 7, 14, 0, 0]  	651	2 
[0, 6, 9, 3, 0]  	651	2 
[0, 15, 5, 2, 0]  	652	3 
[0, 3, 11, 3, 0]  	652	3 
[1, 2, 17, 0, 0]  	653	5 
[6, 1, 16, 0, 0]  	655	11 
[12, 1, 14, 0, 0]  	657	10 
[1, 0, 9, 5, 0]  	657	4 
[4, 25, 1, 0, 0]  	658	6 
[1, 19, 6, 0, 0]  	659	8 
[1, 0, 11, 4, 0]  	661	4 
[0, 17, 4, 2, 0]  	663	1 
[0, 6, 15, 0, 0]  	663	1 
[0, 4, 5, 6, 0]  	663	1 
[0, 3, 0, 9, 0]  	663	1 
[2, 16, 4, 2, 0]  	664	3 
[0, 26, 0, 1, 0]  	664	3 
[0, 14, 6, 2, 0]  	664	3 
[0, 2, 12, 3, 0]  	664	3 
[1, 24, 1, 1, 0]  	665	5 
[1, 11, 2, 5, 0]  	665	6 
[1, 0, 13, 3, 0]  	665	5 
[3, 23, 1, 1, 0]  	666	4 
[3, 10, 2, 5, 0]  	666	8 
[5, 9, 2, 5, 0]  	667	6 
[11, 0, 4, 6, 0]  	668	12 
[12, 0, 15, 0, 0]  	669	11 
[1, 21, 5, 0, 0]  	670	6 
[0, 12, 0, 6, 0]  	672	3 
[0, 5, 16, 0, 0]  	675	1 
[0, 3, 6, 6, 0]  	675	1 
[0, 2, 1, 9, 0]  	675	1 
[0, 25, 1, 1, 0]  	676	3 
[0, 13, 7, 2, 0]  	676	4 
[0, 12, 2, 5, 0]  	676	3 
[2, 21, 3, 1, 0]  	678	4 
[2, 8, 4, 5, 0]  	678	4 
[1, 20, 4, 1, 0]  	678	4 
[1, 7, 5, 5, 0]  	678	4 
[0, 19, 5, 1, 0]  	678	4 
[9, 2, 15, 0, 0]  	679	8 
[5, 8, 3, 5, 0]  	679	4 
[0, 22, 5, 0, 0]  	681	4 
[0, 19, 7, 0, 0]  	682	5 
[0, 4, 17, 0, 0]  	687	1 
[0, 2, 7, 6, 0]  	687	1 
[0, 1, 2, 9, 0]  	687	1 
[0, 24, 2, 1, 0]  	688	3 
[0, 11, 3, 5, 0]  	688	3 
[2, 10, 3, 5, 0]  	689	6 
[1, 6, 6, 5, 0]  	690	5 
[8, 0, 17, 0, 0]  	691	9 
[11, 0, 16, 0, 0]  	692	13 
[0, 21, 6, 0, 0]  	693	4 
[0, 6, 14, 1, 0]  	694	3 
[0, 3, 18, 0, 0]  	699	1 
[0, 1, 8, 6, 0]  	699	1 
[0, 0, 3, 9, 0]  	699	1 
[2, 18, 0, 4, 0]  	702	4 
[1, 30, 0, 0, 0]  	702	4 
[0, 3, 5, 7, 0]  	706	2 
[0, 2, 19, 0, 0]  	711	1 
[0, 1, 14, 3, 0]  	711	1 
[0, 0, 9, 6, 0]  	711	1 
[1, 10, 4, 5, 0]  	712	2 
[1, 0, 20, 0, 0]  	712	2 
[0, 22, 4, 1, 0]  	712	2 
[0, 9, 5, 5, 0]  	712	2 
[7, 0, 18, 0, 0]  	714	7 
[0, 2, 6, 7, 0]  	718	2 
[0, 12, 9, 2, 0]  	723	1 
[0, 1, 20, 0, 0]  	723	1 
[0, 0, 15, 3, 0]  	723	1 
[0, 8, 6, 5, 0]  	724	2 
[1, 18, 1, 4, 0]  	725	4 
[0, 30, 1, 0, 0]  	725	4 
[0, 1, 7, 7, 0]  	730	2 
[0, 9, 0, 8, 0]  	735	1 
[0, 0, 21, 0, 0]  	735	1  <--- 3
[1, 20, 0, 4, 0]  	736	2 
[0, 32, 0, 0, 0]  	736	2  <--- 2
[0, 19, 1, 4, 0]  	736	2 
[0, 7, 7, 5, 0]  	736	2 
[6, 0, 19, 0, 0]  	737	5 
[0, 1, 13, 4, 0]  	742	2 
[0, 21, 0, 4, 0]  	747	1 
[0, 8, 1, 8, 0]  	747	1 
[0, 18, 2, 4, 0]  	748	2 
[0, 6, 8, 5, 0]  	748	2 
[0, 1, 19, 1, 0]  	754	2 
[0, 7, 2, 8, 0]  	759	1 
[0, 5, 9, 5, 0]  	760	2 
[0, 6, 3, 8, 0]  	771	1 
[0, 5, 4, 8, 0]  	783	1 
[0, 28, 4, 0, 0]  	784	2 
[0, 0, 0, 12, 0]  	792	1  <--- 4
[12, 0, 0, 1, 1]  	210	6 
[6, 5, 0, 1, 1]  	253	4 
[8, 1, 4, 1, 1]  	325	7 
[11, 11, 0, 0, 1]  	385	9 
[11, 0, 0, 4, 1]  	396	15 
[10, 11, 1, 0, 1]  	408	14 
[8, 8, 4, 0, 1]  	420	9 
[12, 7, 4, 0, 1]  	445	13 
[4, 6, 0, 4, 1]  	450	7 
[5, 17, 0, 0, 1]  	451	5 
[6, 9, 5, 0, 1]  	454	11 
[6, 6, 7, 0, 1]  	455	11 
[4, 0, 8, 2, 1]  	460	5 
[5, 7, 7, 0, 1]  	466	12 
[3, 6, 1, 4, 1]  	473	7 
[5, 12, 4, 0, 1]  	476	6 
[14, 9, 3, 0, 1]  	480	14 
[13, 10, 3, 0, 1]  	491	18 
[2, 6, 2, 4, 1]  	496	5 
[7, 1, 4, 4, 1]  	511	11 
[3, 7, 9, 0, 1]  	512	10 
[1, 6, 3, 4, 1]  	519	3 
[1, 3, 5, 4, 1]  	520	4 
[3, 9, 8, 0, 1]  	523	8 
[3, 5, 5, 3, 1]  	524	13 
[3, 4, 0, 6, 1]  	524	12 
[9, 1, 0, 6, 1]  	527	14 
[1, 18, 3, 0, 1]  	531	5 
[1, 5, 4, 4, 1]  	531	4 
[2, 16, 4, 0, 1]  	532	5 
[1, 15, 5, 0, 1]  	532	5 
[3, 5, 11, 0, 1]  	536	9 
[5, 15, 0, 2, 1]  	537	11 
[7, 1, 1, 6, 1]  	538	11 
[1, 17, 4, 0, 1]  	543	4 
[4, 4, 4, 4, 1]  	544	8 
[2, 2, 6, 4, 1]  	544	5 
[1, 14, 6, 0, 1]  	544	5 
[4, 11, 7, 0, 1]  	546	6 
[5, 14, 1, 2, 1]  	549	12 
[5, 3, 12, 0, 1]  	549	10 
[0, 12, 8, 0, 1]  	556	3 
[2, 7, 5, 3, 1]  	558	9 
[2, 6, 0, 6, 1]  	558	8 
[6, 1, 2, 6, 1]  	561	13 
[1, 2, 7, 4, 1]  	567	4 
[5, 12, 1, 3, 1]  	569	8 
[2, 5, 1, 6, 1]  	570	8 
[2, 4, 13, 0, 1]  	571	6 
[4, 3, 13, 0, 1]  	572	8 
[6, 2, 13, 0, 1]  	573	13 
[6, 0, 3, 6, 1]  	573	12 
[5, 14, 0, 3, 1]  	580	6 
[5, 11, 2, 3, 1]  	581	9 
[1, 8, 11, 0, 1]  	581	6 
[5, 1, 3, 6, 1]  	584	11 
[11, 3, 11, 0, 1]  	586	12 
[13, 2, 11, 0, 1]  	587	12 
[1, 0, 9, 4, 1]  	591	4 
[1, 10, 10, 0, 1]  	592	5 
[1, 9, 5, 3, 1]  	592	5 
[3, 1, 4, 6, 1]  	595	9 
[5, 13, 3, 2, 1]  	596	11 
[5, 2, 14, 0, 1]  	596	10 
[5, 0, 4, 6, 1]  	596	11 
[1, 8, 6, 3, 1]  	604	5 
[2, 3, 15, 0, 1]  	618	7 
[4, 2, 15, 0, 1]  	619	9 
[3, 14, 0, 4, 1]  	622	4 
[2, 13, 1, 4, 1]  	622	4 
[1, 12, 2, 4, 1]  	622	4 
[3, 23, 0, 1, 1]  	631	10 
[2, 15, 0, 4, 1]  	633	4 
[1, 14, 1, 4, 1]  	633	4 
[5, 0, 7, 5, 1]  	635	7 
[5, 1, 16, 0, 1]  	643	7 
[0, 19, 4, 1, 1]  	643	3 
[1, 16, 4, 2, 1]  	652	3 
[2, 23, 1, 1, 1]  	654	8 
[5, 0, 17, 0, 1]  	655	8 
[0, 18, 5, 1, 1]  	655	4 
[8, 0, 16, 0, 1]  	656	6 
[0, 2, 10, 4, 1]  	660	3 
[1, 23, 2, 1, 1]  	677	6 
[11, 1, 15, 0, 1]  	680	12 
[1, 18, 0, 4, 1]  	690	5 
[0, 23, 3, 1, 1]  	700	4 
[3, 29, 0, 0, 1]  	703	4 
[0, 26, 3, 0, 1]  	703	4 
[0, 31, 0, 0, 1]  	713	4 
[0, 20, 0, 4, 1]  	724	2 
[2, 29, 1, 0, 1]  	726	5 
[2, 2, 3, 1, 2]  	241	3 
[7, 12, 0, 0, 2]  	360	9 
[10, 11, 0, 0, 2]  	373	12 
[8, 8, 3, 0, 2]  	385	8 
[9, 11, 2, 0, 2]  	431	14 
[7, 11, 3, 0, 2]  	442	8 
[2, 14, 3, 0, 2]  	451	4 
[2, 13, 4, 0, 2]  	463	4 
[5, 11, 5, 0, 2]  	488	7 
[12, 5, 7, 0, 2]  	504	16 
[15, 5, 6, 0, 2]  	505	11 
[1, 17, 3, 0, 2]  	508	5 
[4, 11, 6, 0, 2]  	511	7 
[8, 1, 0, 6, 2]  	515	14 
[4, 10, 7, 0, 2]  	523	9 
[3, 6, 10, 0, 2]  	524	10 
[6, 3, 11, 0, 2]  	526	13 
[1, 2, 6, 4, 2]  	532	4 
[3, 11, 7, 0, 2]  	534	6 
[1, 1, 7, 4, 2]  	544	4 
[3, 4, 12, 0, 2]  	548	8 
[10, 0, 1, 6, 2]  	551	10 
[3, 1, 3, 6, 2]  	560	8 
[1, 9, 10, 0, 2]  	569	6 
[4, 17, 0, 2, 2]  	571	6 
[4, 2, 14, 0, 2]  	584	9 
[2, 19, 0, 2, 2]  	593	3 
[3, 17, 1, 2, 2]  	594	6 
[1, 15, 3, 2, 2]  	594	6 
[1, 4, 14, 0, 2]  	594	6 
[1, 14, 0, 4, 2]  	598	6 
[1, 20, 0, 2, 2]  	604	6 
[3, 2, 15, 0, 2]  	607	8 
[1, 13, 1, 4, 2]  	610	6 
[1, 3, 4, 6, 2]  	617	6 
[3, 1, 16, 0, 2]  	619	9 
[1, 5, 3, 6, 2]  	628	4 
[2, 2, 16, 0, 2]  	630	7 
[1, 24, 0, 1, 2]  	630	7 
[10, 1, 14, 0, 2]  	633	8 
[1, 14, 3, 3, 2]  	637	4 
[2, 1, 17, 0, 2]  	642	7 
[4, 0, 17, 0, 2]  	643	6 
[7, 0, 16, 0, 2]  	644	13 
[0, 3, 17, 0, 2]  	664	3 
[1, 1, 18, 0, 2]  	665	5 
[3, 0, 18, 0, 2]  	666	6 
[0, 2, 18, 0, 2]  	676	3 
[0, 25, 3, 0, 2]  	680	4 
[2, 0, 19, 0, 2]  	689	5 
[2, 29, 0, 0, 2]  	691	4 
[0, 25, 0, 2, 2]  	707	4 
[1, 29, 2, 0, 2]  	749	5 
[6, 13, 0, 0, 3]  	371	7 
[9, 11, 1, 0, 3]  	396	12 
[7, 8, 4, 0, 3]  	408	9 
[1, 13, 3, 0, 3]  	416	3 
[5, 5, 0, 4, 3]  	439	7 
[3, 7, 0, 4, 3]  	461	6 
[2, 8, 0, 4, 3]  	472	6 
[2, 7, 1, 4, 3]  	484	6 
[14, 5, 6, 0, 3]  	493	11 
[4, 9, 7, 0, 3]  	500	5 
[3, 4, 11, 0, 3]  	513	11 
[10, 0, 0, 6, 3]  	516	8 
[8, 2, 11, 0, 3]  	527	15 
[7, 2, 12, 0, 3]  	550	14 
[3, 17, 0, 2, 3]  	559	6 
[5, 13, 2, 2, 3]  	561	12 
[9, 0, 2, 6, 3]  	574	8 
[2, 3, 14, 0, 3]  	583	8 
[5, 1, 15, 0, 3]  	608	11 
[2, 17, 2, 2, 3]  	617	6 
[9, 1, 14, 0, 3]  	621	12 
[6, 0, 16, 0, 3]  	632	9 
[0, 16, 4, 2, 3]  	640	3 
[0, 25, 0, 1, 3]  	641	6 
[0, 4, 16, 0, 3]  	652	3 
[0, 24, 1, 1, 3]  	653	5 
[0, 24, 0, 2, 3]  	684	5 
[0, 17, 3, 3, 3]  	694	3 
[0, 11, 9, 2, 3]  	700	3 
[1, 29, 1, 0, 3]  	714	4 
[1, 12, 3, 0, 4]  	393	3 
[8, 11, 2, 0, 4]  	419	11 
[4, 5, 1, 4, 4]  	462	7 
[0, 17, 4, 0, 4]  	531	3 
[9, 0, 1, 6, 4]  	539	8 
[0, 16, 5, 0, 4]  	543	3 
[1, 12, 0, 4, 4]  	552	4 
[0, 15, 6, 0, 4]  	555	3 
[5, 13, 0, 3, 4]  	557	8 
[0, 14, 7, 0, 4]  	567	3 
[2, 18, 0, 2, 4]  	570	10 
[2, 17, 1, 2, 4]  	582	6 
[1, 18, 1, 2, 4]  	593	7 
[1, 3, 15, 0, 4]  	606	6 
[8, 1, 14, 0, 4]  	609	10 
[0, 15, 4, 2, 4]  	617	5 
[0, 14, 5, 2, 4]  	629	5 
[0, 13, 4, 3, 4]  	637	3 
[0, 5, 15, 0, 4]  	640	3 
[0, 12, 5, 3, 4]  	649	4 
[0, 24, 3, 0, 4]  	657	4 
[0, 13, 3, 4, 4]  	668	3 
[1, 29, 0, 0, 4]  	679	3 
[0, 11, 8, 3, 4]  	731	3 
[0, 29, 2, 0, 4]  	737	4 
[0, 10, 4, 6, 4]  	766	2 
[3, 5, 2, 4, 5]  	485	7 
[3, 5, 10, 0, 5]  	501	14 
[1, 11, 0, 4, 5]  	529	4 
[8, 0, 2, 6, 5]  	562	6 
[7, 1, 14, 0, 5]  	597	10 
[1, 11, 4, 3, 5]  	603	3 
[1, 17, 2, 2, 5]  	605	6 
[0, 21, 0, 2, 5]  	615	3 
[5, 0, 16, 0, 5]  	620	7 
[0, 20, 1, 2, 5]  	627	3 
[0, 17, 3, 2, 5]  	628	4 
[0, 29, 0, 0, 5]  	667	4 
[0, 18, 0, 4, 5]  	678	3 
[1, 4, 4, 4, 6]  	508	4 
[2, 1, 4, 6, 6]  	583	5 
[4, 1, 15, 0, 6]  	596	10 
[4, 0, 16, 0, 6]  	608	7 
[2, 23, 0, 1, 6]  	619	8 
[0, 13, 6, 2, 6]  	641	5 
[6, 1, 14, 0, 7]  	585	8 
[2, 2, 15, 0, 7]  	595	8 
[1, 2, 16, 0, 7]  	618	6 
[3, 0, 17, 0, 7]  	631	6 
[0, 17, 2, 4, 7]  	725	3 
[1, 23, 1, 1, 8]  	642	6 
[2, 0, 18, 0, 8]  	654	5 
[1, 2, 4, 6, 9]  	594	5 
[1, 0, 19, 0, 9]  	677	4 
[0, 17, 0, 4, 10]  	655	3 
[0, 11, 0, 6, 12]  	649	3 
[0, 18, 2, 3, 12]  	682	4 
[1, 11, 3, 3, 16]  	568	3 
[0, 12, 3, 3, 16]  	579	3 
[0, 1, 18, 1, 232]  	719	2 
[0, 1, 17, 1, 234]  	684	2 
[0, 1, 16, 1, 236]  	649	2 
[0, 1, 15, 1, 238]  	614	2 
[0, 5, 14, 1, 238]  	671	3 
[0, 4, 14, 1, 239]  	648	3 
[1, 0, 14, 1, 240]  	568	2 
[0, 1, 14, 1, 240]  	579	2 
[0, 2, 13, 1, 243]  	567	2 
[1, 0, 13, 1, 244]  	533	2 
[0, 3, 12, 2, 244]  	621	2 
[0, 12, 1, 5, 244]  	641	4 
[0, 3, 12, 1, 245]  	555	2 
[0, 9, 12, 0, 245]  	627	2 
[1, 0, 12, 1, 246]  	498	2 
[0, 4, 11, 2, 246]  	609	2 
[0, 13, 7, 1, 246]  	610	2 
[0, 6, 10, 2, 246]  	620	1 
[0, 22, 3, 1, 246]  	677	3 
[0, 1, 12, 4, 246]  	707	2 
[0, 4, 11, 1, 247]  	543	2 
[0, 13, 7, 0, 247]  	544	3 
[2, 0, 5, 6, 247]  	595	6 
[0, 5, 10, 2, 247]  	597	1 
[0, 10, 11, 0, 247]  	615	2 
[1, 10, 2, 5, 247]  	642	5 
[0, 21, 3, 1, 247]  	654	3 
[0, 1, 6, 7, 247]  	695	2 
[0, 6, 7, 5, 247]  	713	2 
[1, 1, 7, 1, 248]  	346	2 
[1, 0, 11, 1, 248]  	463	2 
[0, 12, 7, 0, 248]  	521	2 
[1, 0, 5, 6, 248]  	583	4 
[0, 14, 6, 1, 248]  	598	2 
[0, 2, 11, 3, 248]  	629	3 
[0, 20, 3, 1, 248]  	631	3 
[0, 1, 11, 4, 248]  	672	2 
[0, 11, 7, 3, 248]  	696	2 
[7, 0, 7, 1, 249]  	395	6 
[5, 8, 6, 0, 249]  	454	10 
[1, 7, 2, 4, 249]  	507	3 
[0, 5, 10, 1, 249]  	531	2 
[0, 14, 6, 0, 249]  	532	3 
[0, 14, 4, 2, 249]  	594	4 
[0, 11, 10, 0, 249]  	603	3 
[1, 7, 1, 6, 249]  	604	4 
[0, 19, 3, 1, 249]  	608	3 
[0, 5, 6, 5, 249]  	655	1 
[0, 1, 5, 7, 249]  	660	2 
[1, 1, 6, 1, 250]  	311	2 
[6, 7, 5, 0, 250]  	408	8 
[1, 0, 10, 1, 250]  	428	2 
[0, 12, 6, 0, 250]  	486	2 
[3, 3, 0, 6, 250]  	501	12 
[0, 4, 10, 1, 250]  	508	2 
[0, 18, 3, 1, 250]  	585	3 
[0, 15, 5, 1, 250]  	586	2 
[0, 2, 10, 3, 250]  	594	3 
[0, 4, 6, 5, 250]  	632	1 
[0, 1, 10, 4, 250]  	637	2 
[0, 11, 6, 3, 250]  	661	2 
[7, 0, 6, 1, 251]  	360	6 
[6, 12, 1, 0, 251]  	383	6 
[0, 3, 10, 1, 251]  	485	2 
[1, 8, 1, 4, 251]  	495	3 
[0, 15, 5, 0, 251]  	520	2 
[0, 3, 5, 5, 251]  	574	1 
[1, 8, 0, 6, 251]  	592	4 
[0, 24, 0, 1, 251]  	618	4 
[0, 6, 14, 0, 251]  	628	3 
[0, 2, 0, 9, 251]  	640	1 
[1, 1, 5, 1, 252]  	276	2 
[1, 0, 9, 1, 252]  	393	2 
[4, 5, 8, 0, 252]  	443	7 
[11, 6, 5, 0, 252]  	445	10 
[0, 12, 5, 0, 252]  	451	2 
[0, 2, 10, 1, 252]  	462	2 
[0, 16, 4, 0, 252]  	508	3 
[2, 8, 9, 0, 252]  	523	7 
[1, 5, 3, 5, 252]  	562	3 
[0, 0, 15, 1, 252]  	591	1 
[0, 12, 0, 5, 252]  	606	3 
[0, 2, 7, 5, 252]  	621	1 
[0, 11, 5, 3, 252]  	626	2 
[0, 1, 9, 5, 252]  	668	2 
[0, 0, 20, 0, 252]  	700	1 
[7, 0, 5, 1, 253]  	325	6 
[6, 12, 0, 0, 253]  	348	6 
[6, 7, 4, 0, 253]  	373	4 
[7, 10, 3, 0, 253]  	419	7 
[6, 6, 6, 0, 253]  	420	8 
[4, 4, 8, 0, 253]  	420	7 
[5, 7, 6, 0, 253]  	431	8 
[0, 1, 10, 1, 253]  	439	1 
[2, 6, 1, 4, 253]  	461	4 
[1, 9, 0, 4, 253]  	483	3 
[3, 8, 8, 0, 253]  	500	7 
[6, 0, 5, 4, 253]  	511	8 
[3, 2, 1, 6, 253]  	513	10 
[7, 0, 2, 6, 253]  	550	10 
[0, 2, 5, 5, 253]  	551	1 
[0, 6, 9, 2, 253]  	585	2 
[1, 4, 3, 6, 253]  	605	4 
[0, 1, 0, 9, 253]  	617	1 
[4, 25, 0, 0, 253]  	623	3 
[0, 2, 9, 4, 253]  	625	2 
[0, 1, 8, 5, 253]  	633	1 
[0, 7, 0, 8, 253]  	689	1 
[0, 1, 4, 8, 253]  	691	1 
[1, 1, 4, 1, 254]  	241	2 
[6, 6, 5, 0, 254]  	385	4 
[7, 9, 3, 0, 254]  	396	7 
[5, 6, 6, 0, 254]  	408	7 
[6, 0, 6, 2, 254]  	414	4 
[0, 12, 4, 0, 254]  	416	2 
[0, 0, 11, 1, 254]  	451	1 
[3, 2, 0, 6, 254]  	478	8 
[1, 18, 0, 1, 254]  	492	2 
[0, 2, 9, 2, 254]  	493	2 
[0, 19, 0, 1, 254]  	503	2 
[4, 17, 0, 1, 254]  	505	2 
[2, 9, 8, 0, 254]  	511	3 
[7, 0, 1, 6, 254]  	515	8 
[2, 5, 11, 0, 254]  	524	8 
[3, 17, 1, 1, 254]  	528	2 
[0, 1, 5, 5, 254]  	528	1 
[5, 12, 0, 3, 254]  	534	7 
[1, 4, 3, 5, 254]  	539	3 
[1, 6, 0, 6, 254]  	546	3 
[2, 17, 2, 1, 254]  	551	2 
[5, 2, 13, 0, 254]  	561	8 
[7, 1, 13, 0, 254]  	562	8 
[1, 3, 3, 6, 254]  	582	4 
[0, 11, 4, 3, 254]  	591	2 
[0, 0, 0, 9, 254]  	594	1 
[3, 0, 16, 0, 254]  	596	7 
[5, 0, 6, 5, 254]  	600	4 
[4, 24, 0, 0, 254]  	600	3 
[4, 23, 1, 0, 254]  	612	4 
[2, 0, 17, 0, 254]  	619	6 
[1, 1, 17, 0, 254]  	630	4 
[0, 0, 5, 7, 254]  	637	1 
[0, 0, 9, 5, 254]  	645	1 
[0, 6, 0, 8, 254]  	666	1 
[0, 0, 4, 8, 254]  	668	1 
[0, 10, 4, 5, 254]  	700	2 
[6, 6, 0, 0, 255]  	210	4 
[1, 0, 5, 1, 255]  	253	1 
[5, 7, 5, 0, 255]  	396	7 
[0, 18, 0, 0, 255]  	414	1 
[0, 0, 10, 1, 255]  	416	1 
[2, 6, 0, 4, 255]  	426	3 
[4, 6, 7, 0, 255]  	431	7 
[1, 7, 0, 4, 255]  	437	3 
[4, 17, 0, 0, 255]  	439	3 
[3, 17, 1, 0, 255]  	462	3 
[0, 1, 5, 4, 255]  	462	2 
[3, 5, 9, 0, 255]  	466	7 
[0, 7, 5, 2, 255]  	468	2 
[7, 0, 0, 6, 255]  	480	4 
[1, 6, 0, 5, 255]  	480	1 
[2, 17, 2, 0, 255]  	485	3 
[4, 10, 6, 0, 255]  	488	6 
[2, 8, 8, 0, 255]  	488	3 
[6, 1, 0, 6, 255]  	491	4 
[4, 5, 0, 5, 255]  	493	4 
[0, 0, 5, 5, 255]  	505	1 
[3, 10, 7, 0, 255]  	511	6 
[1, 5, 11, 0, 255]  	512	4 
[5, 14, 0, 2, 255]  	514	6 
[3, 5, 1, 5, 255]  	516	4 
[1, 3, 3, 5, 255]  	516	3 
[5, 2, 12, 0, 255]  	526	4 
[0, 0, 0, 8, 255]  	528	1 
[0, 1, 9, 3, 255]  	536	2 
[8, 1, 12, 0, 255]  	539	9 
[2, 5, 2, 5, 255]  	539	4 
[5, 11, 1, 3, 255]  	546	5 
[1, 0, 4, 6, 255]  	548	1 
[1, 4, 13, 0, 255]  	559	3 
[0, 5, 13, 0, 255]  	570	3 
[1, 2, 15, 0, 255]  	583	6 
[0, 11, 0, 5, 255]  	583	1 
[0, 9, 11, 0, 255]  	592	1 
[1, 1, 16, 0, 255]  	595	4 
[0, 4, 15, 0, 255]  	617	2 
[0, 10, 0, 6, 255]  	626	2 
------
The gap is between 17 and 231.
Lengths: 5 5 10 11 5 13.
For 692 = 3*d-d1-d2-d3-d4 you get 5 in char 0.
1 + 0*2^64 + 0*2^128 + 0*2^192*x^3*y^27*z^1
1 + 0*2^64 + 0*2^128 + 0*2^192*x^2*y^26*z^2
1 + 0*2^64 + 0*2^128 + 0*2^192*y^11*z^5*w^4
1 + 0*2^64 + 0*2^128 + 0*2^192*y^10*w^7
1 + 0*2^64 + 0*2^128 + 0*2^192*z^16*w^2

For 416 = 2*d-d1-d2-d3-d4 you get 10 in char 0.
1 + 0*2^64 + 0*2^128 + 0*2^192*x^5*y^4*w^4
1 + 0*2^64 + 0*2^128 + 0*2^192*x^4*y^16
1 + 0*2^64 + 0*2^128 + 0*2^192*x^4*y^3*z^1*w^4
1 + 0*2^64 + 0*2^128 + 0*2^192*x^3*y^15*z^1
1 + 0*2^64 + 0*2^128 + 0*2^192*x^3*y^2*z^2*w^4
1 + 0*2^64 + 0*2^128 + 0*2^192*x^2*y^14*z^2
1 + 0*2^64 + 0*2^128 + 0*2^192*x^2*y^1*z^3*w^4
1 + 0*2^64 + 0*2^128 + 0*2^192*x^1*z^4*w^4
1 + 0*2^64 + 0*2^128 + 0*2^192*y^12*z^4
1 + 0*2^64 + 0*2^128 + 0*2^192*z^10*w^1

For 140 = d-d1-d2-d3-d4 you get 5 in char 0.
1 + 0*2^64 + 0*2^128 + 0*2^192*x^4*y^4
1 + 0*2^64 + 0*2^128 + 0*2^192*x^3*y^3*z^1
1 + 0*2^64 + 0*2^128 + 0*2^192*x^2*y^2*z^2
1 + 0*2^64 + 0*2^128 + 0*2^192*x^1*y^1*z^3
1 + 0*2^64 + 0*2^128 + 0*2^192*z^4

Extra powers of p used 9.
The invariant extra is equal to 33.
Start computing 2^4 Delta^1 (x1x2x3x4)^1... Done.
Start computing 2^5 Delta^2 (x1x2x3x4)^1... Done.
Start computing 2^6 Delta^3 (x1x2x3x4)^1... Done.
Start computing 2^7 Delta^4 (x1x2x3x4)^1... Done.
Start computing 2^8 Delta^5 (x1x2x3x4)^1... Done.
Start computing 2^9 Delta^6 (x1x2x3x4)^1... Done.
Start computing 2^10 Delta^7 (x1x2x3x4)^1... Done.
Start computing 2^11 Delta^8 (x1x2x3x4)^1... Done.
Start computing 2^12 Delta^9 (x1x2x3x4)^1... Done.
Start computing 2^13 Delta^10 (x1x2x3x4)^1... Done.
Start computing 2^14 Delta^11 (x1x2x3x4)^1... Done.
Start computing 2^15 Delta^12 (x1x2x3x4)^1... Done.
Start computing 2^16 Delta^13 (x1x2x3x4)^1... Done.
Start computing 2^17 Delta^14 (x1x2x3x4)^1... Done.
Start computing 2^18 Delta^15 (x1x2x3x4)^1... Done.
Start computing 2^19 Delta^16 (x1x2x3x4)^1... Done.
Start computing 2^20 Delta^17 (x1x2x3x4)^1... Done.
Start computing 2^21 Delta^18 (x1x2x3x4)^1... Done.
Start computing 2^22 Delta^19 (x1x2x3x4)^1... Done.
Start computing 2^23 Delta^20 (x1x2x3x4)^1... Done.
Start computing 2^24 Delta^21 (x1x2x3x4)^1... Done.
Start computing 2^25 Delta^22 (x1x2x3x4)^1... Done.
Start computing 2^26 Delta^23 (x1x2x3x4)^1... Done.
Start computing 2^27 Delta^24 (x1x2x3x4)^1... Done.
Start computing 2^28 Delta^25 (x1x2x3x4)^1... Done.
Start computing 2^29 Delta^26 (x1x2x3x4)^1... Done.
Start computing 2^30 Delta^27 (x1x2x3x4)^1... Done.
Start computing 2^31 Delta^28 (x1x2x3x4)^1... Done.
Start computing 2^32 Delta^29 (x1x2x3x4)^1... Done.
Start computing 2^33 Delta^30 (x1x2x3x4)^1... Done.
Start computing 2^34 Delta^31 (x1x2x3x4)^1... Done.
Start computing 2^35 Delta^32 (x1x2x3x4)^1... Done.
Start computing 2^36 Delta^33 (x1x2x3x4)^1... Done.
Start computing 2^37 Delta^34 (x1x2x3x4)^1... Done.
Start computing 2^38 Delta^35 (x1x2x3x4)^1... Done.
Start computing aa.
1 2 3 4 5 6 7 8 9 10 11 12 13 14 15 16 17 18 19 20 
*/
A = \
[10094945362081375744 + 1236448619448125436*2^64 + 2895380856599187924*2^128 + 34515899963*2^192,13463790259928185344 + 15544533679577573540*2^64 + 12986680083620438670*2^128 + 228869411437*2^192,13297585318766153984 + 2533638732845088850*2^64 + 10969950390016869485*2^128 + 89876672661*2^192,8051267295852189184 + 12119286131176575627*2^64 + 8084686693762822849*2^128 + 29584864139*2^192,13230693985691045888 + 9557536018204367569*2^64 + 99448987536377261*2^128 + 243643094983*2^192,16085122855927697408 + 11169909713438086630*2^64 + 5948990123527379948*2^128 + 137645562302*2^192,8267474197011927040 + 1608215837859484164*2^64 + 16602072583849422510*2^128 + 194908100514*2^192,7506675651051027456 + 11894940492399662175*2^64 + 6834220753073333473*2^128 + 211096823348*2^192,4003915796769220608 + 6561005379274311088*2^64 + 16195857264576985454*2^128 + 254876237621*2^192,4849747293111646208 + 2105365958521359113*2^64 + 11843290889612765214*2^128 + 18971346071*2^192,7594417747431999488 + 1686371189733623892*2^64 + 2086267627987783446*2^128 + 208364190774*2^192,6291558868015646720 + 4344905421099205066*2^64 + 2631169804661884197*2^128 + 109533810996*2^192,15887852921703350272 + 10887623091897523191*2^64 + 8904425527526591820*2^128 + 237075524552*2^192,3298664057087488000 + 14005403857026153347*2^64 + 11950641163492448506*2^128 + 105384663743*2^192,4703444138530074624 + 12514484018580908974*2^64 + 16567157211860158022*2^128 + 93017377669*2^192,578877287591565312 + 10966932835358449402*2^64 + 16407559233112856667*2^128 + 151559743634*2^192,8377783982511988736 + 13292331568368593363*2^64 + 10875687180930876517*2^128 + 167237998384*2^192,4518979818583461888 + 11877857342592294827*2^64 + 15597531804686424511*2^128 + 229323721706*2^192,14383732933850492928 + 7548553659804963333*2^64 + 19086798922014233*2^128 + 26891477909*2^192,709745176242556928 + 1571108059904756280*2^64 + 16746661891923210877*2^128 + 56912531589*2^192;\
11396585322761747712 + 17688065799977766650*2^64 + 8375361345032035207*2^128 + 29091316185*2^192,17710541640507983360 + 6115455162676854074*2^64 + 4041462597754877997*2^128 + 178026723882*2^192,7668404308410713344 + 554310691313367664*2^64 + 6430135075140008891*2^128 + 184267284990*2^192,16932157691063710720 + 16957400283526970713*2^64 + 16828602725265655401*2^128 + 33351913184*2^192,6095576697690443776 + 3825317812579946997*2^64 + 8626783833919389424*2^128 + 167855176933*2^192,16820257313426753536 + 17875819185191598058*2^64 + 7373098585609241450*2^128 + 164012769973*2^192,12151732895363514368 + 16649331601336152776*2^64 + 896113294863575797*2^128 + 41488543200*2^192,8084508123084822528 + 7006411153901946700*2^64 + 14072243466113206379*2^128 + 265884718894*2^192,3954840318441383936 + 3958811653499725253*2^64 + 16373260345749216283*2^128 + 63983524792*2^192,2917942554047221760 + 11479030032314543626*2^64 + 17533994337796233681*2^128 + 155552182491*2^192,4365706242961627136 + 10117347888709783217*2^64 + 12199108450994892962*2^128 + 261832082976*2^192,16253895225500657664 + 647230459886737843*2^64 + 5206585355669696982*2^128 + 137195946296*2^192,1501068700073627648 + 14891043785156188498*2^64 + 8141631094663775800*2^128 + 210741416232*2^192,17949430408569266176 + 187827496389065109*2^64 + 4422633446773163222*2^128 + 256137294937*2^192,2092282389343940608 + 14231998208836289662*2^64 + 3257479639158311195*2^128 + 18108819682*2^192,5150114468545316864 + 4943854357109139488*2^64 + 3448761434697249543*2^128 + 206683501645*2^192,16000001915200505856 + 18114002302920277014*2^64 + 8761203167190461894*2^128 + 80622962263*2^192,484279716412985344 + 13028956621209779723*2^64 + 6198528025436658424*2^128 + 150656673456*2^192,17922000812797499392 + 1912796682088988968*2^64 + 8300618940411810404*2^128 + 215239352945*2^192,12112405547765633024 + 14089620983660895212*2^64 + 3745793949608209503*2^128 + 127400492756*2^192;\
5813657454311912096 + 18422317152828723352*2^64 + 11406538261055990610*2^128 + 237810895559*2^192,13208236455561072256 + 8288362704129160312*2^64 + 10240129828647791654*2^128 + 32109030368*2^192,9510530055661312832 + 12308306431921421080*2^64 + 5871831242513920815*2^128 + 242389761821*2^192,626755954956481984 + 9273175750605329633*2^64 + 73253420154534596*2^128 + 70338548926*2^192,17000543856487576576 + 14128234219349119202*2^64 + 6809028160720611218*2^128 + 228144858588*2^192,4826446276805357824 + 6478534464640743119*2^64 + 17222061803067009414*2^128 + 71981455846*2^192,10755800103286048768 + 991262204451192196*2^64 + 6373883961313790502*2^128 + 252599682050*2^192,2645851682999205760 + 15382846112054660889*2^64 + 12957147994763455063*2^128 + 268505970807*2^192,9023777989356976640 + 9173137398174585080*2^64 + 4803208889995655936*2^128 + 12114216710*2^192,8287369236113215744 + 17490999669930767316*2^64 + 7273678046159053367*2^128 + 33897043201*2^192,16535125480872595456 + 11252922287522721071*2^64 + 6894612512702471537*2^128 + 188452667553*2^192,14310589522948050944 + 926860119002485463*2^64 + 17938100353496125970*2^128 + 22905213437*2^192,4035333842960478720 + 7669981305336313512*2^64 + 16280283165702478723*2^128 + 255633759926*2^192,17684479358070100480 + 6871314460481005420*2^64 + 1042699395333241170*2^128 + 144654908588*2^192,10044389282562857984 + 1189247329814086027*2^64 + 1894992534353864485*2^128 + 150366737654*2^192,687374130214769664 + 13636810344067047803*2^64 + 18222421613826345610*2^128 + 85805880580*2^192,6452526892141598464 + 8605921894059216454*2^64 + 17187157835468016310*2^128 + 140610512767*2^192,6052228138618001408 + 8636399430205780713*2^64 + 1542699420456658206*2^128 + 8057207885*2^192,13587960419354798080 + 3785522296310179805*2^64 + 1149836324025525620*2^128 + 111545964380*2^192,913834538410211328 + 8886066607718406783*2^64 + 11928475818699117503*2^128 + 123064360641*2^192;\
11236955364831668736 + 16175340794989709934*2^64 + 15990219021396019420*2^128 + 22834235656*2^192,8106129189880648448 + 11167560700051853833*2^64 + 15128700598447875645*2^128 + 108992483212*2^192,10472603256578062464 + 6867693159369338910*2^64 + 11738965360116889760*2^128 + 273140581895*2^192,2068964043220417152 + 13426537992713066548*2^64 + 6250474394683168558*2^128 + 38107321101*2^192,3292141753563150336 + 12639461473205542094*2^64 + 136384576902762259*2^128 + 115113126740*2^192,6071855551688030208 + 4322216899000497924*2^64 + 13183807572054786107*2^128 + 109117590022*2^192,17695227338247102464 + 27707222888486669*2^64 + 9511001255701613726*2^128 + 27235439252*2^192,10300548663995484160 + 75710268857861901*2^64 + 15039832575250606922*2^128 + 40588078242*2^192,17035250931718176768 + 3402197045739593471*2^64 + 2351317673542330343*2^128 + 42137171038*2^192,83534601551913984 + 7271458678488722679*2^64 + 6421340427208864349*2^128 + 248849911486*2^192,17376189669852444672 + 3483171847114865061*2^64 + 17842718951585342585*2^128 + 206876471941*2^192,15324711805909830656 + 7204004117220263016*2^64 + 14127780570421362995*2^128 + 17817634219*2^192,8868209178101970944 + 6003898849930246449*2^64 + 9258928177460171137*2^128 + 187405134728*2^192,2534942180234776576 + 10751913476073868518*2^64 + 7168111246477932595*2^128 + 52129507310*2^192,13137573698039287808 + 7968439990377684188*2^64 + 5745353445511538892*2^128 + 176631025079*2^192,15266297837148645376 + 14305765772652554993*2^64 + 9128622057294728499*2^128 + 101764859727*2^192,14358311630149455872 + 14160820773028831844*2^64 + 16191363198001178052*2^128 + 72809527878*2^192,2504405239866251264 + 410319731679298265*2^64 + 2996811274119194790*2^128 + 240907465994*2^192,13280799792525099008 + 12728877310986913434*2^64 + 4867239596168350753*2^128 + 15001072809*2^192,3446547054709698560 + 1350185019956596046*2^64 + 16171256611016377138*2^128 + 88327464305*2^192;\
260807144223446966 + 3970572474587597057*2^64 + 2347441820715742307*2^128 + 210617586801*2^192,13505796851219621384 + 2359832066449242199*2^64 + 5534786936677205915*2^128 + 134738289620*2^192,9601674779576500388 + 2655979067120329013*2^64 + 15153895754196092220*2^128 + 150380578650*2^192,1577989977945364988 + 9091856403118795006*2^64 + 15118293916318186015*2^128 + 22292880534*2^192,2025861690810403136 + 11938253557217402371*2^64 + 17087633418545347786*2^128 + 127098805072*2^192,11075051052111012464 + 10726810167480044342*2^64 + 5843977672999915922*2^128 + 202595365411*2^192,15393671489949704576 + 13301957324676900894*2^64 + 9365832548193566001*2^128 + 136009500404*2^192,13121528668876940936 + 4795348424770611970*2^64 + 843629087055157475*2^128 + 187091233661*2^192,6201939559725897824 + 2768506748832579493*2^64 + 17274956376454214727*2^128 + 7390324926*2^192,8571757520347070000 + 9668685337999481488*2^64 + 3890483824434134717*2^128 + 125657469076*2^192,12863586203261570688 + 14030015888286024751*2^64 + 13828995167166805940*2^128 + 211566461027*2^192,4318999434956302528 + 1862327169979390807*2^64 + 14372887530921782858*2^128 + 652540745*2^192,17827088783559895136 + 9200796007494900791*2^64 + 8486551479646467810*2^128 + 140398380337*2^192,2274551030088359904 + 14171989948739179325*2^64 + 1361411860074644889*2^128 + 101711372031*2^192,5267625787283521344 + 13573601989705346225*2^64 + 8448780592022817009*2^128 + 97905523931*2^192,4919170101764374336 + 4718050849341413364*2^64 + 1159759224296996889*2^128 + 100764589731*2^192,13976973705207607696 + 5636456354676650570*2^64 + 2758548391537639820*2^128 + 183361497326*2^192,15606591629665144320 + 13919703095489415173*2^64 + 14016975847634945763*2^128 + 202634371680*2^192,1243977064255931264 + 8651302500220170108*2^64 + 5410443043019413021*2^128 + 96933897844*2^192,17286769668882473856 + 17885722638844534982*2^64 + 9233795637356046537*2^128 + 80764623715*2^192;\
113923818710554624 + 12233463665514168668*2^64 + 12843762601431968889*2^128 + 89174323858*2^192,7877719474601360896 + 2202490112681305878*2^64 + 7633204230629385689*2^128 + 176545781530*2^192,7563023586096642048 + 10445010537204223561*2^64 + 12235545308955812546*2^128 + 135479512644*2^192,15950887863373027840 + 8442681963710389698*2^64 + 1689581771313611847*2^128 + 175694195753*2^192,2256323494520549376 + 13957613011362220139*2^64 + 9125675492179622097*2^128 + 133355390333*2^192,5306793786032568832 + 4732044257603153921*2^64 + 14061110975253408152*2^128 + 46334783675*2^192,11599694879776931840 + 834684502778481865*2^64 + 16348553019074776372*2^128 + 256106076175*2^192,163654745268063232 + 2375409714584698003*2^64 + 6450778210829984027*2^128 + 131492150411*2^192,10112674622389866496 + 11106180465026697924*2^64 + 9644616732965202012*2^128 + 34384808700*2^192,140844520640001536 + 15362530602793728731*2^64 + 15944229375468138959*2^128 + 232534671928*2^192,15780616871424471040 + 1368124666841451888*2^64 + 7576272924005271950*2^128 + 195897226010*2^192,12615219847134201856 + 8657604609891024552*2^64 + 5998313693920250969*2^128 + 219367482195*2^192,7022779573758319616 + 11394403217213961153*2^64 + 7004774560905300448*2^128 + 158903711157*2^192,14928505236128124928 + 10467229811979760522*2^64 + 8258515294573811898*2^128 + 133220894789*2^192,10130303535778807808 + 16732963166353377328*2^64 + 16340617299601909555*2^128 + 267020221068*2^192,14075513944836616192 + 17732070257923505956*2^64 + 3829409928710668337*2^128 + 108635530090*2^192,15043622587739750400 + 6837092643674035936*2^64 + 12033302263558337619*2^128 + 99771890597*2^192,6625036459403210752 + 15591319204957059807*2^64 + 14152121163748799541*2^128 + 101233890731*2^192,13992664787111763968 + 5389364889812895377*2^64 + 7329508107849626489*2^128 + 175231484077*2^192,797752216291196928 + 14537692707635011483*2^64 + 16490777845665335141*2^128 + 206407723155*2^192;\
3639047542439277364 + 12405093458739958237*2^64 + 4537092587404871248*2^128 + 190809897966*2^192,10888220923030345072 + 2714856448313776101*2^64 + 7241385061364846760*2^128 + 134001098659*2^192,14244480478880112120 + 9785502584425923552*2^64 + 16092940372885124747*2^128 + 247834969338*2^192,6274720055791079880 + 5251823431552969425*2^64 + 14102574463897925552*2^128 + 63658607054*2^192,5327788498240833920 + 2567586969025373831*2^64 + 10338357858122571718*2^128 + 127181698561*2^192,9447180339218533920 + 10470498898191815354*2^64 + 9921300211385864382*2^128 + 178251407432*2^192,6728144488916205312 + 14132590854570101374*2^64 + 1783541569768967320*2^128 + 148066041483*2^192,13570187196766025328 + 10915922213741454683*2^64 + 10975265779469166353*2^128 + 182631172952*2^192,17311380415452757312 + 8984803110074824282*2^64 + 16742469984650867675*2^128 + 21914745818*2^192,4147478032136407712 + 13453414604104303573*2^64 + 6169196422875987535*2^128 + 94736883815*2^192,12492196056390805760 + 6055560306297240385*2^64 + 10252030605568095951*2^128 + 209730349721*2^192,3841895123100085888 + 17265264607330076758*2^64 + 4095552152632041108*2^128 + 141096804317*2^192,6813275209778697536 + 6579118484220963725*2^64 + 4112994952203985101*2^128 + 204952164585*2^192,1720539995983574592 + 12407036909408621090*2^64 + 11730658551885292581*2^128 + 93428828007*2^192,12212831039892997504 + 13965232837722778519*2^64 + 3216241123398258300*2^128 + 19701319294*2^192,9818066335363028352 + 8464416450581079105*2^64 + 10309977669834319753*2^128 + 89756272175*2^192,15783496293238379488 + 9088255598756890226*2^64 + 2510030830086730850*2^128 + 120110178221*2^192,8849789183145616384 + 17297837408238816712*2^64 + 13732500122283727975*2^128 + 261524583664*2^192,5220018929618307328 + 18189365134850068906*2^64 + 13205818238912828283*2^128 + 109120993678*2^192,11782736031598854400 + 1219318946575156415*2^64 + 14640662813063634754*2^128 + 28004785797*2^192;\
12377882795675489792 + 8183460803987016221*2^64 + 15876027634802162825*2^128 + 72145580093*2^192,3247801560384682496 + 13791609675793700685*2^64 + 8346379316950238625*2^128 + 196580512943*2^192,99107771914153984 + 3381849649764678012*2^64 + 7105753303709160227*2^128 + 234780478686*2^192,15393707083232802304 + 14317243782716812503*2^64 + 17425477098587629296*2^128 + 128994351835*2^192,3365819033157234688 + 8186719121726070525*2^64 + 16620650566660215897*2^128 + 43025043861*2^192,11594354074595712512 + 16040341225579177488*2^64 + 5227145985887642111*2^128 + 41835603258*2^192,13977869872319574016 + 14979599569836586621*2^64 + 9312026617292973250*2^128 + 179593358296*2^192,3943174536074193920 + 7023812710112196378*2^64 + 13013644256928362312*2^128 + 254963619266*2^192,987912915030190080 + 6479625080313185418*2^64 + 5802963119036936409*2^128 + 161178495419*2^192,17494681583248151552 + 6177322562433857444*2^64 + 12440655881824010907*2^128 + 175943980103*2^192,4686220901453275136 + 16206768911912963120*2^64 + 5572011570154375187*2^128 + 232929526308*2^192,7547490003517750272 + 13584577465422792817*2^64 + 15391220843023541890*2^128 + 180737903520*2^192,13027762083725719552 + 15796577079745497378*2^64 + 16889289095913923530*2^128 + 50895359265*2^192,17473932770336002048 + 10738340751970469264*2^64 + 5709492764724473206*2^128 + 201028304084*2^192,2443075759795945472 + 16047893799469733125*2^64 + 381951997494216789*2^128 + 25562130688*2^192,9375991882627231744 + 6262258085218487199*2^64 + 14846257885156397875*2^128 + 125519363060*2^192,6164074027649306624 + 2488383403251821603*2^64 + 15889125433192694948*2^128 + 247430392596*2^192,1621769288466612224 + 12321457923142753208*2^64 + 17709878973878413582*2^128 + 76328773577*2^192,14014691276504961024 + 4864626202240004319*2^64 + 4987130459379221956*2^128 + 38209248148*2^192,8478199849972817920 + 3871426486760987710*2^64 + 9506137167520934237*2^128 + 211211141715*2^192;\
85296275507920 + 6120028486050734262*2^64 + 13277711974769081893*2^128 + 180951142978*2^192,18022910913918471616 + 15010363263743436971*2^64 + 17461932820905340495*2^128 + 179576133461*2^192,10137002676609604576 + 4859852716633083643*2^64 + 9739691695839118353*2^128 + 209443479111*2^192,12239279236238142368 + 4723579975518813210*2^64 + 11220517081968601747*2^128 + 137069495981*2^192,16003816769955891712 + 13657922134349205210*2^64 + 17937277748598596581*2^128 + 146131328476*2^192,9846967992018493056 + 4948579211525678247*2^64 + 6596301957545064353*2^128 + 230482171116*2^192,17352381731244866048 + 5982795916603860230*2^64 + 11812006852071221001*2^128 + 269369743716*2^192,1025139992317249472 + 3374199243840466894*2^64 + 68329848007958313*2^128 + 167402783993*2^192,10232496754402680064 + 1923455033633854369*2^64 + 3116361380696405594*2^128 + 85417432326*2^192,7540442213787553408 + 8418726092768911762*2^64 + 10069387817033465896*2^128 + 164784800637*2^192,17365690533561811968 + 17680677459893196913*2^64 + 17687859565794915863*2^128 + 201297722251*2^192,15582692496252298752 + 14160481925336701682*2^64 + 9155711850320254925*2^128 + 50958898616*2^192,2065812691912127744 + 15558254256824008243*2^64 + 4189281323398978584*2^128 + 232339129563*2^192,10358501473088084224 + 13772119635648982181*2^64 + 17682781618915772211*2^128 + 228556069103*2^192,6077685517534088704 + 252579089180438919*2^64 + 11747802646529933486*2^128 + 95619884675*2^192,3607064071572175360 + 3424808581767011975*2^64 + 1733853205621005983*2^128 + 186547638955*2^192,10954978019800559488 + 1888615754909523311*2^64 + 4723700937605157870*2^128 + 182188910469*2^192,2318263070864613376 + 638004282988751651*2^64 + 11205127310706252297*2^128 + 224359892393*2^192,6158564214266641408 + 2817938268452626061*2^64 + 17421146239041772010*2^128 + 80966908344*2^192,107812825613270016 + 15004215614105087841*2^64 + 2859607652978856863*2^128 + 102481739229*2^192;\
1031603438016893952 + 4581676818729007585*2^64 + 3680725781662952633*2^128 + 175775402232*2^192,2238523811114173952 + 16750114005995151899*2^64 + 6710824601008337929*2^128 + 253595947141*2^192,7349500329756711424 + 11495194672389178605*2^64 + 16391475515698909469*2^128 + 55898221126*2^192,11223588954517449728 + 12780430433162376945*2^64 + 5304871555137893390*2^128 + 269103422923*2^192,13995775262864527360 + 17647972418469759817*2^64 + 39258737762103233*2^128 + 198608083724*2^192,4984484423898294784 + 14649538157836749068*2^64 + 10157880269296672401*2^128 + 202468601254*2^192,17853083690451730432 + 9704668828600424319*2^64 + 11306043905332369959*2^128 + 166614160761*2^192,2414591412306878976 + 1975740991615246695*2^64 + 3256934468589462890*2^128 + 89308729217*2^192,12258656755969536000 + 2145071787821389394*2^64 + 17573521162956524444*2^128 + 220095803185*2^192,4882338575575878656 + 10585853250038601127*2^64 + 13921514517631525891*2^128 + 72971584347*2^192,6425853120993316864 + 18217647112070882075*2^64 + 15722346652309875764*2^128 + 238264693572*2^192,14762151014059059712 + 10312585016600653550*2^64 + 17603984404443945423*2^128 + 180593020134*2^192,14104304105463373824 + 8191267199823658687*2^64 + 571358810720541568*2^128 + 218229672858*2^192,2416368894665756672 + 15426485821615225260*2^64 + 15063563538117644204*2^128 + 83793425349*2^192,6911147259638251520 + 7233015594677879661*2^64 + 8780771094693185779*2^128 + 28209908372*2^192,6806899468607721472 + 16567574198075146044*2^64 + 3531172957951377759*2^128 + 19195487797*2^192,3244233076828459008 + 5230712931132933131*2^64 + 2355881039652969922*2^128 + 28319436714*2^192,4105805912305131520 + 9423111594573708307*2^64 + 9268600942775058920*2^128 + 145485419552*2^192,12578084070703624192 + 1956096026035232974*2^64 + 2765607141368357135*2^128 + 253659189256*2^192,18160491494712950784 + 17040994401714171600*2^64 + 355176472875632512*2^128 + 144482790821*2^192;\
2866740689994962928 + 16018655541784572843*2^64 + 3850965990935488183*2^128 + 268603373134*2^192,1352299592326648640 + 12149383936615078077*2^64 + 2212551047364394700*2^128 + 146154319154*2^192,11597356575018599840 + 13346591967653333294*2^64 + 17111059705760633503*2^128 + 83661497687*2^192,12901335863448154848 + 4193111812569350799*2^64 + 8337922655891612978*2^128 + 33385587912*2^192,10782571653382397440 + 16184315025547786364*2^64 + 114464679953656989*2^128 + 111751838203*2^192,17173030794254786432 + 5543324448660451354*2^64 + 7820232658365991123*2^128 + 263784446426*2^192,12040463054503364096 + 17557280161571863426*2^64 + 1323574932769507192*2^128 + 98784740929*2^192,6388596363289283392 + 18274191453563470246*2^64 + 3217171818530911746*2^128 + 237041048884*2^192,17339479524389717248 + 5334113483504103767*2^64 + 15488477223165308322*2^128 + 171554597352*2^192,5773364584553774976 + 4505166740739113202*2^64 + 17573101128542920549*2^128 + 136168028985*2^192,408292684508294144 + 10488979700683301047*2^64 + 11156516177543937024*2^128 + 30094718549*2^192,8524543420931723264 + 17552989187199615624*2^64 + 6801647787431045751*2^128 + 127322916091*2^192,11339589821045497600 + 5667530317369954178*2^64 + 9723776469303880839*2^128 + 256469950026*2^192,16593365204189149952 + 18299096566194997963*2^64 + 2016294187650454280*2^128 + 29915304285*2^192,7513233480299829760 + 10798529128994683695*2^64 + 61568158749567433*2^128 + 185704589738*2^192,2893888830435954176 + 3980876409141020396*2^64 + 8537427623368232191*2^128 + 56532155844*2^192,17289623353558270592 + 14776985993319444762*2^64 + 15620878938652198036*2^128 + 48069353353*2^192,10908576483692875776 + 11238408483994056149*2^64 + 12613766646873751183*2^128 + 224419730082*2^192,16353788754910328832 + 1225393406370826219*2^64 + 8267412919576700756*2^128 + 90225082264*2^192,1573765278053237760 + 13468620634448199529*2^64 + 8778887448050376164*2^128 + 74077427004*2^192;\
8254456567581832704 + 3943623375459238639*2^64 + 320526938892114359*2^128 + 128721201534*2^192,4387034238713567232 + 12919854985344004128*2^64 + 14278724391329201505*2^128 + 46128743764*2^192,4550154298944105984 + 11480422366373112155*2^64 + 512503357374492486*2^128 + 19200025308*2^192,2220010631769730560 + 5232472550175238958*2^64 + 1508238315903127356*2^128 + 179268489878*2^192,1627773775786344448 + 1015481508042007885*2^64 + 14664203205470550813*2^128 + 184578840511*2^192,16535733832635410432 + 15016525983458849919*2^64 + 18342245307008421118*2^128 + 77681510890*2^192,13044315905691512832 + 14246929742244617678*2^64 + 4483765196384835376*2^128 + 207258525276*2^192,7734407949858927104 + 17470610355224269272*2^64 + 15421471385862747860*2^128 + 27730993857*2^192,11859167751190046720 + 10549418968013526169*2^64 + 14058973135802805530*2^128 + 95561781009*2^192,6988263770175868928 + 14460964143726590598*2^64 + 8031199920108411970*2^128 + 198187425090*2^192,12830244044765589504 + 15673863924217640275*2^64 + 12661098509786664435*2^128 + 57090630141*2^192,14266699822013104128 + 12675226295576266035*2^64 + 6627022997989802185*2^128 + 111348846741*2^192,6617416502579742720 + 4481273068093879896*2^64 + 15356350208897388593*2^128 + 172818376686*2^192,7837821604026220544 + 3551519406791440629*2^64 + 7872767627175757817*2^128 + 271787111851*2^192,6353304850870370304 + 5585427695801950780*2^64 + 11545774861778347056*2^128 + 64584704627*2^192,5319670005192384512 + 4279514912925527646*2^64 + 1484966195286393099*2^128 + 231767109142*2^192,5025646165544329216 + 11325505593183584300*2^64 + 4824615888989345634*2^128 + 57105857211*2^192,16594033271490535424 + 7211093812859622285*2^64 + 17551897955963810838*2^128 + 206921059920*2^192,5142818611924324352 + 3290284717506283290*2^64 + 6714600899722247999*2^128 + 179903391797*2^192,1132094163980279808 + 9975689803643461895*2^64 + 16363582495886357093*2^128 + 191816732340*2^192;\
2031485099605601792 + 5719725329386524389*2^64 + 4583026082847600105*2^128 + 67174589103*2^192,7381408611133373440 + 4684028590012735839*2^64 + 17261028545182920391*2^128 + 211152498115*2^192,415523249740546048 + 7049806041408692781*2^64 + 15813207981282679130*2^128 + 255005768147*2^192,814805761068217344 + 17226857988414901090*2^64 + 11057713552694315824*2^128 + 38833706326*2^192,731848393992290304 + 4723680035420202215*2^64 + 1154356019095565819*2^128 + 269637493971*2^192,12668830284146988032 + 11811612060274706754*2^64 + 11684251286671856993*2^128 + 56699823606*2^192,575397613902721024 + 13587017300322585159*2^64 + 15702198755183194711*2^128 + 248996102920*2^192,4975429605616233984 + 17974284597204657902*2^64 + 12692206181860583414*2^128 + 266385377523*2^192,15760029780694579200 + 584283882887382610*2^64 + 16835725908259366148*2^128 + 87309020775*2^192,12147855458543869952 + 9140785988620600444*2^64 + 6628049745606009820*2^128 + 11212117572*2^192,4124086045916311552 + 7607083642678842786*2^64 + 6631747024665004559*2^128 + 78382203525*2^192,15779571468626666496 + 2610742802085497205*2^64 + 15910100622060931414*2^128 + 179230539785*2^192,14155686865294383616 + 18057054032419971255*2^64 + 15832257669555756004*2^128 + 141962244653*2^192,8559476314114768896 + 10689731366477080905*2^64 + 15271395362308219026*2^128 + 16999060375*2^192,10560857154354626560 + 9911008796705831746*2^64 + 5263334152688113550*2^128 + 46497693362*2^192,16755820475272486912 + 16130436789146453584*2^64 + 6864941875784343859*2^128 + 123521932806*2^192,14303499373384609792 + 13398120481963077158*2^64 + 3669217717382493730*2^128 + 195675959920*2^192,15714164740412067840 + 304858465222695125*2^64 + 4061042703381773160*2^128 + 233063310714*2^192,13828722209454862336 + 4361572171657881146*2^64 + 7141414100103673613*2^128 + 83848312976*2^192,16211329276215615488 + 10610745132609494556*2^64 + 10082815923981823699*2^128 + 252403845079*2^192;\
4217584904492121636 + 1823032615983999589*2^64 + 9487513418805799065*2^128 + 138093947533*2^192,5502275611522202928 + 8584189651170525738*2^64 + 13249420251589441771*2^128 + 223563302823*2^192,11989218439853096408 + 12433416867692357046*2^64 + 16923252980820861135*2^128 + 111036595939*2^192,6188381855691205864 + 18273525002317854306*2^64 + 11247733048023344799*2^128 + 172662826494*2^192,4458976968198355840 + 8368601624223002402*2^64 + 6621803829698439541*2^128 + 28179172576*2^192,11489627789992918432 + 10390081102219525127*2^64 + 9409257197207089012*2^128 + 224344764962*2^192,14420889939679977216 + 11123444435969770163*2^64 + 15989764834427820690*2^128 + 105324308409*2^192,17235530675062493232 + 7591535078229430003*2^64 + 13723521141800318742*2^128 + 108777696829*2^192,16798431548261349824 + 8230657393975064576*2^64 + 10748210592499400209*2^128 + 78034294692*2^192,15426835013740385312 + 4512800332673608053*2^64 + 14028456245674607867*2^128 + 88493277791*2^192,69643995025567488 + 16935636895207602865*2^64 + 13726107325446139995*2^128 + 78913345260*2^192,3080369006372308608 + 17216829274458963940*2^64 + 718440324485858439*2^128 + 161796643322*2^192,16154839308267735104 + 10648532667891847970*2^64 + 6403324274655504816*2^128 + 155965690991*2^192,5179010977865838912 + 8301028432498746117*2^64 + 9730696982847563353*2^128 + 24039235528*2^192,13995393015226320768 + 17503937577953579332*2^64 + 5511759698523615803*2^128 + 34029050623*2^192,14106488500981376896 + 11418443718736515994*2^64 + 16449019672021517280*2^128 + 271560942987*2^192,881401291531528800 + 10351544648951159614*2^64 + 12929031157317335197*2^128 + 145272898573*2^192,10808958286289427456 + 13621229218278786405*2^64 + 9543025231254192598*2^128 + 23569055201*2^192,10503060140686567680 + 13399230468593613933*2^64 + 13487077491892564754*2^128 + 172862885881*2^192,17673789594893051136 + 9988655708808178912*2^64 + 13694630821828969206*2^128 + 190823582166*2^192;\
6362500075965069575 + 13710249751607267149*2^64 + 7141330981460272817*2^128 + 197106539376*2^192,5573623916390239188 + 4365189482005323303*2^64 + 18282599450572993750*2^128 + 104132286823*2^192,9586490136925118522 + 3632369361013949195*2^64 + 11059961627676745377*2^128 + 253877394669*2^192,17794203538656832726 + 11444250720807990270*2^64 + 11437425127092295904*2^128 + 69102766651*2^192,1356004320963623456 + 5902992339704034285*2^64 + 3783322950056860393*2^128 + 1050824850*2^192,14035315860965404696 + 16457862424672734665*2^64 + 6325990635773612949*2^128 + 100186011595*2^192,7160901485714177728 + 8808044705129023187*2^64 + 11417748676612107318*2^128 + 162202636523*2^192,12775347220026293524 + 10923296230647182623*2^64 + 9181549662341802384*2^128 + 53180445336*2^192,341751525926767408 + 9544501915961178618*2^64 + 7674454479516801485*2^128 + 36753078308*2^192,2177123097872012664 + 7952932575808933224*2^64 + 4655542953528943414*2^128 + 71870005492*2^192,3585243811312675904 + 10781267468884284394*2^64 + 17642396908989104253*2^128 + 246590683315*2^192,13904665988060374240 + 10053185369072606584*2^64 + 13325919913325660464*2^128 + 59957603388*2^192,3579165059859820528 + 144215062097151516*2^64 + 3690533508145323816*2^128 + 74966854662*2^192,4898506068541046960 + 8566638591234034787*2^64 + 13343903709773906035*2^128 + 144595911687*2^192,7170842631763978272 + 5344220995419097583*2^64 + 1792797581914784128*2^128 + 48130796398*2^192,260921051979534880 + 3295066474323832368*2^64 + 4775375099689489062*2^128 + 126589118964*2^192,9291193139816748008 + 9467794851948364287*2^64 + 4031313508703051950*2^128 + 247629592171*2^192,977725806352568064 + 3513383224377266100*2^64 + 1414507318018691740*2^128 + 16476921410*2^192,3219930541402536640 + 17712465191770691907*2^64 + 354997664549018116*2^128 + 271776446674*2^192,5950064462651720896 + 14402594158198873890*2^64 + 12475747173784781314*2^128 + 124534068457*2^192;\
17190298838132061686 + 5321848297986505156*2^64 + 1001490626830361715*2^128 + 32733933814*2^192,17871143281202767752 + 778704061894590589*2^64 + 15900171661597521080*2^128 + 267019000400*2^192,16517462599905884388 + 17798832355818548231*2^64 + 6018605147713379641*2^128 + 71427367974*2^192,16370814780757263548 + 9849290209892073494*2^64 + 4569557476844756456*2^128 + 201128460571*2^192,3598343923619216192 + 2451991884587130396*2^64 + 13167810628159061520*2^128 + 205642733830*2^192,9974321586231604336 + 1557658194724617847*2^64 + 4428225421023964483*2^128 + 156301671792*2^192,13695619061417538432 + 700147044889167136*2^64 + 8486143118120490342*2^128 + 244118795908*2^192,13769608806914192392 + 13260993974699863860*2^64 + 12493941478941740240*2^128 + 14346967563*2^192,164387018997327328 + 9735552340607562532*2^64 + 14041010233012290927*2^128 + 87796832621*2^192,14859083800323033136 + 441423599183260361*2^64 + 3069361240433521776*2^128 + 38932299297*2^192,10711166535241744000 + 16365618163785693892*2^64 + 14878728224019013610*2^128 + 70923684860*2^192,6484191341838597824 + 18186207950525408578*2^64 + 12095885556471562095*2^128 + 150881165138*2^192,15575647578389028448 + 8679260333723252045*2^64 + 13500272476182348427*2^128 + 72731197687*2^192,5223948619511269856 + 11038724026365926349*2^64 + 3971402478795297801*2^128 + 29639372951*2^192,4584467901797538624 + 4367215007928114202*2^64 + 18401375406988359713*2^128 + 225400941333*2^192,16107698211489606464 + 5041513815825017857*2^64 + 10918877258548193626*2^128 + 229214774141*2^192,2139208961372074896 + 16069495008515586975*2^64 + 14617661515222102655*2^128 + 240745142863*2^192,11947245093622290944 + 940611124933093470*2^64 + 16359818690596839482*2^128 + 96033065414*2^192,12702844420042770304 + 18386550692067394339*2^64 + 17781759345492973797*2^128 + 111884134238*2^192,4490616313041421184 + 13636139372598866293*2^64 + 4246943903701316078*2^128 + 245142227630*2^192;\
10967927450754387828 + 5953662489020470181*2^64 + 17161722582404537456*2^128 + 98394959067*2^192,6888025520564785264 + 16342792525687971120*2^64 + 16702492123895870373*2^128 + 88425081569*2^192,3341631375062720248 + 17391630681912003742*2^64 + 6195840495526543762*2^128 + 189355053690*2^192,3235685991158315976 + 792404563067304735*2^64 + 7375256497929276778*2^128 + 26341924867*2^192,5470577216170838400 + 12402179872856164584*2^64 + 4409614768114021949*2^128 + 248072444331*2^192,16239784074191738400 + 12316877964996440580*2^64 + 6457274878312667052*2^128 + 264811069371*2^192,4328704824497214720 + 18444293089055659278*2^64 + 18417330765431660764*2^128 + 76660421419*2^192,15197302294820207472 + 13330352471877257918*2^64 + 3392362045678073753*2^128 + 71540258172*2^192,2687205869546864448 + 6189285264426064179*2^64 + 9921239625791413564*2^128 + 108795812290*2^192,17953630056756851360 + 2306939071806436699*2^64 + 1324362388958427942*2^128 + 205358004072*2^192,15470425392796039936 + 1344690268538017331*2^64 + 13874225784869294875*2^128 + 17100516455*2^192,15935292151816610432 + 17886417794706782088*2^64 + 7488606856481273381*2^128 + 31391201556*2^192,360739362766757184 + 9043973890628118250*2^64 + 12064166122371142651*2^128 + 15145172542*2^192,7031890417563784768 + 14662573741749149998*2^64 + 14500337078561369738*2^128 + 99007790632*2^192,17431060997132381568 + 3105229358338286947*2^64 + 6494594464790670917*2^128 + 27332023911*2^192,8202439271571396992 + 17071329075104569773*2^64 + 13023290814741624887*2^128 + 59080926677*2^192,3115391478418964960 + 7096286016652912873*2^64 + 12809339623317560452*2^128 + 218163390269*2^192,15839584699223116800 + 13562968613386584485*2^64 + 16151685348704487120*2^128 + 117390162294*2^192,514042308096088320 + 13468290131790965191*2^64 + 13153092499460632914*2^128 + 93977321785*2^192,15454525127190913280 + 12452785212417737976*2^64 + 8478572259486776173*2^128 + 237126806254*2^192;\
10045524589116595964 + 17937876864265561330*2^64 + 17508998220530802749*2^128 + 160678806644*2^192,3483511110482152656 + 3615589588719269102*2^64 + 5949412337922428729*2^128 + 87663879286*2^192,519095267063114920 + 2498192940002118572*2^64 + 7897740541628873654*2^128 + 36822598846*2^192,2867058065064612248 + 310235710799962539*2^64 + 2726324887970446321*2^128 + 169804470173*2^192,7355903766470111360 + 14980792819552729136*2^64 + 14969425080392495804*2^128 + 200434118438*2^192,9404588826533618528 + 10259375612228534617*2^64 + 872787810347010633*2^128 + 190602650337*2^192,6684135645349433088 + 6337593563833958011*2^64 + 759917864119684276*2^128 + 52980185907*2^192,14088076002455178704 + 14345798531769011807*2^64 + 14402338539898453922*2^128 + 241739165719*2^192,3302906278879261632 + 4655534932850117107*2^64 + 13184609194776982187*2^128 + 117860281410*2^192,16660776105768606944 + 11934148439851133904*2^64 + 12768769788970372962*2^128 + 50181260060*2^192,4830852562365825280 + 2938551175934730112*2^64 + 1873474252919272015*2^128 + 179676531856*2^192,9130932895141619584 + 8353573044884441957*2^64 + 865314618694476969*2^128 + 53508452272*2^192,4917604961293124032 + 2117324154187241966*2^64 + 958358754096231224*2^128 + 266563080918*2^192,17056444506796717248 + 15542496356819851686*2^64 + 13424313705479246908*2^128 + 97146749089*2^192,2546215284243141760 + 808011843404823472*2^64 + 15240907416800096313*2^128 + 234945901610*2^192,5321563990732437632 + 917764781983400987*2^64 + 11234484866758026107*2^128 + 232376725508*2^192,5695575589134413984 + 17636861415670060783*2^64 + 258178314769307179*2^128 + 117628679278*2^192,9778259369362351104 + 3928306480097853477*2^64 + 13448709397992340550*2^128 + 52059094689*2^192,14562999746194865920 + 6243377059979335177*2^64 + 10417610051483403568*2^128 + 210732152278*2^192,15379576595611589376 + 1884024896790095957*2^64 + 5888188583262594819*2^128 + 35708088081*2^192;\
2395200330345036448 + 3138836057506427972*2^64 + 874086635625604047*2^128 + 81878134569*2^192,12122294415669841792 + 12192430974446964136*2^64 + 4170743606301418797*2^128 + 117391938704*2^192,12019673114218767296 + 13943888513597002859*2^64 + 8448665471022894823*2^128 + 116069283938*2^192,10641034030082171456 + 17265170193809391327*2^64 + 2653262571644579374*2^128 + 94212840098*2^192,6240716752242000896 + 3539671944119362915*2^64 + 4365566626235288379*2^128 + 249968936824*2^192,2310113177611981056 + 11875166267139104994*2^64 + 1353720816121573825*2^128 + 210936634857*2^192,12176870812721070080 + 12466356941098802226*2^64 + 16878000523279593631*2^128 + 495378486*2^192,3343024626041035648 + 9305063216844573951*2^64 + 4756691587943700983*2^128 + 62154949710*2^192,4713331661901757952 + 16992607837536990714*2^64 + 6732213173606567918*2^128 + 198467551981*2^192,911292561814439168 + 15743617060413933817*2^64 + 8480135470897167056*2^128 + 48561046756*2^192,13366127164454064128 + 7142501515087528065*2^64 + 16846303455545802754*2^128 + 82593675209*2^192,5113302943015191552 + 6655519542286186765*2^64 + 6844528123542497439*2^128 + 225689107769*2^192,4879795643374959104 + 10535934943687824075*2^64 + 13192029648386055241*2^128 + 205050030377*2^192,5781592353084015104 + 4445758513140034897*2^64 + 4452508160744721927*2^128 + 261933557949*2^192,8691293669247708160 + 16205930066587059086*2^64 + 17607126712761101522*2^128 + 229050295221*2^192,12673976778539252736 + 15813728054782427796*2^64 + 8285846692953026208*2^128 + 115324798112*2^192,1622646972552041216 + 3474602354999830238*2^64 + 3968403652961012618*2^128 + 160004758192*2^192,10988510246043115520 + 3957416642755448048*2^64 + 5562312600855087398*2^128 + 130138719440*2^192,6568566851021178880 + 5230111319148195029*2^64 + 754552196120301642*2^128 + 64937841593*2^192,8209991222063888384 + 8492960516241479849*2^64 + 12802099990859882299*2^128 + 91282563228*2^192;\
7855659561591011234 + 17112375999585758883*2^64 + 12299376011210315300*2^128 + 2915724698*2^192,9997128046029113752 + 12912008086991795648*2^64 + 616330408941363648*2^128 + 128453972697*2^192,12998832927842792492 + 3816084483905436221*2^64 + 7963594957779508710*2^128 + 150034731666*2^192,13758149006119908020 + 16529673237144710052*2^64 + 10500264417487008616*2^128 + 210714784985*2^192,3857339950407346624 + 1842504881096363781*2^64 + 10579422642508405247*2^128 + 51975734351*2^192,845042506599488336 + 303857421571785593*2^64 + 13507401641122092321*2^128 + 71424564013*2^192,1061728777488173696 + 997028170509882355*2^64 + 15296683488014266942*2^128 + 206577867582*2^192,12532966386326551320 + 3854608813489439621*2^64 + 5904981010203841858*2^128 + 207783468855*2^192,18164266721228041120 + 7290288047238120046*2^64 + 6311865551740052212*2^128 + 154839602861*2^192,13671730800841918096 + 13440015728298068301*2^64 + 12111197170898367343*2^128 + 166321593927*2^192,270044257790344064 + 3074406646783245062*2^64 + 10666390547599640104*2^128 + 228632143814*2^192,9352490127340858432 + 12544930572426486127*2^64 + 14628045447027679994*2^128 + 84237821241*2^192,5787487070941640480 + 18304866786081354422*2^64 + 15023587233533933509*2^128 + 214484664605*2^192,1191799659923331488 + 3760458832070472554*2^64 + 5937710612572075267*2^128 + 178464968183*2^192,3027945626756307392 + 12653339760312228584*2^64 + 5109386625305769733*2^128 + 103899843103*2^192,12830718139261087168 + 104872173977207424*2^64 + 3105613219946603467*2^128 + 237304660922*2^192,11307190746753937584 + 8267628594405872523*2^64 + 9033270352513750233*2^128 + 46246499028*2^192,15317573198868627968 + 1691400844077262406*2^64 + 16560513383970010367*2^128 + 73151696450*2^192,4666285707968441984 + 13627064620765467526*2^64 + 15312694212457326854*2^128 + 97883753477*2^192,1748485933091384960 + 14659725142840918645*2^64 + 10145920295092057649*2^128 + 211654918404*2^192]
/* 
This matrix times 2^(-8) should be the matrix of frobenius.
*/ 
B = 2^(-8) * A; 
/* Freed 6225 lists. */
The sign is: -1
The characteristic polynomial is: x^20 - 2*x^18 - 2*x^16 + 19*x^15 + 28*x^14 + 8*x^13 - 48*x^12 - 288*x^11 + 1152*x^9 + 768*x^8 - 512*x^7 - 7168*x^6 - 19456*x^5 + 8192*x^4 + 131072*x^2 - 1048576
Its Newton polygon is: [2, 2, 2, 2, 2, 1, 1, 1, 1, 1, 1, 1, 1, 1, 1, 0, 0, 0, 0, 0]
Its factorization is: [x - 2, 1; x + 2, 1; x^18 + 2*x^16 + 6*x^14 + 19*x^13 + 52*x^12 + 84*x^11 + 160*x^10 + 48*x^9 + 640*x^8 + 1344*x^7 + 3328*x^6 + 4864*x^5 + 6144*x^4 + 32768*x^2 + 262144, 1]
The valuation of f-g is: 21
The valuation of subst(g,x,A) is: 12
