/* Comments begin... 
No set up needed.

Please input coefficients below.
Coefficient of   x^23                     = Coefficient of   x^12 * w^2               = Coefficient of   x^6 * y^6 * w^1         = Coefficient of   x^5 * y^5 * z^1 * w^1   = Coefficient of   x^4 * y^4 * z^2 * w^1   = Coefficient of   x^3 * y^3 * z^3 * w^1   = Coefficient of   x^2 * y^2 * z^4 * w^1   = Coefficient of   x^1 * y^1 * z^5 * w^1   = Coefficient of   x^1 * w^4               = Coefficient of   y^12                     = Coefficient of   z^6 * w^1               = 
Here is the polynomial we're using this time:

1 + 0*2^64 + 0*2^128 + 0*2^192*x^23 + 1 + 0*2^64 + 0*2^128 + 0*2^192*x^12*w^2 + 1 + 0*2^64 + 0*2^128 + 0*2^192*x^6*y^6*w^1 + 1 + 0*2^64 + 0*2^128 + 0*2^192*x^4*y^4*z^2*w^1 + 1 + 0*2^64 + 0*2^128 + 0*2^192*x^1*y^1*z^5*w^1 + 1 + 0*2^64 + 0*2^128 + 0*2^192*x^1*w^4 + 1 + 0*2^64 + 0*2^128 + 0*2^192*y^12 + 1 + 0*2^64 + 0*2^128 + 0*2^192*z^6*w^1


Allocate G_len 20 elements and old = 0.
Allocate M_len = 400 elements.
Allocate G_len 40 elements and old = 20.
Allocate M_len = 800 elements.
Allocate G_len 80 elements and old = 40.
Allocate M_len = 1600 elements.
Allocate M_len = 3200 elements.
Allocate G_len 160 elements and old = 80.
Allocate M_len = 6400 elements.
Allocate M_len = 12800 elements.
Allocate G_len 320 elements and old = 160.
Allocate M_len = 25600 elements.
Allocate M_len = 51200 elements.
Allocate G_len 640 elements and old = 320.
Allocate M_len = 102400 elements.
Allocate M_len = 204800 elements.
Allocate G_len 1280 elements and old = 640.
Allocate M_len = 409600 elements.
Allocate M_len = 819200 elements.
The final length of G is 805
[22, 0, 0, 0, 0]  	264	6  <--- 1
[12, 0, 0, 2, 0]  	276	3 
[6, 6, 0, 1, 0]  	276	5 
[3, 3, 4, 1, 0]  	311	5 
[3, 2, 5, 1, 0]  	323	5 
[16, 6, 0, 0, 0]  	330	9 
[9, 1, 4, 1, 0]  	337	7 
[7, 1, 5, 1, 0]  	348	7 
[9, 0, 5, 1, 0]  	349	10 
[6, 13, 0, 0, 0]  	371	8 
[8, 12, 0, 0, 0]  	372	10 
[20, 4, 2, 0, 0]  	402	10 
[6, 1, 7, 1, 0]  	406	7 
[8, 0, 7, 1, 0]  	407	12 
[10, 4, 2, 2, 0]  	414	6 
[6, 12, 2, 0, 0]  	418	9 
[8, 8, 4, 0, 0]  	420	11 
[19, 1, 5, 0, 0]  	426	11 
[7, 0, 8, 1, 0]  	430	11 
[8, 0, 6, 2, 0]  	438	8 
[7, 8, 5, 0, 0]  	443	14 
[6, 7, 6, 0, 0]  	443	14 
[18, 4, 4, 0, 0]  	448	14 
[4, 1, 7, 2, 0]  	448	6 
[6, 0, 7, 2, 0]  	449	8 
[4, 1, 9, 1, 0]  	452	7 
[6, 0, 9, 1, 0]  	453	10 
[6, 6, 7, 0, 0]  	455	12 
[13, 7, 4, 0, 0]  	457	14 
[4, 0, 8, 2, 0]  	460	7 
[21, 0, 6, 0, 0]  	462	12 
[6, 11, 4, 0, 0]  	465	11 
[14, 10, 2, 0, 0]  	468	15 
[11, 7, 5, 0, 0]  	468	14 
[13, 6, 5, 0, 0]  	469	16 
[5, 18, 0, 0, 0]  	474	12 
[2, 3, 9, 1, 0]  	474	7 
[3, 1, 10, 1, 0]  	475	6 
[5, 0, 10, 1, 0]  	476	9 
[6, 10, 5, 0, 0]  	477	12 
[5, 6, 8, 0, 0]  	478	14 
[11, 6, 6, 0, 0]  	480	16 
[3, 0, 9, 2, 0]  	483	6 
[20, 0, 7, 0, 0]  	485	14 
[3, 18, 1, 0, 0]  	485	10 
[2, 5, 8, 1, 0]  	485	8 
[2, 14, 4, 0, 0]  	486	6 
[2, 2, 10, 1, 0]  	486	5 
[2, 0, 0, 7, 0]  	486	7 
[4, 7, 8, 0, 0]  	489	12 
[4, 4, 10, 0, 0]  	490	13 
[8, 5, 8, 0, 0]  	491	15 
[17, 5, 5, 0, 0]  	494	15 
[5, 13, 4, 0, 0]  	499	8 
[4, 12, 5, 0, 0]  	499	8 
[4, 0, 11, 1, 0]  	499	8 
[4, 6, 9, 0, 0]  	501	12 
[3, 5, 10, 0, 0]  	501	12 
[8, 4, 9, 0, 0]  	503	15 
[17, 4, 6, 0, 0]  	506	15 
[18, 2, 7, 0, 0]  	507	15 
[19, 0, 8, 0, 0]  	508	15 
[1, 2, 11, 1, 0]  	509	5 
[3, 13, 5, 0, 0]  	510	7 
[4, 11, 6, 0, 0]  	511	9 
[4, 3, 0, 6, 0]  	513	14 
[3, 4, 11, 0, 0]  	513	12 
[13, 11, 3, 0, 0]  	514	14 
[7, 5, 9, 0, 0]  	514	14 
[6, 2, 0, 6, 0]  	514	14 
[17, 3, 7, 0, 0]  	518	17 
[17, 0, 9, 0, 0]  	519	16 
[1, 4, 10, 1, 0]  	520	7 
[3, 12, 6, 0, 0]  	522	8 
[8, 1, 4, 4, 0]  	523	12 
[4, 10, 7, 0, 0]  	523	10 
[3, 9, 8, 0, 0]  	523	10 
[4, 2, 1, 6, 0]  	525	13 
[4, 18, 0, 1, 0]  	528	12 
[2, 1, 10, 2, 0]  	529	6 
[17, 2, 8, 0, 0]  	530	17 
[6, 1, 5, 4, 0]  	534	12 
[8, 0, 5, 4, 0]  	535	11 
[3, 8, 9, 0, 0]  	535	10 
[2, 7, 10, 0, 0]  	535	10 
[16, 3, 8, 0, 0]  	541	14 
[2, 0, 11, 2, 0]  	541	5 
[3, 5, 0, 6, 0]  	547	10 
[2, 6, 11, 0, 0]  	547	9 
[15, 4, 8, 0, 0]  	552	14 
[3, 0, 13, 1, 0]  	557	7 
[3, 4, 1, 6, 0]  	559	10 
[2, 5, 12, 0, 0]  	559	9 
[1, 3, 10, 2, 0]  	563	6 
[15, 3, 9, 0, 0]  	564	15 
[16, 1, 10, 0, 0]  	565	17 
[1, 15, 6, 0, 0]  	567	8 
[5, 0, 7, 4, 0]  	569	9 
[2, 10, 9, 0, 0]  	569	8 
[2, 18, 0, 2, 0]  	570	9 
[2, 5, 1, 6, 0]  	570	8 
[3, 3, 2, 6, 0]  	571	11 
[15, 2, 10, 0, 0]  	576	16 
[16, 0, 11, 0, 0]  	577	14 
[1, 14, 7, 0, 0]  	579	8 
[2, 12, 8, 0, 0]  	580	7 
[2, 8, 5, 3, 0]  	581	9 
[2, 7, 0, 6, 0]  	581	8 
[2, 5, 7, 3, 0]  	582	8 
[11, 3, 11, 0, 0]  	586	14 
[14, 3, 10, 0, 0]  	587	10 
[1, 1, 12, 2, 0]  	587	5 
[15, 1, 11, 0, 0]  	588	16 
[2, 7, 6, 3, 0]  	593	9 
[2, 4, 8, 3, 0]  	594	8 
[3, 1, 4, 6, 0]  	595	9 
[2, 3, 5, 5, 0]  	598	7 
[1, 15, 5, 1, 0]  	598	7 
[1, 1, 1, 8, 0]  	598	5 
[15, 0, 12, 0, 0]  	600	15 
[2, 1, 14, 1, 0]  	603	5 
[1, 20, 0, 2, 0]  	604	6 
[1, 9, 11, 0, 0]  	604	6 
[1, 6, 13, 0, 0]  	605	7 
[2, 2, 4, 6, 0]  	606	7 
[1, 2, 10, 3, 0]  	606	7 
[3, 0, 5, 6, 0]  	607	9 
[2, 11, 0, 5, 0]  	607	9 
[10, 3, 12, 0, 0]  	609	12 
[1, 3, 0, 8, 0]  	609	6 
[1, 0, 2, 8, 0]  	610	5 
[2, 0, 15, 1, 0]  	615	5 
[1, 11, 10, 0, 0]  	615	5 
[1, 9, 0, 6, 0]  	615	5 
[1, 6, 2, 6, 0]  	616	5 
[1, 5, 14, 0, 0]  	617	5 
[1, 4, 9, 3, 0]  	617	6 
[1, 3, 4, 6, 0]  	617	6 
[1, 12, 0, 5, 0]  	618	7 
[1, 1, 11, 3, 0]  	618	7 
[2, 23, 0, 1, 0]  	619	8 
[5, 10, 0, 5, 0]  	620	10 
[10, 2, 13, 0, 0]  	621	11 
[2, 1, 7, 5, 0]  	622	7 
[14, 0, 13, 0, 0]  	623	15 
[1, 8, 1, 6, 0]  	627	5 
[1, 18, 2, 2, 0]  	628	4 
[1, 6, 8, 3, 0]  	628	4 
[1, 5, 3, 6, 0]  	628	5 
[1, 1, 0, 9, 0]  	629	7 
[3, 3, 15, 0, 0]  	630	9 
[2, 13, 5, 2, 0]  	630	8 
[1, 24, 0, 1, 0]  	630	8 
[8, 0, 4, 6, 0]  	632	9 
[1, 2, 7, 5, 0]  	633	7 
[13, 1, 13, 0, 0]  	634	15 
[2, 3, 8, 4, 0]  	637	6 
[1, 1, 4, 7, 0]  	637	6 
[2, 0, 10, 4, 0]  	638	5 
[1, 0, 16, 1, 0]  	638	5 
[1, 8, 7, 3, 0]  	639	3 
[0, 19, 2, 2, 0]  	639	3 
[0, 8, 13, 0, 0]  	639	3 
[0, 4, 10, 3, 0]  	640	3 
[1, 0, 1, 9, 0]  	641	6 
[0, 25, 0, 1, 0]  	641	6 
[1, 23, 1, 1, 0]  	642	6 
[1, 11, 7, 2, 0]  	642	6 
[4, 10, 1, 5, 0]  	643	9 
[2, 21, 2, 1, 0]  	643	7 
[13, 0, 14, 0, 0]  	646	12 
[4, 26, 0, 0, 0]  	646	8 
[1, 20, 5, 0, 0]  	647	7 
[1, 3, 3, 7, 0]  	648	6 
[0, 18, 3, 2, 0]  	651	2 
[0, 7, 14, 0, 0]  	651	2 
[0, 6, 9, 3, 0]  	651	2 
[0, 15, 5, 2, 0]  	652	3 
[0, 14, 0, 5, 0]  	652	3 
[0, 3, 11, 3, 0]  	652	3 
[1, 2, 17, 0, 0]  	653	5 
[1, 0, 7, 6, 0]  	653	5 
[7, 2, 15, 0, 0]  	655	6 
[2, 20, 3, 1, 0]  	655	5 
[2, 7, 4, 5, 0]  	655	6 
[1, 19, 4, 1, 0]  	655	6 
[12, 1, 14, 0, 0]  	657	12 
[1, 8, 0, 7, 0]  	658	6 
[1, 5, 2, 7, 0]  	659	6 
[0, 15, 9, 0, 0]  	660	6 
[0, 17, 4, 2, 0]  	663	1 
[0, 6, 15, 0, 0]  	663	1 
[0, 4, 5, 6, 0]  	663	1 
[0, 3, 0, 9, 0]  	663	1 
[0, 13, 1, 5, 0]  	664	4 
[0, 2, 12, 3, 0]  	664	3 
[1, 11, 2, 5, 0]  	665	6 
[1, 0, 13, 3, 0]  	665	5 
[3, 10, 2, 5, 0]  	666	6 
[1, 9, 9, 2, 0]  	666	5 
[7, 1, 16, 0, 0]  	667	9 
[5, 9, 2, 5, 0]  	667	8 
[12, 0, 15, 0, 0]  	669	12 
[2, 0, 9, 5, 0]  	669	7 
[1, 7, 1, 7, 0]  	670	6 
[1, 0, 0, 10, 0]  	672	5 
[0, 14, 10, 0, 0]  	672	4 
[0, 5, 16, 0, 0]  	675	1 
[0, 3, 6, 6, 0]  	675	1 
[0, 2, 1, 9, 0]  	675	1 
[0, 13, 7, 2, 0]  	676	3 
[0, 12, 2, 5, 0]  	676	3 
[5, 1, 17, 0, 0]  	678	6 
[1, 7, 5, 5, 0]  	678	5 
[0, 19, 5, 1, 0]  	678	5 
[5, 8, 3, 5, 0]  	679	7 
[11, 1, 15, 0, 0]  	680	10 
[0, 22, 5, 0, 0]  	681	5 
[1, 7, 7, 4, 0]  	682	5 
[0, 19, 7, 0, 0]  	682	5 
[0, 4, 15, 1, 0]  	683	3 
[0, 3, 10, 4, 0]  	683	3 
[1, 0, 6, 7, 0]  	684	5 
[0, 4, 17, 0, 0]  	687	1 
[0, 2, 7, 6, 0]  	687	1 
[0, 1, 2, 9, 0]  	687	1 
[0, 24, 2, 1, 0]  	688	3 
[0, 11, 3, 5, 0]  	688	3 
[2, 10, 3, 5, 0]  	689	7 
[0, 30, 0, 0, 0]  	690	5  <--- 2
[0, 18, 6, 1, 0]  	690	5 
[8, 0, 17, 0, 0]  	691	11 
[11, 0, 16, 0, 0]  	692	11 
[0, 21, 6, 0, 0]  	693	5 
[0, 18, 8, 0, 0]  	694	3 
[0, 6, 14, 1, 0]  	694	3 
[0, 13, 0, 6, 0]  	695	3 
[0, 3, 16, 1, 0]  	695	3 
[0, 2, 11, 4, 0]  	695	3 
[1, 0, 12, 4, 0]  	696	4 
[0, 12, 12, 0, 0]  	696	4 
[0, 3, 18, 0, 0]  	699	1 
[0, 1, 8, 6, 0]  	699	1 
[0, 0, 3, 9, 0]  	699	1 
[1, 1, 19, 0, 0]  	700	3 
[0, 23, 3, 1, 0]  	700	3 
[0, 11, 9, 2, 0]  	700	3 
[4, 1, 18, 0, 0]  	701	4 
[0, 8, 11, 2, 0]  	701	3 
[0, 17, 7, 1, 0]  	702	5 
[2, 28, 1, 0, 0]  	703	6 
[0, 2, 17, 1, 0]  	707	3 
[0, 2, 19, 0, 0]  	711	1 
[0, 1, 14, 3, 0]  	711	1 
[0, 0, 9, 6, 0]  	711	1 
[1, 10, 4, 5, 0]  	712	2 
[0, 22, 4, 1, 0]  	712	2 
[0, 10, 10, 2, 0]  	712	2 
[0, 9, 5, 5, 0]  	712	2 
[4, 0, 19, 0, 0]  	713	5 
[0, 7, 12, 2, 0]  	713	3 
[7, 0, 18, 0, 0]  	714	8 
[0, 16, 8, 1, 0]  	714	5 
[0, 2, 6, 7, 0]  	718	2 
[0, 1, 20, 0, 0]  	723	1 
[0, 0, 15, 3, 0]  	723	1 
[0, 20, 0, 4, 0]  	724	2 
[0, 8, 6, 5, 0]  	724	2 
[0, 6, 13, 2, 0]  	725	3 
[1, 25, 4, 0, 0]  	727	7 
[0, 1, 7, 7, 0]  	730	2 
[0, 9, 0, 8, 0]  	735	1 
[0, 0, 21, 0, 0]  	735	1  <--- 3
[3, 0, 20, 0, 0]  	736	4 
[0, 5, 14, 2, 0]  	737	3 
[0, 26, 4, 0, 0]  	738	6 
[0, 1, 13, 4, 0]  	742	2 
[0, 8, 1, 8, 0]  	747	1 
[0, 18, 2, 4, 0]  	748	2 
[0, 6, 8, 5, 0]  	748	2 
[0, 28, 3, 0, 0]  	749	4 
[0, 1, 19, 1, 0]  	754	2 
[0, 7, 2, 8, 0]  	759	1 
[0, 5, 9, 5, 0]  	760	2 
[0, 6, 3, 8, 0]  	771	1 
[0, 5, 4, 8, 0]  	783	1 
[0, 0, 0, 12, 0]  	792	1  <--- 4
[12, 0, 0, 1, 1]  	210	6 
[4, 4, 1, 1, 1]  	241	3 
[6, 5, 0, 1, 1]  	253	4 
[2, 2, 6, 1, 1]  	346	5 
[11, 11, 0, 0, 1]  	385	10 
[10, 10, 1, 0, 1]  	385	9 
[11, 0, 0, 4, 1]  	396	16 
[9, 11, 1, 0, 1]  	396	14 
[9, 10, 2, 0, 1]  	408	11 
[8, 10, 3, 0, 1]  	431	13 
[7, 9, 4, 0, 1]  	431	14 
[6, 1, 6, 2, 1]  	437	7 
[7, 11, 3, 0, 1]  	442	12 
[4, 6, 0, 4, 1]  	450	10 
[5, 17, 0, 0, 1]  	451	6 
[4, 16, 1, 0, 1]  	451	3 
[3, 7, 0, 4, 1]  	461	8 
[3, 17, 1, 0, 1]  	462	11 
[4, 15, 2, 0, 1]  	463	3 
[5, 7, 7, 0, 1]  	466	13 
[2, 9, 5, 1, 1]  	472	7 
[3, 6, 1, 4, 1]  	473	8 
[3, 16, 2, 0, 1]  	474	8 
[4, 14, 3, 0, 1]  	475	7 
[5, 12, 4, 0, 1]  	476	9 
[5, 9, 6, 0, 1]  	477	12 
[4, 13, 4, 0, 1]  	487	7 
[3, 12, 5, 0, 1]  	487	7 
[5, 5, 9, 0, 1]  	490	14 
[15, 9, 3, 0, 1]  	492	16 
[11, 5, 7, 0, 1]  	492	15 
[18, 3, 6, 0, 1]  	495	15 
[2, 9, 0, 4, 1]  	495	6 
[2, 6, 2, 4, 1]  	496	6 
[2, 1, 11, 1, 1]  	498	5 
[4, 9, 7, 0, 1]  	500	11 
[2, 8, 1, 4, 1]  	507	6 
[16, 5, 6, 0, 1]  	517	14 
[1, 16, 4, 0, 1]  	520	7 
[3, 4, 0, 6, 1]  	524	11 
[6, 3, 11, 0, 1]  	526	13 
[9, 1, 0, 6, 1]  	527	11 
[16, 4, 7, 0, 1]  	529	15 
[2, 13, 4, 1, 1]  	529	6 
[1, 6, 9, 1, 1]  	531	5 
[2, 3, 5, 4, 1]  	532	7 
[1, 15, 5, 0, 1]  	532	7 
[2, 13, 6, 0, 1]  	533	7 
[3, 3, 1, 6, 1]  	536	12 
[5, 15, 0, 2, 1]  	537	14 
[2, 5, 4, 4, 1]  	543	7 
[1, 4, 5, 4, 1]  	543	6 
[1, 1, 7, 4, 1]  	544	6 
[5, 3, 12, 0, 1]  	549	12 
[5, 1, 2, 6, 1]  	549	12 
[8, 1, 1, 6, 1]  	550	10 
[1, 13, 5, 1, 1]  	552	7 
[1, 3, 6, 4, 1]  	555	5 
[5, 13, 0, 3, 1]  	557	11 
[7, 0, 6, 4, 1]  	558	11 
[5, 2, 13, 0, 1]  	561	12 
[2, 16, 3, 1, 1]  	563	10 
[3, 16, 1, 2, 1]  	571	11 
[2, 2, 3, 6, 1]  	571	9 
[4, 3, 13, 0, 1]  	572	13 
[4, 1, 3, 6, 1]  	572	12 
[6, 0, 3, 6, 1]  	573	11 
[2, 4, 2, 6, 1]  	582	8 
[2, 3, 14, 0, 1]  	583	10 
[2, 1, 4, 6, 1]  	583	9 
[4, 0, 4, 6, 1]  	584	9 
[1, 1, 14, 1, 1]  	591	5 
[1, 4, 14, 0, 1]  	594	8 
[2, 2, 15, 0, 1]  	595	10 
[4, 1, 15, 0, 1]  	596	10 
[1, 14, 0, 4, 1]  	598	8 
[14, 2, 11, 0, 1]  	599	16 
[2, 0, 9, 4, 1]  	603	5 
[1, 3, 15, 0, 1]  	606	8 
[1, 1, 5, 6, 1]  	606	7 
[14, 1, 12, 0, 1]  	611	14 
[1, 10, 5, 3, 1]  	615	5 
[1, 7, 7, 3, 1]  	616	5 
[1, 16, 3, 2, 1]  	617	6 
[1, 2, 16, 0, 1]  	618	7 
[3, 1, 16, 0, 1]  	619	10 
[13, 2, 12, 0, 1]  	622	11 
[5, 1, 6, 5, 1]  	623	10 
[1, 9, 6, 3, 1]  	627	5 
[1, 15, 4, 2, 1]  	629	6 
[2, 0, 6, 6, 1]  	630	8 
[1, 12, 6, 2, 1]  	630	8 
[2, 1, 17, 0, 1]  	642	6 
[1, 7, 4, 5, 1]  	643	5 
[1, 13, 2, 4, 1]  	645	6 
[0, 4, 16, 0, 1]  	652	3 
[0, 24, 1, 1, 1]  	653	5 
[1, 10, 8, 2, 1]  	654	5 
[5, 0, 17, 0, 1]  	655	9 
[1, 0, 9, 5, 1]  	657	5 
[2, 23, 3, 0, 1]  	658	7 
[1, 0, 11, 4, 1]  	661	5 
[0, 3, 17, 0, 1]  	664	3 
[1, 14, 4, 3, 1]  	672	6 
[0, 12, 0, 6, 1]  	672	4 
[0, 2, 18, 0, 1]  	676	3 
[1, 10, 3, 5, 1]  	677	4 
[4, 0, 18, 0, 1]  	678	6 
[2, 27, 1, 0, 1]  	680	7 
[0, 13, 11, 0, 1]  	684	5 
[0, 12, 8, 2, 1]  	688	3 
[1, 22, 3, 1, 1]  	689	5 
[3, 0, 19, 0, 1]  	701	4 
[3, 29, 0, 0, 1]  	703	6 
[1, 29, 1, 0, 1]  	714	6 
[2, 0, 20, 0, 1]  	724	2 
[1, 28, 2, 0, 1]  	726	6 
[0, 7, 7, 5, 1]  	736	2 
[4, 3, 3, 1, 2]  	288	5 
[10, 3, 2, 1, 2]  	325	7 
[10, 11, 0, 0, 2]  	373	14 
[7, 12, 1, 0, 2]  	395	10 
[8, 9, 3, 0, 2]  	408	15 
[3, 15, 1, 0, 2]  	416	5 
[5, 1, 8, 1, 2]  	429	7 
[14, 9, 2, 0, 2]  	445	14 
[4, 13, 3, 0, 2]  	452	7 
[6, 9, 5, 0, 2]  	454	13 
[3, 1, 8, 2, 2]  	471	5 
[3, 13, 4, 0, 2]  	475	6 
[3, 4, 3, 4, 2]  	497	8 
[2, 3, 4, 4, 2]  	497	9 
[11, 4, 8, 0, 2]  	504	14 
[2, 5, 3, 4, 2]  	508	6 
[2, 2, 5, 4, 2]  	509	7 
[1, 14, 5, 0, 2]  	509	5 
[9, 3, 2, 4, 2]  	511	12 
[1, 13, 6, 0, 2]  	521	5 
[9, 3, 10, 0, 2]  	527	13 
[3, 11, 7, 0, 2]  	534	8 
[10, 0, 1, 6, 2]  	551	11 
[16, 2, 9, 0, 2]  	553	16 
[2, 7, 5, 3, 2]  	558	9 
[1, 15, 4, 1, 2]  	563	6 
[4, 17, 0, 2, 2]  	571	10 
[2, 4, 13, 0, 2]  	571	10 
[1, 13, 0, 4, 2]  	575	6 
[2, 17, 1, 2, 2]  	582	8 
[4, 2, 14, 0, 2]  	584	11 
[1, 3, 5, 5, 2]  	586	7 
[1, 12, 1, 4, 2]  	587	5 
[3, 11, 3, 3, 2]  	592	9 
[2, 10, 4, 3, 2]  	592	7 
[1, 10, 10, 0, 2]  	592	7 
[1, 18, 1, 2, 2]  	593	8 
[2, 16, 2, 2, 2]  	594	7 
[3, 14, 3, 2, 2]  	595	11 
[1, 8, 6, 3, 2]  	604	6 
[1, 14, 4, 2, 2]  	606	7 
[1, 8, 12, 0, 2]  	616	6 
[0, 17, 3, 2, 2]  	628	4 
[0, 14, 5, 2, 2]  	629	6 
[10, 1, 14, 0, 2]  	633	10 
[0, 16, 4, 2, 2]  	640	4 
[4, 0, 17, 0, 2]  	643	7 
[1, 0, 5, 7, 2]  	649	6 
[0, 13, 10, 0, 2]  	649	5 
[2, 0, 18, 0, 2]  	654	6 
[2, 26, 1, 0, 2]  	657	7 
[0, 20, 4, 1, 2]  	666	4 
[9, 0, 16, 0, 2]  	668	9 
[1, 27, 1, 0, 2]  	668	6 
[0, 15, 4, 3, 2]  	683	3 
[0, 9, 10, 2, 2]  	689	3 
[2, 29, 0, 0, 2]  	691	7 
[0, 3, 5, 7, 2]  	706	2 
[1, 0, 20, 0, 2]  	712	2 
[0, 11, 2, 6, 2]  	719	3 
[0, 16, 3, 4, 2]  	737	3 
[2, 13, 1, 0, 3]  	358	5 
[8, 11, 2, 0, 3]  	419	13 
[5, 5, 0, 4, 3]  	439	10 
[4, 5, 9, 0, 3]  	478	13 
[3, 12, 3, 1, 3]  	483	6 
[2, 4, 3, 4, 3]  	485	7 
[1, 13, 5, 0, 3]  	486	5 
[15, 5, 6, 0, 3]  	505	14 
[1, 20, 1, 0, 3]  	507	5 
[1, 17, 3, 0, 3]  	508	6 
[3, 7, 9, 0, 3]  	512	11 
[10, 0, 0, 6, 3]  	516	11 
[1, 19, 2, 0, 3]  	519	5 
[7, 1, 1, 6, 3]  	538	13 
[3, 2, 2, 6, 3]  	548	10 
[7, 2, 12, 0, 3]  	550	12 
[1, 12, 0, 4, 3]  	552	6 
[1, 2, 1, 7, 3]  	555	5 
[3, 17, 0, 2, 3]  	559	11 
[3, 3, 13, 0, 3]  	560	10 
[1, 1, 2, 7, 3]  	567	5 
[9, 0, 2, 6, 3]  	574	12 
[1, 0, 3, 7, 3]  	579	5 
[1, 19, 0, 2, 3]  	581	8 
[1, 16, 2, 2, 3]  	582	8 
[1, 7, 12, 0, 3]  	593	7 
[1, 15, 3, 2, 3]  	594	8 
[1, 3, 9, 3, 3]  	594	7 
[2, 0, 5, 6, 3]  	595	9 
[2, 12, 3, 3, 3]  	603	7 
[1, 5, 8, 3, 3]  	605	6 
[2, 1, 16, 0, 3]  	607	8 
[9, 1, 14, 0, 3]  	621	10 
[0, 26, 1, 0, 3]  	633	5 
[1, 14, 3, 3, 3]  	637	7 
[0, 18, 5, 1, 3]  	655	5 
[8, 0, 16, 0, 3]  	656	9 
[0, 18, 7, 0, 3]  	659	5 
[0, 3, 15, 1, 3]  	660	4 
[0, 16, 3, 3, 3]  	671	4 
[1, 0, 19, 0, 3]  	677	4 
[0, 24, 0, 2, 3]  	684	5 
[0, 17, 2, 4, 3]  	725	3 
[5, 12, 3, 0, 4]  	441	8 
[3, 4, 2, 4, 4]  	462	8 
[3, 3, 3, 4, 4]  	474	10 
[14, 5, 6, 0, 4]  	493	14 
[8, 3, 10, 0, 4]  	515	13 
[9, 0, 1, 6, 4]  	539	9 
[1, 13, 1, 3, 4]  	544	6 
[3, 12, 1, 3, 4]  	545	7 
[3, 9, 3, 3, 4]  	546	9 
[3, 11, 2, 3, 4]  	557	7 
[1, 12, 6, 1, 4]  	564	5 
[8, 1, 14, 0, 4]  	609	9 
[0, 15, 4, 2, 4]  	617	5 
[0, 13, 0, 5, 4]  	629	5 
[1, 11, 1, 5, 4]  	630	7 
[0, 5, 15, 0, 4]  	640	3 
[7, 0, 16, 0, 4]  	644	9 
[0, 23, 0, 2, 4]  	661	5 
[1, 1, 18, 0, 4]  	665	5 
[0, 17, 8, 0, 4]  	671	5 
[1, 29, 0, 0, 4]  	679	6 
[0, 18, 2, 3, 4]  	682	4 
[0, 19, 0, 4, 4]  	701	3 
[0, 18, 1, 4, 4]  	713	3 
[0, 12, 7, 3, 4]  	719	4 
[0, 11, 8, 3, 4]  	731	3 
[0, 10, 4, 6, 4]  	766	2 
[4, 12, 4, 0, 5]  	464	8 
[1, 14, 4, 0, 5]  	474	6 
[2, 7, 1, 4, 5]  	484	6 
[5, 11, 5, 0, 5]  	488	10 
[1, 2, 6, 4, 5]  	532	6 
[8, 0, 2, 6, 5]  	562	8 
[7, 1, 14, 0, 5]  	597	11 
[1, 12, 9, 0, 5]  	603	5 
[6, 0, 16, 0, 5]  	632	8 
[0, 16, 8, 0, 5]  	648	5 
[0, 29, 0, 0, 5]  	667	6 
[1, 11, 4, 4, 5]  	669	5 
[0, 13, 5, 3, 5]  	672	5 
[0, 25, 4, 0, 5]  	715	6 
[2, 12, 6, 0, 6]  	510	6 
[1, 12, 1, 3, 6]  	521	5 
[3, 11, 1, 3, 6]  	522	7 
[2, 11, 3, 3, 6]  	580	6 
[0, 15, 6, 1, 6]  	621	5 
[0, 14, 7, 1, 6]  	633	5 
[0, 14, 9, 0, 6]  	637	5 
[0, 25, 2, 0, 6]  	645	5 
[0, 14, 4, 3, 6]  	660	5 
[0, 20, 6, 0, 6]  	670	5 
[0, 18, 0, 4, 6]  	678	4 
[0, 12, 6, 3, 6]  	684	4 
[0, 17, 1, 4, 6]  	690	4 
[0, 16, 2, 4, 6]  	702	4 
[0, 15, 3, 4, 6]  	714	4 
[6, 1, 14, 0, 7]  	585	11 
[5, 0, 16, 0, 7]  	620	9 
[2, 12, 4, 1, 8]  	506	6 
[3, 2, 14, 0, 8]  	572	11 
[4, 0, 16, 0, 8]  	608	10 
[0, 13, 6, 2, 8]  	641	5 
[3, 0, 17, 0, 9]  	631	9 
[0, 20, 1, 2, 10]  	627	4 
[0, 9, 12, 0, 244]  	627	3 
[1, 9, 8, 2, 244]  	631	5 
[1, 8, 8, 2, 245]  	608	5 
[0, 2, 10, 4, 245]  	660	3 
[2, 0, 10, 2, 246]  	506	5 
[1, 7, 8, 2, 246]  	585	5 
[1, 6, 4, 5, 247]  	620	4 
[1, 0, 15, 2, 247]  	669	4 
[0, 5, 14, 1, 247]  	671	3 
[1, 5, 4, 5, 248]  	597	4 
[1, 0, 14, 2, 248]  	634	3 
[0, 12, 1, 5, 248]  	641	4 
[0, 8, 5, 5, 248]  	689	2 
[0, 1, 18, 1, 248]  	719	2 
[1, 2, 10, 2, 249]  	540	4 
[1, 1, 13, 1, 249]  	556	2 
[1, 18, 2, 1, 249]  	562	6 
[3, 0, 4, 6, 249]  	572	9 
[1, 5, 9, 2, 249]  	574	3 
[1, 0, 9, 4, 249]  	591	3 
[1, 0, 15, 1, 249]  	603	2 
[0, 1, 15, 1, 249]  	614	2 
[0, 3, 13, 2, 249]  	656	1 
[0, 1, 12, 4, 249]  	707	2 
[4, 0, 10, 1, 250]  	464	6 
[1, 2, 10, 1, 250]  	474	4 
[2, 0, 12, 1, 250]  	510	3 
[1, 1, 12, 1, 250]  	521	3 
[0, 3, 12, 1, 250]  	555	2 
[0, 2, 13, 1, 250]  	567	2 
[1, 0, 14, 1, 250]  	568	2 
[0, 1, 14, 1, 250]  	579	2 
[0, 3, 11, 2, 250]  	586	1 
[0, 5, 10, 2, 250]  	597	1 
[0, 17, 5, 1, 250]  	632	3 
[0, 11, 0, 6, 250]  	649	2 
[0, 16, 1, 4, 250]  	667	4 
[3, 4, 10, 0, 251]  	478	10 
[4, 10, 6, 0, 251]  	488	8 
[1, 0, 12, 1, 251]  	498	2 
[0, 2, 10, 2, 251]  	528	1 
[0, 2, 12, 1, 251]  	532	2 
[1, 6, 8, 2, 251]  	562	3 
[1, 8, 7, 2, 251]  	573	4 
[1, 6, 3, 5, 251]  	585	4 
[1, 2, 0, 8, 251]  	586	5 
[1, 4, 3, 6, 251]  	605	5 
[0, 16, 5, 1, 251]  	609	3 
[0, 12, 10, 0, 251]  	626	2 
[0, 2, 0, 9, 251]  	640	1 
[0, 15, 1, 4, 251]  	644	4 
[0, 6, 2, 8, 251]  	736	1 
[4, 0, 9, 1, 252]  	429	4 
[1, 1, 10, 1, 252]  	451	2 
[5, 8, 6, 0, 252]  	454	10 
[0, 2, 10, 1, 252]  	462	2 
[1, 4, 9, 1, 252]  	485	2 
[1, 6, 8, 1, 252]  	496	2 
[1, 8, 7, 1, 252]  	507	3 
[2, 6, 10, 0, 252]  	512	8 
[1, 6, 3, 4, 252]  	519	3 
[1, 5, 4, 4, 252]  	531	3 
[1, 12, 7, 0, 252]  	533	4 
[1, 17, 2, 1, 252]  	539	6 
[1, 0, 2, 7, 252]  	544	3 
[2, 11, 2, 3, 252]  	545	5 
[2, 9, 9, 0, 252]  	546	4 
[0, 12, 8, 0, 252]  	556	2 
[1, 10, 9, 0, 252]  	557	3 
[0, 14, 7, 0, 252]  	567	4 
[1, 9, 10, 0, 252]  	569	5 
[1, 0, 1, 8, 252]  	575	4 
[0, 0, 15, 1, 252]  	591	1 
[1, 9, 5, 3, 252]  	592	6 
[1, 11, 2, 4, 252]  	599	4 
[0, 11, 10, 0, 252]  	603	2 
[0, 13, 7, 1, 252]  	610	2 
[0, 10, 11, 0, 252]  	615	2 
[0, 7, 13, 0, 252]  	616	2 
[0, 14, 1, 4, 252]  	621	4 
[0, 13, 2, 4, 252]  	633	4 
[0, 13, 4, 3, 252]  	637	4 
[0, 23, 2, 1, 252]  	665	4 
[0, 7, 5, 5, 252]  	666	2 
[0, 6, 7, 5, 252]  	713	1 
[0, 4, 9, 5, 252]  	737	2 
[2, 1, 7, 1, 253]  	358	1 
[1, 1, 8, 1, 253]  	381	2 
[1, 0, 9, 1, 253]  	393	2 
[7, 0, 7, 1, 253]  	395	6 
[6, 7, 5, 0, 253]  	408	10 
[7, 10, 3, 0, 253]  	419	10 
[0, 1, 10, 1, 253]  	439	1 
[11, 6, 5, 0, 253]  	445	6 
[1, 0, 0, 7, 253]  	474	4 
[1, 7, 7, 1, 253]  	484	3 
[4, 2, 0, 6, 253]  	490	11 
[8, 1, 0, 6, 253]  	515	10 
[3, 5, 1, 5, 253]  	516	5 
[0, 13, 7, 0, 253]  	544	2 
[1, 19, 1, 1, 253]  	550	6 
[1, 16, 3, 1, 253]  	551	4 
[1, 6, 1, 6, 253]  	581	4 
[1, 8, 0, 6, 253]  	592	4 
[1, 6, 7, 3, 253]  	593	5 
[1, 5, 2, 6, 253]  	593	4 
[1, 12, 5, 2, 253]  	595	6 
[0, 17, 4, 1, 253]  	597	1 
[0, 1, 7, 5, 253]  	598	1 
[1, 11, 4, 3, 253]  	603	4 
[1, 23, 0, 1, 253]  	607	5 
[0, 14, 3, 3, 253]  	625	4 
[0, 3, 16, 0, 253]  	629	4 
[0, 1, 5, 7, 253]  	660	2 
[0, 0, 2, 9, 253]  	664	1 
[0, 10, 9, 2, 253]  	677	2 
[3, 2, 4, 1, 254]  	288	2 
[7, 0, 5, 1, 254]  	325	5 
[1, 1, 7, 1, 254]  	346	2 
[9, 10, 1, 0, 254]  	373	7 
[6, 7, 4, 0, 254]  	373	4 
[6, 6, 5, 0, 254]  	385	4 
[5, 0, 7, 2, 254]  	437	2 
[4, 5, 8, 0, 254]  	443	8 
[0, 0, 11, 1, 254]  	451	1 
[4, 4, 9, 0, 254]  	455	8 
[3, 5, 9, 0, 254]  	466	8 
[9, 5, 7, 0, 254]  	468	9 
[2, 12, 3, 1, 254]  	471	3 
[1, 17, 2, 0, 254]  	473	4 
[2, 2, 4, 4, 254]  	474	6 
[2, 11, 4, 1, 254]  	483	5 
[1, 19, 1, 0, 254]  	484	5 
[2, 18, 0, 1, 254]  	504	4 
[4, 17, 0, 1, 254]  	505	4 
[6, 0, 5, 4, 254]  	511	8 
[0, 15, 5, 0, 254]  	520	1 
[0, 12, 7, 0, 254]  	521	2 
[0, 14, 4, 1, 254]  	528	2 
[0, 17, 4, 0, 254]  	531	1 
[0, 14, 6, 0, 254]  	532	3 
[1, 9, 9, 0, 254]  	534	2 
[6, 0, 2, 6, 254]  	538	9 
[1, 20, 0, 1, 254]  	538	2 
[2, 5, 2, 5, 254]  	539	7 
[0, 21, 0, 1, 254]  	549	2 
[0, 18, 2, 1, 254]  	550	2 
[15, 1, 10, 0, 254]  	553	10 
[2, 6, 0, 6, 254]  	558	8 
[1, 5, 1, 6, 254]  	558	3 
[2, 3, 2, 6, 254]  	559	7 
[0, 20, 1, 1, 254]  	561	2 
[1, 11, 3, 3, 254]  	568	3 
[0, 3, 5, 5, 254]  	574	1 
[0, 12, 3, 3, 254]  	579	3 
[1, 5, 13, 0, 254]  	582	6 
[0, 6, 9, 2, 254]  	585	2 
[0, 0, 0, 9, 254]  	594	1 
[0, 12, 0, 5, 254]  	606	1 
[0, 11, 1, 5, 254]  	618	2 
[0, 24, 2, 0, 254]  	622	3 
[4, 25, 0, 0, 254]  	623	4 
[1, 18, 0, 3, 254]  	624	5 
[0, 2, 9, 4, 254]  	625	2 
[0, 0, 5, 7, 254]  	637	1 
[0, 2, 17, 0, 254]  	641	2 
[0, 0, 9, 5, 254]  	645	1 
[0, 0, 4, 8, 254]  	668	1 
[0, 19, 1, 3, 254]  	670	4 
[0, 11, 7, 3, 254]  	696	2 
[0, 8, 0, 8, 254]  	712	1 
[6, 6, 0, 0, 255]  	210	4 
[1, 1, 4, 1, 255]  	241	1 
[1, 0, 5, 1, 255]  	253	1 
[1, 13, 2, 0, 255]  	381	3 
[5, 7, 5, 0, 255]  	396	7 
[5, 6, 6, 0, 255]  	408	7 
[3, 4, 8, 0, 255]  	408	4 
[0, 12, 4, 0, 255]  	416	2 
[0, 0, 10, 1, 255]  	416	1 
[5, 5, 7, 0, 255]  	420	7 
[4, 12, 3, 0, 255]  	429	5 
[4, 6, 7, 0, 255]  	431	9 
[3, 6, 0, 4, 255]  	438	6 
[2, 18, 0, 0, 255]  	438	2 
[4, 17, 0, 0, 255]  	439	4 
[0, 20, 0, 0, 255]  	460	1 
[0, 1, 5, 4, 255]  	462	2 
[2, 8, 0, 4, 255]  	472	3 
[1, 9, 0, 4, 255]  	483	3 
[1, 6, 2, 4, 255]  	484	3 
[0, 18, 2, 0, 255]  	484	1 
[8, 0, 0, 6, 255]  	492	6 
[2, 6, 0, 5, 255]  	492	3 
[12, 3, 8, 0, 255]  	493	9 
[4, 5, 0, 5, 255]  	493	4 
[3, 4, 1, 5, 255]  	493	3 
[0, 2, 9, 2, 255]  	493	2 
[17, 2, 7, 0, 255]  	495	6 
[1, 8, 1, 4, 255]  	495	3 
[2, 7, 9, 0, 255]  	500	4 
[3, 3, 0, 6, 255]  	501	5 
[10, 3, 9, 0, 255]  	504	8 
[0, 0, 5, 5, 255]  	505	1 
[2, 11, 1, 3, 255]  	510	4 
[3, 10, 7, 0, 255]  	511	6 
[0, 9, 5, 2, 255]  	514	2 
[2, 5, 11, 0, 255]  	524	6 
[1, 8, 0, 5, 255]  	526	1 
[0, 0, 0, 8, 255]  	528	1 
[2, 10, 8, 0, 255]  	534	5 
[2, 5, 0, 6, 255]  	535	5 
[0, 1, 9, 3, 255]  	536	2 
[0, 7, 7, 2, 255]  	538	2 
[1, 4, 3, 5, 255]  	539	3 
[1, 8, 10, 0, 255]  	546	4 
[1, 5, 12, 0, 255]  	547	5 
[2, 1, 3, 6, 255]  	548	5 
[1, 0, 4, 6, 255]  	548	1 
[1, 18, 0, 2, 255]  	558	8 
[1, 7, 11, 0, 255]  	558	5 
[7, 1, 13, 0, 255]  	562	8 
[1, 7, 0, 6, 255]  	569	4 
[1, 2, 15, 0, 255]  	583	3 
[0, 11, 0, 5, 255]  	583	1 
[3, 1, 15, 0, 255]  	584	5 
[0, 11, 4, 3, 255]  	591	2 
[0, 9, 11, 0, 255]  	592	3 
[12, 0, 13, 0, 255]  	599	7 
[0, 10, 0, 6, 255]  	626	2 
[0, 6, 14, 0, 255]  	628	3 
[1, 1, 17, 0, 255]  	630	5 
------
The gap is between 11 and 243.
Lengths: 5 5 10 13 5 14.
For 692 = 3*d-d1-d2-d3-d4 you get 5 in char 0.
1 + 0*2^64 + 0*2^128 + 0*2^192*y^24*z^4
1 + 0*2^64 + 0*2^128 + 0*2^192*y^12*z^10*w^1
1 + 0*2^64 + 0*2^128 + 0*2^192*y^11*z^5*w^4
1 + 0*2^64 + 0*2^128 + 0*2^192*y^10*w^7
1 + 0*2^64 + 0*2^128 + 0*2^192*z^16*w^2

For 416 = 2*d-d1-d2-d3-d4 you get 10 in char 0.
1 + 0*2^64 + 0*2^128 + 0*2^192*x^5*y^4*w^4
1 + 0*2^64 + 0*2^128 + 0*2^192*x^4*y^16
1 + 0*2^64 + 0*2^128 + 0*2^192*x^4*y^3*z^1*w^4
1 + 0*2^64 + 0*2^128 + 0*2^192*x^3*y^2*z^2*w^4
1 + 0*2^64 + 0*2^128 + 0*2^192*x^2*y^1*z^3*w^4
1 + 0*2^64 + 0*2^128 + 0*2^192*x^1*y^13*z^3
1 + 0*2^64 + 0*2^128 + 0*2^192*x^1*y^1*z^9*w^1
1 + 0*2^64 + 0*2^128 + 0*2^192*x^1*z^4*w^4
1 + 0*2^64 + 0*2^128 + 0*2^192*y^12*z^4
1 + 0*2^64 + 0*2^128 + 0*2^192*z^10*w^1

For 140 = d-d1-d2-d3-d4 you get 5 in char 0.
1 + 0*2^64 + 0*2^128 + 0*2^192*x^4*y^4
1 + 0*2^64 + 0*2^128 + 0*2^192*x^3*y^3*z^1
1 + 0*2^64 + 0*2^128 + 0*2^192*x^2*y^2*z^2
1 + 0*2^64 + 0*2^128 + 0*2^192*x^1*y^1*z^3
1 + 0*2^64 + 0*2^128 + 0*2^192*z^4

Extra powers of p used 9.
The invariant extra is equal to 33.
Start computing 2^4 Delta^1 (x1x2x3x4)^1... Done.
Start computing 2^5 Delta^2 (x1x2x3x4)^1... Done.
Start computing 2^6 Delta^3 (x1x2x3x4)^1... Done.
Start computing 2^7 Delta^4 (x1x2x3x4)^1... Done.
Start computing 2^8 Delta^5 (x1x2x3x4)^1... Done.
Start computing 2^9 Delta^6 (x1x2x3x4)^1... Done.
Start computing 2^10 Delta^7 (x1x2x3x4)^1... Done.
Start computing 2^11 Delta^8 (x1x2x3x4)^1... Done.
Start computing 2^12 Delta^9 (x1x2x3x4)^1... Done.
Start computing 2^13 Delta^10 (x1x2x3x4)^1... Done.
Start computing 2^14 Delta^11 (x1x2x3x4)^1... Done.
Start computing 2^15 Delta^12 (x1x2x3x4)^1... Done.
Start computing 2^16 Delta^13 (x1x2x3x4)^1... Done.
Start computing 2^17 Delta^14 (x1x2x3x4)^1... Done.
Start computing 2^18 Delta^15 (x1x2x3x4)^1... Done.
Start computing 2^19 Delta^16 (x1x2x3x4)^1... Done.
Start computing 2^20 Delta^17 (x1x2x3x4)^1... Done.
Start computing 2^21 Delta^18 (x1x2x3x4)^1... Done.
Start computing 2^22 Delta^19 (x1x2x3x4)^1... Done.
Start computing 2^23 Delta^20 (x1x2x3x4)^1... Done.
Start computing 2^24 Delta^21 (x1x2x3x4)^1... Done.
Start computing 2^25 Delta^22 (x1x2x3x4)^1... Done.
Start computing 2^26 Delta^23 (x1x2x3x4)^1... Done.
Start computing 2^27 Delta^24 (x1x2x3x4)^1... Done.
Start computing 2^28 Delta^25 (x1x2x3x4)^1... Done.
Start computing 2^29 Delta^26 (x1x2x3x4)^1... Done.
Start computing 2^30 Delta^27 (x1x2x3x4)^1... Done.
Start computing 2^31 Delta^28 (x1x2x3x4)^1... Done.
Start computing 2^32 Delta^29 (x1x2x3x4)^1... Done.
Start computing 2^33 Delta^30 (x1x2x3x4)^1... Done.
Start computing 2^34 Delta^31 (x1x2x3x4)^1... Done.
Start computing 2^35 Delta^32 (x1x2x3x4)^1... Done.
Start computing 2^36 Delta^33 (x1x2x3x4)^1... Done.
Start computing 2^37 Delta^34 (x1x2x3x4)^1... Done.
Start computing 2^38 Delta^35 (x1x2x3x4)^1... Done.
Start computing aa.
1 2 3 4 5 6 7 8 9 10 11 12 13 14 15 16 17 18 19 20 
*/
A = \
[4426790899942552320 + 3887262625189722996*2^64 + 17248221059588182604*2^128 + 136986194432*2^192,6256711204981188608 + 9524901650961812258*2^64 + 1729748303880201903*2^128 + 98792518630*2^192,6990424476675265920 + 7979398677118518489*2^64 + 14600919285925959662*2^128 + 166303606639*2^192,10434369660050674304 + 6479814678468884577*2^64 + 4691656890923495627*2^128 + 93627522750*2^192,14227995265826033664 + 14376290984305104742*2^64 + 4742175988602370059*2^128 + 214177715563*2^192,16525581680257783296 + 15655414946083472343*2^64 + 1725543128938843558*2^128 + 91898061449*2^192,5702348334847855616 + 4205613502431086031*2^64 + 11237149861095648934*2^128 + 138887258943*2^192,14703178523032825344 + 13625353369560703777*2^64 + 4829922474647977740*2^128 + 272167822762*2^192,18278776921478933504 + 5361784173932621702*2^64 + 5936490187069460993*2^128 + 199578437261*2^192,297705871166286848 + 13613547379512360550*2^64 + 12752899208276873514*2^128 + 147957632150*2^192,4523817629450556416 + 15456938162420166752*2^64 + 2676906436272399015*2^128 + 223470466424*2^192,16635347696401352704 + 2203580172587927711*2^64 + 1424456305952860976*2^128 + 228593875077*2^192,6322329543312057344 + 9716627670515810802*2^64 + 11346922532570002590*2^128 + 253784333103*2^192,6030508139941249024 + 1538716821941830827*2^64 + 7300025558870775086*2^128 + 250173410738*2^192,9181992094841090048 + 4396022017377561453*2^64 + 12850202040649277222*2^128 + 187316515271*2^192,8078349597371619328 + 17491931214654475210*2^64 + 10097337706633899192*2^128 + 147630929457*2^192,4755499388675628032 + 6413944192646581603*2^64 + 14750138640947355874*2^128 + 121857625506*2^192,15250267919783532544 + 16835630689209619496*2^64 + 7845904602936214637*2^128 + 191568314315*2^192,11328307655539515392 + 13065415983603555398*2^64 + 6510588913462819313*2^128 + 178567812140*2^192,15894295148697409536 + 16954762619574469632*2^64 + 13673568028914144839*2^128 + 235914296840*2^192;\
10818742228531202912 + 6563244200600494363*2^64 + 6847080611049652154*2^128 + 243361986701*2^192,12594873090355936640 + 7273270806375673476*2^64 + 12522487656759358524*2^128 + 178827911796*2^192,11890851372978509664 + 13445945419517764057*2^64 + 15789492109585355353*2^128 + 18966528401*2^192,11841437698829146768 + 829779270787473871*2^64 + 1861702191688575537*2^128 + 109277793835*2^192,1082809959786171904 + 12667817697840540303*2^64 + 7904287471734940466*2^128 + 39518898693*2^192,17327564975683456448 + 17717540790349672027*2^64 + 13824676411385862735*2^128 + 16623487356*2^192,16010255148933991296 + 16108868205748071399*2^64 + 9565844670441539236*2^128 + 191383566484*2^192,12342605028522032448 + 442584738327539221*2^64 + 3245319588935983259*2^128 + 84221411135*2^192,6262872087779874176 + 5380574060386241881*2^64 + 7974556456786811197*2^128 + 244858730641*2^192,1347194492800678592 + 4974917131367876925*2^64 + 4570773364298263662*2^128 + 98721490548*2^192,5461299301386229504 + 17836542366804101500*2^64 + 4181553080124042415*2^128 + 13317194345*2^192,15880087030349525248 + 2171156471595938019*2^64 + 17164218091212800348*2^128 + 11158422034*2^192,7280641879046649728 + 9067920782420911777*2^64 + 1261463884604970878*2^128 + 126820445594*2^192,9600346800495828480 + 1572110575831276218*2^64 + 18337544452052386015*2^128 + 143213995962*2^192,16580438178456507648 + 4631945180036171139*2^64 + 8738260920042585146*2^128 + 50862338140*2^192,6243629439880386688 + 2450896763442214441*2^64 + 5185429808252334503*2^128 + 133137818168*2^192,13487300413380395264 + 9215262681825081738*2^64 + 15853443575412437768*2^128 + 90949163572*2^192,3563641903191832832 + 14401481591316940344*2^64 + 4412107220024972555*2^128 + 88777485453*2^192,17786835621497371648 + 12382135120418160018*2^64 + 20536918997726734*2^128 + 144869032012*2^192,4266399284132813056 + 3208999900237522475*2^64 + 4354478789213443528*2^128 + 132717769547*2^192;\
9982489129568387584 + 2451160692203600468*2^64 + 4750137212391605225*2^128 + 79739583671*2^192,16580179161748674560 + 17065431064461282482*2^64 + 3322711714525465293*2^128 + 159304051544*2^192,1220684762797566976 + 10121835985146332647*2^64 + 17858742463752969125*2^128 + 217695392623*2^192,11699688913436033024 + 16911052690021914372*2^64 + 425900972423835432*2^128 + 169260634960*2^192,12016600900152389632 + 1901417527341272512*2^64 + 16543275306616591383*2^128 + 215151249700*2^192,13802958455459521536 + 6483160343337051042*2^64 + 15622463349536228217*2^128 + 212958681580*2^192,383418385158279168 + 11797459171264167295*2^64 + 2433208547878672900*2^128 + 46708802700*2^192,1566678609257303040 + 14330067048428260103*2^64 + 12256968862351013623*2^128 + 113430720251*2^192,17594384075546566656 + 17864281909078753528*2^64 + 8754837248182561349*2^128 + 13145490616*2^192,11758531857087171584 + 4856627199205106304*2^64 + 18003267921214700160*2^128 + 265172124111*2^192,14774092977275416576 + 6780873352680891499*2^64 + 5723830918748221357*2^128 + 9751840795*2^192,7542380288460328960 + 4950422193331686731*2^64 + 3330295089641018292*2^128 + 240035165164*2^192,15570731784213504000 + 10686412228835494294*2^64 + 3777356677491473085*2^128 + 167061613083*2^192,14827718939764637696 + 844231334930755068*2^64 + 1386187320348359428*2^128 + 8337156679*2^192,11023005233660084224 + 9378438931813939116*2^64 + 6951737827543487067*2^128 + 150716297515*2^192,12078847360251355136 + 9194722284414352572*2^64 + 14063519352648355242*2^128 + 258138072333*2^192,14948374259782402048 + 4919797583201307671*2^64 + 492134791243787102*2^128 + 116338830635*2^192,15266989933430016000 + 10897562199191129418*2^64 + 8592565414278513341*2^128 + 82338119593*2^192,8944679244314480640 + 8642987156952254349*2^64 + 5704154695738990113*2^128 + 105723510159*2^192,8406939345852788736 + 5232725998927464413*2^64 + 16509747500739196076*2^128 + 153871513990*2^192;\
17930806829064108032 + 2695647977332099091*2^64 + 14831374125880531493*2^128 + 201514998589*2^192,6542375421522230272 + 4583434087344815255*2^64 + 12096775171791814835*2^128 + 272974366402*2^192,15535426240399780224 + 18267377201628341521*2^64 + 12527933482412848300*2^128 + 163456646747*2^192,12371004020423622016 + 7799964635657295955*2^64 + 15923558341901696798*2^128 + 222668389107*2^192,5067611472704014336 + 18099379714638690716*2^64 + 15067481844901842630*2^128 + 130003874034*2^192,14538305829926367232 + 377033314359133480*2^64 + 8566556284528632867*2^128 + 256202880418*2^192,16365038420380846080 + 1367103609787571791*2^64 + 11570045428743093583*2^128 + 108269778326*2^192,1492953196853128192 + 14671536747988402492*2^64 + 8420151245415543907*2^128 + 117020154320*2^192,14357912493244136448 + 6344861900201017106*2^64 + 11462573880403413798*2^128 + 274029881390*2^192,14287535400394377216 + 16648660245240444400*2^64 + 15452803921729392629*2^128 + 21261896128*2^192,4046657179954483200 + 3868354788453338574*2^64 + 12421400028733282407*2^128 + 120176390106*2^192,10978026193738305536 + 11960261839522131968*2^64 + 3455147212840931789*2^128 + 235358048320*2^192,14895343401094383616 + 13333358820438264670*2^64 + 1393366794252002830*2^128 + 123230159129*2^192,3850782180385718272 + 3900293693022137437*2^64 + 11555944140418611638*2^128 + 136781390961*2^192,10355973382024646656 + 188428947624445135*2^64 + 3359880607074488421*2^128 + 19248554341*2^192,15585525954526935040 + 14232672145038373731*2^64 + 3113399104074487208*2^128 + 172194186312*2^192,9742536095742355456 + 16354141120878052214*2^64 + 3023471414128565444*2^128 + 108918094518*2^192,2103843636956923904 + 11728621206830174953*2^64 + 4530554957598131103*2^128 + 102414764851*2^192,203064235806685184 + 9604096860606113332*2^64 + 9938863639861362096*2^128 + 133137195210*2^192,18358462354291978240 + 16227256764556112160*2^64 + 7494192719688194421*2^128 + 165124759234*2^192;\
1679356036049443696 + 1477509279291419103*2^64 + 16942849616784448857*2^128 + 223314727260*2^192,17814566465355882240 + 1579698306792276402*2^64 + 13602072288888358164*2^128 + 59530134708*2^192,358818728808071704 + 13711544123525972237*2^64 + 9734767349052708684*2^128 + 9045588129*2^192,10865925842497058368 + 154503469099083143*2^64 + 17702001108830292916*2^128 + 201815113281*2^192,9564991391579371392 + 8865210556210796196*2^64 + 1820847457609259905*2^128 + 10657290676*2^192,10489902348393693664 + 1322131722223970933*2^64 + 10281545321951101088*2^128 + 88683396419*2^192,9275096246694743488 + 5374100904637477242*2^64 + 15853582642738808956*2^128 + 240961400911*2^192,10886404382121142624 + 17304719698989372241*2^64 + 10683001092887042916*2^128 + 46855286837*2^192,1261110887894820608 + 10514724188060503749*2^64 + 156321458834139822*2^128 + 67437111954*2^192,11146663048317157856 + 5254916549165048773*2^64 + 17027885619109493098*2^128 + 270809108905*2^192,10066972669552223616 + 14689979812045425259*2^64 + 10823173579657562034*2^128 + 91176810765*2^192,11849516427696751488 + 8126112593587799888*2^64 + 14415318813923819585*2^128 + 51630042270*2^192,2634897514185355968 + 18155678878015549573*2^64 + 12501093088173855304*2^128 + 65445084922*2^192,10239699709567608064 + 1577841455974200380*2^64 + 12934126602609001366*2^128 + 270517250842*2^192,18188210712849059968 + 15647408427162051258*2^64 + 5909210563195126038*2^128 + 268513075931*2^192,17962767761194854976 + 7286802660413369180*2^64 + 1909359983458670056*2^128 + 146763192146*2^192,4389980602067357952 + 11321663128151562463*2^64 + 4935897342714110518*2^128 + 36207420760*2^192,3815687442620098432 + 14611946868059191807*2^64 + 7648222036283241286*2^128 + 199789481763*2^192,10225266762724039296 + 9202176841230519958*2^64 + 5680119821778848267*2^128 + 189240457026*2^192,5732859273113140096 + 9539479445827094076*2^64 + 12669873096986586388*2^128 + 126299681751*2^192;\
693004163208744960 + 3941059980367317418*2^64 + 7891352885510928109*2^128 + 21340234525*2^192,11492939836927748096 + 13440391727145650177*2^64 + 4290661932764703504*2^128 + 125427248762*2^192,11051782936400320256 + 967398340894846458*2^64 + 10165713085126419632*2^128 + 245390974455*2^192,12616581594743689472 + 7424126199553227257*2^64 + 18177232391345790853*2^128 + 79234549115*2^192,571092962399289344 + 4313434049552678275*2^64 + 5628850845531539891*2^128 + 54715861819*2^192,119699447315408384 + 3541973203305566056*2^64 + 9483924750122599796*2^128 + 37511167942*2^192,14559820444185579520 + 1868755062001633073*2^64 + 14867896286277595789*2^128 + 265239389758*2^192,8934083902099179008 + 4592088102916100573*2^64 + 16847871745947400519*2^128 + 253015256054*2^192,14796245781066694144 + 3646757874215068010*2^64 + 6411158031837818479*2^128 + 93154837094*2^192,11859803595762339840 + 16420944668431999058*2^64 + 15021437363277353873*2^128 + 103928988075*2^192,4322246373031639040 + 13725533473263353075*2^64 + 5048070539280756182*2^128 + 52343241344*2^192,7334246180740759552 + 8260672884759234009*2^64 + 14508817720466821653*2^128 + 1186653377*2^192,7133354446905931776 + 15068653926241135461*2^64 + 947798572064550547*2^128 + 85707726613*2^192,4199665004187049984 + 5593809655780277472*2^64 + 11039880805147205577*2^128 + 109174589298*2^192,12938787148146745344 + 3613813519647646035*2^64 + 1512913897374960679*2^128 + 33134136501*2^192,11668055331546267648 + 12601526991875123062*2^64 + 14391606844438644454*2^128 + 70217538962*2^192,7831383814051495936 + 16381146826126084938*2^64 + 3821160839875233746*2^128 + 24965578757*2^192,33644109676511232 + 4197171178644828095*2^64 + 14860149517090299343*2^128 + 227466011471*2^192,15343144802370928640 + 5162814318322860530*2^64 + 12884614986095246019*2^128 + 30356151243*2^192,10398749735913848832 + 2768831004155002230*2^64 + 11215572024039635696*2^128 + 59030902824*2^192;\
14701877452901209664 + 2223918928111931560*2^64 + 14758540976310145631*2^128 + 137434526627*2^192,7255331509026187392 + 11055632292078087401*2^64 + 13186574995788981308*2^128 + 268571462169*2^192,17236881281051808880 + 13338005202767081566*2^64 + 1684703000496324022*2^128 + 174431776108*2^192,13698111382193562672 + 7514454740549859661*2^64 + 9126557851303673330*2^128 + 235982165201*2^192,9772792179357171456 + 14257664111720754666*2^64 + 6009713903637084181*2^128 + 99161565848*2^192,8870462048745680256 + 10432794862400088662*2^64 + 10732493033703503246*2^128 + 166325316100*2^192,16843732984837293312 + 12673423350636108951*2^64 + 8684380706158586360*2^128 + 213353214426*2^192,10183485247037255936 + 12450805533353935906*2^64 + 3072075493551566428*2^128 + 31272199969*2^192,17873125439653032064 + 1837971527110502891*2^64 + 16904910688242599167*2^128 + 156547742080*2^192,12976026569972818560 + 5129602712003990711*2^64 + 6222756850330945553*2^128 + 145523718151*2^192,2391976888874021376 + 12476192183962223353*2^64 + 2039842807011925944*2^128 + 131784890886*2^192,2688484243969631232 + 10197592870463598583*2^64 + 15926006591584788144*2^128 + 100386784826*2^192,7271528791510912256 + 292810735231443781*2^64 + 9995081110916545552*2^128 + 205377937415*2^192,2084514269218324480 + 18035128597699994691*2^64 + 15648414373620624506*2^128 + 18751580986*2^192,14851744681319517696 + 12990433356130485061*2^64 + 3334918725277985469*2^128 + 163266186441*2^192,3442912785737488640 + 2718221015069257537*2^64 + 10253211262878609207*2^128 + 135319196520*2^192,2851252562691516672 + 9446300369817757745*2^64 + 15342348228468200340*2^128 + 38611652526*2^192,1164970980643965952 + 3892104362150656085*2^64 + 14826670366879309898*2^128 + 86581122772*2^192,17733667160717121280 + 8187782947771609806*2^64 + 2499445015635870135*2^128 + 236419368057*2^192,13751643599485533184 + 3800133535155287188*2^64 + 6760970092003758537*2^128 + 91255770016*2^192;\
7106730646423713792 + 11626423572109108252*2^64 + 7481173802273005160*2^128 + 15166437714*2^192,9417243030122993664 + 4996690239078806866*2^64 + 13246707813404797890*2^128 + 203911566998*2^192,6423562823573140224 + 9779408206417899807*2^64 + 11707467935467048759*2^128 + 106215751967*2^192,12843562019861799168 + 6034667999343841159*2^64 + 8877018025794602872*2^128 + 76275603774*2^192,7581176601066004480 + 7798776016086638532*2^64 + 15132075417552876847*2^128 + 23517619979*2^192,12470710263938605568 + 13244220071626224438*2^64 + 202076608194072656*2^128 + 238550074149*2^192,17369331470019076096 + 9441074174130436561*2^64 + 6201623474037564995*2^128 + 208862398393*2^192,3389722381329197056 + 2883387346666321427*2^64 + 11871734839136694121*2^128 + 249184165604*2^192,12006313243582363648 + 6557653811885750052*2^64 + 13283572419958346329*2^128 + 190558073221*2^192,16132464679414754304 + 14453238955766267637*2^64 + 17114216877498941828*2^128 + 134890877315*2^192,2668445796945303552 + 17596503567025861981*2^64 + 4575140956060144327*2^128 + 210688382297*2^192,13712519886661066752 + 16675928398169710981*2^64 + 2544169147701063987*2^128 + 75008613531*2^192,1638682642493449216 + 17504385686579747059*2^64 + 12009726626098610873*2^128 + 208489586739*2^192,4073340587386150912 + 14685561381834870166*2^64 + 11671157581381585206*2^128 + 26009268639*2^192,8442551505518583808 + 5090214795882314060*2^64 + 12061711407434218473*2^128 + 125800773157*2^192,1521520852655751168 + 17036436588190189829*2^64 + 13509569491846123637*2^128 + 214548559684*2^192,321180047817482240 + 11308653729915028739*2^64 + 3315551207911660131*2^128 + 130060257889*2^192,8949929572625158144 + 2394460737540117113*2^64 + 2851771121473064098*2^128 + 222878875222*2^192,12253470519118155776 + 13915158259020442634*2^64 + 12370650538937853877*2^128 + 27771889470*2^192,15680563870863335424 + 5554346751429880142*2^64 + 517460253727009582*2^128 + 77828782746*2^192;\
7376278260314727424 + 13414217019199422504*2^64 + 9842696857403687990*2^128 + 217645801593*2^192,10863047179843305472 + 14149885734944444799*2^64 + 3344609649284077160*2^128 + 230703168984*2^192,9339357956343971840 + 12302314975577354018*2^64 + 1180137089690203997*2^128 + 205345164590*2^192,6815025154084254208 + 7459504658670723257*2^64 + 8768751101613125627*2^128 + 214455854500*2^192,3808698880064237568 + 13837063604214368913*2^64 + 15619261528506517342*2^128 + 197050320317*2^192,9906446644764674560 + 14538039060259620660*2^64 + 4523258225127568511*2^128 + 17540130979*2^192,16073569585865977856 + 11031622098340216146*2^64 + 774720988641826716*2^128 + 198984535537*2^192,9595718452065027072 + 16763252641423964437*2^64 + 4666316636747883828*2^128 + 64983611020*2^192,2933009743518821376 + 12605144691508999297*2^64 + 2854167997069845794*2^128 + 83920408326*2^192,11889455230255716864 + 15125864230981280709*2^64 + 7231446083816611479*2^128 + 48179893631*2^192,9055304187049717760 + 7911335181131901240*2^64 + 980743829783750278*2^128 + 165089983148*2^192,10092275988610523136 + 14342713883428492969*2^64 + 12628544929548937346*2^128 + 247609082978*2^192,11638963541890345984 + 4042456271444791982*2^64 + 17949521436987800032*2^128 + 269276012559*2^192,9645381717772972032 + 7591253897590241255*2^64 + 12827639404246897853*2^128 + 211235337580*2^192,7190477594626359296 + 15445518568882116713*2^64 + 8977720960677472226*2^128 + 79973681227*2^192,16560696176448770048 + 10277313169089070026*2^64 + 17342882731544542039*2^128 + 152767495005*2^192,5846030357779210240 + 18305741240477159481*2^64 + 6113632300335829920*2^128 + 157652936019*2^192,13815240546423902208 + 15602275499206645511*2^64 + 10114628463093181295*2^128 + 62710081445*2^192,7338350464588824576 + 9540610216679138880*2^64 + 14842976542295775676*2^128 + 184013500706*2^192,17267405145156001792 + 1037485886393595516*2^64 + 7099356559782510568*2^128 + 38391501921*2^192;\
8491756953795181568 + 14077395426445690292*2^64 + 5603269616672660548*2^128 + 224317970393*2^192,2067462309157062656 + 14018425947366229838*2^64 + 16339724916892642361*2^128 + 160822904905*2^192,7350082509928667392 + 15625009985737978625*2^64 + 1532005750583457045*2^128 + 265309912944*2^192,4460111440605977344 + 18415158825541726043*2^64 + 4657399317926357941*2^128 + 32382899319*2^192,10037008068966408192 + 3209529809949537421*2^64 + 6535414968599184233*2^128 + 117417962386*2^192,18039706642855539200 + 4219939876479212952*2^64 + 8740350312237767514*2^128 + 230343890877*2^192,1378087487893479424 + 12754069111163471195*2^64 + 16688138491183295529*2^128 + 66373913677*2^192,14634550865161630208 + 9484808125777136434*2^64 + 13340735952341595534*2^128 + 39160814997*2^192,13616636585070348288 + 9582259879436043107*2^64 + 7694872245745848892*2^128 + 46180390114*2^192,3932610726668762112 + 16584996648350058296*2^64 + 9984991790359819909*2^128 + 42062544868*2^192,1061818551120214016 + 17232299353149163452*2^64 + 11489100943206765627*2^128 + 211733466026*2^192,16832087205701722112 + 14484315126607979681*2^64 + 11062816610984450257*2^128 + 245536049696*2^192,5312616372707927040 + 6814272001736423096*2^64 + 12364184625379174625*2^128 + 238825620155*2^192,466979819214147584 + 11466247308308993543*2^64 + 2639590711962071972*2^128 + 182939393620*2^192,15687678825815187456 + 12460914723822973671*2^64 + 11974884449395080014*2^128 + 256775523383*2^192,9530393664861503488 + 8384916383873293266*2^64 + 17315025463243887907*2^128 + 76414871225*2^192,18029041932655960064 + 5616637618799165859*2^64 + 4091218774305083259*2^128 + 12260980179*2^192,11603283172970315776 + 10241573252903842536*2^64 + 7941745332237820479*2^128 + 256341262727*2^192,12470678799030542336 + 14190364079312482509*2^64 + 14766129670626402213*2^128 + 181934758447*2^192,15257595087632965632 + 9881576827444070447*2^64 + 16560866027642884724*2^128 + 167232952916*2^192;\
13553244578325962448 + 7129976590428571322*2^64 + 175356471459593520*2^128 + 242402971438*2^192,15401971452495000704 + 4959288802150266476*2^64 + 3572925392560442108*2^128 + 111588754754*2^192,11887578693590400344 + 6841856490521906050*2^64 + 7330596737198647203*2^128 + 59950474891*2^192,10034032794407152 + 18390990648477539981*2^64 + 10963060866740243114*2^128 + 116454971697*2^192,16520116595380645760 + 17409984584572872561*2^64 + 6915097356038755696*2^128 + 181141385256*2^192,1358443683142068384 + 6891399322954526130*2^64 + 14009396579637469840*2^128 + 179343125958*2^192,6554013685557183040 + 15928176487419924842*2^64 + 3185407292125663810*2^128 + 113186306664*2^192,13971733222422611360 + 16616890801488017582*2^64 + 14045137596920016835*2^128 + 46464494181*2^192,659712989500506496 + 14928606104549066524*2^64 + 10059088454028977670*2^128 + 54784814640*2^192,15009317986391846816 + 17789339972266792156*2^64 + 14415829751763607696*2^128 + 39333201318*2^192,16320691928365646208 + 16085298615908320781*2^64 + 6750974315614777546*2^128 + 47841094461*2^192,10447962751541047424 + 12771840215125698758*2^64 + 17050123975707473239*2^128 + 205958821959*2^192,17326193852109254720 + 2956729608574991528*2^64 + 7890714591868283074*2^128 + 235789419814*2^192,17615249792567902464 + 14267521416558834497*2^64 + 9831393303130639496*2^128 + 174919966795*2^192,4871308011541143936 + 4878254895931238632*2^64 + 7791612794858036369*2^128 + 15541197515*2^192,12806692076387939008 + 15073152565672452539*2^64 + 5443277220301534443*2^128 + 153336957436*2^192,13680070764947650560 + 5939922536867035591*2^64 + 1682349245890176688*2^128 + 203102909317*2^192,17229197546078758016 + 5253636248641633507*2^64 + 13004698267837432372*2^128 + 13910090295*2^192,14675193903338764416 + 2009029126892056709*2^64 + 7306746929569390372*2^128 + 221782861909*2^192,11663672399589249152 + 13020117741364896185*2^64 + 5200117396361073355*2^128 + 58373451941*2^192;\
3088658051202206434 + 13786300860362789*2^64 + 10200597868844978343*2^128 + 122677683572*2^192,14869636880144743504 + 770880231305001895*2^64 + 1013882737420160141*2^128 + 180049396749*2^192,4666306661589952143 + 16866276597064924587*2^64 + 17110916984591390321*2^128 + 162403229955*2^192,3857027133846493774 + 11658679720944225787*2^64 + 3116685577021573523*2^128 + 167093516797*2^192,8911171595977701296 + 11731665771815608514*2^64 + 8606024738334606875*2^128 + 224893347845*2^192,1177739756453032932 + 10576614847217275039*2^64 + 15727787625181569611*2^128 + 146235020509*2^192,5173767540496310824 + 3477637760051214765*2^64 + 9289944563932233357*2^128 + 85762985898*2^192,17512526122200396868 + 1175138559730725772*2^64 + 14943733895753237829*2^128 + 238926826699*2^192,3224502795063624752 + 5268355898281346781*2^64 + 7012126001512950453*2^128 + 251597905296*2^192,11728081526095734916 + 9743953998630290841*2^64 + 1486924975386099338*2^128 + 195933322281*2^192,5059136814056335088 + 9006331411772200905*2^64 + 17882569428788835692*2^128 + 192429317106*2^192,6285145742126081104 + 8546202830038525093*2^64 + 4279875624195203295*2^128 + 270174900235*2^192,8210881988004382760 + 16576264093790538344*2^64 + 6543570677430068369*2^128 + 49172356082*2^192,12945791860906011424 + 350713351822746530*2^64 + 17230108292894216713*2^128 + 209820493459*2^192,8653167463276585968 + 11619249096959462490*2^64 + 3998092501570598954*2^128 + 210435437758*2^192,5373106115553113656 + 12418757026095923430*2^64 + 1199107565845926817*2^128 + 160143613769*2^192,15287921936449205888 + 2140057151700755076*2^64 + 1264388775183735942*2^128 + 147735317850*2^192,11984396154202306256 + 12116669340921667649*2^64 + 9393687416211389067*2^128 + 62101480309*2^192,17158587648316607952 + 5709016946680905398*2^64 + 14374769437433695469*2^128 + 128129316496*2^192,3447337890984402000 + 2917161869009548857*2^64 + 9596235223829538887*2^128 + 155561265531*2^192;\
14201691154069372928 + 14948938554540819684*2^64 + 12946757641568446850*2^128 + 4311931550*2^192,11743527645781704704 + 10581258141873248992*2^64 + 798135223879155946*2^128 + 246094530833*2^192,6807225462497808896 + 11382072604726928488*2^64 + 12005263054681184696*2^128 + 103186705872*2^192,7935453052870268928 + 7215787072777334232*2^64 + 1404028544452567198*2^128 + 189495461420*2^192,9919263858019971072 + 6121916633644117456*2^64 + 195279322221070193*2^128 + 52620593713*2^192,16025152709732121088 + 3233215586036851707*2^64 + 2377497646032388684*2^128 + 245277274745*2^192,18327378066758746112 + 780218752364653169*2^64 + 758659218105924512*2^128 + 89476908228*2^192,14889213560004185600 + 2380150156479844607*2^64 + 9969491563463662994*2^128 + 227665556227*2^192,16791128898002455552 + 6184067605388483499*2^64 + 10014302997916967736*2^128 + 258779852587*2^192,10240345755320043520 + 6055553478696762489*2^64 + 8194639943211490288*2^128 + 134560258121*2^192,6069949725639020544 + 60543802809129576*2^64 + 7545227357560620083*2^128 + 236777560580*2^192,8717153226566778880 + 16134204624481147500*2^64 + 8510161753603826444*2^128 + 68464299055*2^192,12537028153044222464 + 8843022669039860803*2^64 + 2422962998125283720*2^128 + 216212707887*2^192,14052695817649872896 + 14451566479712174928*2^64 + 8589082409278620695*2^128 + 228502586698*2^192,11334831049253830656 + 3485204957725537922*2^64 + 9006809827826936786*2^128 + 40577105040*2^192,13127837062195990528 + 14553688597593512838*2^64 + 8880568881633884947*2^128 + 158792453175*2^192,9789278558784544768 + 226701358450444140*2^64 + 5752598169118445994*2^128 + 102031467803*2^192,4314634193282019328 + 13269042700843467530*2^64 + 3959108214776311721*2^128 + 208742252282*2^192,14451518351623471104 + 279181842784125979*2^64 + 12536729427129722045*2^128 + 212663936616*2^192,8812464230091669504 + 1082706596963815568*2^64 + 11625384185322844512*2^128 + 132243808446*2^192;\
11890855617866757120 + 12832737024138499744*2^64 + 17630372869507172560*2^128 + 16379404645*2^192,4129043731725879040 + 262721123263294677*2^64 + 13163097837645921024*2^128 + 97783089943*2^192,1316855055718472384 + 14985863169170343761*2^64 + 12097589662140433909*2^128 + 163892260201*2^192,8602483982219842176 + 5094493149381769736*2^64 + 2428195651710106698*2^128 + 255157386885*2^192,1642289946835801600 + 4602940699776989191*2^64 + 13657508548683221278*2^128 + 61718566761*2^192,16636457888869931264 + 14406607946275593713*2^64 + 15049560353074393276*2^128 + 108749404205*2^192,4800580845249153280 + 3289468946702178073*2^64 + 11605647518760356013*2^128 + 126154859302*2^192,14768591195377041408 + 11201341443465835619*2^64 + 8443191743391589626*2^128 + 214633915568*2^192,861588245124750336 + 18001768300183919783*2^64 + 5433107820942667704*2^128 + 140939830995*2^192,17045205293024606464 + 6327110846035819754*2^64 + 10738101330721229515*2^128 + 188818948383*2^192,6171549984697172992 + 4133489052619043393*2^64 + 16321999334485561032*2^128 + 8638184432*2^192,7093357907789967360 + 8930895401947634640*2^64 + 5935407353582331057*2^128 + 53096130109*2^192,15042142670036880384 + 9254697419640139621*2^64 + 8612624226136169836*2^128 + 151657737455*2^192,14842908340206153728 + 11395901102728911603*2^64 + 1048073125953543625*2^128 + 96798671932*2^192,2490300184544541696 + 2127512743463346463*2^64 + 9688425338326544669*2^128 + 164131968106*2^192,17286858887500864000 + 12594130834771725732*2^64 + 5516565249373525578*2^128 + 251116964377*2^192,15197178903995550208 + 17148728894525555029*2^64 + 1269413788068138617*2^128 + 1711702181*2^192,7225058208233840640 + 5841535034542309561*2^64 + 15640557019201177613*2^128 + 261686257680*2^192,3764689983797617664 + 7006353073151540068*2^64 + 5047309398912290996*2^128 + 161801277791*2^192,5941857202585405440 + 5391974238280969823*2^64 + 3028914500786164048*2^128 + 106725333713*2^192;\
7434396700948893012 + 13522287724330176345*2^64 + 8467480403053958567*2^128 + 167353493033*2^192,6783037686752809696 + 16931287971072282560*2^64 + 5032281915911805319*2^128 + 249007602201*2^192,16967392944794200302 + 15024106312683460664*2^64 + 10085927488475736416*2^128 + 205197011557*2^192,15134906447647051636 + 6209192833538228653*2^64 + 13630985824515524265*2^128 + 86102293540*2^192,2357420762371345504 + 4480989327161288048*2^64 + 8346354517516405295*2^128 + 109362030512*2^192,11206423785487759208 + 10895948439242396148*2^64 + 4964507029765880553*2^128 + 102488191299*2^192,16855891023467371920 + 16883388924937435553*2^64 + 12041249090989241529*2^128 + 157019880781*2^192,17476371331832576360 + 11114947478935783672*2^64 + 3848406513437466873*2^128 + 165323360345*2^192,817928787218004384 + 170037536560004730*2^64 + 3179821850262198191*2^128 + 204011061850*2^192,13231985382829410472 + 14182165297688672563*2^64 + 14705715351900743643*2^128 + 57206542355*2^192,14552381461591094240 + 13703110926971470783*2^64 + 11944688515645033593*2^128 + 20884801599*2^192,12967175046187290144 + 16943777983944994700*2^64 + 14126374353845734770*2^128 + 183662041404*2^192,4551385233151096720 + 6989150432269733863*2^64 + 3208028317870793285*2^128 + 126121225704*2^192,5923055849984722752 + 17229847109293493723*2^64 + 15226711327148521093*2^128 + 185727605239*2^192,12152180276332595040 + 9567404423924885705*2^64 + 14921185183433446022*2^128 + 171731438275*2^192,3889223876092897584 + 9147349292343145135*2^64 + 7437481033513001351*2^128 + 173644407356*2^192,12387775825012212864 + 6634353013874224374*2^64 + 16772201333330019154*2^128 + 271987173560*2^192,3269382819637030688 + 8584492664915817326*2^64 + 10445168563841822695*2^128 + 229705076649*2^192,908782271867631008 + 5520149566187052350*2^64 + 7811515844904754526*2^128 + 123346252235*2^192,13841958023014886944 + 8504254599320032080*2^64 + 14201880533497788438*2^128 + 161977746220*2^192;\
6244191803742094376 + 9685491149916764507*2^64 + 4629574395386143618*2^128 + 252506332805*2^192,4376566119692223936 + 17755321799023813709*2^64 + 5545439190933613477*2^128 + 116853698964*2^192,8747601336328293212 + 15752943481090912085*2^64 + 12289866947130989883*2^128 + 49351371303*2^192,1187391586263662888 + 9707905922924362223*2^64 + 15582584878196613050*2^128 + 177318073492*2^192,6494262306027655360 + 7408518943060472943*2^64 + 17803378375129061434*2^128 + 217090031029*2^192,10528487552981410768 + 16313689881014338737*2^64 + 14797739437628061084*2^128 + 107908440238*2^192,3727237322260093728 + 4857596967608681241*2^64 + 15100209183471195992*2^128 + 40763278681*2^192,11400920531650006992 + 14343567827688924204*2^64 + 1615706792813935307*2^128 + 192525916122*2^192,3935053449838186816 + 14367852732125895333*2^64 + 332494988148041709*2^128 + 97854059956*2^192,14652941875695112272 + 10862684625131201180*2^64 + 17345490054285749638*2^128 + 20418724526*2^192,6908825598304786368 + 4219925336130582564*2^64 + 5771044333349723433*2^128 + 233150587896*2^192,14834673472034984000 + 9261085245515650423*2^64 + 4902174201284167885*2^128 + 155320835856*2^192,2973690126544388384 + 817614331602032527*2^64 + 13677672421598016628*2^128 + 24489201470*2^192,11192104478826250880 + 13197456600284961352*2^64 + 13559470047444271050*2^128 + 211116534244*2^192,5465396088837276352 + 15262637331391869594*2^64 + 12677606095916388255*2^128 + 169204921862*2^192,2519053595566504032 + 16350522653521352051*2^64 + 12390058467272157902*2^128 + 136216694929*2^192,17118827629256292608 + 614630556600595705*2^64 + 620554808786748966*2^128 + 28185325064*2^192,4470138410022913600 + 15909255828609872863*2^64 + 7425983222488484862*2^128 + 119731608449*2^192,7106043045002900288 + 12254146570138936628*2^64 + 7258761795775118843*2^128 + 149490723049*2^192,14202747418873757760 + 3631129082606464637*2^64 + 18336685853307686681*2^128 + 62273999558*2^192;\
4613970819102793256 + 8602328049802041706*2^64 + 17554171592159976495*2^128 + 156586129861*2^192,7962042112763295040 + 13050586746197207533*2^64 + 6204574050222322859*2^128 + 195349842870*2^192,3806580006764532108 + 10462099976778839361*2^64 + 17236179561407242491*2^128 + 150401278403*2^192,10150853641703622392 + 6002737339502549118*2^64 + 8197720182256140451*2^128 + 142499271693*2^192,6036151728998074304 + 15248835032203006552*2^64 + 12517754197042238591*2^128 + 250756628451*2^192,11908689337058631376 + 10385640076354054951*2^64 + 17844341533900845515*2^128 + 108080613041*2^192,9365338721252955936 + 8973973050831987613*2^64 + 18058786074391915791*2^128 + 76527253258*2^192,11244417399927017296 + 14821666156536358209*2^64 + 4160507691778408279*2^128 + 111383142526*2^192,6262301754873528512 + 9317905403650286160*2^64 + 6656944484170392718*2^128 + 163815610323*2^192,9138098566240153936 + 15144197225537747966*2^64 + 9137480756181933894*2^128 + 154995152464*2^192,2877159267029806272 + 14854959812584136508*2^64 + 737846509348605577*2^128 + 103237330924*2^192,12208346959680751168 + 17299269734873378054*2^64 + 11889997298946305582*2^128 + 236100232994*2^192,10399211159327215904 + 15243289650312145207*2^64 + 9927964981846949837*2^128 + 177198631250*2^192,240625113226687104 + 12377516893904033488*2^64 + 165709432011174509*2^128 + 268744550685*2^192,2452561813127092928 + 13501775581483385961*2^64 + 9422560673642763751*2^128 + 201531317139*2^192,7752118434525782624 + 2337795332800506817*2^64 + 13276716227465942540*2^128 + 208962868570*2^192,13880463632998558720 + 3675972042848882889*2^64 + 2629260359080934692*2^128 + 126422922494*2^192,11920159908830400576 + 2150538777997793049*2^64 + 3050623459362604325*2^128 + 42866976031*2^192,811433403006171712 + 14392803770974741387*2^64 + 15592786857166387323*2^128 + 260208993189*2^192,3658715182577350208 + 12161405703133844048*2^64 + 12215149123431076850*2^128 + 247175298383*2^192;\
7054978275078317688 + 2751345199879846895*2^64 + 4906430701340935742*2^128 + 183186525689*2^192,18247196459188953280 + 9067584613764889352*2^64 + 15728297460105532360*2^128 + 116694968647*2^192,10060163839986834756 + 6816148431352214033*2^64 + 3123735795436367503*2^128 + 31491530779*2^192,4884469488483832648 + 10500289481787536169*2^64 + 5605854133905286006*2^128 + 125393635369*2^192,6867456066007388480 + 9349301117733435527*2^64 + 3215970963362677275*2^128 + 9439791610*2^192,817961865292891760 + 18158411075819349088*2^64 + 17151138276364319526*2^128 + 109398212251*2^192,8943810666097624416 + 15782148660385794703*2^64 + 12576450684548171402*2^128 + 202997570508*2^192,10464192132414323440 + 9373502313050419458*2^64 + 11709241550202607326*2^128 + 121686444820*2^192,13613829432319179584 + 12927238687318023332*2^64 + 4707770819722097043*2^128 + 104647627490*2^192,4720379216439735792 + 15112009494588947003*2^64 + 14549755396108275672*2^128 + 12467922645*2^192,9855005304283964480 + 5764058391987817506*2^64 + 10450969596352949488*2^128 + 41335978728*2^192,16377840399483307712 + 5511930583377426328*2^64 + 6004108180643068724*2^128 + 253797063759*2^192,15763515639165496160 + 11576235084696849357*2^64 + 16598427506352124725*2^128 + 230494105950*2^192,9925758075441647488 + 17471125598382791429*2^64 + 4463969269553538061*2^128 + 185149246608*2^192,17123058700421865536 + 16946179867463592559*2^64 + 17390878339163392100*2^128 + 113238122643*2^192,10839554248348099360 + 16089197124081473941*2^64 + 3296963688170796530*2^128 + 32350985500*2^192,8359935495786235392 + 6211294429059560617*2^64 + 15853366107258851359*2^128 + 170871355559*2^192,16030225721328815296 + 3558063956786703302*2^64 + 2052608349304767312*2^128 + 239221168357*2^192,18180281377349506240 + 17299000708585498933*2^64 + 8086377036482924210*2^128 + 83028583719*2^192,5935897402750641856 + 3164604945172078277*2^64 + 4619785319923440650*2^128 + 199580623716*2^192;\
7623067697653673976 + 11357529664152564634*2^64 + 16047781039167743609*2^128 + 91918506817*2^192,15887384484518650816 + 6445639004624434325*2^64 + 4152774094614970980*2^128 + 80733457079*2^192,6116970785118417892 + 3211967262533402750*2^64 + 3967965971176555412*2^128 + 144367213357*2^192,5568637759661156456 + 3558550748068185049*2^64 + 6818702416923039939*2^128 + 264002382863*2^192,9736540624448746304 + 14614136683900023290*2^64 + 1952874659850580438*2^128 + 65820700491*2^192,3832939380671905648 + 14546224231389997491*2^64 + 10567852559662973927*2^128 + 96690583208*2^192,12196033646204275552 + 17171317210314476111*2^64 + 11310831413018198589*2^128 + 201502515969*2^192,14735310896575540464 + 3768129329449646882*2^64 + 5345958683042838392*2^128 + 57166638092*2^192,8210877227872282176 + 4903535401402749121*2^64 + 10831478913490512274*2^128 + 7754609166*2^192,17192687766697317104 + 3348204881360350909*2^64 + 15421117914952280160*2^128 + 231627707366*2^192,12224112475817640512 + 619370040294823590*2^64 + 16582327631107153289*2^128 + 238623733987*2^192,1926734001820282560 + 5411588468957597808*2^64 + 13245932538483096688*2^128 + 269997377588*2^192,7005031739317442912 + 5437641355879122271*2^64 + 2186707942371604693*2^128 + 213969204625*2^192,10709908686865639296 + 1044669087624470114*2^64 + 3397794483882735173*2^128 + 201992730607*2^192,7572259259142571072 + 5343208598924724498*2^64 + 341020929400421947*2^128 + 81038781602*2^192,11730604386854338848 + 16617927247772831453*2^64 + 11445507193164163846*2^128 + 253963395706*2^192,385013760783112192 + 5423226033501298964*2^64 + 8478319860963187840*2^128 + 69665268528*2^192,8493246959318551744 + 198824194106528646*2^64 + 6631782162232936260*2^128 + 238221451337*2^192,12038275971140356800 + 14689198255474207710*2^64 + 12819214597809656830*2^128 + 58524799924*2^192,8105091924249464512 + 7133408070003736246*2^64 + 3572778700809553653*2^128 + 97805196722*2^192;\
12407435355847593302 + 14729636887338889545*2^64 + 1148895699058654513*2^128 + 96347509483*2^192,8800445297425337200 + 10504241172588967711*2^64 + 17149086516070690639*2^128 + 108142221129*2^192,12143130679236530933 + 4691101442086761224*2^64 + 14991546892565577469*2^128 + 59880603087*2^192,16398629937372357402 + 6054457294777827838*2^64 + 15392126964926507081*2^128 + 231121156848*2^192,10036498371948148112 + 535235755247411873*2^64 + 15166405597378547180*2^128 + 137626053536*2^192,11803345270172700684 + 17797471930905127015*2^64 + 4077028526873852663*2^128 + 146681066537*2^192,17838648238782861880 + 1826655813268702523*2^64 + 5792219844694672116*2^128 + 224517330391*2^192,4802717704595434284 + 11809855226577896816*2^64 + 15638831322494131661*2^128 + 132638574109*2^192,16886846121952986640 + 14152997216877372052*2^64 + 4544550214440362520*2^128 + 25050169465*2^192,2517219937960737516 + 230935460583814892*2^64 + 17121393007190604037*2^128 + 178719911351*2^192,1346307570571562320 + 2362607169466304867*2^64 + 11247843931796774220*2^128 + 15121442208*2^192,2582284741467054192 + 10679666411615361489*2^64 + 9660200290149073917*2^128 + 92203621705*2^192,16761851123694794296 + 10418165035774723551*2^64 + 3018452265493433807*2^128 + 9142185917*2^192,12625283223854350432 + 4810027438025417532*2^64 + 13485879292098531249*2^128 + 63128246223*2^192,2853063786643955280 + 17478277404291065010*2^64 + 8654528660632542801*2^128 + 196832535478*2^192,8983863501098439144 + 17606836148185439668*2^64 + 7735035604407359963*2^128 + 9852385886*2^192,2017191272902507904 + 633063084960708232*2^64 + 12524556866550548721*2^128 + 75886850787*2^192,1833881294724005872 + 13119745748342513821*2^64 + 13572482653932203709*2^128 + 174140552360*2^192,7424306494843615984 + 17029145303515404102*2^64 + 12616155878924883342*2^128 + 114748782613*2^192,7820713627344525424 + 6538233826418905372*2^64 + 12365759677450283254*2^128 + 243285923261*2^192]
/* 
This matrix times 2^(-8) should be the matrix of frobenius.
*/ 
B = 2^(-8) * A; 
/* Freed 6318 lists. */
The sign is: -1
The characteristic polynomial is: x^20 + x^18 - 3*x^17 + 4*x^16 - 3*x^15 - 8*x^14 - 24*x^13 + 272*x^11 - 1088*x^9 + 1536*x^7 + 2048*x^6 + 3072*x^5 - 16384*x^4 + 49152*x^3 - 65536*x^2 - 1048576
Its Newton polygon is: [2, 2, 2, 2, 2, 1, 1, 1, 1, 1, 1, 1, 1, 1, 1, 0, 0, 0, 0, 0]
Its factorization is: [x - 2, 1; x + 2, 1; x^18 + 5*x^16 - 3*x^15 + 24*x^14 - 15*x^13 + 88*x^12 - 84*x^11 + 352*x^10 - 64*x^9 + 1408*x^8 - 1344*x^7 + 5632*x^6 - 3840*x^5 + 24576*x^4 - 12288*x^3 + 81920*x^2 + 262144, 1]
The valuation of f-g is: 21
The valuation of subst(g,x,A) is: 12
