/* Comments begin... 
No set up needed.

Please input coefficients below.
Coefficient of   x^23                     = Coefficient of   x^12 * w^2               = Coefficient of   x^6 * y^6 * w^1         = Coefficient of   x^5 * y^5 * z^1 * w^1   = Coefficient of   x^4 * y^4 * z^2 * w^1   = Coefficient of   x^3 * y^3 * z^3 * w^1   = Coefficient of   x^2 * y^2 * z^4 * w^1   = Coefficient of   x^1 * y^1 * z^5 * w^1   = Coefficient of   x^1 * w^4               = Coefficient of   y^12                     = Coefficient of   z^6 * w^1               = 
Here is the polynomial we're using this time:

1 + 0*2^64 + 0*2^128 + 0*2^192*x^23 + 1 + 0*2^64 + 0*2^128 + 0*2^192*x^12*w^2 + 1 + 0*2^64 + 0*2^128 + 0*2^192*x^6*y^6*w^1 + 1 + 0*2^64 + 0*2^128 + 0*2^192*x^3*y^3*z^3*w^1 + 1 + 0*2^64 + 0*2^128 + 0*2^192*x^2*y^2*z^4*w^1 + 1 + 0*2^64 + 0*2^128 + 0*2^192*x^1*w^4 + 1 + 0*2^64 + 0*2^128 + 0*2^192*y^12 + 1 + 0*2^64 + 0*2^128 + 0*2^192*z^6*w^1


Allocate G_len 20 elements and old = 0.
Allocate M_len = 400 elements.
Allocate G_len 40 elements and old = 20.
Allocate M_len = 800 elements.
Allocate G_len 80 elements and old = 40.
Allocate M_len = 1600 elements.
Allocate M_len = 3200 elements.
Allocate G_len 160 elements and old = 80.
Allocate M_len = 6400 elements.
Allocate M_len = 12800 elements.
Allocate G_len 320 elements and old = 160.
Allocate M_len = 25600 elements.
Allocate M_len = 51200 elements.
Allocate G_len 640 elements and old = 320.
Allocate M_len = 102400 elements.
Allocate M_len = 204800 elements.
Allocate G_len 1280 elements and old = 640.
Allocate M_len = 409600 elements.
The final length of G is 713
[3, 3, 2, 1, 0]  	241	3 
[22, 0, 0, 0, 0]  	264	6  <--- 1
[12, 0, 0, 2, 0]  	276	3 
[6, 6, 0, 1, 0]  	276	4 
[3, 2, 5, 1, 0]  	323	4 
[9, 2, 3, 1, 0]  	325	7 
[16, 6, 0, 0, 0]  	330	9 
[2, 2, 6, 1, 0]  	346	4 
[6, 13, 0, 0, 0]  	371	8 
[8, 12, 0, 0, 0]  	372	13 
[9, 9, 2, 0, 0]  	385	8 
[19, 3, 3, 0, 0]  	402	10 
[8, 9, 3, 0, 0]  	408	9 
[8, 2, 4, 2, 0]  	414	6 
[6, 12, 2, 0, 0]  	418	7 
[8, 11, 2, 0, 0]  	419	12 
[6, 1, 6, 2, 0]  	437	7 
[21, 2, 4, 0, 0]  	438	12 
[8, 0, 6, 2, 0]  	438	9 
[6, 1, 8, 1, 0]  	441	7 
[7, 11, 3, 0, 0]  	442	11 
[7, 8, 5, 0, 0]  	443	14 
[6, 7, 6, 0, 0]  	443	14 
[13, 8, 3, 0, 0]  	445	13 
[6, 0, 7, 2, 0]  	449	8 
[20, 0, 6, 0, 0]  	450	12 
[3, 15, 2, 0, 0]  	451	4 
[6, 0, 9, 1, 0]  	453	9 
[7, 10, 4, 0, 0]  	454	12 
[6, 9, 5, 0, 0]  	454	12 
[6, 6, 7, 0, 0]  	455	12 
[20, 2, 5, 0, 0]  	461	14 
[3, 14, 3, 0, 0]  	463	4 
[6, 11, 4, 0, 0]  	465	10 
[10, 0, 8, 1, 0]  	466	13 
[16, 0, 6, 1, 0]  	468	16 
[12, 8, 4, 0, 0]  	468	12 
[10, 6, 6, 0, 0]  	468	13 
[18, 5, 4, 0, 0]  	471	10 
[3, 1, 8, 2, 0]  	471	4 
[5, 0, 8, 2, 0]  	472	6 
[2, 15, 3, 0, 0]  	474	6 
[5, 6, 8, 0, 0]  	478	14 
[15, 7, 4, 0, 0]  	481	12 
[14, 6, 5, 0, 0]  	481	10 
[18, 4, 5, 0, 0]  	483	13 
[3, 0, 9, 2, 0]  	483	5 
[2, 17, 2, 0, 0]  	485	7 
[2, 0, 0, 7, 0]  	486	5 
[3, 12, 5, 0, 0]  	487	5 
[5, 5, 9, 0, 0]  	490	12 
[4, 4, 10, 0, 0]  	490	12 
[8, 5, 8, 0, 0]  	491	16 
[13, 7, 5, 0, 0]  	492	15 
[18, 3, 6, 0, 0]  	495	16 
[19, 1, 7, 0, 0]  	496	15 
[4, 0, 11, 1, 0]  	499	7 
[4, 6, 9, 0, 0]  	501	12 
[3, 5, 10, 0, 0]  	501	12 
[8, 4, 9, 0, 0]  	503	15 
[2, 0, 10, 2, 0]  	506	5 
[18, 2, 7, 0, 0]  	507	16 
[19, 0, 8, 0, 0]  	508	10 
[3, 1, 11, 1, 0]  	510	5 
[8, 2, 3, 4, 0]  	511	11 
[4, 11, 6, 0, 0]  	511	8 
[4, 3, 0, 6, 0]  	513	12 
[3, 4, 11, 0, 0]  	513	11 
[18, 1, 8, 0, 0]  	519	15 
[5, 20, 0, 0, 0]  	520	8 
[1, 4, 10, 1, 0]  	520	7 
[2, 14, 5, 0, 0]  	521	5 
[3, 0, 12, 1, 0]  	522	6 
[4, 10, 7, 0, 0]  	523	9 
[3, 9, 8, 0, 0]  	523	9 
[4, 2, 1, 6, 0]  	525	12 
[7, 2, 0, 6, 0]  	526	13 
[17, 2, 8, 0, 0]  	530	16 
[18, 0, 9, 0, 0]  	531	13 
[1, 3, 11, 1, 0]  	532	7 
[2, 13, 6, 0, 0]  	533	4 
[2, 1, 12, 1, 0]  	533	4 
[3, 11, 7, 0, 0]  	534	7 
[3, 8, 9, 0, 0]  	535	10 
[2, 7, 10, 0, 0]  	535	10 
[1, 14, 6, 0, 0]  	544	6 
[1, 2, 12, 1, 0]  	544	6 
[1, 0, 2, 7, 0]  	544	4 
[2, 12, 7, 0, 0]  	545	6 
[2, 9, 9, 0, 0]  	546	8 
[2, 6, 11, 0, 0]  	547	9 
[16, 2, 9, 0, 0]  	553	15 
[17, 0, 10, 0, 0]  	554	14 
[16, 1, 10, 0, 0]  	565	17 
[3, 6, 0, 6, 0]  	570	10 
[2, 15, 2, 2, 0]  	571	9 
[2, 2, 3, 6, 0]  	571	7 
[4, 20, 0, 1, 0]  	574	8 
[15, 2, 10, 0, 0]  	576	13 
[16, 0, 11, 0, 0]  	577	15 
[2, 0, 14, 1, 0]  	580	5 
[2, 8, 5, 3, 0]  	581	9 
[2, 7, 0, 6, 0]  	581	9 
[2, 4, 2, 6, 0]  	582	7 
[2, 3, 14, 0, 0]  	583	8 
[11, 1, 1, 6, 0]  	586	13 
[14, 3, 10, 0, 0]  	587	12 
[15, 1, 11, 0, 0]  	588	14 
[1, 13, 8, 0, 0]  	591	5 
[1, 10, 10, 0, 0]  	592	6 
[2, 6, 1, 6, 0]  	593	8 
[1, 15, 3, 2, 0]  	594	7 
[1, 3, 9, 3, 0]  	594	7 
[3, 1, 4, 6, 0]  	595	9 
[11, 2, 12, 0, 0]  	598	10 
[2, 3, 5, 5, 0]  	598	7 
[1, 15, 5, 1, 0]  	598	4 
[14, 2, 11, 0, 0]  	599	11 
[15, 0, 12, 0, 0]  	600	13 
[1, 20, 0, 2, 0]  	604	7 
[1, 9, 11, 0, 0]  	604	6 
[1, 17, 2, 2, 0]  	605	6 
[1, 5, 8, 3, 0]  	605	6 
[1, 3, 15, 0, 0]  	606	9 
[2, 12, 5, 2, 0]  	607	9 
[10, 3, 12, 0, 0]  	609	13 
[13, 0, 13, 0, 0]  	611	13 
[1, 9, 0, 6, 0]  	615	4 
[1, 8, 12, 0, 0]  	616	5 
[1, 6, 2, 6, 0]  	616	5 
[1, 12, 0, 5, 0]  	618	7 
[1, 2, 1, 8, 0]  	621	5 
[1, 1, 13, 2, 0]  	622	5 
[1, 8, 1, 6, 0]  	627	4 
[0, 20, 1, 2, 0]  	627	4 
[1, 7, 13, 0, 0]  	628	4 
[1, 5, 3, 6, 0]  	628	4 
[0, 17, 3, 2, 0]  	628	4 
[1, 2, 5, 6, 0]  	629	5 
[1, 1, 0, 9, 0]  	629	6 
[1, 24, 0, 1, 0]  	630	7 
[3, 23, 0, 1, 0]  	631	9 
[9, 1, 3, 6, 0]  	632	13 
[0, 14, 7, 1, 0]  	633	5 
[0, 14, 9, 0, 0]  	637	5 
[1, 0, 16, 1, 0]  	638	4 
[0, 19, 2, 2, 0]  	639	3 
[0, 8, 13, 0, 0]  	639	3 
[1, 4, 4, 6, 0]  	640	5 
[1, 14, 5, 2, 0]  	641	5 
[1, 2, 11, 3, 0]  	641	5 
[1, 1, 6, 6, 0]  	641	5 
[0, 25, 0, 1, 0]  	641	5 
[5, 11, 0, 5, 0]  	643	6 
[2, 8, 3, 5, 0]  	643	4 
[1, 20, 3, 1, 0]  	643	4 
[1, 8, 9, 2, 0]  	643	4 
[1, 1, 8, 5, 0]  	645	5 
[4, 26, 0, 0, 0]  	646	8 
[1, 20, 5, 0, 0]  	647	7 
[0, 7, 14, 0, 0]  	651	2 
[0, 6, 9, 3, 0]  	651	2 
[0, 15, 5, 2, 0]  	652	3 
[0, 14, 0, 5, 0]  	652	3 
[0, 3, 11, 3, 0]  	652	3 
[5, 10, 1, 5, 0]  	655	7 
[1, 19, 4, 1, 0]  	655	5 
[1, 5, 0, 8, 0]  	655	4 
[10, 0, 4, 6, 0]  	656	9 
[4, 25, 1, 0, 0]  	658	9 
[0, 3, 15, 1, 0]  	660	4 
[0, 6, 15, 0, 0]  	663	1 
[0, 5, 10, 3, 0]  	663	1 
[0, 4, 5, 6, 0]  	663	1 
[0, 3, 0, 9, 0]  	663	1 
[0, 13, 1, 5, 0]  	664	4 
[2, 0, 7, 6, 0]  	665	7 
[1, 11, 2, 5, 0]  	665	6 
[8, 0, 5, 6, 0]  	667	8 
[1, 5, 6, 5, 0]  	667	6 
[12, 0, 15, 0, 0]  	669	7 
[2, 0, 9, 5, 0]  	669	5 
[1, 0, 15, 2, 0]  	669	4 
[1, 7, 1, 7, 0]  	670	5 
[0, 17, 8, 0, 0]  	671	5 
[1, 2, 10, 4, 0]  	672	5 
[0, 12, 0, 6, 0]  	672	4 
[0, 5, 16, 0, 0]  	675	1 
[0, 3, 6, 6, 0]  	675	1 
[0, 2, 1, 9, 0]  	675	1 
[0, 12, 2, 5, 0]  	676	3 
[1, 23, 2, 1, 0]  	677	4 
[1, 11, 8, 2, 0]  	677	4 
[1, 10, 3, 5, 0]  	677	5 
[5, 1, 17, 0, 0]  	678	7 
[0, 19, 5, 1, 0]  	678	5 
[11, 1, 15, 0, 0]  	680	9 
[1, 26, 2, 0, 0]  	680	5 
[1, 23, 4, 0, 0]  	681	4 
[0, 19, 7, 0, 0]  	682	5 
[0, 24, 0, 2, 0]  	684	6 
[0, 4, 17, 0, 0]  	687	1 
[0, 2, 7, 6, 0]  	687	1 
[0, 1, 2, 9, 0]  	687	1 
[0, 24, 2, 1, 0]  	688	3 
[0, 11, 3, 5, 0]  	688	3 
[0, 21, 4, 1, 0]  	689	3 
[0, 9, 10, 2, 0]  	689	3 
[7, 0, 6, 6, 0]  	690	7 
[0, 18, 6, 1, 0]  	690	5 
[8, 0, 17, 0, 0]  	691	6 
[2, 29, 0, 0, 0]  	691	5 
[11, 0, 16, 0, 0]  	692	9 
[0, 6, 14, 1, 0]  	694	3 
[0, 14, 5, 3, 0]  	695	3 
[0, 2, 11, 4, 0]  	695	3 
[0, 3, 18, 0, 0]  	699	1 
[0, 2, 13, 3, 0]  	699	1 
[0, 1, 8, 6, 0]  	699	1 
[0, 0, 3, 9, 0]  	699	1 
[1, 1, 19, 0, 0]  	700	3 
[1, 0, 14, 3, 0]  	700	3 
[0, 23, 3, 1, 0]  	700	3 
[0, 11, 9, 2, 0]  	700	3 
[3, 0, 19, 0, 0]  	701	4 
[1, 8, 5, 5, 0]  	701	3 
[0, 8, 11, 2, 0]  	701	3 
[6, 0, 18, 0, 0]  	702	6 
[0, 3, 5, 7, 0]  	706	2 
[1, 0, 1, 10, 0]  	707	3 
[0, 2, 17, 1, 0]  	707	3 
[0, 13, 8, 2, 0]  	711	1 
[0, 2, 19, 0, 0]  	711	1 
[0, 1, 14, 3, 0]  	711	1 
[0, 0, 9, 6, 0]  	711	1 
[0, 9, 5, 5, 0]  	712	2 
[0, 7, 12, 2, 0]  	713	3 
[0, 2, 6, 7, 0]  	718	2 
[0, 11, 2, 6, 0]  	719	3 
[0, 1, 20, 0, 0]  	723	1 
[0, 0, 15, 3, 0]  	723	1 
[2, 0, 20, 0, 0]  	724	2 
[0, 20, 0, 4, 0]  	724	2 
[0, 8, 6, 5, 0]  	724	2 
[0, 17, 2, 4, 0]  	725	3 
[0, 6, 13, 2, 0]  	725	3 
[0, 27, 3, 0, 0]  	726	4 
[1, 0, 11, 5, 0]  	727	5 
[1, 0, 13, 4, 0]  	731	4 
[0, 9, 0, 8, 0]  	735	1 
[0, 0, 21, 0, 0]  	735	1  <--- 3
[0, 32, 0, 0, 0]  	736	3  <--- 2
[0, 29, 2, 0, 0]  	737	3 
[0, 5, 14, 2, 0]  	737	3 
[1, 0, 0, 11, 0]  	738	5 
[0, 8, 1, 8, 0]  	747	1 
[0, 6, 8, 5, 0]  	748	2 
[0, 1, 19, 1, 0]  	754	2 
[0, 7, 2, 8, 0]  	759	1 
[0, 5, 9, 5, 0]  	760	2 
[0, 6, 3, 8, 0]  	771	1 
[0, 26, 5, 0, 0]  	773	3 
[0, 5, 4, 8, 0]  	783	1 
[0, 0, 0, 12, 0]  	792	1  <--- 4
[12, 0, 0, 1, 1]  	210	6 
[6, 5, 0, 1, 1]  	253	4 
[8, 2, 4, 1, 1]  	348	7 
[2, 1, 7, 1, 1]  	358	4 
[10, 11, 0, 0, 1]  	373	11 
[1, 13, 2, 0, 1]  	381	4 
[7, 12, 1, 0, 1]  	395	10 
[11, 0, 0, 4, 1]  	396	13 
[9, 11, 1, 0, 1]  	396	13 
[11, 0, 6, 1, 1]  	408	9 
[8, 8, 4, 0, 1]  	420	9 
[8, 1, 5, 2, 1]  	426	8 
[11, 1, 4, 2, 1]  	427	7 
[10, 0, 5, 2, 1]  	427	7 
[5, 12, 3, 0, 1]  	441	7 
[8, 0, 8, 1, 1]  	442	11 
[5, 17, 0, 0, 1]  	451	6 
[4, 0, 8, 2, 1]  	460	6 
[5, 7, 7, 0, 1]  	466	13 
[2, 12, 3, 1, 1]  	471	4 
[12, 7, 5, 0, 1]  	480	16 
[2, 11, 4, 1, 1]  	483	5 
[19, 2, 6, 0, 1]  	484	15 
[3, 8, 0, 4, 1]  	484	7 
[5, 11, 5, 0, 1]  	488	9 
[4, 7, 8, 0, 1]  	489	12 
[11, 5, 7, 0, 1]  	492	15 
[15, 3, 7, 0, 1]  	494	13 
[2, 10, 5, 1, 1]  	495	5 
[2, 9, 0, 4, 1]  	495	6 
[2, 6, 2, 4, 1]  	496	6 
[5, 10, 6, 0, 1]  	500	10 
[4, 9, 7, 0, 1]  	500	10 
[2, 8, 1, 4, 1]  	507	6 
[2, 5, 3, 4, 1]  	508	6 
[1, 5, 9, 1, 1]  	508	5 
[2, 2, 5, 4, 1]  	509	8 
[2, 12, 6, 0, 1]  	510	5 
[5, 6, 0, 5, 1]  	528	7 
[4, 18, 0, 1, 1]  	528	6 
[1, 12, 5, 1, 1]  	529	5 
[1, 5, 4, 4, 1]  	531	4 
[1, 12, 7, 0, 1]  	533	4 
[7, 2, 4, 4, 1]  	534	10 
[5, 15, 0, 2, 1]  	537	12 
[17, 1, 9, 0, 1]  	542	18 
[1, 4, 5, 4, 1]  	543	4 
[1, 3, 0, 7, 1]  	543	5 
[7, 1, 5, 4, 1]  	546	11 
[9, 0, 5, 4, 1]  	547	10 
[3, 5, 0, 6, 1]  	547	10 
[3, 2, 2, 6, 1]  	548	9 
[5, 14, 1, 2, 1]  	549	12 
[5, 3, 12, 0, 1]  	549	11 
[1, 12, 0, 4, 1]  	552	5 
[1, 3, 6, 4, 1]  	555	4 
[1, 2, 1, 7, 1]  	555	5 
[5, 13, 0, 3, 1]  	557	10 
[7, 0, 6, 4, 1]  	558	11 
[3, 17, 0, 2, 1]  	559	10 
[3, 4, 1, 6, 1]  	559	9 
[6, 1, 2, 6, 1]  	561	11 
[1, 2, 7, 4, 1]  	567	5 
[0, 14, 7, 0, 1]  	567	4 
[5, 12, 1, 3, 1]  	569	10 
[2, 5, 1, 6, 1]  	570	8 
[2, 4, 13, 0, 1]  	571	8 
[10, 1, 1, 6, 1]  	574	11 
[1, 1, 8, 4, 1]  	579	5 
[0, 13, 8, 0, 1]  	579	4 
[2, 1, 4, 6, 1]  	583	7 
[5, 1, 3, 6, 1]  	584	9 
[10, 2, 12, 0, 1]  	586	12 
[1, 0, 9, 4, 1]  	591	4 
[1, 4, 14, 0, 1]  	594	7 
[1, 2, 6, 5, 1]  	598	7 
[1, 1, 1, 8, 1]  	598	5 
[1, 11, 2, 4, 1]  	599	4 
[1, 6, 13, 0, 1]  	605	6 
[1, 2, 10, 3, 1]  	606	8 
[3, 0, 5, 6, 1]  	607	10 
[1, 7, 7, 3, 1]  	616	5 
[0, 15, 4, 2, 1]  	617	5 
[1, 2, 16, 0, 1]  	618	7 
[1, 1, 11, 3, 1]  	618	7 
[7, 0, 4, 6, 1]  	620	6 
[0, 15, 6, 1, 1]  	621	4 
[5, 1, 6, 5, 1]  	623	9 
[0, 14, 5, 2, 1]  	629	6 
[2, 0, 6, 6, 1]  	630	7 
[1, 11, 1, 5, 1]  	630	7 
[5, 0, 7, 5, 1]  	635	8 
[0, 5, 15, 0, 1]  	640	3 
[0, 4, 10, 3, 1]  	640	3 
[1, 0, 1, 9, 1]  	641	5 
[0, 13, 6, 2, 1]  	641	5 
[1, 23, 1, 1, 1]  	642	7 
[0, 19, 4, 1, 1]  	643	4 
[0, 25, 2, 0, 1]  	645	5 
[0, 4, 16, 0, 1]  	652	3 
[7, 2, 15, 0, 1]  	655	6 
[0, 18, 5, 1, 1]  	655	4 
[12, 1, 14, 0, 1]  	657	11 
[0, 14, 4, 3, 1]  	660	4 
[4, 1, 17, 0, 1]  	666	6 
[6, 0, 17, 0, 1]  	667	7 
[10, 1, 15, 0, 1]  	668	6 
[0, 20, 6, 0, 1]  	670	5 
[1, 0, 0, 10, 1]  	672	5 
[0, 2, 18, 0, 1]  	676	3 
[8, 1, 16, 0, 1]  	679	6 
[1, 29, 0, 0, 1]  	679	6 
[0, 22, 5, 0, 1]  	681	4 
[0, 18, 2, 3, 1]  	682	4 
[0, 3, 10, 4, 1]  	683	3 
[1, 0, 8, 6, 1]  	688	3 
[0, 12, 8, 2, 1]  	688	3 
[5, 0, 18, 0, 1]  	690	5 
[0, 12, 12, 0, 1]  	696	4 
[0, 12, 7, 3, 1]  	719	3 
[0, 7, 7, 5, 1]  	736	2 
[0, 16, 3, 4, 1]  	737	3 
[0, 1, 13, 4, 1]  	742	2 
[8, 1, 5, 1, 2]  	360	11 
[11, 1, 4, 1, 2]  	361	9 
[10, 0, 5, 1, 2]  	361	10 
[7, 1, 6, 1, 2]  	383	8 
[9, 0, 6, 1, 2]  	384	13 
[7, 0, 8, 1, 2]  	430	9 
[7, 9, 4, 0, 2]  	431	13 
[5, 5, 0, 4, 2]  	439	8 
[4, 6, 0, 4, 2]  	450	9 
[4, 5, 1, 4, 2]  	462	8 
[4, 12, 4, 0, 2]  	464	6 
[14, 7, 4, 0, 2]  	469	15 
[3, 7, 9, 0, 2]  	512	11 
[10, 0, 0, 6, 2]  	516	11 
[2, 4, 4, 4, 2]  	520	7 
[3, 4, 0, 6, 2]  	524	11 
[6, 3, 11, 0, 2]  	526	13 
[9, 1, 0, 6, 2]  	527	11 
[3, 3, 1, 6, 2]  	536	10 
[9, 0, 1, 6, 2]  	539	9 
[10, 1, 4, 4, 2]  	547	11 
[8, 1, 1, 6, 2]  	550	13 
[11, 3, 10, 0, 2]  	551	12 
[1, 12, 2, 3, 2]  	556	5 
[2, 5, 12, 0, 2]  	559	8 
[3, 3, 13, 0, 2]  	560	9 
[8, 2, 12, 0, 2]  	562	12 
[2, 18, 0, 2, 2]  	570	9 
[2, 11, 3, 3, 2]  	580	5 
[2, 17, 1, 2, 2]  	582	8 
[4, 2, 14, 0, 2]  	584	10 
[2, 10, 4, 3, 2]  	592	6 
[1, 7, 12, 0, 2]  	593	6 
[2, 2, 15, 0, 2]  	595	8 
[5, 0, 4, 6, 2]  	596	10 
[8, 0, 3, 6, 2]  	597	8 
[1, 11, 4, 3, 2]  	603	4 
[1, 8, 6, 3, 2]  	604	6 
[1, 10, 5, 3, 2]  	615	4 
[1, 3, 4, 6, 2]  	617	5 
[2, 23, 0, 1, 2]  	619	8 
[0, 13, 0, 5, 2]  	629	5 
[7, 1, 15, 0, 2]  	632	8 
[0, 13, 2, 4, 2]  	633	4 
[0, 13, 4, 3, 2]  	637	4 
[4, 0, 17, 0, 2]  	643	6 
[7, 0, 16, 0, 2]  	644	8 
[0, 3, 17, 0, 2]  	664	4 
[0, 2, 12, 3, 2]  	664	3 
[1, 0, 13, 3, 2]  	665	5 
[3, 1, 18, 0, 2]  	689	4 
[2, 0, 19, 0, 2]  	689	4 
[1, 0, 20, 0, 2]  	712	2 
[0, 31, 0, 0, 2]  	713	3 
[0, 11, 8, 3, 2]  	731	3 
[10, 1, 4, 2, 3]  	415	8 
[3, 7, 0, 4, 3]  	461	8 
[5, 9, 6, 0, 3]  	477	11 
[2, 4, 3, 4, 3]  	485	6 
[13, 4, 7, 0, 3]  	493	11 
[6, 2, 0, 6, 3]  	514	14 
[8, 3, 10, 0, 3]  	515	14 
[12, 4, 8, 0, 3]  	516	12 
[7, 1, 1, 6, 3]  	538	13 
[2, 11, 2, 3, 3]  	545	5 
[2, 11, 8, 0, 3]  	557	6 
[5, 2, 13, 0, 3]  	561	11 
[8, 0, 2, 6, 3]  	562	7 
[6, 0, 3, 6, 3]  	573	10 
[5, 1, 15, 0, 3]  	608	8 
[8, 1, 14, 0, 3]  	609	10 
[1, 19, 1, 2, 3]  	616	5 
[5, 0, 16, 0, 3]  	620	7 
[0, 12, 5, 3, 3]  	649	4 
[0, 24, 1, 1, 3]  	653	5 
[0, 29, 0, 0, 3]  	667	5 
[0, 19, 0, 4, 3]  	701	3 
[0, 18, 1, 4, 3]  	713	3 
[10, 1, 4, 1, 4]  	349	11 
[2, 9, 5, 1, 4]  	472	7 
[1, 2, 10, 1, 4]  	474	5 
[4, 5, 9, 0, 4]  	478	13 
[2, 7, 1, 4, 4]  	484	6 
[11, 4, 8, 0, 4]  	504	14 
[1, 1, 12, 1, 4]  	521	4 
[9, 1, 4, 4, 4]  	535	12 
[2, 7, 5, 3, 4]  	558	9 
[2, 9, 4, 3, 4]  	569	7 
[4, 1, 3, 6, 4]  	572	10 
[4, 0, 4, 6, 4]  	584	10 
[6, 1, 14, 0, 4]  	585	9 
[1, 18, 1, 2, 4]  	593	8 
[4, 0, 16, 0, 4]  	608	9 
[3, 1, 16, 0, 4]  	619	8 
[3, 0, 17, 0, 4]  	631	8 
[2, 1, 17, 0, 4]  	642	7 
[2, 0, 18, 0, 4]  	654	7 
[1, 0, 19, 0, 4]  	677	4 
[0, 18, 0, 4, 4]  	678	4 
[0, 17, 1, 4, 4]  	690	4 
[8, 0, 7, 1, 5]  	407	10 
[3, 6, 1, 4, 5]  	473	8 
[1, 3, 5, 4, 5]  	520	6 
[1, 2, 6, 4, 5]  	532	6 
[7, 2, 12, 0, 5]  	550	11 
[4, 1, 15, 0, 5]  	596	8 
[2, 1, 16, 0, 5]  	607	8 
[0, 24, 2, 0, 5]  	622	4 
[1, 19, 0, 3, 5]  	647	7 
[1, 0, 7, 6, 5]  	653	5 
[1, 1, 18, 0, 5]  	665	6 
[0, 1, 7, 7, 5]  	730	2 
[5, 0, 10, 1, 6]  	476	8 
[2, 3, 4, 4, 6]  	497	8 
[1, 8, 7, 1, 6]  	507	4 
[1, 7, 8, 1, 6]  	519	4 
[0, 23, 0, 2, 6]  	661	4 
[0, 16, 3, 3, 6]  	671	4 
[0, 10, 4, 6, 6]  	766	2 
[1, 1, 7, 4, 7]  	544	5 
[1, 19, 0, 2, 8]  	581	8 
[1, 1, 5, 6, 11]  	606	7 
[1, 7, 3, 5, 245]  	608	3 
[1, 6, 3, 5, 246]  	585	3 
[1, 0, 0, 9, 246]  	606	6 
[1, 8, 11, 0, 248]  	581	7 
[1, 9, 2, 5, 248]  	619	4 
[1, 6, 3, 4, 249]  	519	3 
[1, 7, 2, 5, 249]  	573	4 
[1, 0, 1, 8, 249]  	575	4 
[0, 13, 7, 1, 249]  	610	3 
[0, 12, 10, 0, 249]  	626	4 
[0, 23, 2, 1, 249]  	665	3 
[0, 5, 14, 1, 249]  	671	3 
[4, 11, 5, 0, 250]  	476	7 
[1, 2, 5, 4, 250]  	497	7 
[1, 1, 1, 7, 250]  	532	5 
[2, 8, 0, 5, 250]  	538	7 
[0, 13, 7, 0, 250]  	544	4 
[2, 6, 0, 6, 250]  	558	9 
[1, 1, 0, 8, 250]  	563	4 
[0, 12, 9, 0, 250]  	591	3 
[0, 11, 2, 5, 250]  	653	1 
[0, 0, 2, 9, 250]  	664	1 
[0, 8, 10, 2, 250]  	666	1 
[0, 0, 20, 1, 250]  	766	1 
[7, 11, 2, 0, 251]  	407	9 
[1, 0, 0, 7, 251]  	474	4 
[3, 4, 10, 0, 251]  	478	12 
[1, 7, 2, 4, 251]  	507	2 
[1, 5, 8, 2, 251]  	539	3 
[0, 12, 8, 0, 251]  	556	3 
[1, 9, 10, 0, 251]  	569	7 
[0, 20, 2, 1, 251]  	596	1 
[0, 17, 4, 1, 251]  	597	3 
[0, 5, 10, 2, 251]  	597	1 
[0, 16, 5, 1, 251]  	609	3 
[0, 19, 6, 0, 251]  	647	4 
[0, 8, 5, 5, 251]  	689	1 
[6, 8, 5, 0, 252]  	431	11 
[0, 12, 7, 0, 252]  	521	3 
[0, 19, 2, 1, 252]  	573	1 
[0, 16, 4, 1, 252]  	574	2 
[0, 18, 3, 1, 252]  	585	1 
[0, 15, 5, 1, 252]  	586	2 
[0, 2, 12, 2, 252]  	598	1 
[0, 17, 6, 0, 252]  	601	4 
[1, 0, 15, 1, 252]  	603	2 
[0, 4, 11, 2, 252]  	609	1 
[0, 3, 14, 1, 252]  	625	2 
[0, 2, 11, 3, 252]  	629	2 
[0, 2, 15, 1, 252]  	637	1 
[0, 11, 0, 6, 252]  	649	1 
[0, 9, 9, 2, 252]  	654	2 
[0, 17, 2, 3, 252]  	659	4 
[0, 7, 13, 1, 252]  	682	3 
[0, 5, 8, 5, 252]  	725	1 
[0, 6, 2, 8, 252]  	736	1 
[6, 11, 2, 0, 253]  	395	5 
[6, 6, 6, 0, 253]  	420	8 
[13, 6, 5, 0, 253]  	469	8 
[2, 8, 0, 4, 253]  	472	6 
[2, 5, 2, 4, 253]  	473	5 
[0, 15, 4, 0, 253]  	485	4 
[2, 6, 10, 0, 253]  	512	9 
[5, 14, 0, 2, 253]  	514	11 
[2, 8, 5, 2, 253]  	515	4 
[2, 0, 13, 1, 253]  	545	3 
[1, 6, 2, 5, 253]  	550	1 
[0, 18, 2, 1, 253]  	550	1 
[1, 4, 9, 2, 253]  	551	3 
[2, 3, 2, 6, 253]  	559	8 
[1, 5, 3, 5, 253]  	562	3 
[0, 2, 11, 2, 253]  	563	1 
[14, 2, 10, 0, 253]  	564	12 
[1, 0, 14, 1, 253]  	568	2 
[3, 2, 14, 0, 253]  	572	7 
[0, 1, 14, 1, 253]  	579	1 
[1, 11, 9, 0, 253]  	580	4 
[1, 10, 6, 2, 253]  	584	5 
[0, 6, 9, 2, 253]  	585	2 
[0, 0, 15, 1, 253]  	591	1 
[1, 8, 0, 6, 253]  	592	2 
[1, 6, 7, 3, 253]  	593	5 
[1, 23, 0, 1, 253]  	607	6 
[0, 4, 13, 1, 253]  	613	3 
[0, 5, 5, 5, 253]  	620	1 
[0, 2, 0, 9, 253]  	640	1 
[0, 2, 5, 7, 253]  	683	2 
[0, 8, 0, 8, 253]  	712	1 
[0, 5, 2, 8, 253]  	713	1 
[6, 12, 0, 0, 254]  	348	5 
[9, 0, 5, 1, 254]  	349	6 
[6, 9, 2, 0, 254]  	349	4 
[6, 8, 3, 0, 254]  	361	4 
[1, 3, 8, 1, 254]  	427	2 
[1, 2, 9, 1, 254]  	439	1 
[0, 2, 10, 1, 254]  	462	1 
[3, 11, 5, 0, 254]  	464	3 
[4, 8, 7, 0, 254]  	477	7 
[1, 6, 2, 4, 254]  	484	2 
[3, 0, 11, 1, 254]  	487	3 
[3, 6, 9, 0, 254]  	489	6 
[10, 3, 9, 0, 254]  	504	13 
[4, 17, 0, 1, 254]  	505	4 
[3, 18, 0, 1, 254]  	516	6 
[2, 19, 0, 1, 254]  	527	4 
[1, 5, 2, 5, 254]  	527	1 
[0, 17, 2, 1, 254]  	527	1 
[3, 17, 1, 1, 254]  	528	3 
[14, 2, 9, 0, 254]  	529	12 
[8, 0, 5, 4, 254]  	535	9 
[2, 6, 5, 3, 254]  	535	5 
[2, 0, 9, 3, 254]  	537	2 
[1, 20, 0, 1, 254]  	538	2 
[2, 18, 1, 1, 254]  	539	7 
[0, 21, 0, 1, 254]  	549	3 
[7, 0, 2, 6, 254]  	550	5 
[1, 19, 1, 1, 254]  	550	6 
[0, 0, 14, 1, 254]  	556	1 
[2, 10, 3, 3, 254]  	557	6 
[1, 10, 9, 0, 254]  	557	2 
[1, 12, 4, 2, 254]  	560	4 
[1, 9, 6, 2, 254]  	561	5 
[0, 20, 1, 1, 254]  	561	3 
[1, 4, 4, 5, 254]  	574	4 
[0, 3, 5, 5, 254]  	574	1 
[0, 20, 0, 2, 254]  	592	4 
[1, 11, 0, 5, 254]  	595	2 
[0, 11, 10, 0, 254]  	603	1 
[0, 13, 5, 2, 254]  	606	5 
[0, 12, 0, 5, 254]  	606	2 
[0, 10, 11, 0, 254]  	615	1 
[0, 4, 15, 0, 254]  	617	3 
[0, 2, 7, 5, 254]  	621	1 
[0, 9, 12, 0, 254]  	627	1 
[1, 0, 12, 3, 254]  	630	5 
[0, 2, 2, 8, 254]  	644	1 
[0, 3, 9, 4, 254]  	648	2 
[0, 1, 19, 0, 254]  	688	1 
[0, 0, 8, 7, 254]  	742	1 
[6, 6, 0, 0, 255]  	210	4 
[3, 2, 3, 1, 255]  	253	1 
[1, 0, 8, 1, 255]  	358	1 
[1, 12, 3, 0, 255]  	393	2 
[2, 4, 8, 0, 255]  	396	5 
[6, 0, 6, 2, 255]  	414	2 
[0, 15, 2, 0, 255]  	415	1 
[0, 0, 10, 1, 255]  	416	1 
[0, 14, 3, 0, 255]  	427	1 
[4, 17, 0, 0, 255]  	439	3 
[0, 13, 4, 0, 255]  	439	2 
[3, 18, 0, 0, 255]  	450	3 
[0, 12, 5, 0, 255]  	451	2 
[4, 7, 7, 0, 255]  	454	6 
[2, 10, 4, 1, 255]  	460	4 
[0, 20, 0, 0, 255]  	460	1 
[2, 19, 0, 0, 255]  	461	3 
[1, 5, 2, 4, 255]  	461	2 
[3, 17, 1, 0, 255]  	462	3 
[2, 3, 3, 4, 255]  	462	2 
[9, 5, 7, 0, 255]  	468	8 
[2, 6, 5, 2, 255]  	469	2 
[2, 18, 1, 0, 255]  	473	6 
[1, 3, 2, 5, 255]  	481	1 
[0, 3, 8, 2, 255]  	481	2 
[18, 1, 7, 0, 255]  	484	8 
[1, 19, 1, 0, 255]  	484	3 
[4, 2, 0, 6, 255]  	490	4 
[12, 3, 8, 0, 255]  	493	7 
[4, 5, 0, 5, 255]  	493	4 
[1, 2, 3, 5, 255]  	493	1 
[14, 2, 8, 0, 255]  	494	7 
[9, 0, 0, 6, 255]  	504	8 
[3, 6, 0, 5, 255]  	504	4 
[2, 5, 5, 3, 255]  	512	2 
[2, 11, 3, 2, 255]  	514	2 
[3, 5, 1, 5, 255]  	516	4 
[1, 2, 2, 6, 255]  	524	1 
[6, 1, 1, 6, 255]  	526	4 
[1, 8, 0, 5, 255]  	526	1 
[1, 6, 7, 2, 255]  	527	4 
[0, 0, 0, 8, 255]  	528	1 
[5, 12, 0, 3, 255]  	534	8 
[6, 0, 2, 6, 255]  	538	8 
[16, 0, 10, 0, 255]  	542	7 
[2, 8, 4, 3, 255]  	546	4 
[2, 4, 1, 6, 255]  	547	5 
[0, 2, 5, 5, 255]  	551	1 
[3, 1, 3, 6, 255]  	560	3 
[0, 1, 8, 4, 255]  	567	2 
[1, 6, 12, 0, 255]  	570	5 
[3, 0, 4, 6, 255]  	572	3 
[0, 4, 14, 0, 255]  	582	3 
[0, 11, 0, 5, 255]  	583	1 
[2, 0, 16, 0, 255]  	584	6 
[5, 0, 15, 0, 255]  	585	4 
[5, 0, 6, 5, 255]  	600	6 
[1, 7, 1, 6, 255]  	604	2 
[0, 8, 12, 0, 255]  	604	1 
[0, 0, 8, 5, 255]  	610	1 
[1, 0, 6, 6, 255]  	618	2 
[0, 0, 5, 7, 255]  	637	1 
[0, 12, 3, 4, 255]  	645	2 
[0, 17, 0, 4, 255]  	655	2 
[0, 0, 19, 0, 255]  	665	1 
------
The gap is between 12 and 244.
Lengths: 5 5 10 12 5 12.
For 692 = 3*d-d1-d2-d3-d4 you get 5 in char 0.
1 + 0*2^64 + 0*2^128 + 0*2^192*x^3*y^27*z^1
1 + 0*2^64 + 0*2^128 + 0*2^192*y^12*z^10*w^1
1 + 0*2^64 + 0*2^128 + 0*2^192*y^11*z^5*w^4
1 + 0*2^64 + 0*2^128 + 0*2^192*y^10*w^7
1 + 0*2^64 + 0*2^128 + 0*2^192*z^16*w^2

For 416 = 2*d-d1-d2-d3-d4 you get 10 in char 0.
1 + 0*2^64 + 0*2^128 + 0*2^192*x^5*y^4*w^4
1 + 0*2^64 + 0*2^128 + 0*2^192*x^4*y^16
1 + 0*2^64 + 0*2^128 + 0*2^192*x^4*y^3*z^1*w^4
1 + 0*2^64 + 0*2^128 + 0*2^192*x^3*y^15*z^1
1 + 0*2^64 + 0*2^128 + 0*2^192*x^3*y^2*z^2*w^4
1 + 0*2^64 + 0*2^128 + 0*2^192*x^2*y^1*z^3*w^4
1 + 0*2^64 + 0*2^128 + 0*2^192*x^1*y^1*z^9*w^1
1 + 0*2^64 + 0*2^128 + 0*2^192*x^1*z^4*w^4
1 + 0*2^64 + 0*2^128 + 0*2^192*y^12*z^4
1 + 0*2^64 + 0*2^128 + 0*2^192*z^10*w^1

For 140 = d-d1-d2-d3-d4 you get 5 in char 0.
1 + 0*2^64 + 0*2^128 + 0*2^192*x^4*y^4
1 + 0*2^64 + 0*2^128 + 0*2^192*x^3*y^3*z^1
1 + 0*2^64 + 0*2^128 + 0*2^192*x^2*y^2*z^2
1 + 0*2^64 + 0*2^128 + 0*2^192*x^1*y^1*z^3
1 + 0*2^64 + 0*2^128 + 0*2^192*z^4

Extra powers of p used 8.
The invariant extra is equal to 33.
Start computing 2^4 Delta^1 (x1x2x3x4)^1... Done.
Start computing 2^5 Delta^2 (x1x2x3x4)^1... Done.
Start computing 2^6 Delta^3 (x1x2x3x4)^1... Done.
Start computing 2^7 Delta^4 (x1x2x3x4)^1... Done.
Start computing 2^8 Delta^5 (x1x2x3x4)^1... Done.
Start computing 2^9 Delta^6 (x1x2x3x4)^1... Done.
Start computing 2^10 Delta^7 (x1x2x3x4)^1... Done.
Start computing 2^11 Delta^8 (x1x2x3x4)^1... Done.
Start computing 2^12 Delta^9 (x1x2x3x4)^1... Done.
Start computing 2^13 Delta^10 (x1x2x3x4)^1... Done.
Start computing 2^14 Delta^11 (x1x2x3x4)^1... Done.
Start computing 2^15 Delta^12 (x1x2x3x4)^1... Done.
Start computing 2^16 Delta^13 (x1x2x3x4)^1... Done.
Start computing 2^17 Delta^14 (x1x2x3x4)^1... Done.
Start computing 2^18 Delta^15 (x1x2x3x4)^1... Done.
Start computing 2^19 Delta^16 (x1x2x3x4)^1... Done.
Start computing 2^20 Delta^17 (x1x2x3x4)^1... Done.
Start computing 2^21 Delta^18 (x1x2x3x4)^1... Done.
Start computing 2^22 Delta^19 (x1x2x3x4)^1... Done.
Start computing 2^23 Delta^20 (x1x2x3x4)^1... Done.
Start computing 2^24 Delta^21 (x1x2x3x4)^1... Done.
Start computing 2^25 Delta^22 (x1x2x3x4)^1... Done.
Start computing 2^26 Delta^23 (x1x2x3x4)^1... Done.
Start computing 2^27 Delta^24 (x1x2x3x4)^1... Done.
Start computing 2^28 Delta^25 (x1x2x3x4)^1... Done.
Start computing 2^29 Delta^26 (x1x2x3x4)^1... Done.
Start computing 2^30 Delta^27 (x1x2x3x4)^1... Done.
Start computing 2^31 Delta^28 (x1x2x3x4)^1... Done.
Start computing 2^32 Delta^29 (x1x2x3x4)^1... Done.
Start computing 2^33 Delta^30 (x1x2x3x4)^1... Done.
Start computing 2^34 Delta^31 (x1x2x3x4)^1... Done.
Start computing 2^35 Delta^32 (x1x2x3x4)^1... Done.
Start computing 2^36 Delta^33 (x1x2x3x4)^1... Done.
Start computing 2^37 Delta^34 (x1x2x3x4)^1... Done.
Start computing 2^38 Delta^35 (x1x2x3x4)^1... Done.
Start computing aa.
1 2 3 4 5 6 7 8 9 10 11 12 13 14 15 16 17 18 19 20 
*/
A = \
[13230925609999532544 + 9658454262012163087*2^64 + 15155305098380548557*2^128 + 204210712367*2^192,10342476382298407936 + 1253987844032378515*2^64 + 17555554546134875307*2^128 + 40887840212*2^192,782078331208875520 + 6887186896278179711*2^64 + 738907235682712997*2^128 + 141888365917*2^192,16540203794045940736 + 1126407278914183067*2^64 + 2834253631220085210*2^128 + 3332271416*2^192,11221782500481038336 + 13961729429924607463*2^64 + 118612162929831159*2^128 + 117221613627*2^192,80150810281889792 + 10479836398610674099*2^64 + 3318583421633156898*2^128 + 6644467305*2^192,167997123011391488 + 6067493535074302684*2^64 + 5467913638251583558*2^128 + 210191115519*2^192,12057581881858988032 + 10218039169402740178*2^64 + 4015933595631040981*2^128 + 153010794115*2^192,12687640778091786240 + 9776302854319678830*2^64 + 12770727057001904683*2^128 + 159514644146*2^192,15451888171015989248 + 7946067147079760711*2^64 + 7714294667994498404*2^128 + 128887651834*2^192,4487087542250727424 + 15294198608680875387*2^64 + 9126596380197350106*2^128 + 160164897264*2^192,6585947974473048064 + 3462548280079528850*2^64 + 9889460253355238218*2^128 + 4741936173*2^192,891037072534140928 + 2538435826585530066*2^64 + 2409020901489526726*2^128 + 74264279227*2^192,14236145495832498176 + 7541299071560598141*2^64 + 16901000580414827430*2^128 + 33976982394*2^192,3878222693917196288 + 7613991258822320632*2^64 + 4299430764255870851*2^128 + 226825155599*2^192,6157279494651766784 + 7345863919246734207*2^64 + 12960269694367648593*2^128 + 30744664745*2^192,3875729827691085824 + 10299392519424458887*2^64 + 10715534599935047172*2^128 + 140306450906*2^192,11908168079410536448 + 5295369432945246724*2^64 + 2478909647365528231*2^128 + 17327145069*2^192,2721508297346332672 + 8465484156543426896*2^64 + 17240213242970902598*2^128 + 247262117027*2^192,4667863690967080960 + 1006936712469292832*2^64 + 428015578167438393*2^128 + 133314972296*2^192;\
5964417090777119140 + 15924281976742237837*2^64 + 14856650009958794369*2^128 + 216771765180*2^192,10605024482128020344 + 13683614954044248905*2^64 + 3633414745861235746*2^128 + 73681451377*2^192,2422362094028558094 + 12714956208722073655*2^64 + 17807520788015746984*2^128 + 230067295072*2^192,10955645663193236564 + 11551752338929025202*2^64 + 11006648238289342169*2^128 + 23803698459*2^192,4253207431235056336 + 13836166402648314841*2^64 + 4841930349870818928*2^128 + 197667672581*2^192,6588164668158200864 + 2070709272303829591*2^64 + 7752474529629871633*2^128 + 248966669628*2^192,4907975458947014688 + 5856022997353782505*2^64 + 2440927293489704312*2^128 + 103442845633*2^192,1226174761992675520 + 5545874970556942266*2^64 + 703685565650701102*2^128 + 888847303*2^192,7556890037419702560 + 16052208582998857552*2^64 + 8144759526883099157*2^128 + 190199192229*2^192,9633219480596335616 + 1187576550582839312*2^64 + 396868542412889710*2^128 + 81137708214*2^192,12087551332327010192 + 2950711191026917121*2^64 + 11426063791699968544*2^128 + 263778194045*2^192,17448023746730465984 + 10567439983592346001*2^64 + 17531963781773376825*2^128 + 122801034238*2^192,13182765003417864128 + 17744031084495399921*2^64 + 4709093345577443752*2^128 + 229867655661*2^192,12607873929308840256 + 5864712845888220583*2^64 + 2632265198665717891*2^128 + 245317219243*2^192,6858379304859521152 + 510591715556510964*2^64 + 8629613304925462985*2^128 + 182882619075*2^192,17663974644282906880 + 14467102678491095068*2^64 + 15108898513658382702*2^128 + 118948808340*2^192,9195955683532974784 + 13616111216704410046*2^64 + 5714797158675213069*2^128 + 265830412571*2^192,9330635849715444608 + 11849283801223962864*2^64 + 10533839607547145006*2^128 + 28606392585*2^192,12312542113747649024 + 15286723745339010477*2^64 + 10033027489118502802*2^128 + 197837964065*2^192,2642030789614321216 + 12727315287364924871*2^64 + 16015742772385467049*2^128 + 246296072039*2^192;\
7378109561228250720 + 1940413873469224469*2^64 + 15600786477767643234*2^128 + 80907804016*2^192,13153621077414526272 + 5493793664730533187*2^64 + 7051304798234901957*2^128 + 11359969119*2^192,1148582764016125136 + 15320895037285963406*2^64 + 10540525644583496207*2^128 + 39385609684*2^192,4179838457697270496 + 2455212166971357318*2^64 + 17161946723224430085*2^128 + 7881284702*2^192,13355700928547098496 + 13214643154847662234*2^64 + 6592687539226717795*2^128 + 86335640639*2^192,2151903677460613888 + 179902473640686104*2^64 + 42112565762081920*2^128 + 115681661658*2^192,12282996301403290368 + 16663021084552668841*2^64 + 13117744446500433439*2^128 + 45962634310*2^192,16774546248495960576 + 12838457930897813569*2^64 + 9730375393763268721*2^128 + 39983947490*2^192,301160786413966080 + 186157552006548441*2^64 + 5650768602084723305*2^128 + 128359784073*2^192,2632802333309476864 + 8325242576638441777*2^64 + 6006676892047511172*2^128 + 213273444968*2^192,16123760232334676352 + 4712628056237175012*2^64 + 3206278799473243904*2^128 + 201370599772*2^192,4935941207284109824 + 14604846994190644670*2^64 + 16065243574682132827*2^128 + 118235734804*2^192,1003914896464271872 + 9715239966685520618*2^64 + 17463389619420613533*2^128 + 181451455303*2^192,671877652827131392 + 460618052447195054*2^64 + 2602313080964005664*2^128 + 212951723816*2^192,9216973535352794112 + 17681848823856734408*2^64 + 14211328271075525011*2^128 + 162804013111*2^192,18092593457444878336 + 17539256973010102617*2^64 + 7280578610960538815*2^128 + 267603684953*2^192,16174895582977094144 + 6775241337670783798*2^64 + 15890700924621149951*2^128 + 39086687076*2^192,15971233865734239232 + 17634703158963908371*2^64 + 3753460130787728424*2^128 + 242868205483*2^192,13791273314501169152 + 12638353464596754763*2^64 + 2843848570850675411*2^128 + 4274984327*2^192,17191508165819663872 + 12935993890438514162*2^64 + 18217613250973657893*2^128 + 243668964823*2^192;\
4651117540051247360 + 8900847813912472659*2^64 + 3071554112423082470*2^128 + 70242636760*2^192,9619505838122557952 + 14191565257143054507*2^64 + 12116707384565306817*2^128 + 42104845662*2^192,14757610750148471936 + 6922064874056859362*2^64 + 12710940054539055577*2^128 + 167728900806*2^192,10214161792298500352 + 9473450792943244515*2^64 + 9570512759332831726*2^128 + 54568444216*2^192,9356818677927328768 + 3488883997581702342*2^64 + 16244839093400734503*2^128 + 248580757618*2^192,16850101908424153088 + 1811238682641974935*2^64 + 10917246623084437438*2^128 + 226111415775*2^192,18380841356605716480 + 7165740264919576948*2^64 + 13772282626685649147*2^128 + 17035293338*2^192,363567456105979904 + 4082769763529086250*2^64 + 15821532591784524320*2^128 + 243952053232*2^192,11267446126429886464 + 17254221592838756245*2^64 + 6008786546582631*2^128 + 200299106119*2^192,2483518984217497600 + 11235085973577943936*2^64 + 5154002990351498388*2^128 + 15546617121*2^192,6177205282771835904 + 5343438079812486531*2^64 + 1080897391009311884*2^128 + 213960774130*2^192,4524062625896828928 + 3508162079655674456*2^64 + 4564525437286692889*2^128 + 83688182929*2^192,15544681301371234304 + 9344976599462849993*2^64 + 1340528144701268142*2^128 + 113876390563*2^192,10847044464611012608 + 14389661560316771874*2^64 + 10187684326569008468*2^128 + 56417410224*2^192,10775799534805204992 + 12712624945419625663*2^64 + 12203949083935273194*2^128 + 59244778538*2^192,5485423038532919296 + 10730166886508049341*2^64 + 11650474093358252075*2^128 + 245836331749*2^192,12356219510992830464 + 9169740199013877819*2^64 + 13246690248230225835*2^128 + 153835363332*2^192,6729667249215152128 + 2772596537375872133*2^64 + 16259837672618240329*2^128 + 247467416903*2^192,15702463560213782528 + 9655029435093295349*2^64 + 15850565522267628643*2^128 + 142555321570*2^192,6423616331109142528 + 9191401738363500062*2^64 + 6819956507423713587*2^128 + 27048575473*2^192;\
15491554490102233870 + 1129288836356626526*2^64 + 5177524883463900961*2^128 + 220170049253*2^192,5520875046773061380 + 11695464246722532255*2^64 + 6959224504527245394*2^128 + 216384825039*2^192,12891685378288735465 + 15996469405316743560*2^64 + 13447077545248569545*2^128 + 251870441065*2^192,3425441935449568726 + 8137969927549198795*2^64 + 17619757390636824335*2^128 + 102281948896*2^192,7374564485563216152 + 16488492514367368824*2^64 + 3141726268754724329*2^128 + 94960310608*2^192,13773890778160264688 + 156005250632837892*2^64 + 1155005137651222379*2^128 + 138069363345*2^192,3172765711949835504 + 6763725032351028016*2^64 + 16157255131737083579*2^128 + 28939314477*2^192,1909375133558966688 + 9998908249832613586*2^64 + 6193611303747097331*2^128 + 96531898334*2^192,3479681778526689392 + 2149802662168936994*2^64 + 15572615128553207109*2^128 + 186124308715*2^192,11409324866501152256 + 9707236419596795992*2^64 + 12900411851955156862*2^128 + 33822390500*2^192,3726700030430400440 + 10263816122197160635*2^64 + 16426910912614380186*2^128 + 180636423996*2^192,3709863232184247456 + 4119461254997100956*2^64 + 16693016633625333652*2^128 + 118971467774*2^192,561415849920246048 + 1250386061932915098*2^64 + 1957547913938155025*2^128 + 177691973147*2^192,9089873216186613088 + 5208655668238377978*2^64 + 8620230555260453672*2^128 + 211961132667*2^192,14067799183844353984 + 1856873979286022607*2^64 + 10807870725045954673*2^128 + 26130257255*2^192,10628073514056424832 + 18091431240562453736*2^64 + 16231252067997898662*2^128 + 59643148745*2^192,3731669610443444896 + 526782285479971021*2^64 + 15339028294787533769*2^128 + 41335832702*2^192,2322768554899789376 + 8572911226121578904*2^64 + 9149221889193412015*2^128 + 153110862807*2^192,7506563442657757440 + 16148497109862273778*2^64 + 8271477837809494194*2^128 + 108393205336*2^192,18125423625225037536 + 3420829440195820938*2^64 + 15058283463380553441*2^128 + 270366853025*2^192;\
2357098504427663360 + 13022840069047019753*2^64 + 9815369930214296710*2^128 + 40519165051*2^192,5540463320825032704 + 14066798600156776604*2^64 + 3027998916260029717*2^128 + 156526665011*2^192,8277661818880502272 + 2338248086933835705*2^64 + 559081941946164681*2^128 + 239626418045*2^192,12180995350849882112 + 11063377966608527638*2^64 + 14788832782744054900*2^128 + 204562051178*2^192,2390440524191326208 + 3218032207872169336*2^64 + 13801742003868712349*2^128 + 50741411125*2^192,12189724347202387968 + 13574942371083695729*2^64 + 16825919481135853694*2^128 + 74074676984*2^192,4323218573326139392 + 4411450045325182906*2^64 + 6875593628140874507*2^128 + 201927231030*2^192,4094133032517706240 + 3026142800430299871*2^64 + 10917069816448693090*2^128 + 154349949091*2^192,338181455524102144 + 17770524815827481959*2^64 + 1570617290147900181*2^128 + 237668804081*2^192,5398028028375266304 + 3593333872219174584*2^64 + 9690844941449067857*2^128 + 113865146302*2^192,15669831203254525952 + 17969262237780062644*2^64 + 1418730831275095193*2^128 + 166985706918*2^192,7431772668519546880 + 16438029698254870162*2^64 + 14473061430442120299*2^128 + 33596268106*2^192,9583420162914595328 + 14519155022739957827*2^64 + 17494816083500223431*2^128 + 156367342102*2^192,1552510846187257856 + 16145119687354738956*2^64 + 3773882272361576012*2^128 + 48393977298*2^192,16154181011112591360 + 7302595977127319272*2^64 + 9660770603415809572*2^128 + 105525544561*2^192,8667663436081025024 + 15804096357333247632*2^64 + 4124987448961045369*2^128 + 47978686773*2^192,17911482201144909824 + 9574044280056923439*2^64 + 5914084667167717883*2^128 + 102119497803*2^192,16512767050840031232 + 7957591170045788984*2^64 + 8003968647113189828*2^128 + 190449960414*2^192,10771977493272170496 + 11922619187143405403*2^64 + 9948446980212487265*2^128 + 174763176798*2^192,11776020162265169920 + 1684056512678277696*2^64 + 14091468042524759348*2^128 + 245236979265*2^192;\
5114511090766239456 + 11207947145811937578*2^64 + 7519299416452770364*2^128 + 255377439416*2^192,14720414939743872832 + 5333941771421718845*2^64 + 16206104548829769769*2^128 + 218468363846*2^192,6958235378618381008 + 2002021215791848712*2^64 + 15208267889911848122*2^128 + 250546872227*2^192,6371371020476253088 + 4157250625555616303*2^64 + 12765051475060804860*2^128 + 253355339370*2^192,13221199211397159296 + 6289233232568672596*2^64 + 15635046523258033738*2^128 + 38920194679*2^192,8624222976370786560 + 2019084029494991501*2^64 + 7574786455734111842*2^128 + 140526059025*2^192,10024887022645506816 + 4981453622644945323*2^64 + 109708266258745929*2^128 + 272166026772*2^192,8613833178189519872 + 9894955604190683008*2^64 + 2433613852901548334*2^128 + 171125326606*2^192,4870820733079137536 + 7499196960240146619*2^64 + 13050687013053676603*2^128 + 140948085946*2^192,15052691259130618880 + 14066232000559816985*2^64 + 5464924962846391445*2^128 + 46912313912*2^192,13178702090320912256 + 1265852749287671587*2^64 + 5934424417444850409*2^128 + 186203760324*2^192,12629157974551218688 + 11981003106476487822*2^64 + 17881763473137085761*2^128 + 133942268095*2^192,13911223074545622528 + 13189775720412542406*2^64 + 11254771655309352089*2^128 + 124475210734*2^192,17166213604917201920 + 12497873130924815353*2^64 + 16621402026184873102*2^128 + 204909181875*2^192,3747429169859942400 + 8148898824655576840*2^64 + 5884131654117295352*2^128 + 157833030234*2^192,15621976002768083968 + 5267421915047257004*2^64 + 2754357660495789301*2^128 + 114959245387*2^192,15372232548064101888 + 2426086499489829159*2^64 + 15397407352242803846*2^128 + 265079977519*2^192,15294851188897231872 + 12932731019503531585*2^64 + 13083360974934366319*2^128 + 39082846414*2^192,17636866900301417472 + 16117778555258399146*2^64 + 17122254087450266512*2^128 + 144905136136*2^192,2338444355058105856 + 11678918173903490976*2^64 + 2916722932882057192*2^128 + 257442925490*2^192;\
14837537779489598976 + 14679846181441499312*2^64 + 18129775171248504831*2^128 + 35216020809*2^192,13623549247217417216 + 15708693323753812893*2^64 + 95148845446915788*2^128 + 132706371072*2^192,4565735379498896640 + 7561504050813907588*2^64 + 9915522901591104065*2^128 + 223693271924*2^192,7577846821660490496 + 13294220301239702639*2^64 + 11178947369801183779*2^128 + 274228480160*2^192,10672925228097259520 + 9135983821394802835*2^64 + 4547637110412047942*2^128 + 37354551660*2^192,1238205455245508096 + 13174102619470518270*2^64 + 1797106722833498630*2^128 + 57090318197*2^192,14897265973151145984 + 13650830206669085985*2^64 + 11351697000209380438*2^128 + 142233966695*2^192,1201112696588719104 + 14290880888224470476*2^64 + 6040684825294164258*2^128 + 50178495613*2^192,13773516244357836800 + 1438037579918594308*2^64 + 4903937924782789724*2^128 + 42094352094*2^192,11240237236113461248 + 10305630438682231819*2^64 + 9776444944330779984*2^128 + 107562043219*2^192,16036466090449103872 + 1510921102179341762*2^64 + 16928516840368063525*2^128 + 78430177379*2^192,12069637791430508544 + 11938140068352538148*2^64 + 13502999170706781958*2^128 + 22333237931*2^192,13344953930964939776 + 392856308588420730*2^64 + 17122054578554286496*2^128 + 74925988624*2^192,9145181658980892672 + 15107515617000567465*2^64 + 15934603973401877636*2^128 + 15176791235*2^192,18314666631835385856 + 11851727630739125177*2^64 + 17686348385459464280*2^128 + 164640284196*2^192,8997288554293665792 + 3761082490589927631*2^64 + 12004517603718848718*2^128 + 102754862025*2^192,5511230102763626496 + 3154561868973062457*2^64 + 3643424155741869217*2^128 + 252746307084*2^192,6691052475715829760 + 16045413217448750767*2^64 + 13435650612532182117*2^128 + 249901614392*2^192,993836492436992000 + 5394939739197760299*2^64 + 3099469125728583282*2^128 + 107643182102*2^192,5994769565341491200 + 3874550665296382717*2^64 + 14844961497556493183*2^128 + 161602462147*2^192;\
18054934937714571136 + 8155108483809853801*2^64 + 10297310818706249945*2^128 + 51819555524*2^192,11142496029886253056 + 3977320339570517647*2^64 + 1459998509986278921*2^128 + 132169002769*2^192,11525277940502901376 + 10751849663096972390*2^64 + 7313580860915130036*2^128 + 176053563829*2^192,8849719803521902016 + 14149692610431663367*2^64 + 1678317719058809554*2^128 + 167825973624*2^192,2580957404176904192 + 5800998492555098514*2^64 + 17241144409874206044*2^128 + 161290135958*2^192,4512894769198427136 + 11364723175458615026*2^64 + 15332326748364824859*2^128 + 61192864318*2^192,879583196797765120 + 344644435560022030*2^64 + 16369236182614790405*2^128 + 27818959700*2^192,14097692597811189760 + 14354595945993072467*2^64 + 13708068769377752191*2^128 + 133746902741*2^192,2359057714566712320 + 9685527470095210530*2^64 + 1363830804168117591*2^128 + 152311142524*2^192,155539065820257280 + 15990396846731907886*2^64 + 16811116041832562399*2^128 + 233275290987*2^192,644217928913259008 + 17254414698075643528*2^64 + 13273692635022043044*2^128 + 202176731697*2^192,4413488678249996288 + 17530130295264185994*2^64 + 9977366869538260160*2^128 + 41003825142*2^192,1910463251012025856 + 13327062875021328948*2^64 + 2635823547280832694*2^128 + 151531858202*2^192,12219951148729760768 + 1520757336726954598*2^64 + 2544220740928683042*2^128 + 106107571273*2^192,2759010500476231680 + 13388236021702518799*2^64 + 2135678643932634160*2^128 + 203636360939*2^192,10232018842646198272 + 4905245772722059961*2^64 + 1103775430458408093*2^128 + 241589949238*2^192,9886706281737720832 + 1798889177088669516*2^64 + 10307602356777862056*2^128 + 187457157159*2^192,10477596775143251968 + 9051568769995300157*2^64 + 3826686774416272504*2^128 + 80527770086*2^192,8460262973664460800 + 13708186492507066258*2^64 + 16702748093839290425*2^128 + 218563585839*2^192,17070786479416735744 + 12715940216900844616*2^64 + 7640127705094885032*2^128 + 204573543660*2^192;\
1519978292368687616 + 4594701062398248689*2^64 + 16453946283069931406*2^128 + 230191143140*2^192,4197172922196414464 + 4129785737378227830*2^64 + 2260384107895295004*2^128 + 221630897687*2^192,13914491580621455616 + 7693082400581720911*2^64 + 741882431535036169*2^128 + 123824481141*2^192,13854516797713754880 + 8400275168956196380*2^64 + 750564802070824794*2^128 + 216707892297*2^192,4237241682938413056 + 13708708804509808992*2^64 + 16014693103386707664*2^128 + 49686925636*2^192,4234111566809616896 + 5929168860283502315*2^64 + 1477522451196967317*2^128 + 212201582700*2^192,1971209214411366400 + 15737046319818242089*2^64 + 1401543492445561232*2^128 + 8512570023*2^192,17599639859614640128 + 8189493951668751061*2^64 + 2934326732828842536*2^128 + 83969492395*2^192,17781789371807397888 + 4628413727077999579*2^64 + 10134996064072109782*2^128 + 119228350940*2^192,12107878470633986560 + 4004698124316873819*2^64 + 13628627538037260307*2^128 + 71148832176*2^192,7479961969577881600 + 17417710425488967804*2^64 + 1221787146672517596*2^128 + 68427876319*2^192,11642536952765980672 + 9560053118814917489*2^64 + 13162444131931715594*2^128 + 47413535176*2^192,1048752401696128000 + 13311024229079739364*2^64 + 14247635581816582622*2^128 + 1952418450*2^192,11489090743525515264 + 10223574436683766198*2^64 + 9672292615333940720*2^128 + 149916035992*2^192,5892168409388974080 + 7387198560733805492*2^64 + 11128387048637658086*2^128 + 231605243534*2^192,4962533851484762112 + 7840583505326203462*2^64 + 17623324745062710159*2^128 + 45455791793*2^192,14723720048633131008 + 10395222137387608367*2^64 + 6206060157090014623*2^128 + 196777148974*2^192,18307458632921858048 + 13578662356797881624*2^64 + 15014713269498514024*2^128 + 146635310303*2^192,2799891299870732288 + 12310085742067831020*2^64 + 17611382925372875129*2^128 + 80550428487*2^192,15297232900422037504 + 18252248270427556750*2^64 + 4220756539180902735*2^128 + 146741621211*2^192;\
10007988442693190656 + 16331847848544071336*2^64 + 6808906935061772446*2^128 + 107596489762*2^192,12720507747418106880 + 6329232874045964154*2^64 + 17703472301783785113*2^128 + 112366856811*2^192,14938562155852956928 + 1947112190944300177*2^64 + 11669430308910325090*2^128 + 124836566632*2^192,4053366886050488832 + 17065336585475439575*2^64 + 11721157038008584367*2^128 + 207456823367*2^192,12885828574965786624 + 16199472822047260584*2^64 + 17813474134764039112*2^128 + 122763271246*2^192,4982753319256821760 + 17028009285093773864*2^64 + 7841185622238447829*2^128 + 231481443562*2^192,547852025932046336 + 9843027165745507808*2^64 + 7898953398021378184*2^128 + 202752077422*2^192,15204548978645758976 + 10168204560684335674*2^64 + 2411346639326495510*2^128 + 226436827251*2^192,11034700980026505216 + 1731649386196704587*2^64 + 5721849700554411749*2^128 + 14427933835*2^192,6399675914431101952 + 1886364122720318611*2^64 + 8166089409746808119*2^128 + 193195505378*2^192,840989588738144256 + 14281636903966238448*2^64 + 15987428198621552685*2^128 + 136468780102*2^192,4749743850906460160 + 6939893477707648083*2^64 + 18137325141144251980*2^128 + 153303670816*2^192,15783701718594783744 + 2895498399632860342*2^64 + 6047046226682757072*2^128 + 126765326772*2^192,4462164425471725568 + 14375829633277503524*2^64 + 1037406185602700751*2^128 + 76591913325*2^192,4378754894382530560 + 543213144014333069*2^64 + 3419152903003363961*2^128 + 116850827138*2^192,14851786994092576768 + 3104073785826067337*2^64 + 7476221927399506822*2^128 + 264545080560*2^192,6102605862984421376 + 290781880629507049*2^64 + 17579379611145805314*2^128 + 227913242468*2^192,4485745696978780160 + 201178677286932991*2^64 + 1647584059571572719*2^128 + 228118001026*2^192,1805697566083252224 + 5279061847072327834*2^64 + 12909813325556933586*2^128 + 16552518930*2^192,386056908958986240 + 12866174072649703393*2^64 + 11206021497319726123*2^128 + 65360026844*2^192;\
3513084411622739838 + 14420732613791448378*2^64 + 15488938725715741326*2^128 + 84297011410*2^192,5089502629266416548 + 10696036249575091587*2^64 + 7911825506116727009*2^128 + 192912269803*2^192,8895540769543753809 + 11005347944245157900*2^64 + 17404219939900301914*2^128 + 100988310709*2^192,2303186798457000422 + 10579131371742266882*2^64 + 14982439955602741442*2^128 + 108775752*2^192,14013170410337664984 + 8513867178211075255*2^64 + 3465854702759000943*2^128 + 181921457059*2^192,16683675380091011696 + 5814985280089303684*2^64 + 16954891904050538945*2^128 + 182999485265*2^192,4498505628226304112 + 11619260335391510325*2^64 + 15049505871302634750*2^128 + 54877152202*2^192,4501867226423310496 + 8161148427618475251*2^64 + 18382806189849969613*2^128 + 5165395401*2^192,2699607798749372400 + 5087379730767474802*2^64 + 4061034770189240517*2^128 + 193921747190*2^192,17525808698603049472 + 5998760888293663753*2^64 + 8119652140594414696*2^128 + 68324020738*2^192,5645080101272134008 + 7349563058150682403*2^64 + 7679073246293430755*2^128 + 269399964188*2^192,6555361170900745632 + 16051799936672538155*2^64 + 12739245358055352612*2^128 + 83937123695*2^192,17175102015659378208 + 581675308041058491*2^64 + 2197916741511845400*2^128 + 199564198766*2^192,8101358590867948384 + 2735086476244352058*2^64 + 11552072592458490758*2^128 + 148863127540*2^192,16071244079515514816 + 10350773360986578370*2^64 + 17249517329112239257*2^128 + 217999048574*2^192,603165675133411200 + 536757423110229004*2^64 + 6421069040360049141*2^128 + 266264787689*2^192,9194890614241845664 + 1227520235125916223*2^64 + 806883424899664986*2^128 + 109962724369*2^192,8823178660655081536 + 8284801470246054398*2^64 + 2858193648802139239*2^128 + 215273647104*2^192,16810851139194737408 + 18073177772685897884*2^64 + 12261663431961180434*2^128 + 77617333196*2^192,15328081872343599584 + 12736742771420892263*2^64 + 17458529518835364691*2^128 + 60755885679*2^192;\
16612542924615315968 + 6514558612976898963*2^64 + 14764851148756435856*2^128 + 229442582024*2^192,10020565137911062528 + 1981659338793288109*2^64 + 8659686785816072292*2^128 + 70213377722*2^192,5276401622531306496 + 806130561644961043*2^64 + 14461631087957421703*2^128 + 64354567708*2^192,5793582805754631424 + 9461295641300354334*2^64 + 9693108351108661087*2^128 + 266117533999*2^192,12145485224659943424 + 17484363808652958937*2^64 + 6537714984695430982*2^128 + 115154468158*2^192,1865061525649569280 + 16433033320119489427*2^64 + 15928376782976051*2^128 + 252771645276*2^192,11341479389390848000 + 16344002440914126528*2^64 + 5756276544487274598*2^128 + 37134058458*2^192,12656235984202092544 + 3787508289076881472*2^64 + 983100680870804177*2^128 + 263166226271*2^192,16778822145693931520 + 8147197741610689280*2^64 + 17801682735166228060*2^128 + 266442437943*2^192,4295148416901446656 + 18157688478286732026*2^64 + 11325351738565444255*2^128 + 58552150816*2^192,7385241117960066560 + 15569078812232820135*2^64 + 11733685190532241570*2^128 + 172196274746*2^192,10383018738777972736 + 4633981099414670519*2^64 + 16431917325837282662*2^128 + 135690463481*2^192,15315259563310156288 + 1752543685276593870*2^64 + 12042243161415234141*2^128 + 3593524178*2^192,7485033544167272448 + 11447941868246546163*2^64 + 17415084074491683496*2^128 + 104208298060*2^192,2987222921898622976 + 8594463136093465044*2^64 + 15958536085364729079*2^128 + 197116146922*2^192,9100899498132627456 + 16897197812901308616*2^64 + 13645413454385984009*2^128 + 120791816629*2^192,9254823183639842816 + 4980896863503334917*2^64 + 11035188721232768*2^128 + 105273904953*2^192,13504771237637898240 + 8035220340995720500*2^64 + 3892915390021821348*2^128 + 3550037043*2^192,12995096479169495040 + 16462489861892016305*2^64 + 11790285226596556626*2^128 + 232263920285*2^192,3610917922335584256 + 9944528631482884214*2^64 + 16486300989500746133*2^128 + 261707867041*2^192;\
7488173964101497078 + 11084456483662217150*2^64 + 3627281022078737666*2^128 + 237628195398*2^192,17822948491265616052 + 1659079452682815735*2^64 + 4910885323979253115*2^128 + 4175339814*2^192,6985027765743327669 + 18301887902806150107*2^64 + 11995148438301626690*2^128 + 245451402515*2^192,10955019975596749214 + 11744037996286679748*2^64 + 7461409103620054798*2^128 + 165490557692*2^192,16127407430537154872 + 16994589614175455848*2^64 + 11291097221696083342*2^128 + 260961932010*2^192,9605948149981470512 + 11338435605766137850*2^64 + 2869697830148546805*2^128 + 216777943813*2^192,16318393293484213808 + 7754748925487789142*2^64 + 15662140694786228990*2^128 + 46964515149*2^192,5865336724241244448 + 8362839935174576854*2^64 + 9641777157659651096*2^128 + 21498366421*2^192,8685344241455830960 + 5988755393288856866*2^64 + 1634129744691298483*2^128 + 157070799573*2^192,10211433333117703168 + 3064777809372676352*2^64 + 5560012826748390950*2^128 + 161812946209*2^192,2997715564755049304 + 13853698724593659380*2^64 + 15618949824063160017*2^128 + 258848412769*2^192,15353747839442435104 + 11733937371200141183*2^64 + 9277916589580496483*2^128 + 109306719606*2^192,8073110961590249632 + 10827519012494434061*2^64 + 5763009293233628173*2^128 + 53182900441*2^192,16903527688760806368 + 6430891271275312070*2^64 + 8729075309383427299*2^128 + 249971248327*2^192,1876720894849258688 + 16862021028437838493*2^64 + 14698417894873538213*2^128 + 98067379388*2^192,160213955948668800 + 7702135764006558119*2^64 + 14982277893628751881*2^128 + 207180046031*2^192,2310286913517776416 + 7607337574835617285*2^64 + 10269216523399892229*2^128 + 289660092*2^192,5515209007024052544 + 12556056562719833188*2^64 + 12595127649157429841*2^128 + 224072989162*2^192,8373356224114691328 + 7530871667575956633*2^64 + 6969007860158176914*2^128 + 20834420058*2^192,56385417512037728 + 746524992158188899*2^64 + 9954373073808237093*2^128 + 99545406336*2^192;\
7855129957789806696 + 5590729434993977407*2^64 + 5246369865998138637*2^128 + 156751581333*2^192,8943706949381366576 + 5201117983448836364*2^64 + 16837169429914944753*2^128 + 56661239191*2^192,8883495485167601772 + 156711661064550669*2^64 + 10692249713907851238*2^128 + 235943208465*2^192,17096199397287742312 + 11834713675239157079*2^64 + 5176961371038094371*2^128 + 103416385273*2^192,2385779869105084704 + 7226910640496112651*2^64 + 4920612386810241899*2^128 + 20760785083*2^192,15712092850239920960 + 4105925554658464535*2^64 + 2808431547063880247*2^128 + 115452190077*2^192,3381235696295183424 + 10312738175242030962*2^64 + 17282340547722042211*2^128 + 195742946018*2^192,6344028747961740160 + 3658647255359144918*2^64 + 509444903041469952*2^128 + 11139543161*2^192,10853062411017908544 + 13730851192118698224*2^64 + 10697687978430537208*2^128 + 52305255928*2^192,2133659987214170880 + 396378210121623366*2^64 + 16457728370342360276*2^128 + 14388911884*2^192,12115826743890467744 + 14524137411885645203*2^64 + 8121587693647929795*2^128 + 14586601029*2^192,8190992391895041920 + 6078457661393430282*2^64 + 7983919690384357181*2^128 + 206930645431*2^192,6807448906626854016 + 9603981674539112978*2^64 + 73704250309356704*2^128 + 45132459828*2^192,14728608090714275968 + 17143267606062496521*2^64 + 6483809708211542080*2^128 + 47873158668*2^192,600166554210160384 + 17190460618315357763*2^64 + 16944933659429662706*2^128 + 8014597405*2^192,13122733463800269824 + 3887724368105950612*2^64 + 3720104144261477875*2^128 + 115645189654*2^192,16345724937283868032 + 13377577632893581719*2^64 + 16614564158112380088*2^128 + 22828514103*2^192,14545252246530734848 + 7217139022235096053*2^64 + 3133593618128230975*2^128 + 80958662175*2^192,14730353591142115840 + 17615725068956022759*2^64 + 17198298700637744918*2^128 + 122887829940*2^192,13258311983658429056 + 7004517361363595180*2^64 + 1311591579540918577*2^128 + 79256119032*2^192;\
1721494058389630472 + 17688551749536181649*2^64 + 1227093579745245167*2^128 + 110447061200*2^192,15174206930873186032 + 9722075582075478187*2^64 + 14877930495527223106*2^128 + 124840095795*2^192,4888955720988995228 + 6812894857109804081*2^64 + 7307228862927458077*2^128 + 11932790124*2^192,1020015410141079560 + 3882167087502012398*2^64 + 12101631835910718583*2^128 + 89295394789*2^192,3040959205382553760 + 6004180148027884755*2^64 + 1690475866585226780*2^128 + 31967724083*2^192,14184224308017661760 + 1039491915033136063*2^64 + 17612965277933585312*2^128 + 17981055241*2^192,6482778608896104512 + 9136201928265865977*2^64 + 475540038575568285*2^128 + 133038071280*2^192,16784024386808752000 + 17400966179242965013*2^64 + 5716818819466110119*2^128 + 167874651551*2^192,14170912547684360256 + 11235517573465605887*2^64 + 1316102985172860655*2^128 + 194099772604*2^192,14653265276977007104 + 10670893809154504646*2^64 + 17433397767425572998*2^128 + 268918793261*2^192,3583040534780050976 + 16554805853574532130*2^64 + 15847850335775094049*2^128 + 210781069165*2^192,16906636919616854400 + 9914485694239719637*2^64 + 17460658587684660992*2^128 + 79907878532*2^192,8196533583042118016 + 940285144428596453*2^64 + 115258443223678582*2^128 + 263846413052*2^192,194634595029583232 + 10342472592429847071*2^64 + 6175502367381291220*2^128 + 160460736131*2^192,12048250595630569216 + 13078163747523873055*2^64 + 6540406219561741269*2^128 + 103656727985*2^192,5854117822099713024 + 11443006632216267143*2^64 + 1024542788050459466*2^128 + 80697473590*2^192,18317039724558173056 + 8828792748218209255*2^64 + 16778240317088287383*2^128 + 226537862438*2^192,5818249382695610112 + 11930548133554737954*2^64 + 4927039108559806846*2^128 + 20905077644*2^192,16577567969955000832 + 13996336614834125044*2^64 + 12356721418080601643*2^128 + 60020900259*2^192,935057737189275776 + 11214450856026773528*2^64 + 9886253702842342637*2^128 + 77318138056*2^192;\
4136121439021333810 + 10001807545565376095*2^64 + 6552050464808276351*2^128 + 88013810333*2^192,17693939457567965564 + 9014230473533380532*2^64 + 14175643402949847697*2^128 + 29449623179*2^192,16922389042354355383 + 797109111520822311*2^64 + 2341103215446384554*2^128 + 65703624286*2^192,83857038032981162 + 11463206382131472174*2^64 + 16525153634914261782*2^128 + 261538587879*2^192,15668660897265642984 + 508941021493756959*2^64 + 11036699369961034638*2^128 + 245790538049*2^192,16572992992979886096 + 17389397073942945395*2^64 + 7935441696501866185*2^128 + 216897933954*2^192,17806265339427025680 + 14590514877691898505*2^64 + 16109342089333983757*2^128 + 50651137669*2^192,3333011025513925216 + 6370267839986293159*2^64 + 190896927658859556*2^128 + 235599925288*2^192,14320850696817003920 + 10842779827861648694*2^64 + 15354047442528822597*2^128 + 268475052503*2^192,13912916818224596992 + 4918780460357432364*2^64 + 5382549835735192416*2^128 + 23497196343*2^192,3873541226821899592 + 15974276392473527078*2^64 + 9327772866721761329*2^128 + 272879347505*2^192,4762033676202009440 + 16845082285612893258*2^64 + 3554897621610876696*2^128 + 130288188632*2^192,10870676801894388960 + 12920661353475000771*2^64 + 15303299538525544549*2^128 + 208347959438*2^192,12791705695700613792 + 16153546921804693804*2^64 + 17119505837622276168*2^128 + 262352237657*2^192,9135915321696982080 + 851598896331781129*2^64 + 8005266243952265918*2^128 + 246927213465*2^192,17677868374167753344 + 10746732145201684045*2^64 + 5265988778630606972*2^128 + 197517172900*2^192,4786046907483387232 + 10902742641080448953*2^64 + 9771605851287436800*2^128 + 210981167100*2^192,3755724158819897792 + 5342053060567220060*2^64 + 16359712840258584139*2^128 + 61766327036*2^192,12305850496377209600 + 3151557594948132554*2^64 + 1533525502964541158*2^128 + 43588182718*2^192,14048204252029975840 + 10459226642006416235*2^64 + 5307841289997240346*2^128 + 195563303360*2^192;\
9146712004166180938 + 7762403364089267954*2^64 + 8647179980101069405*2^128 + 70386332987*2^192,17656641221023312844 + 11595680552818041806*2^64 + 15563128494677246790*2^128 + 267966867196*2^192,16006068434674693227 + 1753186174596499933*2^64 + 3955330953864203467*2^128 + 247821957727*2^192,8882333349888302050 + 13668812906881552044*2^64 + 11598025647170751157*2^128 + 202359269047*2^192,17734291066892161992 + 1325495518543282559*2^64 + 18018833314143140943*2^128 + 4780252713*2^192,9108284004703366864 + 15654270472264501736*2^64 + 15778715462062049610*2^128 + 273357340020*2^192,2352156522159985104 + 15909367618882746132*2^64 + 11585820415128129941*2^128 + 199762418853*2^192,8662353533388295904 + 289001759123632230*2^64 + 7822653483969936484*2^128 + 96417069037*2^192,12127008174919078480 + 17314844380715490932*2^64 + 1244869871035330818*2^128 + 145876009167*2^192,14518783881700037632 + 13897171312884584308*2^64 + 6167858181044693318*2^128 + 162913047065*2^192,6636552498639431592 + 5798196819320511575*2^64 + 10301847934439434203*2^128 + 139842307166*2^192,5708938078642888672 + 14210851779891775811*2^64 + 11143312048850037249*2^128 + 11813573988*2^192,7997209931015407456 + 4524805256003070223*2^64 + 581041718460119897*2^128 + 50824749098*2^192,10175205032678958624 + 12528010893766716720*2^64 + 3875323734366105446*2^128 + 59798624983*2^192,13719489570642726720 + 1936992320606223074*2^64 + 10179649283164419721*2^128 + 156477955124*2^192,1357891360100556928 + 5859761219932913944*2^64 + 18428407357694165533*2^128 + 101407811760*2^192,15837101810425444832 + 9946581526626396145*2^64 + 2977855240396449690*2^128 + 153038886130*2^192,5958084961536998080 + 492746065170411609*2^64 + 17780132871977991069*2^128 + 97924912890*2^192,14092606995784136448 + 2092755349945246713*2^64 + 4788028479206275363*2^128 + 162806911894*2^192,6204325200885597856 + 14760603795110138694*2^64 + 17283809068471844606*2^128 + 262993559597*2^192;\
5064818080797407168 + 7619884562817783073*2^64 + 12685162170532667034*2^128 + 244862901734*2^192,8132551295146962944 + 10017678890383625958*2^64 + 10261057058853522947*2^128 + 99985714432*2^192,12002283872875568768 + 3728546742459405244*2^64 + 7232628445212331539*2^128 + 57880216546*2^192,16408522743578014944 + 17887558640113163673*2^64 + 12742575004980824934*2^128 + 123290639199*2^192,14254789847236892416 + 9615504262230990571*2^64 + 8032345753725124158*2^128 + 225103485849*2^192,18325774632424919808 + 11320196838375899030*2^64 + 13330448899153409942*2^128 + 34941575568*2^192,14135267053509459968 + 15283091345131143278*2^64 + 7366868337565472994*2^128 + 158073272807*2^192,4651323476646347264 + 14399183616626000323*2^64 + 17389150875149035815*2^128 + 155719985339*2^192,3932394403138890240 + 6606074923698682053*2^64 + 6552821049183435049*2^128 + 208343258937*2^192,17561918633469080064 + 16910395244588739674*2^64 + 9943973984387890067*2^128 + 256641644570*2^192,8031761627870804736 + 17264254102097041779*2^64 + 3137928478567720530*2^128 + 100445894074*2^192,14718775095729771520 + 5912818107916365259*2^64 + 1377110377459427517*2^128 + 237390317504*2^192,9345197878657525248 + 13620901616089504714*2^64 + 13760949385461147812*2^128 + 79842527641*2^192,9412417938638453504 + 12050149563294123828*2^64 + 10647228362916149232*2^128 + 136736343239*2^192,16909286823448313344 + 7539795309782803436*2^64 + 2225257174719113503*2^128 + 5665624475*2^192,8084583734622515712 + 10873840547846509719*2^64 + 10905972147781032365*2^128 + 274472789956*2^192,16939670187655717376 + 15979797983863001064*2^64 + 5013434694521528478*2^128 + 74655674436*2^192,13564194087337869312 + 1715750522630813436*2^64 + 7012316994763566830*2^128 + 100936753732*2^192,9577774858317661696 + 15389894414453002419*2^64 + 3150369994616066716*2^128 + 57319119911*2^192,12732734013524663296 + 622738457715097409*2^64 + 7822248788138984196*2^128 + 3435368505*2^192;\
6135349097852149664 + 425225921363173636*2^64 + 676434524931187358*2^128 + 48375382969*2^192,780005404623790144 + 10012411711581462203*2^64 + 15589407170353203858*2^128 + 143249385123*2^192,16528211149378977296 + 8962735897979823925*2^64 + 12522752388245658436*2^128 + 54463806458*2^192,10545756692515163584 + 17122025811814351186*2^64 + 16109313651207475123*2^128 + 222139642606*2^192,9135819478510327936 + 8800203427734904708*2^64 + 2842845682072183757*2^128 + 2732356705*2^192,15576312420277593600 + 11014723192308916239*2^64 + 17515341483781982712*2^128 + 239978722197*2^192,6566581899675776768 + 16136977992298745201*2^64 + 4543991913599526385*2^128 + 237710717232*2^192,5678521228294728704 + 2083720096812983737*2^64 + 3409658654778971032*2^128 + 154183689686*2^192,5905552470280911104 + 15648192221811616023*2^64 + 11189396535445239797*2^128 + 120733957454*2^192,12148755582955274752 + 8263723108193733051*2^64 + 15136453198062048367*2^128 + 184126482764*2^192,12065105949654091392 + 15321904799418136797*2^64 + 2786741792688507887*2^128 + 185446153537*2^192,6688734831801925120 + 13738703501601692571*2^64 + 761766387968707306*2^128 + 107375890813*2^192,6621622135959682048 + 17657102712660780052*2^64 + 11749794622804228966*2^128 + 272752945575*2^192,6428897195209937152 + 3414557322922121363*2^64 + 5011663333063859359*2^128 + 220176796198*2^192,279345203948235264 + 3272109258460436026*2^64 + 8438082174022569765*2^128 + 109959642481*2^192,17826734784174218752 + 4217968430121583807*2^64 + 4076938797805281906*2^128 + 49624263305*2^192,3493755279401253888 + 4729611660371632939*2^64 + 13290150752312887569*2^128 + 223850901677*2^192,9286514866435867648 + 14118236836296158815*2^64 + 5516694080690312219*2^128 + 196441635179*2^192,13997227339803773440 + 18240693947936950308*2^64 + 858709872969180193*2^128 + 83805813063*2^192,7734156289858230784 + 8573002816244005897*2^64 + 812918608211217912*2^128 + 184990901846*2^192]
/* 
This matrix times 2^(-8) should be the matrix of frobenius.
*/ 
B = 2^(-8) * A; 
/* Freed 6239 lists. */
The sign is: -1
The characteristic polynomial is: x^20 - 6*x^17 + 21*x^15 + 32*x^14 + 72*x^13 - 240*x^12 - 384*x^11 + 1536*x^9 + 3840*x^8 - 4608*x^7 - 8192*x^6 - 21504*x^5 + 98304*x^3 - 1048576
Its Newton polygon is: [2, 2, 2, 2, 2, 1, 1, 1, 1, 1, 1, 1, 1, 1, 1, 0, 0, 0, 0, 0]
Its factorization is: [x - 2, 1; x + 2, 1; x^18 + 4*x^16 - 6*x^15 + 16*x^14 - 3*x^13 + 96*x^12 + 60*x^11 + 144*x^10 - 144*x^9 + 576*x^8 + 960*x^7 + 6144*x^6 - 768*x^5 + 16384*x^4 - 24576*x^3 + 65536*x^2 + 262144, 1]
The valuation of f-g is: 21
The valuation of subst(g,x,A) is: 13
