/* Comments begin... 
No set up needed.

Please input coefficients below.
Coefficient of   x^23                     = Coefficient of   x^12 * w^2               = Coefficient of   x^6 * y^6 * w^1         = Coefficient of   x^5 * y^5 * z^1 * w^1   = Coefficient of   x^4 * y^4 * z^2 * w^1   = Coefficient of   x^3 * y^3 * z^3 * w^1   = Coefficient of   x^2 * y^2 * z^4 * w^1   = Coefficient of   x^1 * y^1 * z^5 * w^1   = Coefficient of   x^1 * w^4               = Coefficient of   y^12                     = Coefficient of   z^6 * w^1               = 
Here is the polynomial we're using this time:

1 + 0*2^64 + 0*2^128 + 0*2^192*x^23 + 1 + 0*2^64 + 0*2^128 + 0*2^192*x^12*w^2 + 1 + 0*2^64 + 0*2^128 + 0*2^192*x^6*y^6*w^1 + 1 + 0*2^64 + 0*2^128 + 0*2^192*x^5*y^5*z^1*w^1 + 1 + 0*2^64 + 0*2^128 + 0*2^192*x^4*y^4*z^2*w^1 + 1 + 0*2^64 + 0*2^128 + 0*2^192*x^1*y^1*z^5*w^1 + 1 + 0*2^64 + 0*2^128 + 0*2^192*x^1*w^4 + 1 + 0*2^64 + 0*2^128 + 0*2^192*y^12 + 1 + 0*2^64 + 0*2^128 + 0*2^192*z^6*w^1


Allocate G_len 20 elements and old = 0.
Allocate M_len = 400 elements.
Allocate G_len 40 elements and old = 20.
Allocate M_len = 800 elements.
Allocate G_len 80 elements and old = 40.
Allocate M_len = 1600 elements.
Allocate M_len = 3200 elements.
Allocate G_len 160 elements and old = 80.
Allocate M_len = 6400 elements.
Allocate M_len = 12800 elements.
Allocate G_len 320 elements and old = 160.
Allocate M_len = 25600 elements.
Allocate M_len = 51200 elements.
Allocate G_len 640 elements and old = 320.
Allocate M_len = 102400 elements.
Allocate M_len = 204800 elements.
Allocate G_len 1280 elements and old = 640.
Allocate M_len = 409600 elements.
Allocate M_len = 819200 elements.
The final length of G is 784
[5, 5, 0, 1, 0]  	241	4 
[5, 4, 1, 1, 0]  	253	5 
[22, 0, 0, 0, 0]  	264	7  <--- 1
[12, 0, 0, 2, 0]  	276	3 
[4, 4, 2, 1, 0]  	276	4 
[3, 3, 4, 1, 0]  	311	6 
[3, 2, 5, 1, 0]  	323	6 
[16, 6, 0, 0, 0]  	330	11 
[6, 13, 0, 0, 0]  	371	8 
[8, 12, 0, 0, 0]  	372	13 
[10, 11, 0, 0, 0]  	373	15 
[11, 2, 4, 1, 0]  	384	14 
[10, 10, 1, 0, 0]  	385	12 
[7, 12, 1, 0, 0]  	395	12 
[21, 5, 1, 0, 0]  	402	13 
[9, 1, 4, 2, 0]  	403	6 
[21, 4, 2, 0, 0]  	414	13 
[8, 2, 4, 2, 0]  	414	8 
[9, 0, 5, 2, 0]  	415	9 
[6, 12, 2, 0, 0]  	418	11 
[9, 9, 3, 0, 0]  	420	12 
[8, 8, 4, 0, 0]  	420	12 
[19, 4, 3, 0, 0]  	425	12 
[19, 1, 5, 0, 0]  	426	12 
[8, 1, 5, 2, 0]  	426	8 
[5, 1, 8, 1, 0]  	429	9 
[7, 0, 8, 1, 0]  	430	12 
[8, 10, 3, 0, 0]  	431	14 
[7, 9, 4, 0, 0]  	431	14 
[8, 0, 6, 2, 0]  	438	10 
[4, 17, 0, 0, 0]  	439	10 
[7, 8, 5, 0, 0]  	443	15 
[18, 1, 4, 1, 0]  	445	19 
[4, 16, 1, 0, 0]  	451	6 
[2, 2, 9, 1, 0]  	451	6 
[4, 1, 9, 1, 0]  	452	8 
[6, 0, 9, 1, 0]  	453	11 
[6, 9, 5, 0, 0]  	454	13 
[6, 6, 7, 0, 0]  	455	12 
[18, 0, 5, 1, 0]  	457	19 
[13, 7, 4, 0, 0]  	457	16 
[21, 0, 6, 0, 0]  	462	11 
[4, 15, 2, 0, 0]  	463	7 
[6, 11, 4, 0, 0]  	465	12 
[6, 8, 6, 0, 0]  	466	14 
[11, 7, 5, 0, 0]  	468	17 
[18, 5, 4, 0, 0]  	471	16 
[4, 14, 3, 0, 0]  	475	8 
[3, 1, 10, 1, 0]  	475	7 
[5, 0, 10, 1, 0]  	476	10 
[4, 5, 9, 0, 0]  	478	13 
[14, 6, 5, 0, 0]  	481	16 
[4, 1, 8, 2, 0]  	483	6 
[3, 0, 9, 2, 0]  	483	6 
[6, 0, 8, 2, 0]  	484	8 
[20, 0, 7, 0, 0]  	485	12 
[2, 5, 8, 1, 0]  	485	8 
[2, 14, 4, 0, 0]  	486	7 
[2, 0, 0, 7, 0]  	486	7 
[4, 13, 4, 0, 0]  	487	9 
[4, 7, 8, 0, 0]  	489	12 
[4, 4, 10, 0, 0]  	490	13 
[12, 6, 6, 0, 0]  	492	17 
[17, 5, 5, 0, 0]  	494	16 
[18, 3, 6, 0, 0]  	495	13 
[3, 5, 10, 0, 0]  	501	12 
[8, 4, 9, 0, 0]  	503	15 
[11, 4, 8, 0, 0]  	504	15 
[17, 4, 6, 0, 0]  	506	17 
[16, 0, 9, 0, 0]  	507	14 
[19, 0, 8, 0, 0]  	508	12 
[3, 13, 5, 0, 0]  	510	8 
[3, 7, 9, 0, 0]  	512	11 
[4, 3, 0, 6, 0]  	513	12 
[3, 4, 11, 0, 0]  	513	12 
[17, 3, 7, 0, 0]  	518	16 
[3, 18, 2, 0, 0]  	520	9 
[1, 4, 10, 1, 0]  	520	7 
[8, 1, 4, 4, 0]  	523	14 
[4, 10, 7, 0, 0]  	523	10 
[4, 2, 1, 6, 0]  	525	12 
[4, 5, 1, 5, 0]  	528	10 
[2, 4, 8, 2, 0]  	528	6 
[2, 1, 10, 2, 0]  	529	6 
[1, 3, 11, 1, 0]  	532	7 
[8, 0, 5, 4, 0]  	535	11 
[2, 7, 10, 0, 0]  	535	10 
[4, 14, 1, 2, 0]  	537	14 
[8, 2, 0, 6, 0]  	538	15 
[16, 3, 8, 0, 0]  	541	15 
[2, 0, 11, 2, 0]  	541	6 
[1, 2, 12, 1, 0]  	544	7 
[3, 10, 8, 0, 0]  	546	9 
[3, 5, 0, 6, 0]  	547	11 
[3, 18, 1, 1, 0]  	551	9 
[3, 12, 7, 0, 0]  	557	9 
[3, 4, 1, 6, 0]  	559	10 
[2, 5, 12, 0, 0]  	559	10 
[1, 15, 4, 1, 0]  	563	7 
[15, 3, 9, 0, 0]  	564	14 
[4, 0, 13, 1, 0]  	569	9 
[2, 18, 0, 2, 0]  	570	9 
[2, 6, 6, 3, 0]  	570	9 
[3, 3, 2, 6, 0]  	571	10 
[2, 4, 13, 0, 0]  	571	9 
[2, 3, 8, 3, 0]  	571	9 
[4, 13, 1, 3, 0]  	580	9 
[2, 12, 8, 0, 0]  	580	7 
[2, 8, 5, 3, 0]  	581	9 
[2, 7, 0, 6, 0]  	581	8 
[2, 5, 7, 3, 0]  	582	8 
[11, 3, 11, 0, 0]  	586	14 
[14, 3, 10, 0, 0]  	587	12 
[3, 0, 14, 1, 0]  	592	7 
[2, 11, 9, 0, 0]  	592	7 
[2, 10, 4, 3, 0]  	592	8 
[2, 6, 1, 6, 0]  	593	7 
[1, 18, 1, 2, 0]  	593	7 
[1, 7, 12, 0, 0]  	593	7 
[3, 3, 14, 0, 0]  	595	9 
[3, 1, 4, 6, 0]  	595	10 
[2, 13, 4, 2, 0]  	595	10 
[1, 6, 9, 2, 0]  	597	6 
[2, 3, 5, 5, 0]  	598	8 
[1, 1, 1, 8, 0]  	598	6 
[15, 0, 12, 0, 0]  	600	16 
[3, 1, 8, 4, 0]  	603	6 
[2, 1, 14, 1, 0]  	603	6 
[2, 0, 9, 4, 0]  	603	6 
[1, 12, 9, 0, 0]  	603	6 
[1, 20, 0, 2, 0]  	604	7 
[1, 9, 11, 0, 0]  	604	6 
[2, 5, 2, 6, 0]  	605	7 
[1, 6, 13, 0, 0]  	605	6 
[1, 5, 8, 3, 0]  	605	6 
[2, 2, 4, 6, 0]  	606	9 
[1, 14, 4, 2, 0]  	606	8 
[1, 3, 15, 0, 0]  	606	8 
[2, 12, 5, 2, 0]  	607	10 
[4, 10, 0, 5, 0]  	608	9 
[9, 2, 13, 0, 0]  	609	10 
[2, 5, 4, 5, 0]  	609	6 
[1, 3, 0, 8, 0]  	609	6 
[2, 2, 6, 5, 0]  	610	9 
[14, 1, 12, 0, 0]  	611	12 
[2, 0, 15, 1, 0]  	615	5 
[1, 11, 10, 0, 0]  	615	5 
[1, 9, 0, 6, 0]  	615	5 
[1, 6, 2, 6, 0]  	616	5 
[1, 5, 14, 0, 0]  	617	6 
[1, 4, 9, 3, 0]  	617	5 
[1, 3, 4, 6, 0]  	617	6 
[2, 1, 5, 6, 0]  	618	9 
[1, 12, 0, 5, 0]  	618	7 
[3, 11, 0, 5, 0]  	619	10 
[2, 23, 0, 1, 0]  	619	9 
[2, 11, 6, 2, 0]  	619	8 
[13, 2, 12, 0, 0]  	622	13 
[2, 26, 0, 0, 0]  	622	9 
[14, 0, 13, 0, 0]  	623	15 
[2, 4, 7, 4, 0]  	625	7 
[1, 16, 7, 0, 0]  	625	6 
[1, 2, 3, 7, 0]  	625	6 
[1, 8, 1, 6, 0]  	627	4 
[1, 5, 3, 6, 0]  	628	5 
[1, 3, 10, 3, 0]  	629	6 
[1, 2, 5, 6, 0]  	629	5 
[1, 1, 0, 9, 0]  	629	5 
[0, 13, 0, 5, 0]  	629	5 
[2, 0, 6, 6, 0]  	630	8 
[1, 24, 0, 1, 0]  	630	7 
[3, 10, 1, 5, 0]  	631	9 
[1, 27, 0, 0, 0]  	633	6 
[13, 1, 13, 0, 0]  	634	13 
[1, 18, 6, 0, 0]  	636	6 
[1, 4, 2, 7, 0]  	636	6 
[1, 15, 8, 0, 0]  	637	5 
[1, 2, 9, 4, 0]  	637	5 
[1, 1, 4, 7, 0]  	637	5 
[0, 14, 9, 0, 0]  	637	5 
[1, 0, 16, 1, 0]  	638	5 
[0, 19, 2, 2, 0]  	639	3 
[0, 8, 13, 0, 0]  	639	3 
[0, 16, 4, 2, 0]  	640	4 
[1, 2, 11, 3, 0]  	641	6 
[1, 0, 1, 9, 0]  	641	6 
[0, 25, 0, 1, 0]  	641	6 
[2, 11, 1, 5, 0]  	642	9 
[13, 0, 14, 0, 0]  	646	12 
[3, 25, 1, 0, 0]  	646	9 
[1, 20, 5, 0, 0]  	647	7 
[1, 6, 1, 7, 0]  	647	6 
[1, 4, 8, 4, 0]  	648	5 
[0, 16, 8, 0, 0]  	648	5 
[1, 0, 5, 7, 0]  	649	6 
[0, 18, 3, 2, 0]  	651	2 
[0, 7, 14, 0, 0]  	651	2 
[0, 6, 9, 3, 0]  	651	2 
[0, 15, 5, 2, 0]  	652	4 
[1, 2, 17, 0, 0]  	653	6 
[1, 1, 12, 3, 0]  	653	5 
[2, 10, 2, 5, 0]  	654	7 
[7, 2, 15, 0, 0]  	655	8 
[1, 6, 5, 5, 0]  	655	5 
[0, 18, 5, 1, 0]  	655	5 
[11, 1, 3, 6, 0]  	656	12 
[1, 22, 4, 0, 0]  	658	6 
[1, 8, 0, 7, 0]  	658	6 
[0, 6, 15, 0, 0]  	663	1 
[0, 5, 10, 3, 0]  	663	1 
[0, 4, 5, 6, 0]  	663	1 
[0, 3, 0, 9, 0]  	663	1 
[0, 14, 6, 2, 0]  	664	4 
[0, 2, 12, 3, 0]  	664	3 
[1, 11, 2, 5, 0]  	665	6 
[1, 0, 13, 3, 0]  	665	5 
[1, 8, 4, 5, 0]  	666	4 
[0, 20, 4, 1, 0]  	666	4 
[1, 5, 6, 5, 0]  	667	5 
[0, 17, 6, 1, 0]  	667	5 
[11, 0, 4, 6, 0]  	668	11 
[12, 0, 15, 0, 0]  	669	10 
[1, 0, 0, 10, 0]  	672	5 
[0, 12, 0, 6, 0]  	672	4 
[0, 5, 16, 0, 0]  	675	1 
[0, 4, 11, 3, 0]  	675	1 
[0, 3, 6, 6, 0]  	675	1 
[0, 2, 1, 9, 0]  	675	1 
[0, 2, 18, 0, 0]  	676	3 
[1, 11, 8, 2, 0]  	677	4 
[1, 10, 3, 5, 0]  	677	5 
[2, 21, 3, 1, 0]  	678	5 
[8, 1, 16, 0, 0]  	679	9 
[1, 4, 7, 5, 0]  	679	5 
[0, 16, 7, 1, 0]  	679	5 
[11, 1, 15, 0, 0]  	680	11 
[0, 19, 7, 0, 0]  	682	5 
[0, 4, 17, 0, 0]  	687	1 
[0, 2, 7, 6, 0]  	687	1 
[0, 1, 2, 9, 0]  	687	1 
[1, 0, 8, 6, 0]  	688	4 
[0, 24, 2, 1, 0]  	688	4 
[0, 11, 3, 5, 0]  	688	3 
[0, 9, 10, 2, 0]  	689	3 
[1, 18, 0, 4, 0]  	690	5 
[0, 30, 0, 0, 0]  	690	5  <--- 2
[8, 0, 17, 0, 0]  	691	7 
[1, 3, 8, 5, 0]  	691	5 
[0, 15, 8, 1, 0]  	691	5 
[11, 0, 16, 0, 0]  	692	12 
[0, 14, 5, 3, 0]  	695	4 
[0, 3, 16, 1, 0]  	695	4 
[1, 0, 12, 4, 0]  	696	4 
[0, 12, 12, 0, 0]  	696	4 
[0, 1, 8, 6, 0]  	699	1 
[0, 0, 3, 9, 0]  	699	1 
[0, 23, 3, 1, 0]  	700	3 
[0, 11, 9, 2, 0]  	700	3 
[6, 0, 18, 0, 0]  	702	5 
[0, 5, 15, 1, 0]  	706	3 
[0, 2, 17, 1, 0]  	707	3 
[0, 13, 8, 2, 0]  	711	1 
[0, 1, 14, 3, 0]  	711	1 
[0, 0, 9, 6, 0]  	711	1 
[0, 9, 5, 5, 0]  	712	2 
[0, 18, 1, 4, 0]  	713	3 
[0, 7, 12, 2, 0]  	713	3 
[1, 26, 3, 0, 0]  	715	7 
[0, 11, 2, 6, 0]  	719	3 
[0, 1, 20, 0, 0]  	723	1 
[0, 0, 15, 3, 0]  	723	1 
[2, 0, 20, 0, 0]  	724	3 
[0, 20, 0, 4, 0]  	724	3 
[0, 6, 13, 2, 0]  	725	3 
[0, 9, 0, 8, 0]  	735	1 
[0, 0, 21, 0, 0]  	735	1  <--- 3
[0, 5, 14, 2, 0]  	737	3 
[0, 26, 4, 0, 0]  	738	5 
[0, 1, 13, 4, 0]  	742	2 
[0, 8, 1, 8, 0]  	747	1 
[0, 6, 8, 5, 0]  	748	2 
[0, 8, 7, 5, 0]  	759	1 
[0, 7, 2, 8, 0]  	759	1 
[0, 5, 9, 5, 0]  	760	2 
[0, 6, 3, 8, 0]  	771	1 
[0, 5, 4, 8, 0]  	783	1 
[0, 0, 0, 12, 0]  	792	1  <--- 4
[12, 0, 0, 1, 1]  	210	7 
[9, 1, 4, 1, 1]  	337	11 
[2, 14, 0, 0, 1]  	346	5 
[8, 2, 4, 1, 1]  	348	9 
[9, 0, 5, 1, 1]  	349	13 
[8, 1, 5, 1, 1]  	360	11 
[5, 13, 1, 0, 1]  	394	8 
[11, 0, 0, 4, 1]  	396	16 
[9, 11, 1, 0, 1]  	396	15 
[6, 1, 7, 1, 1]  	406	9 
[8, 0, 7, 1, 1]  	407	13 
[4, 13, 2, 0, 1]  	417	8 
[7, 1, 6, 2, 1]  	449	8 
[4, 6, 0, 4, 1]  	450	10 
[5, 1, 7, 2, 1]  	460	8 
[4, 0, 8, 2, 1]  	460	7 
[2, 13, 4, 0, 1]  	463	6 
[5, 7, 7, 0, 1]  	466	13 
[2, 9, 5, 1, 1]  	472	7 
[3, 6, 1, 4, 1]  	473	9 
[1, 14, 4, 0, 1]  	474	6 
[5, 9, 6, 0, 1]  	477	12 
[5, 6, 8, 0, 1]  	478	13 
[18, 4, 5, 0, 1]  	483	13 
[3, 8, 0, 4, 1]  	484	8 
[10, 7, 6, 0, 1]  	491	15 
[8, 5, 8, 0, 1]  	491	15 
[2, 9, 0, 4, 1]  	495	6 
[4, 12, 5, 0, 1]  	499	10 
[4, 9, 7, 0, 1]  	500	11 
[2, 8, 1, 4, 1]  	507	6 
[2, 2, 5, 4, 1]  	509	9 
[16, 5, 6, 0, 1]  	517	14 
[2, 8, 7, 1, 1]  	519	6 
[2, 7, 2, 4, 1]  	519	6 
[2, 4, 4, 4, 1]  	520	8 
[3, 9, 8, 0, 1]  	523	10 
[7, 2, 0, 6, 1]  	526	13 
[6, 3, 11, 0, 1]  	526	13 
[9, 1, 0, 6, 1]  	527	11 
[2, 6, 3, 4, 1]  	531	7 
[7, 2, 4, 4, 1]  	534	13 
[4, 0, 12, 1, 1]  	534	9 
[7, 1, 1, 6, 1]  	538	12 
[1, 4, 5, 4, 1]  	543	6 
[7, 1, 5, 4, 1]  	546	12 
[5, 3, 12, 0, 1]  	549	12 
[1, 3, 6, 4, 1]  	555	6 
[7, 0, 6, 4, 1]  	558	11 
[2, 4, 7, 3, 1]  	559	10 
[3, 3, 13, 0, 1]  	560	11 
[6, 1, 2, 6, 1]  	561	11 
[5, 2, 13, 0, 1]  	561	11 
[1, 2, 7, 4, 1]  	567	6 
[2, 5, 1, 6, 1]  	570	9 
[2, 2, 3, 6, 1]  	571	9 
[6, 0, 3, 6, 1]  	573	9 
[1, 13, 0, 4, 1]  	575	6 
[15, 2, 10, 0, 1]  	576	17 
[1, 1, 8, 4, 1]  	579	6 
[4, 1, 7, 4, 1]  	580	9 
[2, 4, 2, 6, 1]  	582	9 
[2, 3, 14, 0, 1]  	583	10 
[5, 1, 3, 6, 1]  	584	10 
[4, 2, 14, 0, 1]  	584	9 
[4, 0, 4, 6, 1]  	584	10 
[15, 1, 11, 0, 1]  	588	17 
[1, 4, 14, 0, 1]  	594	7 
[1, 3, 9, 3, 1]  	594	7 
[2, 2, 15, 0, 1]  	595	9 
[4, 1, 15, 0, 1]  	596	11 
[14, 2, 11, 0, 1]  	599	16 
[3, 0, 5, 6, 1]  	607	8 
[1, 26, 0, 0, 1]  	610	9 
[1, 7, 7, 3, 1]  	616	5 
[1, 2, 16, 0, 1]  	618	7 
[0, 14, 5, 2, 1]  	629	5 
[1, 23, 1, 1, 1]  	642	7 
[4, 0, 17, 0, 1]  	643	8 
[1, 20, 3, 1, 1]  	643	6 
[1, 7, 4, 5, 1]  	643	5 
[0, 4, 16, 0, 1]  	652	4 
[1, 10, 8, 2, 1]  	654	5 
[12, 1, 14, 0, 1]  	657	14 
[0, 14, 4, 3, 1]  	660	5 
[0, 3, 15, 1, 1]  	660	4 
[1, 0, 11, 4, 1]  	661	5 
[0, 23, 0, 2, 1]  	661	5 
[0, 3, 17, 0, 1]  	664	3 
[1, 12, 7, 2, 1]  	665	5 
[1, 11, 4, 4, 1]  	669	6 
[1, 1, 7, 6, 1]  	676	3 
[0, 12, 2, 5, 1]  	676	3 
[0, 18, 0, 4, 1]  	678	4 
[0, 22, 5, 0, 1]  	681	5 
[0, 3, 10, 4, 1]  	683	3 
[1, 0, 10, 5, 1]  	692	6 
[0, 21, 6, 0, 1]  	693	5 
[0, 6, 14, 1, 1]  	694	3 
[0, 8, 11, 2, 1]  	701	3 
[0, 29, 1, 0, 1]  	702	5 
[1, 0, 20, 0, 1]  	712	2 
[0, 2, 6, 7, 1]  	718	2 
[0, 8, 6, 5, 1]  	724	2 
[0, 27, 3, 0, 1]  	726	5 
[0, 1, 7, 7, 1]  	730	2 
[0, 7, 7, 5, 1]  	736	2 
[0, 1, 19, 1, 1]  	754	2 
[4, 3, 3, 1, 2]  	288	6 
[7, 1, 6, 1, 2]  	383	10 
[11, 3, 2, 2, 2]  	403	8 
[9, 10, 2, 0, 2]  	408	16 
[8, 9, 3, 0, 2]  	408	15 
[8, 11, 2, 0, 2]  	419	14 
[6, 1, 6, 2, 2]  	437	7 
[5, 12, 3, 0, 2]  	441	10 
[6, 7, 6, 0, 2]  	443	14 
[4, 13, 1, 1, 2]  	448	7 
[6, 0, 7, 2, 2]  	449	8 
[15, 9, 2, 0, 2]  	457	18 
[3, 7, 0, 4, 2]  	461	8 
[4, 5, 1, 4, 2]  	462	9 
[3, 12, 5, 0, 2]  	487	8 
[5, 11, 5, 0, 2]  	488	11 
[2, 3, 4, 4, 2]  	497	8 
[2, 12, 4, 1, 2]  	506	6 
[6, 2, 0, 6, 2]  	514	15 
[8, 3, 10, 0, 2]  	515	13 
[4, 12, 0, 3, 2]  	522	9 
[3, 4, 0, 6, 2]  	524	11 
[16, 4, 7, 0, 2]  	529	15 
[3, 13, 0, 3, 2]  	533	7 
[3, 3, 1, 6, 2]  	536	11 
[3, 9, 3, 3, 2]  	546	9 
[3, 2, 2, 6, 2]  	548	11 
[7, 2, 12, 0, 2]  	550	13 
[10, 0, 1, 6, 2]  	551	9 
[1, 13, 5, 1, 2]  	552	7 
[2, 1, 7, 4, 2]  	556	8 
[3, 4, 3, 5, 2]  	563	10 
[1, 24, 0, 0, 2]  	564	6 
[5, 0, 7, 4, 2]  	569	10 
[4, 1, 3, 6, 2]  	572	13 
[3, 2, 14, 0, 2]  	572	10 
[3, 12, 2, 3, 2]  	580	9 
[2, 1, 4, 6, 2]  	583	9 
[1, 10, 10, 0, 2]  	592	7 
[1, 15, 3, 2, 2]  	594	8 
[2, 0, 5, 6, 2]  	595	9 
[1, 17, 2, 2, 2]  	605	6 
[2, 1, 16, 0, 2]  	607	8 
[1, 10, 5, 3, 2]  	615	5 
[0, 15, 4, 2, 2]  	617	5 
[0, 27, 0, 0, 2]  	621	6 
[1, 9, 6, 3, 2]  	627	5 
[1, 12, 6, 2, 2]  	630	8 
[3, 0, 17, 0, 2]  	631	7 
[0, 26, 1, 0, 2]  	633	6 
[0, 5, 15, 0, 2]  	640	4 
[1, 1, 6, 6, 2]  	641	6 
[0, 3, 11, 3, 2]  	652	3 
[1, 0, 7, 6, 2]  	653	5 
[0, 24, 1, 1, 2]  	653	5 
[2, 0, 18, 0, 2]  	654	6 
[1, 12, 3, 4, 2]  	657	6 
[1, 1, 18, 0, 2]  	665	5 
[9, 0, 16, 0, 2]  	668	8 
[1, 0, 19, 0, 2]  	677	4 
[0, 13, 11, 0, 2]  	684	5 
[0, 25, 4, 0, 2]  	715	6 
[0, 11, 8, 3, 2]  	731	3 
[0, 13, 7, 3, 2]  	742	2 
[11, 3, 2, 1, 3]  	337	11 
[10, 3, 2, 2, 3]  	391	8 
[4, 4, 1, 4, 3]  	439	9 
[3, 13, 3, 0, 3]  	440	7 
[7, 11, 3, 0, 3]  	442	13 
[14, 9, 2, 0, 3]  	445	18 
[4, 12, 4, 0, 3]  	464	9 
[15, 8, 3, 0, 3]  	469	15 
[3, 3, 3, 4, 3]  	474	9 
[3, 12, 3, 1, 3]  	483	6 
[3, 5, 2, 4, 3]  	485	8 
[11, 5, 7, 0, 3]  	492	16 
[2, 7, 7, 1, 3]  	496	7 
[2, 12, 0, 3, 3]  	498	6 
[15, 5, 6, 0, 3]  	505	15 
[2, 5, 3, 4, 3]  	508	7 
[1, 13, 0, 3, 3]  	509	6 
[10, 0, 0, 6, 3]  	516	11 
[4, 3, 12, 0, 3]  	537	12 
[5, 1, 2, 6, 3]  	549	11 
[2, 4, 3, 5, 3]  	551	8 
[5, 1, 6, 4, 3]  	557	11 
[3, 11, 2, 3, 3]  	557	8 
[9, 0, 2, 6, 3]  	574	9 
[1, 2, 11, 2, 3]  	575	6 
[1, 19, 0, 2, 3]  	581	8 
[1, 13, 8, 0, 3]  	591	6 
[1, 12, 3, 3, 3]  	591	6 
[1, 8, 6, 3, 3]  	604	6 
[1, 1, 11, 3, 3]  	618	7 
[2, 0, 17, 0, 3]  	619	7 
[0, 20, 1, 2, 3]  	627	4 
[1, 11, 1, 5, 3]  	630	7 
[10, 1, 14, 0, 3]  	633	9 
[1, 11, 7, 2, 3]  	642	6 
[1, 0, 3, 8, 3]  	645	6 
[8, 0, 16, 0, 3]  	656	7 
[1, 1, 14, 2, 3]  	657	6 
[0, 13, 7, 2, 3]  	676	4 
[0, 12, 8, 2, 3]  	688	3 
[0, 3, 5, 7, 3]  	706	2 
[0, 15, 3, 4, 3]  	714	4 
[0, 17, 2, 4, 3]  	725	3 
[10, 3, 2, 1, 4]  	325	9 
[3, 13, 2, 1, 4]  	471	6 
[2, 8, 6, 1, 4]  	484	7 
[1, 13, 5, 0, 4]  	486	6 
[14, 5, 6, 0, 4]  	493	15 
[4, 11, 0, 3, 4]  	499	9 
[9, 3, 2, 4, 4]  	511	15 
[4, 11, 6, 0, 4]  	511	10 
[3, 4, 2, 5, 4]  	528	9 
[9, 0, 1, 6, 4]  	539	10 
[1, 2, 6, 5, 4]  	598	7 
[1, 2, 10, 3, 4]  	606	8 
[1, 1, 5, 6, 4]  	606	7 
[9, 1, 14, 0, 4]  	621	8 
[1, 1, 15, 1, 4]  	626	6 
[1, 21, 2, 1, 4]  	631	6 
[0, 4, 10, 3, 4]  	640	3 
[0, 13, 6, 2, 4]  	641	5 
[7, 0, 16, 0, 4]  	644	7 
[3, 0, 8, 5, 4]  	646	7 
[0, 18, 7, 0, 4]  	659	5 
[0, 16, 3, 3, 4]  	671	4 
[0, 13, 5, 3, 4]  	672	4 
[0, 17, 1, 4, 4]  	690	4 
[0, 12, 7, 3, 4]  	719	3 
[0, 10, 4, 6, 4]  	766	2 
[3, 4, 2, 4, 5]  	462	9 
[1, 18, 3, 0, 5]  	531	6 
[2, 6, 11, 0, 5]  	547	10 
[1, 12, 0, 4, 5]  	552	6 
[2, 7, 5, 3, 5]  	558	9 
[8, 0, 2, 6, 5]  	562	10 
[1, 17, 3, 1, 5]  	574	7 
[3, 0, 8, 4, 5]  	580	8 
[1, 16, 2, 2, 5]  	582	8 
[8, 1, 14, 0, 5]  	609	8 
[0, 17, 3, 2, 5]  	628	4 
[6, 0, 16, 0, 5]  	632	7 
[0, 20, 6, 0, 5]  	670	5 
[11, 6, 6, 0, 6]  	480	17 
[7, 1, 14, 0, 6]  	597	8 
[1, 1, 7, 5, 6]  	610	7 
[5, 0, 16, 0, 6]  	620	7 
[0, 13, 10, 0, 6]  	649	5 
[0, 12, 6, 3, 6]  	684	4 
[0, 2, 11, 4, 6]  	695	3 
[3, 1, 3, 6, 7]  	560	11 
[2, 10, 9, 0, 7]  	569	8 
[0, 18, 2, 3, 7]  	682	4 
[1, 3, 10, 2, 8]  	563	6 
[6, 1, 14, 0, 8]  	585	9 
[1, 3, 5, 5, 9]  	586	7 
[4, 0, 16, 0, 9]  	608	8 
[0, 16, 2, 4, 13]  	702	4 
[0, 5, 13, 2, 243]  	702	3 
[1, 1, 0, 8, 245]  	563	5 
[2, 6, 2, 5, 247]  	562	7 
[1, 6, 4, 5, 247]  	620	5 
[1, 5, 9, 2, 248]  	574	5 
[1, 5, 4, 5, 248]  	597	5 
[0, 7, 13, 1, 248]  	682	3 
[3, 11, 7, 0, 249]  	534	9 
[2, 9, 4, 3, 249]  	569	7 
[1, 0, 0, 9, 249]  	606	4 
[2, 6, 7, 2, 250]  	539	8 
[2, 7, 1, 5, 250]  	550	6 
[3, 0, 13, 1, 250]  	557	5 
[2, 6, 0, 6, 250]  	558	8 
[2, 0, 14, 1, 250]  	580	6 
[1, 7, 8, 2, 250]  	585	5 
[1, 20, 2, 1, 250]  	608	6 
[1, 0, 10, 4, 250]  	626	4 
[0, 17, 5, 1, 250]  	632	4 
[0, 2, 0, 9, 250]  	640	1 
[0, 11, 0, 6, 250]  	649	2 
[1, 9, 3, 5, 250]  	654	4 
[0, 1, 6, 7, 250]  	695	2 
[7, 8, 4, 0, 251]  	408	11 
[2, 4, 8, 1, 251]  	462	7 
[2, 7, 1, 4, 251]  	484	5 
[2, 3, 8, 2, 251]  	505	4 
[1, 19, 2, 1, 251]  	585	6 
[1, 8, 4, 4, 251]  	600	3 
[0, 16, 5, 1, 251]  	609	3 
[1, 10, 9, 1, 251]  	623	4 
[0, 9, 12, 0, 251]  	627	1 
[0, 25, 2, 0, 251]  	645	5 
[0, 7, 12, 1, 251]  	647	1 
[0, 5, 9, 4, 251]  	694	2 
[6, 10, 4, 0, 252]  	442	8 
[12, 7, 4, 0, 252]  	445	13 
[13, 6, 5, 0, 252]  	469	12 
[3, 1, 8, 2, 252]  	471	5 
[10, 5, 7, 0, 252]  	480	16 
[2, 6, 2, 4, 252]  	496	5 
[1, 3, 10, 1, 252]  	497	7 
[4, 0, 11, 1, 252]  	499	8 
[2, 0, 10, 2, 252]  	506	5 
[3, 10, 7, 0, 252]  	511	8 
[1, 6, 9, 1, 252]  	531	4 
[1, 5, 4, 4, 252]  	531	3 
[1, 5, 8, 2, 252]  	539	3 
[1, 0, 0, 8, 252]  	540	3 
[2, 5, 6, 3, 252]  	547	10 
[1, 8, 11, 0, 252]  	581	7 
[0, 15, 5, 1, 252]  	586	3 
[0, 24, 1, 0, 252]  	587	4 
[1, 0, 9, 4, 252]  	591	2 
[0, 17, 4, 1, 252]  	597	2 
[0, 26, 0, 0, 252]  	598	5 
[1, 6, 0, 7, 252]  	612	4 
[0, 0, 12, 3, 252]  	618	1 
[1, 1, 13, 2, 252]  	622	5 
[0, 6, 12, 1, 252]  	624	1 
[0, 5, 14, 1, 252]  	671	3 
[0, 2, 16, 1, 252]  	672	1 
[0, 0, 20, 1, 252]  	766	1 
[8, 1, 4, 1, 253]  	325	8 
[7, 12, 0, 0, 253]  	360	8 
[6, 9, 4, 0, 253]  	419	8 
[2, 3, 8, 1, 253]  	439	2 
[3, 1, 9, 1, 253]  	440	5 
[12, 6, 5, 0, 253]  	457	11 
[4, 0, 10, 1, 253]  	464	3 
[1, 4, 9, 1, 253]  	485	4 
[0, 0, 12, 1, 253]  	486	1 
[4, 5, 0, 5, 253]  	493	5 
[1, 1, 0, 7, 253]  	497	3 
[2, 6, 6, 2, 253]  	504	5 
[7, 1, 4, 4, 253]  	511	12 
[3, 5, 1, 5, 253]  	516	7 
[1, 4, 8, 2, 253]  	516	2 
[1, 0, 2, 7, 253]  	544	4 
[1, 1, 11, 2, 253]  	552	5 
[2, 1, 9, 3, 253]  	560	5 
[1, 2, 5, 5, 253]  	563	7 
[0, 16, 4, 1, 253]  	574	3 
[1, 5, 13, 0, 253]  	582	7 
[1, 2, 15, 0, 253]  	583	5 
[1, 6, 3, 5, 253]  	585	3 
[1, 8, 0, 6, 253]  	592	2 
[0, 5, 10, 2, 253]  	597	1 
[1, 7, 1, 6, 253]  	604	2 
[0, 4, 11, 2, 253]  	609	1 
[0, 1, 0, 9, 253]  	617	1 
[0, 6, 14, 0, 253]  	628	3 
[0, 14, 7, 1, 253]  	633	2 
[0, 1, 5, 7, 253]  	660	2 
[0, 19, 1, 3, 253]  	670	4 
[0, 10, 9, 2, 253]  	677	2 
[0, 7, 0, 8, 253]  	689	1 
[0, 7, 6, 5, 253]  	701	2 
[0, 5, 8, 5, 253]  	725	1 
[0, 3, 4, 8, 253]  	737	1 
[3, 2, 4, 1, 254]  	288	3 
[8, 0, 5, 1, 254]  	337	9 
[6, 12, 0, 0, 254]  	348	5 
[6, 8, 4, 0, 254]  	396	5 
[2, 6, 6, 1, 254]  	438	3 
[5, 0, 9, 1, 254]  	441	4 
[5, 6, 7, 0, 254]  	443	8 
[1, 4, 8, 1, 254]  	450	2 
[5, 5, 8, 0, 254]  	455	9 
[4, 4, 9, 0, 254]  	455	6 
[2, 6, 1, 4, 254]  	461	4 
[1, 3, 9, 1, 254]  	462	3 
[3, 5, 9, 0, 254]  	466	8 
[2, 2, 4, 4, 254]  	474	5 
[1, 0, 0, 7, 254]  	474	2 
[3, 7, 8, 0, 254]  	477	8 
[3, 4, 10, 0, 254]  	478	7 
[9, 4, 8, 0, 254]  	480	8 
[2, 11, 4, 1, 254]  	483	3 
[3, 0, 11, 1, 254]  	487	4 
[1, 18, 0, 1, 254]  	492	2 
[0, 19, 0, 1, 254]  	503	2 
[1, 7, 2, 4, 254]  	507	3 
[0, 4, 10, 1, 254]  	508	1 
[5, 3, 11, 0, 254]  	514	13 
[4, 1, 7, 3, 254]  	514	5 
[1, 6, 3, 4, 254]  	519	3 
[1, 3, 5, 4, 254]  	520	3 
[7, 0, 5, 4, 254]  	523	11 
[2, 8, 9, 0, 254]  	523	5 
[1, 2, 4, 5, 254]  	528	3 
[15, 3, 8, 0, 254]  	529	8 
[2, 4, 12, 0, 254]  	536	6 
[2, 0, 9, 3, 254]  	537	3 
[2, 12, 7, 0, 254]  	545	3 
[2, 8, 4, 3, 254]  	546	5 
[2, 4, 1, 6, 254]  	547	6 
[4, 2, 13, 0, 254]  	549	7 
[1, 16, 3, 1, 254]  	551	4 
[0, 15, 4, 1, 254]  	551	1 
[0, 24, 0, 0, 254]  	552	2 
[1, 12, 2, 3, 254]  	556	3 
[2, 11, 8, 0, 254]  	557	3 
[2, 13, 3, 2, 254]  	560	9 
[2, 2, 14, 0, 254]  	560	7 
[1, 12, 8, 0, 254]  	568	2 
[1, 9, 10, 0, 254]  	569	6 
[1, 7, 0, 6, 254]  	569	1 
[1, 6, 12, 0, 254]  	570	4 
[3, 0, 4, 6, 254]  	572	7 
[0, 13, 8, 0, 254]  	579	1 
[1, 11, 9, 0, 254]  	580	2 
[0, 18, 3, 1, 254]  	585	2 
[0, 12, 9, 0, 254]  	591	1 
[0, 14, 4, 2, 254]  	594	2 
[0, 0, 0, 9, 254]  	594	1 
[0, 11, 10, 0, 254]  	603	1 
[0, 4, 9, 3, 254]  	605	2 
[0, 12, 0, 5, 254]  	606	1 
[0, 10, 11, 0, 254]  	615	1 
[0, 3, 10, 3, 254]  	617	2 
[0, 3, 5, 6, 254]  	640	1 
[1, 0, 18, 0, 254]  	642	4 
[0, 12, 5, 3, 254]  	649	4 
[0, 11, 2, 5, 254]  	653	2 
[0, 9, 9, 2, 254]  	654	2 
[0, 7, 5, 5, 254]  	666	2 
[0, 6, 0, 8, 254]  	666	1 
[0, 0, 20, 0, 254]  	700	1 
[0, 4, 8, 5, 254]  	702	1 
[0, 3, 9, 5, 254]  	714	2 
[0, 2, 4, 8, 254]  	714	1 
[0, 0, 8, 7, 254]  	742	1 
[6, 6, 0, 0, 255]  	210	5 
[2, 2, 6, 1, 255]  	346	2 
[7, 1, 5, 1, 255]  	348	7 
[1, 0, 8, 1, 255]  	358	1 
[5, 7, 5, 0, 255]  	396	8 
[3, 4, 8, 0, 255]  	408	3 
[0, 18, 0, 0, 255]  	414	1 
[0, 0, 10, 1, 255]  	416	1 
[2, 6, 0, 4, 255]  	426	3 
[2, 9, 4, 1, 255]  	437	3 
[4, 1, 7, 2, 255]  	448	3 
[1, 15, 3, 0, 255]  	462	6 
[0, 14, 4, 0, 255]  	462	1 
[4, 11, 1, 2, 255]  	468	3 
[2, 9, 7, 0, 255]  	476	3 
[7, 0, 0, 6, 255]  	480	4 
[1, 6, 0, 5, 255]  	480	1 
[17, 3, 6, 0, 255]  	483	5 
[1, 3, 4, 4, 255]  	485	2 
[1, 12, 0, 3, 255]  	486	2 
[4, 10, 6, 0, 255]  	488	7 
[4, 2, 0, 6, 255]  	490	6 
[6, 1, 0, 6, 255]  	491	5 
[12, 3, 8, 0, 255]  	493	10 
[3, 3, 0, 6, 255]  	501	6 
[10, 3, 9, 0, 255]  	504	7 
[4, 10, 1, 3, 255]  	511	10 
[2, 6, 10, 0, 255]  	512	4 
[0, 3, 9, 2, 255]  	516	2 
[3, 8, 3, 3, 255]  	523	10 
[2, 5, 11, 0, 255]  	524	7 
[1, 4, 12, 0, 255]  	524	2 
[2, 3, 3, 5, 255]  	528	7 
[0, 0, 0, 8, 255]  	528	1 
[6, 1, 5, 4, 255]  	534	10 
[2, 6, 5, 3, 255]  	535	5 
[3, 2, 13, 0, 255]  	537	6 
[2, 3, 13, 0, 255]  	548	3 
[0, 2, 5, 5, 255]  	551	1 
[0, 12, 8, 0, 255]  	556	1 
[2, 3, 2, 6, 255]  	559	6 
[0, 1, 8, 4, 255]  	567	2 
[1, 3, 14, 0, 255]  	571	3 
[1, 8, 7, 2, 255]  	573	4 
[0, 7, 8, 2, 255]  	573	2 
[13, 0, 12, 0, 255]  	576	7 
[0, 11, 0, 5, 255]  	583	1 
[5, 0, 15, 0, 255]  	585	7 
[0, 9, 11, 0, 255]  	592	1 
[1, 5, 2, 6, 255]  	593	4 
[0, 0, 8, 5, 255]  	610	1 
[0, 7, 13, 0, 255]  	616	3 
[0, 17, 1, 3, 255]  	624	2 
[0, 0, 5, 7, 255]  	637	1 
[0, 2, 17, 0, 255]  	641	2 
------
The gap is between 14 and 242.
Lengths: 5 5 10 13 5 11.
For 692 = 3*d-d1-d2-d3-d4 you get 5 in char 0.
1 + 0*2^64 + 0*2^128 + 0*2^192*y^24*z^4
1 + 0*2^64 + 0*2^128 + 0*2^192*y^12*z^10*w^1
1 + 0*2^64 + 0*2^128 + 0*2^192*y^11*z^5*w^4
1 + 0*2^64 + 0*2^128 + 0*2^192*y^10*w^7
1 + 0*2^64 + 0*2^128 + 0*2^192*z^16*w^2

For 416 = 2*d-d1-d2-d3-d4 you get 10 in char 0.
1 + 0*2^64 + 0*2^128 + 0*2^192*x^5*y^4*w^4
1 + 0*2^64 + 0*2^128 + 0*2^192*x^4*y^3*z^1*w^4
1 + 0*2^64 + 0*2^128 + 0*2^192*x^3*y^2*z^2*w^4
1 + 0*2^64 + 0*2^128 + 0*2^192*x^2*y^2*z^8*w^1
1 + 0*2^64 + 0*2^128 + 0*2^192*x^2*y^1*z^3*w^4
1 + 0*2^64 + 0*2^128 + 0*2^192*x^1*y^13*z^3
1 + 0*2^64 + 0*2^128 + 0*2^192*x^1*y^1*z^9*w^1
1 + 0*2^64 + 0*2^128 + 0*2^192*x^1*z^4*w^4
1 + 0*2^64 + 0*2^128 + 0*2^192*y^12*z^4
1 + 0*2^64 + 0*2^128 + 0*2^192*z^10*w^1

For 140 = d-d1-d2-d3-d4 you get 5 in char 0.
1 + 0*2^64 + 0*2^128 + 0*2^192*x^4*y^4
1 + 0*2^64 + 0*2^128 + 0*2^192*x^3*y^3*z^1
1 + 0*2^64 + 0*2^128 + 0*2^192*x^2*y^2*z^2
1 + 0*2^64 + 0*2^128 + 0*2^192*x^1*y^1*z^3
1 + 0*2^64 + 0*2^128 + 0*2^192*z^4

Extra powers of p used 6.
The invariant extra is equal to 33.
Start computing 2^4 Delta^1 (x1x2x3x4)^1... Done.
Start computing 2^5 Delta^2 (x1x2x3x4)^1... Done.
Start computing 2^6 Delta^3 (x1x2x3x4)^1... Done.
Start computing 2^7 Delta^4 (x1x2x3x4)^1... Done.
Start computing 2^8 Delta^5 (x1x2x3x4)^1... Done.
Start computing 2^9 Delta^6 (x1x2x3x4)^1... Done.
Start computing 2^10 Delta^7 (x1x2x3x4)^1... Done.
Start computing 2^11 Delta^8 (x1x2x3x4)^1... Done.
Start computing 2^12 Delta^9 (x1x2x3x4)^1... Done.
Start computing 2^13 Delta^10 (x1x2x3x4)^1... Done.
Start computing 2^14 Delta^11 (x1x2x3x4)^1... Done.
Start computing 2^15 Delta^12 (x1x2x3x4)^1... Done.
Start computing 2^16 Delta^13 (x1x2x3x4)^1... Done.
Start computing 2^17 Delta^14 (x1x2x3x4)^1... Done.
Start computing 2^18 Delta^15 (x1x2x3x4)^1... Done.
Start computing 2^19 Delta^16 (x1x2x3x4)^1... Done.
Start computing 2^20 Delta^17 (x1x2x3x4)^1... Done.
Start computing 2^21 Delta^18 (x1x2x3x4)^1... Done.
Start computing 2^22 Delta^19 (x1x2x3x4)^1... Done.
Start computing 2^23 Delta^20 (x1x2x3x4)^1... Done.
Start computing 2^24 Delta^21 (x1x2x3x4)^1... Done.
Start computing 2^25 Delta^22 (x1x2x3x4)^1... Done.
Start computing 2^26 Delta^23 (x1x2x3x4)^1... Done.
Start computing 2^27 Delta^24 (x1x2x3x4)^1... Done.
Start computing 2^28 Delta^25 (x1x2x3x4)^1... Done.
Start computing 2^29 Delta^26 (x1x2x3x4)^1... Done.
Start computing 2^30 Delta^27 (x1x2x3x4)^1... Done.
Start computing 2^31 Delta^28 (x1x2x3x4)^1... Done.
Start computing 2^32 Delta^29 (x1x2x3x4)^1... Done.
Start computing 2^33 Delta^30 (x1x2x3x4)^1... Done.
Start computing 2^34 Delta^31 (x1x2x3x4)^1... Done.
Start computing 2^35 Delta^32 (x1x2x3x4)^1... Done.
Start computing 2^36 Delta^33 (x1x2x3x4)^1... Done.
Start computing 2^37 Delta^34 (x1x2x3x4)^1... Done.
Start computing 2^38 Delta^35 (x1x2x3x4)^1... Done.
Start computing aa.
1 2 3 4 5 6 7 8 9 10 11 12 13 14 15 16 17 18 19 20 
*/
A = \
[6312904902885544048 + 16919001214224704042*2^64 + 14580134941584220989*2^128 + 30879837546*2^192,17181925589686302304 + 6459868362647261850*2^64 + 8650233495253324743*2^128 + 7255623614*2^192,10607533371491184684 + 4585595130633535136*2^64 + 3692719323956686610*2^128 + 26352469875*2^192,13144581057404240456 + 8618059262447788530*2^64 + 6712571359531200774*2^128 + 64134109926*2^192,4347679533766806400 + 4856577415556819593*2^64 + 11704791152928872233*2^128 + 60143459850*2^192,2816391803342135584 + 7637131849447648795*2^64 + 15913060692309053160*2^128 + 18179556055*2^192,17744074892990207424 + 7201654678118419781*2^64 + 18154911920110650819*2^128 + 60744051209*2^192,13585457263640163360 + 14870078320219937349*2^64 + 7086884798508952492*2^128 + 64764307188*2^192,9294789463256948224 + 4308973751495821198*2^64 + 4224986306776200281*2^128 + 40909920856*2^192,258673597093265920 + 5975543025372616635*2^64 + 7064929634869371419*2^128 + 1458665152*2^192,1866322750635583552 + 7563180012540689497*2^64 + 2776422219065386980*2^128 + 66374766739*2^192,16275185760579570880 + 15268816656978405113*2^64 + 9478564601190769870*2^128 + 15281300721*2^192,11076537740572902880 + 6670836295952106165*2^64 + 12585563283958804124*2^128 + 68482136193*2^192,13406304982884764992 + 16734956208703342487*2^64 + 17234076567120489128*2^128 + 58841555525*2^192,11590070225249859712 + 16785115434796235578*2^64 + 9814170464667200947*2^128 + 14562219592*2^192,2193795453737893504 + 17944596182338783104*2^64 + 227097832320082118*2^128 + 15983964140*2^192,4691033304394047552 + 14011506659697748453*2^64 + 10952705186796432398*2^128 + 8171708429*2^192,10529239575213586560 + 13780296057246878269*2^64 + 10651976825836246364*2^128 + 53123631505*2^192,9345773641909089472 + 17677643321445614249*2^64 + 17803551541061332570*2^128 + 43045160375*2^192,8307826218565004160 + 9959939237783493305*2^64 + 14762919012376420232*2^128 + 27164668434*2^192;\
5869527186349521824 + 4162676602792309298*2^64 + 6628907869486854526*2^128 + 61804568980*2^192,5984318228368828992 + 3974474478532546312*2^64 + 2193892646717889088*2^128 + 33313845059*2^192,8707145482433285872 + 9271274780462962517*2^64 + 3972377961032292183*2^128 + 21829561921*2^192,11868172655909646816 + 10744582463810327142*2^64 + 13454776755470617478*2^128 + 2742511818*2^192,11447069169197928064 + 9918405319148853790*2^64 + 14132898609665192304*2^128 + 30943654223*2^192,17632467405858116736 + 14256560008155531292*2^64 + 12366515283027524722*2^128 + 36971956402*2^192,5177196257418584832 + 18258022836048019762*2^64 + 2802994272426525866*2^128 + 62641444737*2^192,16293382584862837248 + 12879486444762438079*2^64 + 2027446049013942348*2^128 + 28092095116*2^192,17229938446959638016 + 17963373817435809605*2^64 + 6113454679616470141*2^128 + 63198636976*2^192,8994073130708981760 + 11009347002664533348*2^64 + 8970053490965510801*2^128 + 52039891856*2^192,8147620103992780544 + 7439527242045155980*2^64 + 12554363521810166075*2^128 + 7721049585*2^192,11812158296342148096 + 8798054602828987862*2^64 + 12056150387146709830*2^128 + 52410438815*2^192,2028092259911956864 + 10293412350716122198*2^64 + 15690452256596997963*2^128 + 10536764356*2^192,17565687890715799296 + 15805843177420245117*2^64 + 5118338213640803690*2^128 + 45323953314*2^192,10565690450179408384 + 5983347811457321532*2^64 + 15301264826841672188*2^128 + 16308718421*2^192,2562411700424517376 + 9629713478133919738*2^64 + 2097346398155912308*2^128 + 63723387258*2^192,11564751528435443968 + 9169132924829920195*2^64 + 12303081250290283976*2^128 + 33813962280*2^192,12709675034777505536 + 280123900562292234*2^64 + 10952942683814716095*2^128 + 26253768848*2^192,13298409938063079424 + 9444601520974347143*2^64 + 11483864422274653157*2^128 + 33879921633*2^192,15281130396572629760 + 2106020270513644587*2^64 + 3214334265429005200*2^128 + 18273182732*2^192;\
6400787614401188608 + 9243611607320357102*2^64 + 11224144277485851034*2^128 + 60728757463*2^192,14235263482850515968 + 6788280170387592116*2^64 + 16450793289484355868*2^128 + 2369792797*2^192,9013041610589588960 + 6087668483680720*2^64 + 16486586360060584981*2^128 + 3556086168*2^192,9903223995803460032 + 9867634525058920259*2^64 + 10431800280902300167*2^128 + 55897367635*2^192,4938331261156719104 + 17367332784833099196*2^64 + 2219673526532860202*2^128 + 5424457883*2^192,2833096595274145536 + 199537323346533490*2^64 + 11724156992059837346*2^128 + 44497811011*2^192,10221720180971949056 + 11705366827626491669*2^64 + 10673448011523455271*2^128 + 44456415692*2^192,2680521001567310592 + 13339440038924888822*2^64 + 14422749367726944125*2^128 + 4521851832*2^192,14353389223812763648 + 8281272491139213529*2^64 + 17667714898883730704*2^128 + 59234003190*2^192,8544544681768491008 + 2999753205865165272*2^64 + 16296878180289171078*2^128 + 1968820173*2^192,3530246074388734464 + 6837048867869473161*2^64 + 2859738604584930566*2^128 + 8851387753*2^192,7623817157362491904 + 17408741707947285857*2^64 + 12950106014881417623*2^128 + 2803068658*2^192,16797241171660243200 + 15713386949628090865*2^64 + 10719422686954361444*2^128 + 37376491731*2^192,15282079433533531648 + 10812686607605804730*2^64 + 11468015167177113123*2^128 + 15585730464*2^192,8696045008730096640 + 8926280187550552470*2^64 + 6371446007459990522*2^128 + 61099329771*2^192,7952866776002512896 + 13230792555620364815*2^64 + 1225303810788732163*2^128 + 1925344551*2^192,5592226190572923392 + 1920756921091140549*2^64 + 13511259134956819058*2^128 + 60085172159*2^192,16754932955643518976 + 15701274947054820216*2^64 + 18345251062950072003*2^128 + 40913900992*2^192,15813699305294933504 + 8092821386562325756*2^64 + 5701178295869848805*2^128 + 24394787596*2^192,17246127957203980288 + 3749700161004458883*2^64 + 9360736530890799856*2^128 + 48024703889*2^192;\
4898481114021583744 + 4036025600869017826*2^64 + 12988193940946105106*2^128 + 14680370890*2^192,16316542255336514304 + 5781987367512902088*2^64 + 8907586127666443609*2^128 + 44682533758*2^192,15966862299672431296 + 6741688114028092607*2^64 + 10665683110387655041*2^128 + 21586719821*2^192,3457433957856555328 + 8750205326323296448*2^64 + 1581396614991090820*2^128 + 54377312207*2^192,13715273601009503744 + 9853456231046929861*2^64 + 5965229003691872779*2^128 + 32958025246*2^192,14644674258817186304 + 14194800540616503024*2^64 + 16330394280526773819*2^128 + 888753753*2^192,3577511094229911040 + 824881864664316718*2^64 + 16439873511930525189*2^128 + 15823780799*2^192,5242488080744989184 + 9511224867252873067*2^64 + 6705347331885130807*2^128 + 54617035399*2^192,7362293991410438144 + 12568852817463965887*2^64 + 10231321439381956780*2^128 + 66487227720*2^192,9909136790016324608 + 15954184329995333822*2^64 + 2131857532542480290*2^128 + 4661641917*2^192,15463237138647648256 + 5858668287497792987*2^64 + 12882146494004925246*2^128 + 56616315434*2^192,10574186673568353280 + 15176026942508016398*2^64 + 5292931590441448794*2^128 + 47694248464*2^192,1790537340650540544 + 57852513669539738*2^64 + 13748006054288363960*2^128 + 54115781255*2^192,3818634381683659776 + 10208871922344838825*2^64 + 12600592706531637700*2^128 + 8875519738*2^192,6806532238305689600 + 16896825399191318058*2^64 + 14407401245401623030*2^128 + 52443120123*2^192,15381884574860192768 + 1617041987563393990*2^64 + 10107527292451885572*2^128 + 18512253775*2^192,5559013308601292800 + 11215665028909615630*2^64 + 16709419680693078663*2^128 + 16507007199*2^192,457108526874262528 + 8505479520248420903*2^64 + 7578571110662370506*2^128 + 22753735756*2^192,14702965012327483392 + 10167053455679511880*2^64 + 8135757440997832220*2^128 + 49209715179*2^192,13359522728005856256 + 12792446008568709451*2^64 + 8103869356579758279*2^128 + 22937050950*2^192;\
2975136476480193644 + 5071724683677009576*2^64 + 16882333799689478180*2^128 + 7846949747*2^192,6883762290350436760 + 5088698741807976188*2^64 + 10360143593459141962*2^128 + 63200335990*2^192,16063599999869826959 + 7223515699607507445*2^64 + 2036130554609967945*2^128 + 1276651034*2^192,9620018296029520002 + 8014562748881504718*2^64 + 9089258660806106440*2^128 + 46154701029*2^192,17569182953027642464 + 6488270274559945554*2^64 + 9269427061096837882*2^128 + 11746821471*2^192,2721920681019829672 + 1037339260130457060*2^64 + 4941339042401821*2^128 + 962057776*2^192,14206155709728783536 + 4737905085212816649*2^64 + 5904890877910293817*2^128 + 22631189916*2^192,8879194774124309352 + 7777435418499659785*2^64 + 14586384980151527686*2^128 + 12921477142*2^192,10846446887596532096 + 5927688082123533986*2^64 + 1868577063906528017*2^128 + 30128060101*2^192,15186234756458073280 + 16105788763479082447*2^64 + 6619673344172184301*2^128 + 49575289897*2^192,14806793169745598032 + 16011575437391462117*2^64 + 5737084281932319916*2^128 + 29801937964*2^192,13663815659620947312 + 3549867825806179284*2^64 + 917424363693902897*2^128 + 1118479464*2^192,8123756000702397208 + 13911235969499196917*2^64 + 16265175990705175353*2^128 + 5644749912*2^192,11516463971485770512 + 14276103596436496866*2^64 + 9903468556582839227*2^128 + 55159494633*2^192,6357794514827876256 + 10750184186138387059*2^64 + 9402159300588273318*2^128 + 17078629468*2^192,10531764540190424864 + 421495334618966673*2^64 + 261369277993420154*2^128 + 15618238294*2^192,7097323467396678992 + 13449090198408592620*2^64 + 11254832791637581918*2^128 + 48658618038*2^192,2149038804252804128 + 4061699272083245212*2^64 + 6901913329948294581*2^128 + 2041763420*2^192,16228143581859919600 + 7489480028852853525*2^64 + 4801566583389861722*2^128 + 10541425853*2^192,13230449205834380640 + 18139564831207998933*2^64 + 9890521266508014804*2^128 + 27444628208*2^192;\
15023225194810684928 + 7746901523541480863*2^64 + 6997578745820817465*2^128 + 39701565463*2^192,6321984637316403712 + 15004379139053583256*2^64 + 9776827766592675173*2^128 + 56222470165*2^192,5440122947872549568 + 13808848978342054567*2^64 + 2665585211167894285*2^128 + 22632456705*2^192,2064599154371330432 + 523797768725534956*2^64 + 5533929834393948526*2^128 + 26793741423*2^192,3695829960952204288 + 3070128271216942021*2^64 + 10926335204056872425*2^128 + 54037899947*2^192,14257392793464231680 + 9151763455340947475*2^64 + 18236343253804230725*2^128 + 66735805266*2^192,14912974485147692544 + 17183705580315147089*2^64 + 1671984602709877534*2^128 + 61879477298*2^192,14945113461193134720 + 4284971402486569790*2^64 + 11748393720576627479*2^128 + 48376339641*2^192,8190414832487147520 + 11957944531323790658*2^64 + 6755708601080617550*2^128 + 26510904664*2^192,10481291106494131456 + 9404757816629237721*2^64 + 9503155785392341596*2^128 + 50978655439*2^192,6797824677900449280 + 1750778075385372385*2^64 + 10501972336910029707*2^128 + 5683691743*2^192,2289890874399347712 + 10421314809850221376*2^64 + 6627974886030962907*2^128 + 17719121940*2^192,1561973790818952064 + 14923933259336457449*2^64 + 10331388533776153524*2^128 + 16306609240*2^192,76363371028024320 + 13532294896987244377*2^64 + 15503582759119308914*2^128 + 47295841601*2^192,16033092983843926016 + 4657700328972071070*2^64 + 17795081915587974258*2^128 + 24183979752*2^192,17032672643282886656 + 18029176247413054082*2^64 + 17069269347535354650*2^128 + 34852414281*2^192,14113065752820168704 + 628921342969300903*2^64 + 11021008852116703931*2^128 + 12619802576*2^192,14370103433127086080 + 4258868074042137979*2^64 + 4556275623698283523*2^128 + 60362262446*2^192,13024404706882400256 + 3202715738011568488*2^64 + 225149487543162588*2^128 + 40741612387*2^192,17015295557824858112 + 5634513824419201299*2^64 + 3339451295970648852*2^128 + 1992199538*2^192;\
17449307267790036480 + 14374639000044203764*2^64 + 12450294037672349982*2^128 + 62695048134*2^192,1605806051814785536 + 14870723741276581424*2^64 + 17056725743515769474*2^128 + 67926873608*2^192,6158841659688072832 + 5111765572365501050*2^64 + 2704190827445318658*2^128 + 61060123718*2^192,5489514586384583744 + 1932127541168323274*2^64 + 2759595294224371250*2^128 + 22814986935*2^192,2671825623661975552 + 16347676881369744251*2^64 + 14290604758469348139*2^128 + 28113460858*2^192,1920106469994875776 + 11348589961411965261*2^64 + 6250119711090459503*2^128 + 61564852262*2^192,7468013206435668736 + 17215888230727853764*2^64 + 5935106578331310647*2^128 + 51151931581*2^192,9023121085801870976 + 698882555040847156*2^64 + 13069953904914491841*2^128 + 24265950243*2^192,11729407173028001792 + 1527063978683166548*2^64 + 752659835365661178*2^128 + 53650922663*2^192,7171476857691332864 + 8987521886278853612*2^64 + 8851272415525014268*2^128 + 39366332663*2^192,14686981032134004224 + 8497617896794195790*2^64 + 14885588121632840705*2^128 + 66588425185*2^192,16284489803957318656 + 397606821593832399*2^64 + 11272223863076725025*2^128 + 60813379533*2^192,16238326338047223936 + 3191121558511080876*2^64 + 7175202013813108654*2^128 + 14435939323*2^192,8164303859303866368 + 9993292142431736670*2^64 + 2711264306693990087*2^128 + 53597531201*2^192,59707216150059008 + 13242715000904309394*2^64 + 2493087211381753729*2^128 + 19535005901*2^192,11441430097299800064 + 840667869167364978*2^64 + 15889584500625536242*2^128 + 7477216895*2^192,11288046802437330944 + 10671849243751360347*2^64 + 11725144807948466821*2^128 + 26481581322*2^192,3615231122081294336 + 13212225473079502787*2^64 + 2401971318891608819*2^128 + 6727748985*2^192,5031123021320770560 + 10246343756005993070*2^64 + 5536312958860608420*2^128 + 55065334974*2^192,15580998231198371840 + 1061785298869487065*2^64 + 2202885267964565478*2^128 + 66016607665*2^192;\
9932036708101970176 + 11376149612115984625*2^64 + 16191633719652306864*2^128 + 42936352061*2^192,15425650408768087552 + 1342014233893703748*2^64 + 5387134432163813305*2^128 + 5839696373*2^192,8480784550618182656 + 3749983965498182355*2^64 + 13305077694743404854*2^128 + 52063474047*2^192,9534637541482478656 + 10619709501473886383*2^64 + 8816986718075460668*2^128 + 37746083737*2^192,11064605332396329984 + 15636438058764355576*2^64 + 7271134845898746675*2^128 + 47167993740*2^192,13374085729531826560 + 14557923466607565685*2^64 + 4015340373297319588*2^128 + 57866694622*2^192,15668239102358609664 + 12551518318347040305*2^64 + 10532023921741664608*2^128 + 12550407220*2^192,16459694177029168000 + 8862240821561820059*2^64 + 7493156359839198512*2^128 + 37093599755*2^192,10929533457076983808 + 11830586494177558816*2^64 + 2760069955648495216*2^128 + 58331436580*2^192,2364995464712402816 + 3532585409749282437*2^64 + 5279604083845070216*2^128 + 64931605833*2^192,14827647918625175552 + 1080716111774793505*2^64 + 5363384695490746655*2^128 + 4026866845*2^192,14128494577092611072 + 14675452791661226522*2^64 + 5676168615955465003*2^128 + 21686193154*2^192,18440953183729047168 + 14295555734599250525*2^64 + 17717243359882464866*2^128 + 43056539476*2^192,6428161659623874560 + 10397770142528735790*2^64 + 15685589172062571253*2^128 + 29692898061*2^192,13281259985766049792 + 16159335872528808415*2^64 + 11777610928459162751*2^128 + 19726305767*2^192,17813353833196572672 + 45121811148628190*2^64 + 16421173845071895325*2^128 + 54196183051*2^192,16384380899248431104 + 8054553672588679879*2^64 + 11126803422710764765*2^128 + 21418073160*2^192,5153753594892904448 + 8006785469034705904*2^64 + 1988474770084011298*2^128 + 33353589219*2^192,11525694714488207360 + 9733737415727464224*2^64 + 13107494153446518404*2^128 + 64692586749*2^192,13726743089695649792 + 1021935155857267387*2^64 + 1888213923397520717*2^128 + 6481534942*2^192;\
12400379983921663924 + 1707847199547796631*2^64 + 177979024427140325*2^128 + 58930288489*2^192,4383457990411168808 + 2812508594263899442*2^64 + 15087282910642360301*2^128 + 31186118719*2^192,16683017335668192329 + 1485494202678303512*2^64 + 16536300210157920577*2^128 + 49783224032*2^192,17072191911299625438 + 7482238868188447668*2^64 + 8546372387653448343*2^128 + 18940209393*2^192,1447451886908614688 + 1823422130037812849*2^64 + 8410797931653234699*2^128 + 23741480702*2^192,15697390546012296664 + 17008978973940123631*2^64 + 14331711342652140401*2^128 + 48352409090*2^192,10968062086350040400 + 710475724372624700*2^64 + 5707079970200961283*2^128 + 52911575725*2^192,7673334702438581336 + 16821389119169699972*2^64 + 8373995417129028030*2^128 + 36928254331*2^192,12948547803063666176 + 2394269412563300581*2^64 + 10806590484731859413*2^128 + 55383478418*2^192,3637462420308853888 + 1542528104359206103*2^64 + 7116893815923573550*2^128 + 11955316239*2^192,15290081335405545712 + 4151367675364206803*2^64 + 6653675148408455157*2^128 + 45252855428*2^192,17681707395988972560 + 7232032241873990680*2^64 + 7847279557221897447*2^128 + 64051101997*2^192,377869697058765224 + 9724744961250633567*2^64 + 7805753562319566945*2^128 + 53238081511*2^192,8400915057825949040 + 5351090151242662349*2^64 + 741624329761199773*2^128 + 62620762778*2^192,17714979660320274656 + 14556156647195835440*2^64 + 8528392206597115348*2^128 + 41800255361*2^192,4530024371636279008 + 17365828440434648182*2^64 + 5932578888701698516*2^128 + 17670445983*2^192,14652253746241698864 + 4151062271324792069*2^64 + 10515121405679283809*2^128 + 12389888777*2^192,13316158321817688032 + 7301896401003524143*2^64 + 7489546770681130588*2^128 + 54590440243*2^192,12054561460277168784 + 4763655093240152330*2^64 + 6961009743223829890*2^128 + 30239975527*2^192,5684931599232332960 + 14842015392894872874*2^64 + 18364015165049706053*2^128 + 33023831404*2^192;\
5595216123416843776 + 3410692034777394203*2^64 + 487316957392123847*2^128 + 23754794338*2^192,14300623341112348160 + 8646907362313625744*2^64 + 18429988348888722907*2^128 + 59716096484*2^192,2554006082806398912 + 18432218343803042949*2^64 + 3540479655258059988*2^128 + 45841653013*2^192,8214130743616076160 + 936983121614410752*2^64 + 6708788556845378914*2^128 + 40303074053*2^192,3861711060403792896 + 17853606303159339273*2^64 + 11569730974508896934*2^128 + 10970701634*2^192,18280103294441995008 + 17726011150523301648*2^64 + 14745452514482562271*2^128 + 22881182278*2^192,14137874734511763840 + 2706812133796499583*2^64 + 465125955332559935*2^128 + 68000088010*2^192,3810335500743039232 + 2289505554589040692*2^64 + 5209051445681981750*2^128 + 4971267371*2^192,7004532796454488064 + 4822517970368833340*2^64 + 6272557974334317193*2^128 + 51361748075*2^192,9529167184372895872 + 7107974884264564620*2^64 + 2021105858081635748*2^128 + 51868820386*2^192,5579066590118806016 + 698839985894146694*2^64 + 12321003681837528975*2^128 + 47396770636*2^192,10189165839978714112 + 6048595798922734593*2^64 + 2389856378921946767*2^128 + 20813512656*2^192,5393961034690704640 + 14419159978196309969*2^64 + 11272687215238749021*2^128 + 377622605*2^192,16565715106887281664 + 17037714065264158291*2^64 + 10971718023475891091*2^128 + 15632328676*2^192,6405355493699362816 + 12693523146325409966*2^64 + 13146705686387618729*2^128 + 64835113169*2^192,6521350886774740992 + 7742533850390301424*2^64 + 10751466546332956417*2^128 + 13289579322*2^192,13998603698889367552 + 1507985859739203772*2^64 + 18117417698990127759*2^128 + 25905342713*2^192,8619568517422239744 + 7032278124098874717*2^64 + 11878803571569373058*2^128 + 9788351221*2^192,14524456873448435712 + 2446268711425384074*2^64 + 3964848754651335227*2^128 + 28168258070*2^192,15439347330416680960 + 2585373007355894248*2^64 + 16385477305844906534*2^128 + 19388806918*2^192;\
13860417885219009808 + 11064716439691530997*2^64 + 14348094059281335835*2^128 + 40290417780*2^192,4965826966034781728 + 8105473250489749725*2^64 + 15577383965080531248*2^128 + 13669223069*2^192,13721529984218534164 + 13384383378067425506*2^64 + 8730372684399593312*2^128 + 52297983196*2^192,4192129733671282264 + 12965362132085221008*2^64 + 17491167641070901974*2^128 + 36819407608*2^192,11165908164290373504 + 3757890711960752535*2^64 + 9542847241894570026*2^128 + 59689108657*2^192,8751627524030332384 + 5854620227042821868*2^64 + 10364820572587809078*2^128 + 41292477234*2^192,5248030617002579904 + 9717244265232551052*2^64 + 12028278571593415839*2^128 + 5392674374*2^192,9727440941471587040 + 7801883624879955935*2^64 + 13931250731479668240*2^128 + 41098588929*2^192,8389530605611262976 + 17320008000738748123*2^64 + 56092177430954294*2^128 + 48754946832*2^192,13154049629376584064 + 9192059904887547187*2^64 + 16180243240186476641*2^128 + 46525962585*2^192,359880584726063680 + 12297047491613010711*2^64 + 6194505457394151583*2^128 + 24279189929*2^192,5772131632425495104 + 2177521521883782007*2^64 + 17527678153776680557*2^128 + 36181786168*2^192,1161289300428407072 + 1399025491936887300*2^64 + 17773309529703356252*2^128 + 50781618521*2^192,18379045372852040640 + 9115082313661030956*2^64 + 8018175945786382549*2^128 + 57460270850*2^192,13500605018393223552 + 7134253974882065217*2^64 + 13986640061652024799*2^128 + 22622768826*2^192,2975723595374154624 + 8907993784292437944*2^64 + 2109517704497260107*2^128 + 64181737784*2^192,4304633567074479552 + 6523072586250387710*2^64 + 2141093402559734486*2^128 + 55777337871*2^192,5983174640954541952 + 8194315171740310912*2^64 + 16050982258627478973*2^128 + 63970142756*2^192,12315689329836472640 + 1098424002451372395*2^64 + 9576950910831865736*2^128 + 66129205083*2^192,1042483542765283968 + 9283682805039611*2^64 + 12399067342890396351*2^128 + 20838748233*2^192;\
5159687785673374856 + 3127459768695535725*2^64 + 2265051570139788813*2^128 + 20180478302*2^192,2160526578880457744 + 10913416800623453939*2^64 + 6568137573888836751*2^128 + 19288842574*2^192,1426197630957400250 + 12941215919825219663*2^64 + 6820508694123678385*2^128 + 68522073930*2^192,8285049945202002412 + 4609069483081118830*2^64 + 15929216613532126399*2^128 + 33495630916*2^192,6829395569978560768 + 10626049390375145686*2^64 + 11867809975796031069*2^128 + 56486875270*2^192,698924259890186288 + 2397415759972972636*2^64 + 5639636211854311969*2^128 + 63505448249*2^192,2994021375339221152 + 5771582047096865227*2^64 + 16067203187438454351*2^128 + 62315399487*2^192,17774528163466528432 + 3438603055931885547*2^64 + 7775269457139834168*2^128 + 66096210973*2^192,16050141567362396800 + 17403235037473058026*2^64 + 8980219524114720355*2^128 + 15100417016*2^192,12809140080556167680 + 13661170026844641319*2^64 + 10593225163769598085*2^128 + 58552393324*2^192,15702900637797024864 + 1623184244253076130*2^64 + 10807612294526236047*2^128 + 720134074*2^192,16298172777302234784 + 16481972721619225156*2^64 + 2613335363112193758*2^128 + 17614905172*2^192,4913341635416083280 + 6652942981128963170*2^64 + 12769689673053672505*2^128 + 18629419479*2^192,18225275982722875680 + 10485687359396345096*2^64 + 18213588120593899287*2^128 + 21710668630*2^192,1308116319400950848 + 319344195508204781*2^64 + 15924453505675395877*2^128 + 65554362891*2^192,16044237771154985152 + 3923041253283608058*2^64 + 6119610190337003457*2^128 + 32241533802*2^192,18029917103164377312 + 6332492953370212891*2^64 + 11963011952231560819*2^128 + 52355969495*2^192,4751460075732967616 + 6994301793780193173*2^64 + 8574905065615991981*2^128 + 48218283285*2^192,17521749804181182624 + 16232860090427197498*2^64 + 7201102152532311642*2^128 + 58924567195*2^192,1709037163590393920 + 18398905475288840465*2^64 + 12871174594256415884*2^128 + 59137155759*2^192;\
2511621248991016192 + 8203088014217113313*2^64 + 5825027320161881600*2^128 + 36068196193*2^192,9255235162315454464 + 9566718319881562926*2^64 + 2740440249998389163*2^128 + 10844987230*2^192,17453682570371261248 + 17408152769508335828*2^64 + 16291570551058494818*2^128 + 51379071086*2^192,9908247281172737408 + 768498151062819477*2^64 + 17875695625411262439*2^128 + 1809912666*2^192,16490576497434550272 + 10020984583052278359*2^64 + 7550463913038582222*2^128 + 5181635189*2^192,5297638353159554816 + 16666378961874110803*2^64 + 13545379435787080787*2^128 + 61422237613*2^192,5639888571969262976 + 8294303953876139850*2^64 + 6318889922097624502*2^128 + 5771502628*2^192,17569429833519858176 + 1472902717316900328*2^64 + 3671824751790861169*2^128 + 36425404831*2^192,13647493611203971072 + 15627729751210441385*2^64 + 5332075647814449956*2^128 + 34951504401*2^192,7924274741093104768 + 8097661994403344418*2^64 + 16280859713186354089*2^128 + 19528799162*2^192,13413393304054532096 + 12594382839899004071*2^64 + 9954486661961076448*2^128 + 68717730015*2^192,8221128073518210048 + 16544287489236189036*2^64 + 7018796109373773115*2^128 + 39077286468*2^192,435555075646617216 + 2124579041409598357*2^64 + 13384553253789065093*2^128 + 9850076386*2^192,12281797658409856000 + 6597780971262185545*2^64 + 18305156072838597401*2^128 + 66401640070*2^192,4479783919584405504 + 2066627908090822084*2^64 + 4946298840562533930*2^128 + 45437465835*2^192,12235115743559118848 + 15432292268469164760*2^64 + 1386473111329867679*2^128 + 54489329256*2^192,3576101885232020480 + 17246655874843935656*2^64 + 14957401188104302631*2^128 + 15339880128*2^192,2659170116693652480 + 6904058278166489843*2^64 + 15068488735877240173*2^128 + 11284359802*2^192,3390846356469935104 + 15938813771092168332*2^64 + 13745183774208928981*2^128 + 32460265241*2^192,10946604557224028160 + 9811481940912562599*2^64 + 5784762284646400295*2^128 + 12003921065*2^192;\
5204537848041615916 + 1947358428044287601*2^64 + 13560009255916798120*2^128 + 57282028820*2^192,16837207916553142488 + 14617135035774165766*2^64 + 16521008662542116139*2^128 + 1903805809*2^192,2382727786949205791 + 10950248441046197117*2^64 + 11237677070523454707*2^128 + 64555743260*2^192,7928831776293135634 + 14449617829989091142*2^64 + 3704475008755452229*2^128 + 57562035289*2^192,11005758407506227808 + 1967322935218678227*2^64 + 17425764697562534591*2^128 + 35966462112*2^192,2794729349395766952 + 4764534446548749479*2^64 + 7362417517144332822*2^128 + 46574541771*2^192,8696034150753658416 + 2869517382504339942*2^64 + 8107882005799211201*2^128 + 22919333621*2^192,11468939052821170024 + 5496274262938084724*2^64 + 3940889708217341666*2^128 + 18294090349*2^192,16753560591734619776 + 9707180194563509821*2^64 + 12542997808563292045*2^128 + 35336870104*2^192,17208028218462741824 + 13730077744389782125*2^64 + 14112321275594408170*2^128 + 54356824261*2^192,3141701181402114128 + 7388432307685795681*2^64 + 8577718975411772384*2^128 + 66281140381*2^192,310789658793999216 + 4087508792693988042*2^64 + 12668299999807826131*2^128 + 48183514262*2^192,276631639165832856 + 13972759139642642440*2^64 + 14411042146545286081*2^128 + 52911593223*2^192,15609940938393832720 + 14309258659273350130*2^64 + 10672135789874658125*2^128 + 51687299213*2^192,7987859588185295264 + 13903880499600987522*2^64 + 1723128240694264220*2^128 + 23445650397*2^192,11498583276464519968 + 5544843821092167174*2^64 + 16312687646704076406*2^128 + 46062695495*2^192,3310100025256690000 + 13648611847838530455*2^64 + 10385824164772854960*2^128 + 2257044648*2^192,14339537664095191840 + 12051332586770470948*2^64 + 4420052900830986557*2^128 + 8934877106*2^192,9736630246075723504 + 2969035208590657344*2^64 + 10755207557939564069*2^128 + 6198589137*2^192,82175463590390112 + 8781389339354033637*2^64 + 4069152486541832508*2^128 + 67302050408*2^192;\
13572375118524772464 + 9259466721952582699*2^64 + 6017267490962156181*2^128 + 48009909821*2^192,12897204340004786016 + 2258691044449240136*2^64 + 14609654916397979873*2^128 + 10046657013*2^192,8501366672651946664 + 6897587357024266229*2^64 + 5392174446167975079*2^128 + 38617396535*2^192,12585257485730643248 + 13731634855526842955*2^64 + 4781589525623366910*2^128 + 67234666956*2^192,4264245153962205312 + 3346718361838559284*2^64 + 5289127506415157095*2^128 + 12768493500*2^192,12201588806633698816 + 12408563812274881789*2^64 + 4623053800152721016*2^128 + 2962455791*2^192,14950645685746319872 + 13699264840483428458*2^64 + 1557637131881041139*2^128 + 42127662943*2^192,12875525284076026048 + 8022929576452058059*2^64 + 6871682559041027915*2^128 + 43260027666*2^192,14803991992149103232 + 3451318758753775461*2^64 + 1322774145764795695*2^128 + 31672221464*2^192,2214531042381014080 + 3418797902979857054*2^64 + 1929100923828759746*2^128 + 15644123901*2^192,622992402713567680 + 11674807240640159697*2^64 + 5064944541075157647*2^128 + 48405910144*2^192,8629509658206414592 + 3709107083827804351*2^64 + 5283438521528032250*2^128 + 48671130728*2^192,9741997744881425152 + 16800058616072783726*2^64 + 15135464199299738151*2^128 + 12731249448*2^192,3808433423624848448 + 10159000227361152790*2^64 + 15199561671552426576*2^128 + 40197107782*2^192,7449158276739486848 + 18229157422517297606*2^64 + 509774944853191850*2^128 + 42219626622*2^192,10872838000939869568 + 13901207292650499503*2^64 + 1482580956783339115*2^128 + 44899496210*2^192,15207731495163595136 + 10532098471612070605*2^64 + 12221940287628170574*2^128 + 34361092852*2^192,11689642333901475968 + 13216079025844664572*2^64 + 18325532845157201429*2^128 + 68412816365*2^192,11377925047313015552 + 411588921761531594*2^64 + 51116274151878851*2^128 + 6863019162*2^192,8727004734551448448 + 14931860046744027340*2^64 + 4945267346565685098*2^128 + 22080685691*2^192;\
14512147544399988320 + 1297496756596197288*2^64 + 4721248442102542787*2^128 + 25648092114*2^192,1169355218351513664 + 514049054649418457*2^64 + 13934830465821973316*2^128 + 66365549210*2^192,5211385956344761680 + 9530252208399721904*2^64 + 527954362738122279*2^128 + 22211178092*2^192,14296302752250562784 + 1225798526608817680*2^64 + 932360473987852961*2^128 + 50331665929*2^192,12533165083755214784 + 14516481606128737358*2^64 + 7710017624210495963*2^128 + 20396363260*2^192,11384092054902107328 + 10891454848649266024*2^64 + 7705408539039990711*2^128 + 45673965959*2^192,12980994588748774528 + 8305066125015904158*2^64 + 9256065788529744390*2^128 + 38046232710*2^192,10679349870860495040 + 3293649514270743809*2^64 + 11115147033295038752*2^128 + 3162155012*2^192,4885378540836856704 + 16419465678074101765*2^64 + 1618022167347845050*2^128 + 47561370638*2^192,14443067310632314240 + 16554912222096845267*2^64 + 3650622808244674516*2^128 + 8268010246*2^192,2841165868278806656 + 9716197148650832541*2^64 + 12860152408506947164*2^128 + 34357191766*2^192,12492194667275706368 + 9521076466080850055*2^64 + 16677220652631868804*2^128 + 15971884934*2^192,11946324322380691136 + 10303014626394082306*2^64 + 1119260019296370600*2^128 + 44409442733*2^192,7949802284872473152 + 2064664046520736001*2^64 + 12792861175166738679*2^128 + 8741418454*2^192,13318531670267421824 + 10214405332715381144*2^64 + 6974877277429582974*2^128 + 43513692361*2^192,12911554208025681152 + 998900854300122114*2^64 + 2372841925273706199*2^128 + 38939095762*2^192,153821099963700224 + 7110492665505810087*2^64 + 6768422443120074318*2^128 + 56628245134*2^192,15972297342069691904 + 12973969072798404687*2^64 + 5620853587588806302*2^128 + 6806115705*2^192,3235073835788102912 + 11786621010913834413*2^64 + 16881791755892203866*2^128 + 42849074747*2^192,7179429777482792448 + 8339002315417822373*2^64 + 2839117360405786895*2^128 + 25600089203*2^192;\
478290229695126688 + 17368990016336333009*2^64 + 5922165223760922023*2^128 + 17133079579*2^192,2677342369035793600 + 14606878360794103486*2^64 + 14764447697850724042*2^128 + 51053808600*2^192,8181684074890628760 + 15059078193155788892*2^64 + 6927734002131278861*2^128 + 50289605830*2^192,10810427623633299984 + 1962137172755771371*2^64 + 9065949328642792058*2^128 + 28478337828*2^192,15332926389448422080 + 12685901569068753501*2^64 + 11648697144104939409*2^128 + 60143368602*2^192,1037511149853415168 + 5516525308401761808*2^64 + 4150024640890229327*2^128 + 49088633908*2^192,17345961115845768704 + 14969906233101821828*2^64 + 15473449716129235607*2^128 + 7066408140*2^192,7113595225157067904 + 8579369727121177540*2^64 + 8860951233834733539*2^128 + 37901846916*2^192,11971785458370006144 + 9483414499761734848*2^64 + 14666078854338782526*2^128 + 39542928032*2^192,16273563004602477056 + 17002317679227707831*2^64 + 583959767251489539*2^128 + 15542131374*2^192,1830701460874021504 + 18017379133568643628*2^64 + 926539219490273960*2^128 + 12499703900*2^192,7407266392521865856 + 13051814916344227022*2^64 + 592733430164634166*2^128 + 29439641977*2^192,12616111065306514560 + 6111781640863024813*2^64 + 6933797752656100852*2^128 + 31354429600*2^192,3616210408901519936 + 12883373514349861398*2^64 + 837447258293421103*2^128 + 51435587205*2^192,10788424014702757504 + 983612153341827091*2^64 + 13207959723182454312*2^128 + 44313129900*2^192,16009948067880914944 + 2988385885905615337*2^64 + 1981039220812182625*2^128 + 58552938352*2^192,2448318174953084800 + 7955592051390044327*2^64 + 11645908605522240727*2^128 + 51419752068*2^192,13556897560274856960 + 2697702502108746157*2^64 + 12645064607214703498*2^128 + 58150540260*2^192,6219286678779941504 + 12917103596683707371*2^64 + 8771357588124936896*2^128 + 27978081517*2^192,4236658995325005312 + 1316755592277059588*2^64 + 776621350917683777*2^128 + 45357232568*2^192;\
1286401864404650624 + 13652755656505032719*2^64 + 9447557236251933598*2^128 + 34572476815*2^192,4604051442015184768 + 10533827530861802829*2^64 + 2240282015533969247*2^128 + 25034215885*2^192,6429353997609335336 + 8862780338131066270*2^64 + 17617122306833576155*2^128 + 38654354220*2^192,3677191764765568944 + 13559674107262642957*2^64 + 16761892433604428456*2^128 + 64614560306*2^192,15498119826650330560 + 7158517336762841408*2^64 + 9744212572201042554*2^128 + 59751154068*2^192,14392145349068264960 + 8192474263915186278*2^64 + 16050162367295665985*2^128 + 3138580813*2^192,8037620260519089664 + 13903510141143107044*2^64 + 17552379609977486744*2^128 + 64838350044*2^192,4586868739475082240 + 11524079471286393733*2^64 + 9716449906824604959*2^128 + 5646363399*2^192,9523675843885093760 + 17451726310361152604*2^64 + 11318710269771066975*2^128 + 36377856728*2^192,563949152407205248 + 2819748216939448412*2^64 + 6979391672722324530*2^128 + 66730851358*2^192,3145631666358031104 + 14808763907701009944*2^64 + 6815536241088088794*2^128 + 56644780632*2^192,15823642076253511296 + 1970917008280798198*2^64 + 4264366696193968338*2^128 + 18330491128*2^192,11121614128121021056 + 17011239720074707748*2^64 + 9667641093942472877*2^128 + 46920768222*2^192,8331350593367296192 + 1834046692852296010*2^64 + 5043372334667712105*2^128 + 65154070109*2^192,13355949241378455936 + 5016960727710884389*2^64 + 7948989419302166604*2^128 + 26725556089*2^192,18178874388545224448 + 18015600436377367871*2^64 + 686676558924147745*2^128 + 44683702385*2^192,14204069699209528960 + 969076702121854552*2^64 + 10618124057013308514*2^128 + 14053168116*2^192,15895241801997383424 + 17885414732053868963*2^64 + 8245834858353026379*2^128 + 39604338737*2^192,13726397779388384128 + 3022602926540059067*2^64 + 4672128286420881089*2^128 + 42952006128*2^192,17557690175522392320 + 10071636486915606485*2^64 + 8608232157392727192*2^128 + 42118388349*2^192;\
17114018920129388504 + 5617765314605625309*2^64 + 5832772423176272844*2^128 + 35926657551*2^192,8989515520559500336 + 14528344053567460243*2^64 + 4812767497645510464*2^128 + 27668912934*2^192,5846502737011079966 + 11477312912212317444*2^64 + 13716075502484203115*2^128 + 33205064199*2^192,16192836523795505604 + 13318186613989065875*2^64 + 11761187943097064769*2^128 + 35613419119*2^192,2706411182567388864 + 11107112055914796031*2^64 + 2879158331367441276*2^128 + 42892069900*2^192,1101822684323775312 + 5954853228260544317*2^64 + 13639924512110338009*2^128 + 57886407056*2^192,11712477381062318176 + 13755194341720185078*2^64 + 9561736094635883873*2^128 + 15334016014*2^192,15133074281584873680 + 3868801345731493599*2^64 + 16567328565975554058*2^128 + 47049648973*2^192,9659709207092108544 + 9277624780660085474*2^64 + 11072980846944866538*2^128 + 6228618087*2^192,3669467844386964608 + 11290070237746006988*2^64 + 6540148106689575374*2^128 + 48293503152*2^192,14385693724112740768 + 17827354375481678427*2^64 + 14984758310500168618*2^128 + 64927750114*2^192,12092601085510136288 + 87139631545152357*2^64 + 10294159481952472251*2^128 + 6603215211*2^192,3915013705446555184 + 2078308462629377227*2^64 + 8335608841153819146*2^128 + 20634184125*2^192,6053265663070590496 + 15463520221394958823*2^64 + 15316983003667996205*2^128 + 49828264506*2^192,6937398031946183488 + 14195165996615929024*2^64 + 16450500698274464143*2^128 + 50216818061*2^192,12654975849455751232 + 5259367846629882154*2^64 + 1916391307700182262*2^128 + 64844779892*2^192,8916824715315808160 + 15036328818432398906*2^64 + 7457237349816820412*2^128 + 59290299265*2^192,6420146130933961280 + 2387153046120602465*2^64 + 716416575647586309*2^128 + 3662003171*2^192,11348972616429577440 + 11083149287480445667*2^64 + 158331797336117789*2^128 + 20624011341*2^192,7452777875528497344 + 979216155100100558*2^64 + 11802743770816150377*2^128 + 13724205999*2^192;\
13646770246761853416 + 16539615031859525965*2^64 + 8269733650648466936*2^128 + 7127839543*2^192,4050875671314718672 + 3591513051755820143*2^64 + 1309230011473185289*2^128 + 19618860718*2^192,6104821918131797754 + 1122693681250003614*2^64 + 3774050134776892946*2^128 + 10585187051*2^192,13161712190127997900 + 4998227665535022302*2^64 + 4655299360878440291*2^128 + 5295812080*2^192,13925657101391777152 + 5363993399413033556*2^64 + 15833207595087749049*2^128 + 25292016165*2^192,18111054087471131568 + 558974201843275872*2^64 + 7314355107238422072*2^128 + 43693458497*2^192,4456529772279981728 + 5233686275108229299*2^64 + 9397121257675576432*2^128 + 47211013468*2^192,17874393999910464816 + 6403765780852417823*2^64 + 11214498298330764808*2^128 + 47400380845*2^192,3654015885195391360 + 8959074450785384978*2^64 + 7226656762703208383*2^128 + 62511979716*2^192,6628988879399773696 + 10375123967609166525*2^64 + 7923044313377935476*2^128 + 44437000071*2^192,10866866214737522016 + 2171247891604944578*2^64 + 5688931488340206732*2^128 + 43824259698*2^192,15711361188401913760 + 5337341128023947956*2^64 + 12548887605441454075*2^128 + 26487625744*2^192,12513540280180075088 + 14895347742705863923*2^64 + 6093862734467301852*2^128 + 25058419416*2^192,13113687776046050848 + 7398305676165332595*2^64 + 4710463619948922144*2^128 + 17305653219*2^192,17114123534815869248 + 7887921198478596057*2^64 + 9243111014158081894*2^128 + 6686545142*2^192,9024750153746351040 + 17566549896516626434*2^64 + 6906054137726966871*2^128 + 53353367217*2^192,18231442176529813984 + 13628956401880341312*2^64 + 16678759933434899991*2^128 + 57511896539*2^192,6800432807377400768 + 35656959631058275*2^64 + 4811476109199676458*2^128 + 21557014264*2^192,4787012203797449888 + 3199041236989963678*2^64 + 13543520854952483334*2^128 + 34744777172*2^192,13617404782015712320 + 16227186846062518811*2^64 + 4499062292103604762*2^128 + 48666363246*2^192]
/* 
This matrix times 2^(-6) should be the matrix of frobenius.
*/ 
B = 2^(-6) * A; 
/* Freed 6399 lists. */
The sign is: -1
The characteristic polynomial is: x^20 + x^19 - x^18 - 5*x^17 + 5*x^16 + 37*x^15 - 16*x^14 + 4*x^13 + 464*x^11 - 1856*x^9 - 256*x^7 + 4096*x^6 - 37888*x^5 - 20480*x^4 + 81920*x^3 + 65536*x^2 - 262144*x - 1048576
Its Newton polygon is: [2, 2, 2, 2, 2, 1, 1, 1, 1, 1, 1, 1, 1, 1, 1, 0, 0, 0, 0, 0]
Its factorization is: [x - 2, 1; x + 2, 1; x^18 + x^17 + 3*x^16 - x^15 + 17*x^14 + 33*x^13 + 52*x^12 + 136*x^11 + 208*x^10 + 1008*x^9 + 832*x^8 + 2176*x^7 + 3328*x^6 + 8448*x^5 + 17408*x^4 - 4096*x^3 + 49152*x^2 + 65536*x + 262144, 1]
The valuation of f-g is: 23
The valuation of subst(g,x,A) is: 18
