/* Comments begin... 
No set up needed.

Please input coefficients below.
Coefficient of   x^23                     = Coefficient of   x^12 * w^2               = Coefficient of   x^6 * y^6 * w^1         = Coefficient of   x^5 * y^5 * z^1 * w^1   = Coefficient of   x^4 * y^4 * z^2 * w^1   = Coefficient of   x^3 * y^3 * z^3 * w^1   = Coefficient of   x^2 * y^2 * z^4 * w^1   = Coefficient of   x^1 * y^1 * z^5 * w^1   = Coefficient of   x^1 * w^4               = Coefficient of   y^12                     = Coefficient of   z^6 * w^1               = 
Here is the polynomial we're using this time:

1 + 0*2^64 + 0*2^128 + 0*2^192*x^23 + 1 + 0*2^64 + 0*2^128 + 0*2^192*x^12*w^2 + 1 + 0*2^64 + 0*2^128 + 0*2^192*x^5*y^5*z^1*w^1 + 1 + 0*2^64 + 0*2^128 + 0*2^192*x^1*y^1*z^5*w^1 + 1 + 0*2^64 + 0*2^128 + 0*2^192*x^1*w^4 + 1 + 0*2^64 + 0*2^128 + 0*2^192*y^12 + 1 + 0*2^64 + 0*2^128 + 0*2^192*z^6*w^1


Allocate G_len 20 elements and old = 0.
Allocate M_len = 400 elements.
Allocate G_len 40 elements and old = 20.
Allocate M_len = 800 elements.
Allocate G_len 80 elements and old = 40.
Allocate M_len = 1600 elements.
Allocate M_len = 3200 elements.
Allocate G_len 160 elements and old = 80.
Allocate M_len = 6400 elements.
Allocate M_len = 12800 elements.
Allocate G_len 320 elements and old = 160.
Allocate M_len = 25600 elements.
Allocate M_len = 51200 elements.
Allocate G_len 640 elements and old = 320.
Allocate M_len = 102400 elements.
Allocate M_len = 204800 elements.
Allocate G_len 1280 elements and old = 640.
Allocate M_len = 409600 elements.
Allocate M_len = 819200 elements.
The final length of G is 855
[5, 5, 0, 1, 0]  	241	3 
[5, 4, 1, 1, 0]  	253	3 
[22, 0, 0, 0, 0]  	264	5  <--- 1
[12, 0, 0, 2, 0]  	276	4 
[15, 5, 1, 0, 0]  	330	7 
[10, 10, 1, 0, 0]  	385	6 
[8, 1, 4, 2, 0]  	391	4 
[9, 11, 1, 0, 0]  	396	12 
[8, 0, 5, 2, 0]  	403	7 
[6, 13, 1, 0, 0]  	406	10 
[11, 12, 0, 0, 0]  	408	3 
[11, 0, 6, 1, 0]  	408	7 
[9, 10, 2, 0, 0]  	408	7 
[8, 9, 3, 0, 0]  	408	12 
[18, 1, 5, 0, 0]  	414	9 
[5, 14, 1, 0, 0]  	417	8 
[7, 1, 7, 1, 0]  	418	10 
[9, 0, 7, 1, 0]  	419	12 
[7, 0, 6, 2, 0]  	426	6 
[6, 2, 7, 1, 0]  	429	10 
[7, 9, 4, 0, 0]  	431	12 
[4, 17, 0, 0, 0]  	439	9 
[4, 5, 6, 1, 0]  	439	7 
[5, 3, 7, 1, 0]  	440	8 
[6, 1, 8, 1, 0]  	441	10 
[18, 1, 4, 1, 0]  	445	9 
[11, 6, 5, 0, 0]  	445	10 
[6, 0, 7, 2, 0]  	449	7 
[4, 16, 1, 0, 0]  	451	7 
[4, 4, 7, 1, 0]  	451	6 
[5, 2, 8, 1, 0]  	452	8 
[6, 9, 5, 0, 0]  	454	12 
[18, 0, 5, 1, 0]  	457	8 
[6, 2, 6, 2, 0]  	460	7 
[5, 1, 7, 2, 0]  	460	8 
[21, 0, 6, 0, 0]  	462	10 
[5, 13, 3, 0, 0]  	464	9 
[5, 1, 9, 1, 0]  	464	9 
[6, 8, 6, 0, 0]  	466	12 
[5, 7, 7, 0, 0]  	466	12 
[5, 3, 6, 2, 0]  	471	4 
[5, 0, 8, 2, 0]  	472	6 
[3, 4, 8, 1, 0]  	474	5 
[5, 12, 4, 0, 0]  	476	10 
[5, 0, 10, 1, 0]  	476	10 
[8, 0, 9, 1, 0]  	477	12 
[5, 9, 6, 0, 0]  	477	12 
[5, 6, 8, 0, 0]  	478	11 
[10, 5, 7, 0, 0]  	480	10 
[4, 1, 8, 2, 0]  	483	5 
[20, 0, 7, 0, 0]  	485	13 
[5, 11, 5, 0, 0]  	488	11 
[5, 5, 9, 0, 0]  	490	12 
[4, 4, 10, 0, 0]  	490	12 
[10, 7, 6, 0, 0]  	491	11 
[9, 6, 7, 0, 0]  	491	13 
[8, 5, 8, 0, 0]  	491	14 
[14, 5, 6, 0, 0]  	493	11 
[4, 0, 9, 2, 0]  	495	7 
[3, 0, 0, 7, 0]  	498	8 
[4, 6, 9, 0, 0]  	501	14 
[8, 4, 9, 0, 0]  	503	13 
[17, 4, 6, 0, 0]  	506	11 
[19, 0, 8, 0, 0]  	508	13 
[2, 1, 0, 7, 0]  	509	8 
[4, 11, 6, 0, 0]  	511	10 
[17, 3, 7, 0, 0]  	518	14 
[3, 6, 10, 0, 0]  	524	13 
[4, 2, 1, 6, 0]  	525	12 
[6, 3, 11, 0, 0]  	526	14 
[4, 5, 1, 5, 0]  	528	8 
[14, 2, 9, 0, 0]  	529	12 
[17, 2, 8, 0, 0]  	530	17 
[18, 0, 9, 0, 0]  	531	14 
[4, 0, 12, 1, 0]  	534	9 
[4, 9, 8, 0, 0]  	535	12 
[3, 8, 9, 0, 0]  	535	11 
[3, 5, 11, 0, 0]  	536	12 
[4, 14, 1, 2, 0]  	537	15 
[6, 0, 6, 4, 0]  	546	11 
[3, 10, 8, 0, 0]  	546	9 
[3, 5, 0, 6, 0]  	547	11 
[3, 4, 12, 0, 0]  	548	12 
[5, 3, 12, 0, 0]  	549	13 
[2, 0, 0, 8, 0]  	552	3 
[17, 0, 10, 0, 0]  	554	16 
[4, 9, 3, 3, 0]  	558	11 
[4, 6, 5, 3, 0]  	559	13 
[3, 4, 1, 6, 0]  	559	11 
[4, 3, 7, 3, 0]  	560	12 
[3, 3, 13, 0, 0]  	560	12 
[3, 17, 2, 1, 0]  	563	6 
[16, 1, 10, 0, 0]  	565	18 
[5, 0, 7, 4, 0]  	569	11 
[3, 4, 7, 3, 0]  	571	10 
[3, 3, 2, 6, 0]  	571	11 
[2, 4, 13, 0, 0]  	571	10 
[16, 0, 11, 0, 0]  	577	15 
[5, 2, 6, 4, 0]  	580	11 
[2, 7, 0, 6, 0]  	581	8 
[2, 6, 12, 0, 0]  	582	10 
[2, 4, 2, 6, 0]  	582	9 
[3, 2, 3, 6, 0]  	583	12 
[4, 13, 3, 2, 0]  	584	10 
[4, 12, 2, 3, 0]  	592	7 
[4, 0, 8, 4, 0]  	592	7 
[3, 0, 14, 1, 0]  	592	7 
[2, 16, 2, 2, 0]  	594	8 
[2, 4, 8, 3, 0]  	594	7 
[3, 1, 4, 6, 0]  	595	10 
[3, 20, 1, 1, 0]  	597	6 
[3, 8, 7, 2, 0]  	597	6 
[15, 0, 12, 0, 0]  	600	15 
[4, 2, 7, 4, 0]  	603	8 
[3, 14, 7, 0, 0]  	603	7 
[3, 2, 13, 1, 0]  	603	7 
[1, 9, 11, 0, 0]  	604	7 
[2, 2, 4, 6, 0]  	606	10 
[4, 11, 5, 2, 0]  	608	13 
[14, 1, 12, 0, 0]  	611	17 
[2, 0, 15, 1, 0]  	615	6 
[1, 9, 0, 6, 0]  	615	5 
[2, 20, 0, 2, 0]  	616	6 
[1, 8, 12, 0, 0]  	616	5 
[1, 6, 2, 6, 0]  	616	5 
[1, 16, 3, 2, 0]  	617	5 
[1, 4, 9, 3, 0]  	617	5 
[2, 3, 15, 0, 0]  	618	10 
[1, 12, 0, 5, 0]  	618	7 
[1, 4, 11, 2, 0]  	621	9 
[14, 0, 13, 0, 0]  	623	16 
[3, 21, 3, 0, 0]  	624	7 
[3, 18, 5, 0, 0]  	625	9 
[2, 5, 12, 1, 0]  	625	8 
[2, 0, 4, 7, 0]  	626	7 
[1, 21, 0, 2, 0]  	627	6 
[1, 8, 1, 6, 0]  	627	4 
[3, 8, 6, 3, 0]  	628	6 
[0, 17, 3, 2, 0]  	628	4 
[1, 2, 5, 6, 0]  	629	6 
[1, 1, 0, 9, 0]  	629	5 
[2, 0, 6, 6, 0]  	630	9 
[1, 24, 0, 1, 0]  	630	9 
[3, 23, 0, 1, 0]  	631	7 
[3, 11, 6, 2, 0]  	631	8 
[1, 3, 12, 2, 0]  	633	9 
[3, 20, 4, 0, 0]  	636	7 
[3, 17, 6, 0, 0]  	637	5 
[2, 16, 7, 0, 0]  	637	5 
[1, 1, 4, 7, 0]  	637	5 
[1, 20, 1, 2, 0]  	639	4 
[1, 8, 7, 3, 0]  	639	3 
[0, 8, 13, 0, 0]  	639	3 
[1, 4, 4, 6, 0]  	640	3 
[0, 16, 4, 2, 0]  	640	4 
[0, 4, 10, 3, 0]  	640	3 
[1, 0, 1, 9, 0]  	641	7 
[2, 0, 12, 3, 0]  	642	6 
[3, 9, 2, 5, 0]  	643	6 
[2, 21, 2, 1, 0]  	643	6 
[2, 9, 8, 2, 0]  	643	6 
[10, 1, 3, 6, 0]  	644	12 
[3, 3, 6, 5, 0]  	645	11 
[1, 2, 13, 2, 0]  	645	8 
[13, 0, 14, 0, 0]  	646	13 
[4, 1, 7, 5, 0]  	646	9 
[3, 1, 13, 2, 0]  	646	9 
[1, 17, 7, 0, 0]  	648	9 
[1, 0, 5, 7, 0]  	649	5 
[1, 19, 2, 2, 0]  	651	2 
[1, 7, 8, 3, 0]  	651	2 
[0, 7, 14, 0, 0]  	651	2 
[0, 6, 9, 3, 0]  	651	2 
[1, 5, 15, 0, 0]  	652	4 
[0, 14, 0, 5, 0]  	652	3 
[1, 1, 12, 3, 0]  	653	6 
[1, 0, 7, 6, 0]  	653	6 
[2, 11, 7, 2, 0]  	654	5 
[5, 0, 17, 0, 0]  	655	7 
[3, 8, 3, 5, 0]  	655	6 
[2, 20, 3, 1, 0]  	655	6 
[2, 8, 9, 2, 0]  	655	6 
[1, 5, 0, 8, 0]  	655	5 
[10, 0, 4, 6, 0]  	656	12 
[3, 24, 2, 0, 0]  	658	7 
[1, 5, 2, 7, 0]  	659	5 
[1, 16, 8, 0, 0]  	660	4 
[1, 4, 14, 1, 0]  	660	4 
[0, 3, 15, 1, 0]  	660	4 
[0, 6, 15, 0, 0]  	663	1 
[0, 4, 5, 6, 0]  	663	1 
[0, 3, 0, 9, 0]  	663	1 
[0, 26, 0, 1, 0]  	664	3 
[0, 13, 1, 5, 0]  	664	4 
[0, 2, 12, 3, 0]  	664	3 
[1, 12, 7, 2, 0]  	665	6 
[1, 0, 13, 3, 0]  	665	5 
[1, 8, 4, 5, 0]  	666	4 
[0, 20, 4, 1, 0]  	666	4 
[3, 7, 4, 5, 0]  	667	6 
[2, 19, 4, 1, 0]  	667	7 
[2, 7, 10, 2, 0]  	667	7 
[1, 4, 1, 8, 0]  	667	5 
[11, 2, 14, 0, 0]  	668	12 
[12, 0, 15, 0, 0]  	669	12 
[3, 26, 1, 0, 0]  	669	7 
[3, 1, 8, 5, 0]  	669	10 
[2, 1, 14, 2, 0]  	669	10 
[2, 19, 6, 0, 0]  	671	6 
[1, 4, 3, 7, 0]  	671	4 
[0, 17, 8, 0, 0]  	671	4 
[0, 5, 16, 0, 0]  	675	1 
[0, 3, 6, 6, 0]  	675	1 
[0, 2, 1, 9, 0]  	675	1 
[1, 3, 17, 0, 0]  	676	5 
[0, 13, 7, 2, 0]  	676	5 
[1, 10, 3, 5, 0]  	677	5 
[1, 8, 10, 2, 0]  	678	4 
[9, 2, 15, 0, 0]  	679	10 
[3, 6, 5, 5, 0]  	679	9 
[2, 18, 5, 1, 0]  	679	8 
[2, 5, 6, 5, 0]  	679	9 
[1, 3, 2, 8, 0]  	679	5 
[11, 1, 15, 0, 0]  	680	13 
[3, 0, 9, 5, 0]  	681	6 
[1, 20, 6, 0, 0]  	682	6 
[0, 16, 9, 0, 0]  	683	3 
[0, 13, 11, 0, 0]  	684	5 
[0, 15, 6, 2, 0]  	687	1 
[0, 4, 17, 0, 0]  	687	1 
[0, 2, 7, 6, 0]  	687	1 
[0, 1, 2, 9, 0]  	687	1 
[0, 12, 8, 2, 0]  	688	4 
[1, 10, 9, 2, 0]  	689	3 
[0, 9, 10, 2, 0]  	689	3 
[9, 1, 16, 0, 0]  	691	10 
[2, 29, 0, 0, 0]  	691	9 
[2, 17, 6, 1, 0]  	691	7 
[2, 4, 7, 5, 0]  	691	8 
[1, 2, 3, 8, 0]  	691	5 
[11, 0, 16, 0, 0]  	692	11 
[1, 1, 15, 2, 0]  	692	7 
[0, 13, 0, 6, 0]  	695	3 
[1, 0, 12, 4, 0]  	696	5 
[0, 12, 12, 0, 0]  	696	4 
[0, 3, 18, 0, 0]  	699	1 
[0, 1, 8, 6, 0]  	699	1 
[0, 0, 3, 9, 0]  	699	1 
[3, 0, 19, 0, 0]  	701	3 
[0, 8, 11, 2, 0]  	701	3 
[0, 17, 7, 1, 0]  	702	5 
[2, 28, 1, 0, 0]  	703	5 
[2, 3, 8, 5, 0]  	703	8 
[2, 0, 10, 5, 0]  	704	7 
[0, 20, 7, 0, 0]  	705	3 
[1, 0, 18, 1, 0]  	708	3 
[0, 25, 2, 1, 0]  	711	1 
[0, 12, 3, 5, 0]  	711	1 
[0, 2, 19, 0, 0]  	711	1 
[0, 1, 14, 3, 0]  	711	1 
[0, 0, 9, 6, 0]  	711	1 
[1, 23, 3, 1, 0]  	712	2 
[1, 0, 20, 0, 0]  	712	2 
[0, 9, 5, 5, 0]  	712	2 
[1, 7, 6, 5, 0]  	713	5 
[1, 4, 8, 5, 0]  	714	5 
[0, 16, 8, 1, 0]  	714	4 
[0, 2, 6, 7, 0]  	718	2 
[0, 12, 7, 3, 0]  	719	4 
[0, 24, 3, 1, 0]  	723	1 
[0, 11, 4, 5, 0]  	723	1 
[0, 1, 20, 0, 0]  	723	1 
[0, 0, 15, 3, 0]  	723	1 
[0, 20, 0, 4, 0]  	724	2 
[0, 8, 6, 5, 0]  	724	2 
[1, 28, 2, 0, 0]  	726	4 
[1, 3, 9, 5, 0]  	726	5 
[0, 1, 7, 7, 0]  	730	2 
[0, 9, 0, 8, 0]  	735	1 
[0, 0, 21, 0, 0]  	735	1  <--- 3
[0, 32, 0, 0, 0]  	736	3  <--- 2
[0, 16, 3, 4, 0]  	737	3 
[1, 2, 10, 5, 0]  	738	7 
[1, 0, 17, 2, 0]  	739	5 
[0, 12, 2, 6, 0]  	742	3 
[0, 1, 13, 4, 0]  	742	2 
[0, 8, 1, 8, 0]  	747	1 
[0, 28, 3, 0, 0]  	749	3 
[0, 1, 19, 1, 0]  	754	2 
[0, 7, 2, 8, 0]  	759	1 
[0, 19, 2, 4, 0]  	771	1 
[0, 7, 8, 5, 0]  	771	1 
[0, 6, 3, 8, 0]  	771	1 
[0, 31, 2, 0, 0]  	783	1 
[0, 5, 4, 8, 0]  	783	1 
[0, 0, 0, 12, 0]  	792	1  <--- 4
[0, 26, 6, 0, 0]  	808	4 
[12, 0, 0, 1, 1]  	210	5 
[8, 1, 4, 1, 1]  	325	6 
[8, 0, 5, 1, 1]  	337	6 
[7, 12, 0, 0, 1]  	360	6 
[4, 15, 0, 0, 1]  	393	4 
[6, 14, 0, 0, 1]  	394	8 
[11, 0, 0, 4, 1]  	396	5 
[6, 12, 2, 0, 1]  	418	10 
[5, 13, 2, 0, 1]  	429	10 
[4, 8, 4, 1, 1]  	438	8 
[4, 14, 2, 0, 1]  	440	8 
[5, 12, 3, 0, 1]  	441	10 
[7, 8, 5, 0, 1]  	443	7 
[3, 15, 2, 0, 1]  	451	7 
[4, 13, 3, 0, 1]  	452	9 
[6, 0, 9, 1, 1]  	453	11 
[7, 3, 5, 2, 1]  	460	5 
[4, 12, 2, 1, 1]  	460	7 
[3, 17, 1, 0, 1]  	462	9 
[4, 3, 8, 1, 1]  	463	7 
[3, 14, 3, 0, 1]  	463	6 
[4, 12, 4, 0, 1]  	464	9 
[4, 14, 1, 1, 1]  	471	5 
[3, 19, 0, 0, 1]  	473	9 
[4, 4, 2, 4, 1]  	474	9 
[2, 15, 3, 0, 1]  	474	8 
[4, 5, 9, 0, 1]  	478	13 
[3, 12, 3, 1, 1]  	483	5 
[3, 8, 0, 4, 1]  	484	7 
[2, 14, 4, 0, 1]  	486	7 
[2, 0, 0, 7, 1]  	486	4 
[3, 4, 3, 4, 1]  	497	8 
[7, 1, 4, 4, 1]  	511	12 
[4, 8, 8, 0, 1]  	512	12 
[3, 15, 0, 2, 1]  	513	13 
[8, 1, 0, 6, 1]  	515	9 
[2, 4, 4, 4, 1]  	520	7 
[7, 0, 5, 4, 1]  	523	13 
[3, 5, 7, 2, 1]  	528	9 
[3, 7, 2, 4, 1]  	531	9 
[2, 6, 3, 4, 1]  	531	7 
[4, 4, 0, 6, 1]  	536	13 
[2, 12, 5, 1, 1]  	541	7 
[17, 1, 9, 0, 1]  	542	18 
[5, 1, 2, 6, 1]  	549	11 
[3, 0, 11, 2, 1]  	553	9 
[1, 16, 5, 0, 1]  	555	8 
[3, 12, 7, 0, 1]  	557	8 
[3, 14, 2, 2, 1]  	560	12 
[1, 15, 4, 1, 1]  	563	7 
[2, 15, 0, 3, 1]  	567	8 
[2, 3, 6, 4, 1]  	567	7 
[1, 15, 6, 0, 1]  	567	8 
[2, 18, 0, 2, 1]  	570	10 
[2, 15, 2, 2, 1]  	571	11 
[6, 0, 3, 6, 1]  	573	12 
[2, 18, 2, 1, 1]  	574	8 
[2, 5, 3, 5, 1]  	574	7 
[1, 14, 5, 1, 1]  	575	8 
[2, 14, 1, 3, 1]  	579	8 
[2, 2, 7, 4, 1]  	579	7 
[1, 14, 7, 0, 1]  	579	8 
[4, 13, 1, 3, 1]  	580	10 
[4, 1, 7, 4, 1]  	580	10 
[3, 12, 2, 3, 1]  	580	11 
[3, 0, 8, 4, 1]  	580	9 
[2, 14, 3, 2, 1]  	583	12 
[2, 3, 14, 0, 1]  	583	10 
[2, 13, 0, 4, 1]  	587	9 
[2, 2, 11, 2, 1]  	587	9 
[2, 13, 2, 3, 1]  	591	10 
[2, 1, 8, 4, 1]  	591	8 
[1, 13, 8, 0, 1]  	591	6 
[2, 8, 11, 0, 1]  	593	8 
[1, 18, 1, 2, 1]  	593	8 
[2, 3, 3, 6, 1]  	594	8 
[1, 15, 3, 2, 1]  	594	8 
[2, 13, 4, 2, 1]  	595	10 
[2, 2, 15, 0, 1]  	595	9 
[5, 2, 14, 0, 1]  	596	11 
[5, 0, 4, 6, 1]  	596	10 
[4, 1, 15, 0, 1]  	596	11 
[1, 14, 0, 4, 1]  	598	7 
[1, 3, 11, 2, 1]  	598	7 
[2, 12, 3, 3, 1]  	603	9 
[2, 0, 9, 4, 1]  	603	7 
[2, 10, 10, 0, 1]  	604	7 
[1, 20, 0, 2, 1]  	604	6 
[3, 7, 6, 3, 1]  	605	9 
[2, 6, 7, 3, 1]  	605	8 
[1, 14, 4, 2, 1]  	606	8 
[3, 0, 5, 6, 1]  	607	10 
[2, 11, 0, 5, 1]  	607	10 
[1, 4, 5, 5, 1]  	609	7 
[2, 12, 9, 0, 1]  	615	6 
[2, 8, 6, 3, 1]  	616	6 
[1, 5, 14, 0, 1]  	617	6 
[0, 15, 4, 2, 1]  	617	5 
[2, 1, 5, 6, 1]  	618	8 
[2, 10, 1, 5, 1]  	619	8 
[10, 2, 13, 0, 1]  	621	11 
[1, 3, 6, 5, 1]  	621	7 
[1, 18, 0, 3, 1]  	624	9 
[1, 6, 6, 4, 1]  	624	7 
[1, 15, 2, 3, 1]  	625	9 
[1, 3, 8, 4, 1]  	625	7 
[1, 7, 13, 0, 1]  	628	5 
[1, 6, 8, 3, 1]  	628	5 
[1, 5, 3, 6, 1]  	628	4 
[0, 14, 5, 2, 1]  	629	5 
[0, 13, 0, 5, 1]  	629	5 
[2, 1, 11, 3, 1]  	630	9 
[3, 0, 17, 0, 1]  	631	8 
[2, 22, 1, 1, 1]  	631	7 
[2, 9, 2, 5, 1]  	631	6 
[1, 2, 7, 5, 1]  	633	7 
[13, 1, 13, 0, 1]  	634	16 
[1, 5, 7, 4, 1]  	636	6 
[1, 4, 2, 7, 1]  	636	5 
[1, 14, 3, 3, 1]  	637	7 
[1, 2, 9, 4, 1]  	637	6 
[0, 14, 9, 0, 1]  	637	5 
[1, 12, 10, 0, 1]  	638	6 
[1, 0, 16, 1, 1]  	638	5 
[0, 19, 2, 2, 1]  	639	3 
[1, 2, 11, 3, 1]  	641	6 
[1, 1, 6, 6, 1]  	641	6 
[2, 1, 17, 0, 1]  	642	8 
[1, 23, 1, 1, 1]  	642	7 
[1, 20, 3, 1, 1]  	643	6 
[1, 7, 4, 5, 1]  	643	5 
[2, 27, 0, 0, 1]  	645	11 
[2, 0, 14, 2, 1]  	646	7 
[1, 5, 13, 1, 1]  	648	7 
[0, 16, 8, 0, 1]  	648	5 
[1, 13, 4, 3, 1]  	649	7 
[1, 1, 10, 4, 1]  	649	6 
[0, 13, 10, 0, 1]  	649	5 
[1, 2, 17, 0, 1]  	653	6 
[2, 0, 18, 0, 1]  	654	7 
[1, 22, 2, 1, 1]  	654	6 
[0, 18, 5, 1, 1]  	655	5 
[1, 22, 4, 0, 1]  	658	8 
[1, 9, 5, 4, 1]  	658	7 
[0, 18, 7, 0, 1]  	659	5 
[0, 14, 4, 3, 1]  	660	4 
[1, 12, 5, 3, 1]  	661	7 
[1, 0, 11, 4, 1]  	661	5 
[1, 11, 2, 5, 1]  	665	6 
[0, 17, 6, 1, 1]  	667	5 
[2, 25, 2, 0, 1]  	669	11 
[1, 12, 9, 1, 1]  	669	7 
[0, 20, 6, 0, 1]  	670	5 
[0, 16, 3, 3, 1]  	671	4 
[0, 13, 5, 3, 1]  	672	5 
[0, 12, 0, 6, 1]  	672	4 
[1, 11, 6, 3, 1]  	673	5 
[0, 12, 2, 5, 1]  	676	3 
[1, 0, 19, 0, 1]  	677	4 
[0, 18, 0, 4, 1]  	678	4 
[1, 29, 0, 0, 1]  	679	6 
[0, 16, 7, 1, 1]  	679	5 
[0, 22, 5, 0, 1]  	681	5 
[0, 18, 2, 3, 1]  	682	4 
[0, 24, 2, 1, 1]  	688	4 
[0, 11, 3, 5, 1]  	688	3 
[1, 28, 1, 0, 1]  	691	8 
[0, 15, 8, 1, 1]  	691	5 
[0, 6, 14, 1, 1]  	694	3 
[0, 23, 3, 1, 1]  	700	4 
[0, 11, 9, 2, 1]  	700	3 
[1, 27, 2, 0, 1]  	703	8 
[0, 2, 17, 1, 1]  	707	3 
[0, 31, 0, 0, 1]  	713	4 
[0, 15, 3, 4, 1]  	714	4 
[1, 26, 3, 0, 1]  	715	6 
[0, 11, 2, 6, 1]  	719	3 
[0, 6, 13, 2, 1]  	725	3 
[0, 27, 3, 0, 1]  	726	5 
[0, 5, 14, 2, 1]  	737	3 
[1, 0, 0, 11, 1]  	738	6 
[0, 6, 8, 5, 1]  	748	2 
[1, 1, 5, 1, 2]  	276	3 
[6, 6, 6, 0, 2]  	420	7 
[7, 11, 3, 0, 2]  	442	13 
[3, 18, 0, 0, 2]  	450	8 
[6, 11, 4, 0, 2]  	465	12 
[4, 11, 3, 1, 2]  	472	7 
[4, 7, 8, 0, 2]  	489	13 
[9, 3, 9, 0, 2]  	492	13 
[4, 11, 0, 3, 2]  	499	9 
[21, 11, 0, 0, 2]  	505	3 
[2, 21, 0, 0, 2]  	507	7 
[3, 6, 2, 4, 2]  	508	9 
[2, 18, 2, 0, 2]  	508	9 
[3, 12, 0, 3, 2]  	510	8 
[3, 0, 10, 2, 2]  	518	6 
[2, 20, 1, 0, 2]  	519	8 
[2, 13, 0, 3, 2]  	521	7 
[5, 3, 0, 6, 2]  	525	13 
[3, 4, 2, 5, 2]  	528	8 
[7, 1, 1, 6, 2]  	538	13 
[2, 11, 0, 4, 2]  	541	7 
[1, 17, 4, 0, 2]  	543	8 
[4, 7, 4, 3, 2]  	547	12 
[10, 0, 1, 6, 2]  	551	10 
[1, 15, 0, 3, 2]  	555	7 
[3, 11, 2, 3, 2]  	557	8 
[3, 8, 4, 3, 2]  	558	10 
[2, 8, 10, 0, 2]  	558	10 
[2, 16, 1, 2, 2]  	559	11 
[1, 14, 1, 3, 2]  	567	7 
[4, 1, 3, 6, 2]  	572	10 
[3, 2, 14, 0, 2]  	572	10 
[6, 2, 13, 0, 2]  	573	12 
[1, 13, 0, 4, 2]  	575	7 
[1, 13, 2, 3, 2]  	579	7 
[1, 25, 0, 0, 2]  	587	7 
[15, 1, 11, 0, 2]  	588	18 
[2, 11, 9, 0, 2]  	592	7 
[2, 10, 4, 3, 2]  	592	7 
[2, 6, 1, 6, 2]  	593	7 
[1, 18, 3, 1, 2]  	597	7 
[1, 1, 1, 8, 2]  	598	6 
[1, 17, 2, 2, 2]  	605	7 
[1, 3, 0, 8, 2]  	609	6 
[1, 11, 10, 0, 2]  	615	5 
[1, 3, 4, 6, 2]  	617	5 
[1, 2, 16, 0, 2]  	618	7 
[3, 1, 16, 0, 2]  	619	8 
[0, 27, 0, 0, 2]  	621	6 
[13, 2, 12, 0, 2]  	622	16 
[1, 5, 1, 7, 2]  	624	6 
[1, 12, 4, 3, 2]  	626	7 
[0, 20, 1, 2, 2]  	627	4 
[0, 26, 1, 0, 2]  	633	6 
[0, 5, 15, 0, 2]  	640	3 
[0, 13, 6, 2, 2]  	641	5 
[0, 4, 16, 0, 2]  	652	3 
[0, 3, 11, 3, 2]  	652	3 
[12, 1, 14, 0, 2]  	657	11 
[1, 12, 3, 4, 2]  	657	6 
[1, 8, 0, 7, 2]  	658	6 
[0, 23, 0, 2, 2]  	661	5 
[9, 0, 16, 0, 2]  	668	12 
[1, 24, 3, 0, 2]  	669	6 
[1, 11, 4, 4, 2]  	669	6 
[1, 0, 0, 10, 2]  	672	5 
[0, 25, 1, 1, 2]  	676	5 
[0, 3, 10, 4, 2]  	683	3 
[1, 0, 10, 5, 2]  	692	6 
[0, 2, 11, 4, 2]  	695	3 
[0, 7, 12, 2, 2]  	713	3 
[0, 25, 4, 0, 2]  	715	5 
[0, 7, 7, 5, 2]  	736	2 
[11, 11, 0, 0, 3]  	385	7 
[4, 5, 1, 4, 3]  	462	9 
[3, 6, 1, 4, 3]  	473	9 
[3, 13, 4, 0, 3]  	475	7 
[3, 5, 2, 4, 3]  	485	9 
[3, 11, 4, 1, 3]  	495	6 
[4, 3, 0, 6, 3]  	513	13 
[6, 2, 0, 6, 3]  	514	15 
[10, 0, 0, 6, 3]  	516	11 
[2, 7, 11, 0, 3]  	570	8 
[9, 0, 2, 6, 3]  	574	10 
[1, 6, 13, 0, 3]  	605	7 
[1, 3, 15, 0, 3]  	606	7 
[0, 25, 0, 1, 3]  	641	5 
[1, 3, 3, 7, 3]  	648	6 
[0, 24, 1, 1, 3]  	653	5 
[8, 0, 16, 0, 3]  	656	8 
[0, 3, 17, 0, 3]  	664	3 
[0, 17, 1, 4, 3]  	690	4 
[0, 16, 2, 4, 3]  	702	4 
[0, 3, 5, 7, 3]  	706	2 
[10, 11, 0, 0, 4]  	373	10 
[8, 11, 2, 0, 4]  	419	13 
[7, 0, 8, 1, 4]  	430	12 
[3, 12, 5, 0, 4]  	487	8 
[2, 13, 5, 0, 4]  	498	7 
[1, 14, 5, 0, 4]  	509	7 
[4, 7, 3, 3, 4]  	512	12 
[4, 10, 7, 0, 4]  	523	10 
[4, 9, 2, 3, 4]  	523	10 
[9, 0, 1, 6, 4]  	539	12 
[7, 2, 12, 0, 4]  	550	14 
[2, 17, 2, 1, 4]  	551	8 
[2, 12, 8, 0, 4]  	580	7 
[1, 4, 14, 0, 4]  	594	7 
[10, 1, 14, 0, 4]  	633	11 
[7, 0, 16, 0, 4]  	644	9 
[1, 0, 3, 8, 4]  	645	6 
[0, 5, 9, 5, 4]  	760	2 
[4, 4, 1, 4, 5]  	439	7 
[4, 9, 7, 0, 5]  	500	11 
[4, 6, 4, 3, 5]  	524	12 
[4, 3, 12, 0, 5]  	537	13 
[8, 0, 2, 6, 5]  	562	13 
[3, 10, 3, 3, 5]  	569	8 
[9, 1, 14, 0, 5]  	621	12 
[1, 11, 1, 5, 5]  	630	7 
[6, 0, 16, 0, 5]  	632	9 
[1, 1, 18, 0, 5]  	665	5 
[0, 2, 18, 0, 5]  	676	3 
[0, 12, 6, 3, 5]  	684	4 
[1, 12, 9, 0, 6]  	603	6 
[8, 1, 14, 0, 6]  	609	10 
[5, 0, 16, 0, 6]  	620	9 
[1, 2, 3, 7, 6]  	625	6 
[0, 11, 8, 3, 6]  	731	3 
[4, 5, 4, 3, 7]  	501	13 
[7, 1, 14, 0, 7]  	597	10 
[2, 1, 16, 0, 7]  	607	9 
[5, 2, 13, 0, 8]  	561	11 
[4, 0, 4, 6, 8]  	584	10 
[6, 1, 14, 0, 9]  	585	15 
[4, 0, 16, 0, 9]  	608	9 
[0, 10, 4, 6, 9]  	766	2 
[2, 8, 2, 5, 244]  	608	6 
[2, 7, 2, 5, 245]  	585	6 
[1, 6, 4, 5, 246]  	620	5 
[0, 17, 5, 1, 246]  	632	5 
[0, 4, 4, 8, 246]  	760	1 
[2, 19, 1, 1, 247]  	562	7 
[1, 5, 4, 5, 247]  	597	5 
[0, 16, 5, 1, 247]  	609	5 
[0, 0, 19, 1, 247]  	731	1 
[3, 5, 10, 0, 248]  	501	12 
[2, 11, 3, 3, 248]  	580	7 
[1, 11, 4, 3, 248]  	603	5 
[0, 15, 6, 1, 248]  	621	4 
[0, 15, 8, 0, 248]  	625	5 
[0, 11, 1, 6, 248]  	684	3 
[5, 10, 5, 0, 249]  	465	11 
[5, 0, 3, 6, 249]  	561	9 
[2, 12, 2, 3, 249]  	568	6 
[1, 17, 3, 1, 249]  	574	5 
[3, 1, 15, 0, 249]  	584	8 
[1, 2, 0, 8, 249]  	586	5 
[0, 14, 7, 1, 249]  	633	5 
[0, 1, 13, 3, 249]  	676	2 
[5, 5, 8, 0, 250]  	455	9 
[3, 16, 1, 1, 250]  	505	5 
[2, 4, 3, 5, 250]  	551	6 
[1, 1, 0, 8, 250]  	563	5 
[0, 26, 0, 0, 250]  	598	4 
[0, 14, 8, 0, 250]  	602	5 
[2, 0, 11, 3, 250]  	607	7 
[0, 13, 9, 0, 250]  	614	4 
[1, 0, 12, 3, 250]  	630	3 
[2, 0, 8, 5, 250]  	634	6 
[0, 25, 2, 0, 250]  	645	5 
[0, 13, 8, 1, 250]  	645	4 
[0, 15, 3, 3, 250]  	648	4 
[0, 23, 2, 1, 250]  	665	2 
[0, 5, 9, 4, 250]  	694	2 
[0, 5, 13, 2, 250]  	702	3 
[0, 5, 8, 5, 250]  	725	2 
[0, 4, 9, 5, 250]  	737	2 
[0, 0, 8, 7, 250]  	742	1 
[6, 9, 4, 0, 251]  	419	11 
[4, 12, 3, 0, 251]  	429	6 
[2, 4, 3, 4, 251]  	485	6 
[3, 7, 9, 0, 251]  	512	11 
[3, 9, 8, 0, 251]  	523	10 
[3, 4, 0, 6, 251]  	524	11 
[1, 15, 3, 1, 251]  	528	4 
[1, 14, 0, 3, 251]  	532	5 
[4, 1, 2, 6, 251]  	537	11 
[4, 7, 0, 5, 251]  	539	8 
[0, 16, 5, 0, 251]  	543	4 
[0, 13, 7, 0, 251]  	544	4 
[0, 15, 6, 0, 251]  	555	3 
[2, 0, 8, 4, 251]  	568	5 
[0, 15, 3, 2, 251]  	582	2 
[1, 0, 9, 4, 251]  	591	4 
[1, 0, 13, 2, 251]  	599	3 
[1, 12, 2, 4, 251]  	622	5 
[0, 24, 2, 0, 251]  	622	3 
[0, 9, 12, 0, 251]  	627	1 
[0, 5, 9, 3, 251]  	628	2 
[1, 23, 3, 0, 251]  	646	6 
[0, 4, 14, 1, 251]  	648	1 
[0, 12, 7, 2, 251]  	653	2 
[0, 0, 13, 3, 251]  	653	1 
[0, 1, 7, 6, 251]  	664	1 
[0, 8, 10, 2, 251]  	666	2 
[0, 8, 12, 1, 251]  	670	2 
[0, 6, 12, 2, 251]  	690	3 
[0, 0, 18, 1, 251]  	696	1 
[0, 1, 12, 4, 251]  	707	2 
[0, 0, 7, 7, 251]  	707	1 
[0, 4, 3, 8, 251]  	725	1 
[9, 10, 1, 0, 252]  	373	9 
[4, 12, 2, 0, 252]  	394	4 
[6, 11, 3, 0, 252]  	430	11 
[5, 10, 4, 0, 252]  	430	7 
[5, 0, 7, 2, 252]  	437	4 
[3, 16, 1, 0, 252]  	439	5 
[5, 6, 7, 0, 252]  	443	8 
[3, 11, 0, 3, 252]  	487	6 
[2, 12, 0, 3, 252]  	498	5 
[3, 8, 8, 0, 252]  	500	9 
[1, 13, 0, 3, 252]  	509	5 
[4, 6, 0, 5, 252]  	516	8 
[0, 15, 3, 1, 252]  	516	2 
[2, 7, 2, 4, 252]  	519	4 
[0, 12, 7, 0, 252]  	521	2 
[1, 18, 3, 0, 252]  	531	5 
[1, 5, 4, 4, 252]  	531	4 
[2, 0, 7, 4, 252]  	533	5 
[0, 12, 2, 3, 252]  	544	3 
[3, 0, 13, 1, 252]  	557	4 
[2, 5, 12, 0, 252]  	559	8 
[2, 10, 9, 0, 252]  	569	8 
[0, 19, 2, 1, 252]  	573	2 
[1, 0, 1, 8, 252]  	575	5 
[1, 8, 0, 6, 252]  	592	5 
[0, 5, 8, 3, 252]  	593	2 
[1, 7, 1, 6, 252]  	604	4 
[1, 4, 3, 6, 252]  	605	3 
[0, 15, 0, 4, 252]  	609	3 
[0, 10, 11, 0, 252]  	615	3 
[0, 0, 12, 3, 252]  	618	1 
[0, 14, 1, 4, 252]  	621	3 
[0, 8, 7, 3, 252]  	627	2 
[0, 2, 0, 9, 252]  	640	1 
[0, 12, 1, 5, 252]  	641	4 
[0, 0, 7, 6, 252]  	641	1 
[0, 11, 0, 6, 252]  	649	1 
[0, 11, 6, 3, 252]  	661	3 
[0, 19, 1, 3, 252]  	670	4 
[0, 2, 16, 1, 252]  	672	3 
[0, 1, 17, 1, 252]  	684	2 
[0, 0, 20, 0, 252]  	700	1 
[0, 4, 8, 5, 252]  	702	1 
[9, 9, 2, 0, 253]  	385	5 
[7, 9, 3, 0, 253]  	396	7 
[5, 9, 4, 0, 253]  	407	6 
[5, 5, 7, 0, 253]  	420	4 
[4, 12, 1, 1, 253]  	425	3 
[5, 0, 9, 1, 253]  	441	3 
[0, 15, 3, 0, 253]  	450	2 
[11, 5, 6, 0, 253]  	457	7 
[3, 4, 2, 4, 253]  	462	7 
[0, 19, 1, 0, 253]  	472	2 
[2, 11, 0, 3, 253]  	475	5 
[0, 0, 12, 1, 253]  	486	1 
[4, 5, 0, 5, 253]  	493	8 
[1, 1, 0, 7, 253]  	497	3 
[0, 12, 1, 3, 253]  	509	3 
[3, 4, 11, 0, 253]  	513	6 
[5, 3, 11, 0, 253]  	514	11 
[3, 12, 2, 2, 253]  	514	4 
[1, 0, 7, 4, 253]  	521	2 
[0, 5, 8, 2, 253]  	527	2 
[1, 0, 11, 2, 253]  	529	3 
[3, 11, 7, 0, 253]  	534	4 
[3, 7, 4, 3, 253]  	535	9 
[3, 3, 1, 6, 253]  	536	9 
[1, 14, 4, 1, 253]  	540	5 
[1, 0, 0, 8, 253]  	540	2 
[0, 15, 0, 3, 253]  	543	3 
[3, 2, 2, 6, 253]  	548	9 
[7, 0, 2, 6, 253]  	550	8 
[0, 24, 0, 0, 253]  	552	3 
[1, 18, 0, 2, 253]  	558	6 
[0, 8, 7, 2, 253]  	561	2 
[2, 5, 1, 6, 253]  	570	5 
[2, 8, 1, 5, 253]  	573	3 
[0, 4, 10, 2, 253]  	574	1 
[1, 0, 3, 7, 253]  	579	5 
[1, 16, 2, 2, 253]  	582	7 
[2, 1, 4, 6, 253]  	583	7 
[5, 0, 15, 0, 253]  	585	7 
[1, 7, 12, 0, 253]  	593	2 
[0, 14, 4, 2, 253]  	594	3 
[0, 0, 0, 9, 253]  	594	1 
[0, 12, 0, 5, 253]  	606	1 
[0, 21, 0, 2, 253]  	615	2 
[0, 12, 6, 2, 253]  	618	2 
[2, 0, 17, 0, 253]  	619	4 
[0, 4, 8, 4, 253]  	636	2 
[0, 1, 11, 4, 253]  	672	2 
[0, 0, 6, 7, 253]  	672	1 
[0, 8, 5, 5, 253]  	689	2 
[0, 5, 7, 5, 253]  	690	2 
[0, 4, 2, 8, 253]  	690	1 
[0, 12, 1, 0, 254]  	311	2 
[5, 0, 7, 1, 254]  	371	3 
[5, 9, 3, 0, 254]  	372	3 
[5, 0, 6, 2, 254]  	402	2 
[0, 4, 8, 1, 254]  	438	1 
[2, 4, 2, 4, 254]  	450	3 
[0, 8, 6, 1, 254]  	460	1 
[0, 11, 6, 0, 254]  	463	1 
[1, 0, 0, 7, 254]  	474	2 
[3, 4, 10, 0, 254]  	478	5 
[1, 12, 0, 3, 254]  	486	3 
[1, 0, 6, 4, 254]  	486	2 
[3, 6, 9, 0, 254]  	489	5 
[2, 9, 0, 4, 254]  	495	2 
[2, 8, 1, 4, 254]  	507	3 
[1, 4, 4, 4, 254]  	508	2 
[3, 2, 1, 6, 254]  	513	8 
[1, 7, 10, 0, 254]  	523	2 
[3, 3, 12, 0, 254]  	525	8 
[2, 8, 0, 5, 254]  	538	5 
[1, 20, 0, 1, 254]  	538	2 
[2, 17, 0, 2, 254]  	547	9 
[2, 6, 11, 0, 254]  	547	4 
[0, 21, 0, 1, 254]  	549	2 
[2, 9, 4, 3, 254]  	569	6 
[1, 4, 2, 6, 254]  	570	1 
[14, 0, 12, 0, 254]  	588	9 
[1, 2, 4, 6, 254]  	594	4 
[0, 0, 6, 6, 254]  	606	1 
[1, 10, 1, 5, 254]  	607	4 
[0, 3, 10, 3, 254]  	617	2 
[0, 3, 16, 0, 254]  	629	3 
[1, 9, 3, 5, 254]  	654	3 
[0, 8, 0, 8, 254]  	712	1 
[5, 5, 1, 0, 255]  	210	3 
[0, 12, 0, 0, 255]  	276	2 
[0, 0, 6, 1, 255]  	276	1 
[4, 5, 2, 3, 255]  	431	4 
[3, 4, 9, 0, 255]  	443	3 
[2, 8, 0, 4, 255]  	472	3 
[4, 9, 1, 3, 255]  	488	5 
[3, 3, 11, 0, 255]  	490	4 
[8, 0, 0, 6, 255]  	492	4 
[4, 9, 3, 2, 255]  	492	2 
[1, 4, 2, 5, 255]  	504	1 
[2, 8, 9, 0, 255]  	523	7 
[2, 7, 4, 3, 255]  	523	6 
[6, 1, 1, 6, 255]  	526	6 
[5, 0, 2, 6, 255]  	526	4 
[1, 8, 0, 5, 255]  	526	1 
[0, 0, 0, 8, 255]  	528	1 
[16, 0, 10, 0, 255]  	542	5 
[3, 9, 3, 3, 255]  	546	9 
[4, 0, 3, 6, 255]  	549	4 
[7, 1, 13, 0, 255]  	562	9 
[6, 0, 14, 0, 255]  	562	8 
[1, 6, 12, 0, 255]  	570	4 
[2, 2, 3, 6, 255]  	571	3 
[3, 0, 4, 6, 255]  	572	3 
[5, 1, 14, 0, 255]  	573	5 
[0, 11, 0, 5, 255]  	583	1 
[2, 0, 5, 6, 255]  	595	5 
[0, 4, 5, 5, 255]  	597	1 
[0, 6, 14, 0, 255]  	628	3 
[1, 1, 17, 0, 255]  	630	4 
[0, 0, 5, 7, 255]  	637	1 
[0, 2, 17, 0, 255]  	641	2 
[0, 0, 19, 0, 255]  	665	1 
[0, 10, 3, 6, 255]  	731	2 
------
The gap is between 10 and 243.
Lengths: 5 5 10 15 5 14.
For 692 = 3*d-d1-d2-d3-d4 you get 5 in char 0.
1 + 0*2^64 + 0*2^128 + 0*2^192*y^24*z^4
1 + 0*2^64 + 0*2^128 + 0*2^192*y^12*z^10*w^1
1 + 0*2^64 + 0*2^128 + 0*2^192*y^11*z^5*w^4
1 + 0*2^64 + 0*2^128 + 0*2^192*y^10*w^7
1 + 0*2^64 + 0*2^128 + 0*2^192*z^16*w^2

For 416 = 2*d-d1-d2-d3-d4 you get 10 in char 0.
1 + 0*2^64 + 0*2^128 + 0*2^192*x^5*y^4*w^4
1 + 0*2^64 + 0*2^128 + 0*2^192*x^4*y^3*z^1*w^4
1 + 0*2^64 + 0*2^128 + 0*2^192*x^3*y^15*z^1
1 + 0*2^64 + 0*2^128 + 0*2^192*x^3*y^2*z^2*w^4
1 + 0*2^64 + 0*2^128 + 0*2^192*x^2*y^14*z^2
1 + 0*2^64 + 0*2^128 + 0*2^192*x^2*y^1*z^3*w^4
1 + 0*2^64 + 0*2^128 + 0*2^192*x^1*y^13*z^3
1 + 0*2^64 + 0*2^128 + 0*2^192*x^1*z^4*w^4
1 + 0*2^64 + 0*2^128 + 0*2^192*y^12*z^4
1 + 0*2^64 + 0*2^128 + 0*2^192*z^10*w^1

For 140 = d-d1-d2-d3-d4 you get 5 in char 0.
1 + 0*2^64 + 0*2^128 + 0*2^192*x^4*y^4
1 + 0*2^64 + 0*2^128 + 0*2^192*x^3*y^3*z^1
1 + 0*2^64 + 0*2^128 + 0*2^192*x^2*y^2*z^2
1 + 0*2^64 + 0*2^128 + 0*2^192*x^1*y^1*z^3
1 + 0*2^64 + 0*2^128 + 0*2^192*z^4

Extra powers of p used 10.
The invariant extra is equal to 33.
Start computing 2^4 Delta^1 (x1x2x3x4)^1... Done.
Start computing 2^5 Delta^2 (x1x2x3x4)^1... Done.
Start computing 2^6 Delta^3 (x1x2x3x4)^1... Done.
Start computing 2^7 Delta^4 (x1x2x3x4)^1... Done.
Start computing 2^8 Delta^5 (x1x2x3x4)^1... Done.
Start computing 2^9 Delta^6 (x1x2x3x4)^1... Done.
Start computing 2^10 Delta^7 (x1x2x3x4)^1... Done.
Start computing 2^11 Delta^8 (x1x2x3x4)^1... Done.
Start computing 2^12 Delta^9 (x1x2x3x4)^1... Done.
Start computing 2^13 Delta^10 (x1x2x3x4)^1... Done.
Start computing 2^14 Delta^11 (x1x2x3x4)^1... Done.
Start computing 2^15 Delta^12 (x1x2x3x4)^1... Done.
Start computing 2^16 Delta^13 (x1x2x3x4)^1... Done.
Start computing 2^17 Delta^14 (x1x2x3x4)^1... Done.
Start computing 2^18 Delta^15 (x1x2x3x4)^1... Done.
Start computing 2^19 Delta^16 (x1x2x3x4)^1... Done.
Start computing 2^20 Delta^17 (x1x2x3x4)^1... Done.
Start computing 2^21 Delta^18 (x1x2x3x4)^1... Done.
Start computing 2^22 Delta^19 (x1x2x3x4)^1... Done.
Start computing 2^23 Delta^20 (x1x2x3x4)^1... Done.
Start computing 2^24 Delta^21 (x1x2x3x4)^1... Done.
Start computing 2^25 Delta^22 (x1x2x3x4)^1... Done.
Start computing 2^26 Delta^23 (x1x2x3x4)^1... Done.
Start computing 2^27 Delta^24 (x1x2x3x4)^1... Done.
Start computing 2^28 Delta^25 (x1x2x3x4)^1... Done.
Start computing 2^29 Delta^26 (x1x2x3x4)^1... Done.
Start computing 2^30 Delta^27 (x1x2x3x4)^1... Done.
Start computing 2^31 Delta^28 (x1x2x3x4)^1... Done.
Start computing 2^32 Delta^29 (x1x2x3x4)^1... Done.
Start computing 2^33 Delta^30 (x1x2x3x4)^1... Done.
Start computing 2^34 Delta^31 (x1x2x3x4)^1... Done.
Start computing 2^35 Delta^32 (x1x2x3x4)^1... Done.
Start computing 2^36 Delta^33 (x1x2x3x4)^1... Done.
Start computing 2^37 Delta^34 (x1x2x3x4)^1... Done.
Start computing 2^38 Delta^35 (x1x2x3x4)^1... Done.
Start computing aa.
1 2 3 4 5 6 7 8 9 10 11 12 13 14 15 16 17 18 19 20 
*/
A = \
[821741858196331328 + 5394258286817474591*2^64 + 331323883757096124*2^128 + 78792496195*2^192,6274784936930741632 + 15063708786903941348*2^64 + 13944441039958773043*2^128 + 137103565492*2^192,9925720179693144896 + 8674545872078504502*2^64 + 10169349508028589770*2^128 + 16174340491*2^192,12790165705885405648 + 14877910125079213160*2^64 + 14878750138086348179*2^128 + 479555318504*2^192,4565412697057386496 + 14502101789603956952*2^64 + 15476816395373324250*2^128 + 182893363034*2^192,11386058475430784384 + 5962795601637058758*2^64 + 3169718860326828662*2^128 + 540673364002*2^192,17831789518359328896 + 14017831851742729314*2^64 + 16410434542963802061*2^128 + 404318635028*2^192,1268562008177244928 + 1780171131420598263*2^64 + 17405872122981567430*2^128 + 543461437041*2^192,71456097032580352 + 15413812354692253456*2^64 + 10965500582517754829*2^128 + 390546597475*2^192,14305061319317989376 + 17723220452914578414*2^64 + 11974969056228576467*2^128 + 473911145062*2^192,16452041648494483968 + 10017284313053185328*2^64 + 10170824276240660870*2^128 + 419265429483*2^192,8219690261094267904 + 17141177124868808392*2^64 + 4022764384173943864*2^128 + 54043514197*2^192,4505852527417287296 + 4747197966930096390*2^64 + 5324350070903226847*2^128 + 389516400259*2^192,1130781933780768000 + 17787969485675115050*2^64 + 14040863974388362388*2^128 + 193173125566*2^192,13120470214129293824 + 1896122406821190566*2^64 + 417882698398768499*2^128 + 267411176298*2^192,7570877766107016192 + 12627739783952658370*2^64 + 5278552843812911143*2^128 + 101195356268*2^192,14777984256791643392 + 13593931569172518085*2^64 + 17125378388851657704*2^128 + 245628964003*2^192,11034750502144871424 + 16835853301294796896*2^64 + 17078799845637685070*2^128 + 202304026837*2^192,6791126864850969600 + 1580616594843624499*2^64 + 15846143685338405479*2^128 + 324444188385*2^192,17158308226284304896 + 16333899560524440851*2^64 + 18241521729109841672*2^128 + 280983686900*2^192;\
6529506525785701632 + 1303587488087016234*2^64 + 2268810561440557604*2^128 + 523774199760*2^192,16938838151239262976 + 2251798691270873470*2^64 + 3523130995135976831*2^128 + 503774655844*2^192,249815320693857920 + 3957631448220795300*2^64 + 6071262505197938551*2^128 + 103233242964*2^192,8785204856152548400 + 15331273767421706911*2^64 + 5391887133930407582*2^128 + 296407139073*2^192,8790702013024221952 + 12174897013773810032*2^64 + 17175598760993053256*2^128 + 13639809950*2^192,18395788602642390400 + 7435249088828490148*2^64 + 6279150747118088237*2^128 + 101070841184*2^192,5712574125435182720 + 491899302852750537*2^64 + 15701764704114273757*2^128 + 135759460575*2^192,7193611572444412160 + 16690761433975418804*2^64 + 2671821475522861503*2^128 + 459026820972*2^192,9667102930460239360 + 10513175050279346189*2^64 + 12333715476468336459*2^128 + 174973220204*2^192,4850692619249013248 + 6024997278571139571*2^64 + 1401898426201570253*2^128 + 396964291271*2^192,5746066646102684672 + 5740357082272553882*2^64 + 10352850604259427513*2^128 + 386030288550*2^192,11307037737808690176 + 11247741505032653751*2^64 + 3863359979780443512*2^128 + 236691881579*2^192,9030131597993856640 + 3988878373976251324*2^64 + 11791157541974005527*2^128 + 132372445611*2^192,13201055971332602112 + 4069976262690629954*2^64 + 11473224299652688470*2^128 + 325336725038*2^192,16354888519399170560 + 16441309831263450934*2^64 + 15251572777952888624*2^128 + 499649699828*2^192,3055554056229582336 + 15696186381196550641*2^64 + 9904364671714971716*2^128 + 25955616903*2^192,10062207065234810112 + 253630558270026497*2^64 + 7468699532330341238*2^128 + 527368257146*2^192,6316291477728952832 + 4262611237320724984*2^64 + 12036757165588747892*2^128 + 377660880248*2^192,3511914958780267008 + 3793791380876173654*2^64 + 15786409977182274577*2^128 + 218531129307*2^192,5333351615140215808 + 12584998764772035258*2^64 + 326960431622027421*2^128 + 481487694362*2^192;\
12549206665249818624 + 7033629928538828145*2^64 + 1740107841721737437*2^128 + 456903999413*2^192,2635763302847680512 + 7068658270289879204*2^64 + 10050322666607842107*2^128 + 98162013125*2^192,3046644823148470784 + 12836795974088383905*2^64 + 1660787072904862650*2^128 + 488926003608*2^192,6969215117257321472 + 91079146613843190*2^64 + 7813614379450438425*2^128 + 365733149950*2^192,15734854251348754432 + 9635733772186175719*2^64 + 15407413585596525476*2^128 + 392912476381*2^192,1678160518757945344 + 17797211881663097361*2^64 + 9423837868607296978*2^128 + 159648133049*2^192,3646874518185164800 + 13575222785882948420*2^64 + 1934082734441755541*2^128 + 253389527663*2^192,10358629899740864512 + 16869146405753368945*2^64 + 6435696003451401534*2^128 + 513474437142*2^192,12159620757672177664 + 13528849930157084060*2^64 + 11577282748217105096*2^128 + 36787889925*2^192,14504404609241120768 + 508232424208470059*2^64 + 8711199018412225667*2^128 + 325195759976*2^192,3452311856202350592 + 6031827447843471349*2^64 + 9539400344607978777*2^128 + 449892754051*2^192,15322126418289418240 + 5218442052153798446*2^64 + 5223617116559167917*2^128 + 363138307705*2^192,10753556094824787968 + 11767714148499221537*2^64 + 16388067999355544532*2^128 + 547913999808*2^192,1091336751024037888 + 15494325560244923589*2^64 + 4829861259928109899*2^128 + 19389682730*2^192,1770894760510898176 + 3175175990588909423*2^64 + 14434315673791614196*2^128 + 504815843077*2^192,4531072803391029248 + 9016754207574344722*2^64 + 8382930308878565214*2^128 + 228162365613*2^192,14736033883665063936 + 2273278805336891779*2^64 + 5055300448298517508*2^128 + 319830262519*2^192,5858346019291447296 + 1651578656535859726*2^64 + 14102096905747350245*2^128 + 464643335638*2^192,17006896660821319680 + 4873934321789817461*2^64 + 10059401553860247953*2^128 + 316939762117*2^192,5820963009606549504 + 11258497071177551065*2^64 + 193742094695894978*2^128 + 528041725843*2^192;\
8877661512300013568 + 18352947591400857150*2^64 + 8586299984462836770*2^128 + 244047681016*2^192,3172284206040190976 + 84818153705479580*2^64 + 12303698774327066010*2^128 + 136921995402*2^192,1902696138717143040 + 4360632631608265543*2^64 + 10250612253438175284*2^128 + 297032444204*2^192,4482640032566097408 + 13645114684808489520*2^64 + 377862055628138733*2^128 + 226105117359*2^192,4377460985879740416 + 13235080726691268591*2^64 + 6241783603147815527*2^128 + 503846469660*2^192,9971546672835219456 + 13508271111049328273*2^64 + 16533526893306572455*2^128 + 402866781827*2^192,15654195274436976640 + 15120608702944962943*2^64 + 15348952867932635577*2^128 + 313970027061*2^192,17410494766799544320 + 9963077831721783976*2^64 + 12392677733191920297*2^128 + 8780966170*2^192,13059884743085191168 + 8644890978406574444*2^64 + 10011653501479049678*2^128 + 374908237473*2^192,4227456708202889216 + 7427285526341555162*2^64 + 231806398864844020*2^128 + 210416690029*2^192,16156766115156221952 + 6651609861623655274*2^64 + 12934825771606089934*2^128 + 469156973225*2^192,10997634679872921600 + 16935434556082706195*2^64 + 16421664398515148706*2^128 + 349138354500*2^192,13179450385545883648 + 5043447581425875749*2^64 + 17339502596083703355*2^128 + 202594872075*2^192,15712132003590021120 + 17189322831184889402*2^64 + 6448312852227380618*2^128 + 491241648597*2^192,3110434861441400832 + 15903644891460080393*2^64 + 4191007597895486175*2^128 + 19586345586*2^192,13246372124351004672 + 14106549031083836437*2^64 + 18302391877700312408*2^128 + 129652665797*2^192,16605187005535084544 + 11111201681249073190*2^64 + 7084194393409906774*2^128 + 431990694754*2^192,10537640251235287040 + 407045749823539643*2^64 + 11032611825854677380*2^128 + 48042088434*2^192,18238584561679835136 + 14188871411746392159*2^64 + 2930193161681932633*2^128 + 53905786896*2^192,14155420384634847232 + 4008870203164052849*2^64 + 14568778696191842028*2^128 + 537971459282*2^192;\
6724052038057409584 + 15399272379962251975*2^64 + 12816291054362199293*2^128 + 235622365434*2^192,13600241482321894944 + 3115025583604647260*2^64 + 17363491399082912574*2^128 + 257188923890*2^192,8191264526211489392 + 18048005422332844111*2^64 + 12920295999965752316*2^128 + 326451298663*2^192,505623049798242356 + 4404550691552940934*2^64 + 5457008033284937823*2^128 + 127928999749*2^192,2237830421750805632 + 16358778948365104739*2^64 + 3820658357309867345*2^128 + 174718480482*2^192,4159915923766528480 + 13246046348354407184*2^64 + 11643232502909539802*2^128 + 96083906540*2^192,8508456595891763360 + 11280454549531278987*2^64 + 11267909937290113176*2^128 + 377863990346*2^192,6422204191628678336 + 4708063058820718931*2^64 + 6222751960727805520*2^128 + 507290417114*2^192,15607843543680853952 + 7098950635423441065*2^64 + 12406784371443489936*2^128 + 440067825234*2^192,16488748853727672576 + 10569235728844821065*2^64 + 12567780517447035913*2^128 + 519758026280*2^192,13415485323306871168 + 12703122826605592810*2^64 + 13178514322475562039*2^128 + 440284386092*2^192,14358752181546001152 + 1474403041232136058*2^64 + 16054670317227686187*2^128 + 473015796156*2^192,3953790912017754144 + 9666088569118849006*2^64 + 12539325278609851334*2^128 + 232990066307*2^192,10015916787751385664 + 17644101670648717327*2^64 + 2623034047951179337*2^128 + 57777816520*2^192,499540090035871872 + 12192421538043261936*2^64 + 16536932300732627075*2^128 + 85530479906*2^192,10306277034067400192 + 17703209284578371435*2^64 + 3404726077981975922*2^128 + 275579164980*2^192,14369562041294901312 + 10672119110956437958*2^64 + 2159954542098494229*2^128 + 59089580628*2^192,6220856003286377472 + 9351851478923578925*2^64 + 6606900763308656215*2^128 + 500010631635*2^192,2422806879852342784 + 5435202571599036017*2^64 + 14590763997916192744*2^128 + 13264419641*2^192,2071678558571847552 + 15013527246455726134*2^64 + 162771750154091255*2^128 + 123108004618*2^192;\
2429494834833709056 + 12400711009842929193*2^64 + 11586571004837595991*2^128 + 230327895627*2^192,6326862661118816256 + 13161359557283985049*2^64 + 3506116336630598327*2^128 + 440810593409*2^192,10037186879330666496 + 18236549544317491817*2^64 + 8566340136364502985*2^128 + 297896748157*2^192,16299446202952305152 + 17647395206695408235*2^64 + 1732541692899224842*2^128 + 526406809573*2^192,11939392602259398656 + 7323132272897016485*2^64 + 9320249343363114225*2^128 + 25349603137*2^192,9910704278306823168 + 11067841604904874201*2^64 + 4429079366236451529*2^128 + 8563115653*2^192,12127045610269906944 + 13106366750584482150*2^64 + 2062876143905829437*2^128 + 226946985157*2^192,1793063552632909824 + 1477880544813548065*2^64 + 1647044554290997625*2^128 + 285960799161*2^192,5461434926843871232 + 820261530563851012*2^64 + 17534652473001797558*2^128 + 460538785472*2^192,8306578950222094336 + 5396025692831370979*2^64 + 6863737461745058072*2^128 + 219497418376*2^192,801676952569647104 + 14890796610454429823*2^64 + 1685832508357768025*2^128 + 170050784439*2^192,11820893183393169408 + 2179210852402802217*2^64 + 14046447657927338436*2^128 + 129695494424*2^192,6571369230460493824 + 6697713353292706447*2^64 + 7447147650215115455*2^128 + 329204088302*2^192,14525190130022629376 + 17467231539126606353*2^64 + 4483756326928554482*2^128 + 30455790497*2^192,9878194043158036480 + 5800290210828761335*2^64 + 12620759188206958314*2^128 + 147020695805*2^192,513686142460690432 + 5773086767711123424*2^64 + 2156413336101890114*2^128 + 499442462804*2^192,13075270615442161664 + 2997656275337126779*2^64 + 2565002861168932162*2^128 + 265920153323*2^192,6697455677857406976 + 14537153246765967768*2^64 + 13441083956915603191*2^128 + 426310262526*2^192,3884767208396832768 + 3746448435496825162*2^64 + 16202599040857047485*2^128 + 422400661916*2^192,15690249232392273920 + 2370484591766711421*2^64 + 11066848174779282361*2^128 + 31801400275*2^192;\
14295435437184700416 + 16114934245905464387*2^64 + 2995476839534650085*2^128 + 51740199976*2^192,8120276512954728448 + 15621178776287223503*2^64 + 8982372373391857325*2^128 + 141308639068*2^192,1098697637402814976 + 18034178338069058909*2^64 + 14224498710527189890*2^128 + 388748883797*2^192,5998264193660191744 + 5777315175767332360*2^64 + 6967136425912084154*2^128 + 524718817182*2^192,15470879756338339840 + 15507591395823734060*2^64 + 6101938116879606862*2^128 + 523178755833*2^192,1549332771688138752 + 15429785820614108373*2^64 + 15846083650246817170*2^128 + 435374556003*2^192,6791955744431131648 + 2686855804537831050*2^64 + 2532728823006699777*2^128 + 93717813348*2^192,15315403000241352704 + 6870865582208167462*2^64 + 10833808557610637680*2^128 + 291012596896*2^192,2804444315623385088 + 15521194397399418277*2^64 + 7805906940316268895*2^128 + 275727532467*2^192,16909025075285475328 + 8686899475334532489*2^64 + 14114992346477486377*2^128 + 12401003502*2^192,2715373326964597760 + 15583027186978957707*2^64 + 5330482002262464563*2^128 + 88478878714*2^192,6694763879029403648 + 10907530602603247398*2^64 + 9774435034462243138*2^128 + 138986335532*2^192,6279132173771311104 + 2418818158668110238*2^64 + 11100604737545998452*2^128 + 175032709200*2^192,10880309183461122048 + 4031860925550323428*2^64 + 16467546357375274941*2^128 + 30779412076*2^192,5996199303804829696 + 3762636913476127701*2^64 + 15484240117162158707*2^128 + 143436271292*2^192,13448388155287502848 + 7209922632604808382*2^64 + 4167146311277526042*2^128 + 373958104717*2^192,13979884899311648768 + 11576514081900742994*2^64 + 12361033170382381977*2^128 + 534075716353*2^192,6454583567953240064 + 11232266586757881327*2^64 + 7150402051571791770*2^128 + 201517226069*2^192,10743746872900059136 + 15797568273453037764*2^64 + 17359271789027289614*2^128 + 289081327933*2^192,4595071892520697856 + 9758733873641261991*2^64 + 10997483643190587813*2^128 + 72340568475*2^192;\
15208584496662499072 + 14198672739275032581*2^64 + 16136740387668760983*2^128 + 221923560499*2^192,3632648605808979456 + 8783376153789860668*2^64 + 13727316925524362365*2^128 + 9889238757*2^192,5718280646250911744 + 12235050241945248804*2^64 + 11447556828895189428*2^128 + 538303244231*2^192,934159269108278656 + 9091255347953036943*2^64 + 8000967941485904137*2^128 + 246659584658*2^192,722576416780528640 + 7924443239706616184*2^64 + 12273951824682776244*2^128 + 21021368606*2^192,566426750088668416 + 2062942863123341938*2^64 + 8349974663739443908*2^128 + 67354155098*2^192,14825549928407559168 + 6253011360920660365*2^64 + 5792531012471177257*2^128 + 107159044978*2^192,10397538000549843456 + 16205558252968043611*2^64 + 16534590122132801992*2^128 + 531170554072*2^192,11953160978777321984 + 412237434836064*2^64 + 8206487213488084808*2^128 + 518841154987*2^192,5016189981595792896 + 6875386977280530013*2^64 + 9241721872009129251*2^128 + 499622332935*2^192,10862992423521136128 + 15608983544280847270*2^64 + 15559434797445828351*2^128 + 17457082833*2^192,14503533303939001344 + 3244681056879153403*2^64 + 6546139783698500191*2^128 + 42999369423*2^192,6630222233256053760 + 7571624019590890954*2^64 + 1864278822167521592*2^128 + 470630952780*2^192,2473785191767791616 + 3816748074509393009*2^64 + 13990451479265092617*2^128 + 165162798296*2^192,8678811661474807808 + 9398723043462208838*2^64 + 6056598874766652113*2^128 + 9841604349*2^192,580361703906549760 + 4198961832726255398*2^64 + 7109690822278079850*2^128 + 425619555880*2^192,12972296681776177152 + 13873256657237166218*2^64 + 11053329155616455101*2^128 + 261686786518*2^192,282056624863816704 + 6135246886254533667*2^64 + 14911013728968601577*2^128 + 105024462978*2^192,4245495095180712960 + 808820208212103437*2^64 + 10229844372367550096*2^128 + 451311404908*2^192,6855056933600153600 + 8554762767155612049*2^64 + 13557074899561845930*2^128 + 125729184635*2^192;\
11578089332505624576 + 13146313139611439173*2^64 + 10648019433773716624*2^128 + 490469184409*2^192,10651063583980142592 + 16088033298675990570*2^64 + 2280363812155967663*2^128 + 357181371630*2^192,11741813310931525632 + 6057574545081357194*2^64 + 15365731276338295093*2^128 + 430485837150*2^192,11000645617520522240 + 9522091917450633502*2^64 + 7343992685195889552*2^128 + 269858007949*2^192,16726120458040524800 + 1732174219449949726*2^64 + 173872679946121752*2^128 + 451069180964*2^192,10312994198515537920 + 6779795326665616014*2^64 + 8805611692006826369*2^128 + 427938580417*2^192,3288097049899537408 + 8093961738736509237*2^64 + 9807444714025474267*2^128 + 376457936839*2^192,11250617663819137024 + 17356534244783410080*2^64 + 4424155566450866192*2^128 + 77028455940*2^192,12872608324444811264 + 8838662876753613555*2^64 + 6285990486060179709*2^128 + 294388409152*2^192,6962813692254199808 + 14885931589363263696*2^64 + 11698910721769741484*2^128 + 185572013258*2^192,2265070740363495424 + 8311507338530253384*2^64 + 11443995728922236730*2^128 + 460612751553*2^192,17830793493730234368 + 8460926167668833209*2^64 + 1893330425914791102*2^128 + 517942222763*2^192,2803387482878871552 + 12732173724015240330*2^64 + 9750003722203815268*2^128 + 23937599865*2^192,16686134377411772416 + 5219577172479737288*2^64 + 16942184673579440038*2^128 + 267900893786*2^192,14673843078638501888 + 12514756756385574432*2^64 + 5786473219780601604*2^128 + 547798442175*2^192,6823396260511481856 + 15894738547460936200*2^64 + 12916303042285953123*2^128 + 225172390089*2^192,3242053267780919296 + 13894429699486136215*2^64 + 14541736877951037826*2^128 + 194442169876*2^192,12385643850694787072 + 13075221401068806183*2^64 + 16665474968052218932*2^128 + 481666513001*2^192,6371993871554281472 + 977876176746635346*2^64 + 1880053948650356075*2^128 + 281943829479*2^192,7328053416406958080 + 3168928252449092957*2^64 + 18360170247122042790*2^128 + 365106100232*2^192;\
11338669828214952768 + 12717440308190547235*2^64 + 4765894597150475090*2^128 + 423650355252*2^192,7845207473345386112 + 17234040172848933646*2^64 + 17032712828476735708*2^128 + 28257499706*2^192,17632134026985478912 + 5124510083007564516*2^64 + 199560692609064426*2^128 + 289263014434*2^192,10928601697789460640 + 4427290338503429274*2^64 + 17589643730783141216*2^128 + 324086039715*2^192,18237484779269243648 + 9669889594277877194*2^64 + 9301096816277680998*2^128 + 368454645534*2^192,1356130093374687168 + 916128403550180230*2^64 + 15895533718845095482*2^128 + 446021094561*2^192,676453814001433600 + 941685655744417866*2^64 + 6001390012326503609*2^128 + 107002735198*2^192,7132513426878725248 + 8646105665106391900*2^64 + 14407129624128477474*2^128 + 93529651217*2^192,4613615333465757568 + 7094894117200573386*2^64 + 7740547128154112955*2^128 + 271161720998*2^192,5554214057512410752 + 7771651727324357977*2^64 + 1684286759696423929*2^128 + 15373712103*2^192,11729291123065197440 + 16836875528236859634*2^64 + 3847972783258517190*2^128 + 544418762151*2^192,7417327436200287744 + 9049798622753093007*2^64 + 10150647555738795890*2^128 + 421400298898*2^192,11223140955463897856 + 4576023951277473917*2^64 + 13565582737207657373*2^128 + 85424893105*2^192,15380495999553098752 + 13753870371417756593*2^64 + 11168141831341643998*2^128 + 424086329853*2^192,5714286304658467840 + 11418644349694362471*2^64 + 14042559338323639423*2^128 + 353224512716*2^192,8473083103559965696 + 7143304102432125641*2^64 + 10225538816343264626*2^128 + 60747116712*2^192,5555892256689975296 + 9283943667301888024*2^64 + 2834769848754475125*2^128 + 115982827373*2^192,2453944427592178944 + 15251203069126961904*2^64 + 3363103173822738855*2^128 + 55257740027*2^192,6858368053470813440 + 5908249410618317975*2^64 + 13145301444616167351*2^128 + 255717338051*2^192,7231562680048875520 + 4624293420397530242*2^64 + 4457872623447955030*2^128 + 495397861737*2^192;\
12551810514565552128 + 16056800319691269978*2^64 + 2806809155205946128*2^128 + 257660276041*2^192,13760429368428318720 + 5247880078350823098*2^64 + 16057751730194031456*2^128 + 400449352823*2^192,6269522518866229760 + 7135557960367508044*2^64 + 16122599922330771776*2^128 + 453876459223*2^192,15311221700967215616 + 14744387503516990011*2^64 + 11836115637437521262*2^128 + 23292266607*2^192,8132964552872869888 + 3012045569749723875*2^64 + 3454000217460087576*2^128 + 310577578398*2^192,9682600035437181952 + 9216970856921652693*2^64 + 10150862279691086853*2^128 + 205495136827*2^192,7403765761907830784 + 1904925855081159089*2^64 + 2304854086968594639*2^128 + 255392191917*2^192,12595468176154705920 + 3151245781050440156*2^64 + 2045036783815447263*2^128 + 309558487914*2^192,811500876202451968 + 1683254003520346704*2^64 + 3295539287406845*2^128 + 281418397954*2^192,14934776775645765632 + 3616083176772986999*2^64 + 4820588630974546152*2^128 + 524335724993*2^192,11440947705859950592 + 10142261767191771899*2^64 + 15830241448443705274*2^128 + 179791537331*2^192,682072586453356544 + 8813526370936248804*2^64 + 11798744900496942516*2^128 + 189289776785*2^192,3122534542081164288 + 11550875625962058024*2^64 + 2509880336211842678*2^128 + 261336760294*2^192,9453706120888311808 + 17582311365835513567*2^64 + 15189734649541987012*2^128 + 120516866194*2^192,16015904544318308352 + 2373950072389108208*2^64 + 4404011090458034177*2^128 + 436431941041*2^192,7431709467457044480 + 4700663185967525841*2^64 + 14231005746660107056*2^128 + 343028397803*2^192,4407636254787977216 + 2781163939628012526*2^64 + 14359698897308558278*2^128 + 3317011410*2^192,16062232865101053952 + 8781552076534770900*2^64 + 3243275809133712303*2^128 + 1812839556*2^192,15674519770600210432 + 17049864934965137971*2^64 + 3054021355388185320*2^128 + 44331943184*2^192,16175414390224945152 + 14819509287564085477*2^64 + 15784778694663185858*2^128 + 387930067736*2^192;\
3125007483067196336 + 8652330814186549809*2^64 + 15629748786060408460*2^128 + 489913346382*2^192,8612867356802813536 + 18105440901662583023*2^64 + 14023991726941295443*2^128 + 55206341575*2^192,10188028274043249664 + 9177321987026578193*2^64 + 12729925576944256205*2^128 + 351628446694*2^192,2531924395229128424 + 10424480381464450779*2^64 + 12800726522993081042*2^128 + 172111410539*2^192,11983284964682786368 + 8746910736002508262*2^64 + 11414963033027573311*2^128 + 509090870240*2^192,7300370853168089808 + 7562688272806093326*2^64 + 7853678183589959011*2^128 + 506431315574*2^192,10905998858418442112 + 4800009838226419965*2^64 + 12904863678407043838*2^128 + 465137880934*2^192,753381877889637472 + 3200822591700083904*2^64 + 9091288755140206210*2^128 + 392639816467*2^192,1125855147685967264 + 5671674886243881441*2^64 + 11039333500685128048*2^128 + 151674901248*2^192,16796029970566469088 + 7007191066706399556*2^64 + 10542250547282168981*2^128 + 374130547743*2^192,15759696804874321312 + 14537555969607866359*2^64 + 3427854081791143152*2^128 + 96089861340*2^192,848670086104884864 + 12858161867145811032*2^64 + 6470541329828860341*2^128 + 69632376286*2^192,18059252882764825536 + 10296540915478367240*2^64 + 10091100604366466160*2^128 + 408845596167*2^192,16226537958510879744 + 10007048067113462632*2^64 + 16705719497579970954*2^128 + 110226904950*2^192,17824056201372062464 + 9704163217393723718*2^64 + 5452014460139832389*2^128 + 94115597522*2^192,13172521933601520896 + 4012972935974026294*2^64 + 18401927405695354567*2^128 + 2190691205*2^192,15599524322921614080 + 2851151831080398179*2^64 + 11818023314906046443*2^128 + 442246042865*2^192,3284889942137155520 + 13975046643580887940*2^64 + 3316572089616074895*2^128 + 516402001584*2^192,10614369923422822336 + 17862073705651076773*2^64 + 5899505524686394329*2^128 + 38948093290*2^192,16409626224108237824 + 3605545463898478225*2^64 + 13337250809353944760*2^128 + 459859266244*2^192;\
7845792853682159616 + 11492988727841253074*2^64 + 5475775895670953996*2^128 + 126436628441*2^192,10242243954337423360 + 16612432552496769404*2^64 + 11657606089506759331*2^128 + 64564841377*2^192,1976109843461907456 + 14672840359662584958*2^64 + 6567136170476691752*2^128 + 281653630791*2^192,2572672138170284544 + 13188138319703666668*2^64 + 14259850928930301020*2^128 + 141028514861*2^192,13217011495420895232 + 10709260120585508323*2^64 + 3225061689615863285*2^128 + 210700657900*2^192,11857202963802172416 + 5458209784213686787*2^64 + 82091829725725459*2^128 + 430388320110*2^192,11854257682294847488 + 1501487075761827373*2^64 + 16504678872329266329*2^128 + 66519728752*2^192,6047353383761063936 + 17685195097768658304*2^64 + 12176491494811555481*2^128 + 299414249994*2^192,13216142831931071488 + 7722676196424339473*2^64 + 7596581221368105663*2^128 + 322480943570*2^192,14198969271392673792 + 7223397451853829805*2^64 + 8508913957727629113*2^128 + 469713052263*2^192,5667141579820451840 + 5095718093617526465*2^64 + 310871373148038198*2^128 + 535890902597*2^192,14942162780200792064 + 11529116398933355580*2^64 + 8633216136162432360*2^128 + 397253586317*2^192,7760189746310463488 + 8168441306833100609*2^64 + 12637847371343473306*2^128 + 359012594131*2^192,7452602686707572736 + 17025848975918583317*2^64 + 1738389360201815577*2^128 + 360156183081*2^192,9140832443553595392 + 9427284997457788165*2^64 + 3936485185418724473*2^128 + 335535160052*2^192,8358104142596538368 + 3745631494973507392*2^64 + 8291384229790821777*2^128 + 113155608717*2^192,16956757834946420736 + 4849968558615993034*2^64 + 9661551958436964544*2^128 + 492049524771*2^192,10827778728684273664 + 18278954987256439603*2^64 + 18196804288636272186*2^128 + 71675551845*2^192,12384354270368251904 + 13064972236728815904*2^64 + 7199544806997089203*2^128 + 371833475334*2^192,4947338783614648320 + 2865811608179124333*2^64 + 14119628814635247425*2^128 + 271327789930*2^192;\
6314526370005965092 + 18389663199670531717*2^64 + 16720888177059645067*2^128 + 329031495074*2^192,17709227168356618760 + 6821825515173930676*2^64 + 12256403435146112065*2^128 + 255979504978*2^192,9026387354077591552 + 9501157339567113079*2^64 + 13819326240867417199*2^128 + 156090691923*2^192,1921248829662744838 + 8783760826036062625*2^64 + 17984683708552023193*2^128 + 333205375926*2^192,5243402385510868144 + 3076535357648365454*2^64 + 17738682184500105766*2^128 + 170752853106*2^192,601717509617772988 + 11703061862158012165*2^64 + 17057005268778982945*2^128 + 97082059750*2^192,18234462280548279392 + 16923569957508357043*2^64 + 13662174623251212999*2^128 + 315384919048*2^192,1166030534388893704 + 8196576233935446014*2^64 + 12751946001597078610*2^128 + 508858926692*2^192,12187821452715152376 + 7029625558350932774*2^64 + 13090620148318862617*2^128 + 59098856380*2^192,16481635875562204840 + 18374048502025093240*2^64 + 12552155035346404499*2^128 + 130328097875*2^192,2049531510563633400 + 10955361132970624916*2^64 + 2990029736028316315*2^128 + 310382670052*2^192,5710581830270114784 + 8337790386314853269*2^64 + 9527248946386342218*2^128 + 128247922539*2^192,10793663771726748176 + 13325155015273137237*2^64 + 13230136197049223678*2^128 + 89228254654*2^192,8426701199424905600 + 1170617261755109327*2^64 + 18242255113809682662*2^128 + 388062238892*2^192,15133055799990080832 + 1559793084829150660*2^64 + 11870415140670759552*2^128 + 115297713463*2^192,8095064154284802752 + 13333797536479713327*2^64 + 10993167666976608873*2^128 + 337523937484*2^192,2155466653802081728 + 237866970761310013*2^64 + 12650303276697726972*2^128 + 465000914162*2^192,4912024813943857488 + 1713603108483674649*2^64 + 13032763375767449545*2^128 + 474591963354*2^192,10095929741931887952 + 4787728968045138424*2^64 + 6201192208343081660*2^128 + 293081885653*2^192,5573062631316084480 + 14726943017492132701*2^64 + 16011504801740105296*2^128 + 182063995717*2^192;\
11118256057192664382 + 2644029944093406841*2^64 + 9899072690454090997*2^128 + 45477615344*2^192,4885921264438193020 + 14521850539466208477*2^64 + 3133757601540325351*2^128 + 259748686434*2^192,13313441804477930104 + 1925445962534904905*2^64 + 12868188946167683499*2^128 + 459164981183*2^192,13861518257529859155 + 5337595065507491458*2^64 + 14204406606910823307*2^128 + 170149517326*2^192,17494915414525748488 + 12409255274545484600*2^64 + 2584096319553930705*2^128 + 505706103265*2^192,11328318964082027738 + 6405698392581180353*2^64 + 4216265047903380109*2^128 + 356830210037*2^192,17052572985302252320 + 14900031758829336570*2^64 + 11673147539427168335*2^128 + 246510007384*2^192,17633230382214071244 + 18440975073280399071*2^64 + 9819734059907276589*2^128 + 345741078991*2^192,5147298946403169012 + 13330342740969312273*2^64 + 6865074859994981937*2^128 + 75596370282*2^192,12154083781149508828 + 15934415763286579306*2^64 + 18298532533023381644*2^128 + 112018352408*2^192,2516280502356844116 + 6620399587143480203*2^64 + 18423086563696412158*2^128 + 308184398412*2^192,4561313528732031440 + 759129754504426830*2^64 + 12159027082829642378*2^128 + 329827372040*2^192,10142760780309805736 + 4017714216706854253*2^64 + 6442364828734947958*2^128 + 311934517305*2^192,11232338053541616352 + 425693757318043753*2^64 + 393405660162317841*2^128 + 486772563330*2^192,1488104251940791840 + 11402876922370288428*2^64 + 11777611957466820503*2^128 + 399068120969*2^192,9710408461174366496 + 140944424981457984*2^64 + 4262989473808161775*2^128 + 264784249979*2^192,4557702252881806656 + 16086123632347300548*2^64 + 7256826544666715226*2^128 + 151211501123*2^192,11130364118359843256 + 10469715166495353939*2^64 + 18391192578784878267*2^128 + 513875363107*2^192,9952847330279377080 + 6432942477781605027*2^64 + 7136685393540599304*2^128 + 345529935079*2^192,14174279545875956800 + 5824730674468438662*2^64 + 3635090483662086432*2^128 + 342070489354*2^192;\
8136778530887812096 + 7332173699686741914*2^64 + 10034649677404368853*2^128 + 99915583657*2^192,1061463165875005440 + 11289174333720638850*2^64 + 3386557626526452591*2^128 + 184073210787*2^192,15973731783201563648 + 11727359144803855333*2^64 + 9669795483410525580*2^128 + 273828481990*2^192,13746982823597843200 + 12974328652338915083*2^64 + 8347333954387495148*2^128 + 132348143816*2^192,5240430386186989568 + 7039452289743318883*2^64 + 16776798665714268698*2^128 + 29803407691*2^192,10234130829644691456 + 17478130977495873739*2^64 + 14789055395000968486*2^128 + 125130646375*2^192,3461694806104633344 + 2078797514901634822*2^64 + 11683457940029949287*2^128 + 266818019716*2^192,6993244141808863232 + 4701718280506015040*2^64 + 15656074790098840576*2^128 + 17941103445*2^192,13999804302155976704 + 11768732125699642306*2^64 + 4998592685348734103*2^128 + 60820474238*2^192,17137754304050683904 + 3586998201802970785*2^64 + 2593851925566474820*2^128 + 125578613609*2^192,18000753933078573056 + 5431140120184373234*2^64 + 14229038686978257913*2^128 + 88114378258*2^192,8810655264194801664 + 12030433396621462188*2^64 + 16267968619948729444*2^128 + 210664234649*2^192,15116184365847758848 + 14368281095707935821*2^64 + 12717118389205057431*2^128 + 249774458298*2^192,11016602565332770816 + 7683076991124618462*2^64 + 18016170651218642905*2^128 + 107531493897*2^192,2444730192861708288 + 9288039568595107139*2^64 + 14774167454554377491*2^128 + 45585965903*2^192,5160162570574235648 + 2932222028984697475*2^64 + 15182867197385222563*2^128 + 120205369125*2^192,17527909940570251264 + 10822602845891118289*2^64 + 2623378826825975871*2^128 + 260831616397*2^192,6277699042624258048 + 11193210735102600864*2^64 + 14600293778699252801*2^128 + 225898153481*2^192,10436349387786084352 + 10943516546171462255*2^64 + 17788476657199363248*2^128 + 89866456510*2^192,13113165868018671616 + 5384511978249981375*2^64 + 13598346472913325736*2^128 + 263654279157*2^192;\
102854360271259520 + 625401592308741025*2^64 + 5701568821361863037*2^128 + 67235735014*2^192,5805272556598439680 + 12772826150471250410*2^64 + 2126536853460793431*2^128 + 11904001788*2^192,4258593357806843392 + 1722122718006029975*2^64 + 8955543331717625999*2^128 + 296322760993*2^192,6775752886895786432 + 11202860189569460302*2^64 + 8087689456945500473*2^128 + 50610309181*2^192,7188168433992090112 + 16843409471130090105*2^64 + 2915923767836923401*2^128 + 153762100624*2^192,15882699311013959296 + 7388461004897247110*2^64 + 12562122765825754651*2^128 + 172449342670*2^192,10163075877286041600 + 15018673225390065662*2^64 + 4194196266004814118*2^128 + 480412329651*2^192,9144792899636353792 + 12984001150292204492*2^64 + 195654143252155308*2^128 + 271358314540*2^192,3729229157011438848 + 8778271755742246610*2^64 + 14339508582195278902*2^128 + 421946400757*2^192,6692558852932687616 + 13127165615823722324*2^64 + 5672140125453807816*2^128 + 472506098727*2^192,5031621059105316096 + 17719592986702326328*2^64 + 12028156508889176639*2^128 + 292257539387*2^192,3300397293085350912 + 4347539758554299173*2^64 + 7632692803599261852*2^128 + 231325164261*2^192,15618023796839186944 + 14157819710162991659*2^64 + 16359764070842176944*2^128 + 70568141703*2^192,12116088060607432704 + 4426503224704531153*2^64 + 9450010205918179412*2^128 + 423483940443*2^192,18254452851393628160 + 3931621670161781635*2^64 + 16683802858126893368*2^128 + 497364105865*2^192,13809248484878260224 + 12136720961489504330*2^64 + 14716629229001878618*2^128 + 352937761083*2^192,15118318917712701440 + 9324936492493262363*2^64 + 14220153558478441740*2^128 + 342922648843*2^192,11342014043384561152 + 16626756576242348393*2^64 + 15029112626847177888*2^128 + 428170189548*2^192,5016848958234445312 + 11497789121076346408*2^64 + 11080391650002460957*2^128 + 78756124303*2^192,6240302361499123712 + 6230335052072023957*2^64 + 11637221829328667944*2^128 + 33218875310*2^192;\
10069516353660373312 + 11467653483003700569*2^64 + 12335082398086474802*2^128 + 430011783927*2^192,9897341293164991104 + 6100573292516334517*2^64 + 2196900557807862960*2^128 + 548001984713*2^192,18371278755966828800 + 12890253946470565315*2^64 + 18307059489667260638*2^128 + 429470787652*2^192,9985030802410608416 + 5119027039313680045*2^64 + 13354573054734197895*2^128 + 157354555479*2^192,8798455784076782336 + 802010365663374811*2^64 + 7091666524948318490*2^128 + 461489958728*2^192,1534217974465465280 + 2598418835177803290*2^64 + 10920002249407392783*2^128 + 471372404698*2^192,17357823481169286144 + 11671352154330714160*2^64 + 6211399385139846046*2^128 + 410708596735*2^192,15848222616587409536 + 4723983367156061799*2^64 + 12851240053799973502*2^128 + 19139549259*2^192,18248528177996496768 + 17183507772151736252*2^64 + 13012824556565511939*2^128 + 66398985311*2^192,13160577271683444352 + 6568371329250686025*2^64 + 6717845858800135305*2^128 + 528872550362*2^192,3203670766585736064 + 7850929593816346959*2^64 + 10838869206280911001*2^128 + 457265353602*2^192,8251448803364046336 + 1318781433992991938*2^64 + 17289475820648338677*2^128 + 433253437287*2^192,8582022434666352384 + 5170725646703345750*2^64 + 15976607776166667810*2^128 + 73709219867*2^192,2207502951116366848 + 10840892431704710204*2^64 + 14170816606252946068*2^128 + 190651312030*2^192,5872977999497497600 + 16321066094617962149*2^64 + 13685263853390779599*2^128 + 172774066455*2^192,5623170174455585792 + 15711554350362453556*2^64 + 7471918421745213947*2^128 + 405397389082*2^192,9482695083173240832 + 9871492800232828572*2^64 + 9142762418523246467*2^128 + 501123304579*2^192,15622409633505516800 + 17895859116475123780*2^64 + 4548924451451665460*2^128 + 337294274444*2^192,18050608819566718208 + 8694019557824538290*2^64 + 9409261639073431505*2^128 + 381951509062*2^192,1841214282370181120 + 457822479304752617*2^64 + 11707104913721066751*2^128 + 432473139823*2^192;\
11880115423812959432 + 17322075541385507599*2^64 + 14277004987555534967*2^128 + 281225585640*2^192,14106330228560220688 + 15476635312450664381*2^64 + 14703603180072750429*2^128 + 518239293588*2^192,2217366951577148352 + 9090860885130933844*2^64 + 2459468817014681840*2^128 + 30614611628*2^192,13970838311633483164 + 1915107041840232923*2^64 + 8754680659039133312*2^128 + 126407837676*2^192,16236528482058658400 + 4814234293153283603*2^64 + 11294949411127346021*2^128 + 309115576299*2^192,15364685324565951288 + 7802308569588390487*2^64 + 12618403493472464146*2^128 + 260168570237*2^192,16803694071908209728 + 10985579719819460389*2^64 + 15342495769375018784*2^128 + 93321570642*2^192,9543651524315142800 + 5863432313030630234*2^64 + 9278483969452820336*2^128 + 182066264953*2^192,2876911249804256624 + 16139846953415053130*2^64 + 9712094686611098253*2^128 + 86675247794*2^192,657317694972576976 + 16202167881741985898*2^64 + 4003248950861623316*2^128 + 264607243145*2^192,16791146590774644336 + 1777847070512854583*2^64 + 4751520551834423155*2^128 + 143257300658*2^192,13053486879824305600 + 11765649447519883950*2^64 + 17443372270797827679*2^128 + 94716765403*2^192,3262296493038071456 + 13985869474627521067*2^64 + 2827105991772281012*2^128 + 535867558343*2^192,7351749576268024320 + 8300888935875713634*2^64 + 7121988348696212739*2^128 + 543622750706*2^192,12693361103211435136 + 1128630626111076317*2^64 + 16865562465492242581*2^128 + 109223870585*2^192,11087441228533589376 + 9447775155858728004*2^64 + 1436934131423091405*2^128 + 7729817039*2^192,3910515038343061120 + 5627639408169432944*2^64 + 12163853419311344074*2^128 + 346675697255*2^192,16910639243768847776 + 2069074375255145966*2^64 + 13933406699953871766*2^128 + 296995456263*2^192,16702259067956540832 + 16101672294036680227*2^64 + 17585692652294046818*2^128 + 227466016997*2^192,17676566889552344064 + 1181986695325971766*2^64 + 12692283291879777967*2^128 + 314556539903*2^192;\
6220271837610297096 + 5823502152032903211*2^64 + 2106597587005159118*2^128 + 405049531945*2^192,16735441476161205904 + 5278229290281211238*2^64 + 7474425660566709820*2^128 + 288065497286*2^192,8009559277752466624 + 4311847392063418060*2^64 + 10016651029674170809*2^128 + 358248238920*2^192,9282412410741575740 + 15481507528974096272*2^64 + 15892490847503154974*2^128 + 271539305426*2^192,14663260708061567328 + 18039039194844619081*2^64 + 15370669897116800068*2^128 + 342891458822*2^192,3567027061915129336 + 2126171644588039796*2^64 + 7324791110836686188*2^128 + 18136535028*2^192,285283051754747968 + 15564294194426060253*2^64 + 6815020168700356260*2^128 + 82752626877*2^192,1698316471615081744 + 496281229197181395*2^64 + 15735434303437126331*2^128 + 311922617295*2^192,6683501424729252592 + 11844924479126631051*2^64 + 9310963731638093286*2^128 + 198773433844*2^192,5557323505646001488 + 7958690524395878734*2^64 + 7239211659806210326*2^128 + 299148561325*2^192,17200674782234255344 + 2074817372841807537*2^64 + 8608886167575374788*2^128 + 15253380332*2^192,9161327392752169920 + 3166974207318090159*2^64 + 24297960189257318*2^128 + 198156230796*2^192,7875254582532284832 + 4650384156422661697*2^64 + 10098739908171577472*2^128 + 380417641585*2^192,6785730102499278336 + 17682690705023382473*2^64 + 119480418367385364*2^128 + 181626650995*2^192,5642145566664732800 + 10517187625808498941*2^64 + 16869036105728566461*2^128 + 337974806695*2^192,13442814829287457152 + 6579103232015705133*2^64 + 10034066943577364538*2^128 + 109366115500*2^192,16460933975789520512 + 11387844451508133515*2^64 + 7594239082255004048*2^128 + 10606387694*2^192,1223998124693905056 + 17424628271165918506*2^64 + 14451493890893674561*2^128 + 301307067710*2^192,3761363085219628704 + 7509915454417761432*2^64 + 17042675526426767247*2^128 + 348710537240*2^192,7651411033132463104 + 1455710946608049958*2^64 + 14554591390532457877*2^128 + 217756100647*2^192]
/* 
This matrix times 2^(-9) should be the matrix of frobenius.
*/ 
B = 2^(-9) * A; 
/* Freed 6210 lists. */
The sign is: -1
The characteristic polynomial is: x^20 + x^18 - 3*x^17 + 4*x^16 - 3*x^15 - 8*x^14 - 24*x^13 + 272*x^11 - 1088*x^9 + 1536*x^7 + 2048*x^6 + 3072*x^5 - 16384*x^4 + 49152*x^3 - 65536*x^2 - 1048576
Its Newton polygon is: [2, 2, 2, 2, 2, 1, 1, 1, 1, 1, 1, 1, 1, 1, 1, 0, 0, 0, 0, 0]
Its factorization is: [x - 2, 1; x + 2, 1; x^18 + 5*x^16 - 3*x^15 + 24*x^14 - 15*x^13 + 88*x^12 - 84*x^11 + 352*x^10 - 64*x^9 + 1408*x^8 - 1344*x^7 + 5632*x^6 - 3840*x^5 + 24576*x^4 - 12288*x^3 + 81920*x^2 + 262144, 1]
The valuation of f-g is: 20
The valuation of subst(g,x,A) is: 11
