/* Comments begin... 
No set up needed.

Please input coefficients below.
Coefficient of   x^23                     = Coefficient of   x^12 * w^2               = Coefficient of   x^6 * y^6 * w^1         = Coefficient of   x^5 * y^5 * z^1 * w^1   = Coefficient of   x^4 * y^4 * z^2 * w^1   = Coefficient of   x^3 * y^3 * z^3 * w^1   = Coefficient of   x^2 * y^2 * z^4 * w^1   = Coefficient of   x^1 * y^1 * z^5 * w^1   = Coefficient of   x^1 * w^4               = Coefficient of   y^12                     = Coefficient of   z^6 * w^1               = 
Here is the polynomial we're using this time:

1 + 0*2^64 + 0*2^128 + 0*2^192*x^23 + 1 + 0*2^64 + 0*2^128 + 0*2^192*x^12*w^2 + 1 + 0*2^64 + 0*2^128 + 0*2^192*x^6*y^6*w^1 + 1 + 0*2^64 + 0*2^128 + 0*2^192*x^5*y^5*z^1*w^1 + 1 + 0*2^64 + 0*2^128 + 0*2^192*x^4*y^4*z^2*w^1 + 1 + 0*2^64 + 0*2^128 + 0*2^192*x^1*w^4 + 1 + 0*2^64 + 0*2^128 + 0*2^192*y^12 + 1 + 0*2^64 + 0*2^128 + 0*2^192*z^6*w^1


Allocate G_len 20 elements and old = 0.
Allocate M_len = 400 elements.
Allocate G_len 40 elements and old = 20.
Allocate M_len = 800 elements.
Allocate G_len 80 elements and old = 40.
Allocate M_len = 1600 elements.
Allocate M_len = 3200 elements.
Allocate G_len 160 elements and old = 80.
Allocate M_len = 6400 elements.
Allocate M_len = 12800 elements.
Allocate G_len 320 elements and old = 160.
Allocate M_len = 25600 elements.
Allocate M_len = 51200 elements.
Allocate G_len 640 elements and old = 320.
Allocate M_len = 102400 elements.
Allocate M_len = 204800 elements.
Allocate G_len 1280 elements and old = 640.
Allocate M_len = 409600 elements.
Allocate M_len = 819200 elements.
Allocate G_len 2560 elements and old = 1280.
The final length of G is 890
[5, 5, 0, 1, 0]  	241	3 
[5, 4, 1, 1, 0]  	253	4 
[22, 0, 0, 0, 0]  	264	6  <--- 1
[12, 0, 0, 2, 0]  	276	3 
[4, 4, 2, 1, 0]  	276	4 
[16, 6, 0, 0, 0]  	330	9 
[6, 13, 0, 0, 0]  	371	7 
[8, 12, 0, 0, 0]  	372	12 
[11, 11, 0, 0, 0]  	385	10 
[10, 10, 1, 0, 0]  	385	10 
[21, 5, 1, 0, 0]  	402	10 
[6, 1, 7, 1, 0]  	406	8 
[11, 0, 6, 1, 0]  	408	13 
[9, 10, 2, 0, 0]  	408	13 
[8, 9, 3, 0, 0]  	408	13 
[21, 4, 2, 0, 0]  	414	10 
[6, 3, 6, 1, 0]  	417	8 
[6, 12, 2, 0, 0]  	418	10 
[19, 4, 3, 0, 0]  	425	11 
[18, 0, 6, 0, 0]  	426	10 
[10, 0, 7, 1, 0]  	431	14 
[7, 9, 4, 0, 0]  	431	14 
[6, 1, 6, 2, 0]  	437	6 
[8, 0, 6, 2, 0]  	438	9 
[5, 3, 7, 1, 0]  	440	8 
[7, 11, 3, 0, 0]  	442	13 
[7, 8, 5, 0, 0]  	443	14 
[6, 7, 6, 0, 0]  	443	14 
[5, 17, 0, 0, 0]  	451	6 
[4, 16, 1, 0, 0]  	451	6 
[4, 1, 9, 1, 0]  	452	8 
[6, 0, 9, 1, 0]  	453	11 
[9, 0, 8, 1, 0]  	454	13 
[6, 6, 7, 0, 0]  	455	12 
[12, 6, 5, 0, 0]  	457	11 
[5, 1, 7, 2, 0]  	460	6 
[4, 0, 8, 2, 0]  	460	6 
[4, 15, 2, 0, 0]  	463	6 
[4, 3, 8, 1, 0]  	463	7 
[6, 11, 4, 0, 0]  	465	12 
[5, 7, 7, 0, 0]  	466	13 
[11, 7, 5, 0, 0]  	468	13 
[18, 5, 4, 0, 0]  	471	16 
[5, 3, 6, 2, 0]  	471	6 
[3, 16, 2, 0, 0]  	474	9 
[3, 4, 8, 1, 0]  	474	9 
[4, 14, 3, 0, 0]  	475	7 
[5, 0, 10, 1, 0]  	476	10 
[6, 10, 5, 0, 0]  	477	13 
[5, 6, 8, 0, 0]  	478	13 
[4, 5, 9, 0, 0]  	478	13 
[18, 4, 5, 0, 0]  	483	14 
[2, 0, 0, 7, 0]  	486	6 
[4, 13, 4, 0, 0]  	487	8 
[4, 7, 8, 0, 0]  	489	12 
[15, 3, 7, 0, 0]  	494	14 
[4, 12, 5, 0, 0]  	499	10 
[4, 9, 7, 0, 0]  	500	11 
[15, 8, 4, 0, 0]  	504	15 
[4, 3, 0, 6, 0]  	513	15 
[6, 2, 0, 6, 0]  	514	14 
[13, 5, 7, 0, 0]  	516	15 
[3, 9, 8, 0, 0]  	523	10 
[3, 4, 0, 6, 0]  	524	11 
[4, 2, 1, 6, 0]  	525	13 
[4, 5, 1, 5, 0]  	528	9 
[3, 17, 1, 1, 0]  	528	6 
[3, 5, 7, 2, 0]  	528	6 
[16, 1, 9, 0, 0]  	530	14 
[4, 21, 0, 0, 0]  	531	8 
[4, 0, 12, 1, 0]  	534	9 
[3, 3, 1, 6, 0]  	536	11 
[4, 14, 1, 2, 0]  	537	14 
[12, 5, 8, 0, 0]  	539	17 
[3, 2, 2, 6, 0]  	548	11 
[3, 0, 11, 2, 0]  	553	8 
[17, 0, 10, 0, 0]  	554	12 
[1, 16, 5, 0, 0]  	555	8 
[3, 3, 11, 1, 0]  	556	11 
[3, 6, 11, 0, 0]  	559	9 
[3, 5, 6, 3, 0]  	559	10 
[2, 5, 12, 0, 0]  	559	10 
[4, 3, 7, 3, 0]  	560	12 
[2, 4, 9, 2, 0]  	563	10 
[1, 15, 6, 0, 0]  	567	8 
[3, 14, 6, 0, 0]  	568	10 
[2, 7, 11, 0, 0]  	570	9 
[2, 5, 1, 6, 0]  	570	9 
[4, 17, 0, 2, 0]  	571	11 
[3, 16, 1, 2, 0]  	571	9 
[3, 4, 7, 3, 0]  	571	9 
[15, 2, 10, 0, 0]  	576	15 
[16, 0, 11, 0, 0]  	577	15 
[1, 14, 7, 0, 0]  	579	7 
[4, 13, 1, 3, 0]  	580	11 
[4, 1, 7, 4, 0]  	580	10 
[3, 13, 7, 0, 0]  	580	10 
[3, 1, 13, 1, 0]  	580	9 
[2, 7, 0, 6, 0]  	581	8 
[2, 5, 7, 3, 0]  	582	7 
[2, 4, 2, 6, 0]  	582	7 
[3, 4, 13, 0, 0]  	583	10 
[2, 3, 14, 0, 0]  	583	10 
[11, 3, 11, 0, 0]  	586	15 
[13, 2, 11, 0, 0]  	587	11 
[2, 2, 11, 2, 0]  	587	8 
[14, 0, 12, 0, 0]  	588	11 
[3, 0, 14, 1, 0]  	592	6 
[2, 11, 9, 0, 0]  	592	7 
[2, 16, 2, 2, 0]  	594	7 
[2, 4, 8, 3, 0]  	594	7 
[3, 1, 4, 6, 0]  	595	12 
[1, 3, 11, 2, 0]  	598	8 
[1, 1, 1, 8, 0]  	598	7 
[1, 4, 1, 7, 0]  	601	6 
[2, 13, 8, 0, 0]  	603	8 
[2, 10, 10, 0, 0]  	604	8 
[10, 1, 2, 6, 0]  	609	15 
[1, 3, 0, 8, 0]  	609	6 
[2, 6, 11, 1, 0]  	613	7 
[1, 3, 2, 7, 0]  	613	5 
[2, 0, 15, 1, 0]  	615	5 
[1, 9, 0, 6, 0]  	615	5 
[1, 8, 12, 0, 0]  	616	5 
[1, 7, 7, 3, 0]  	616	5 
[1, 6, 2, 6, 0]  	616	5 
[1, 16, 3, 2, 0]  	617	6 
[1, 5, 14, 0, 0]  	617	7 
[1, 4, 9, 3, 0]  	617	6 
[1, 12, 0, 5, 0]  	618	7 
[3, 11, 0, 5, 0]  	619	9 
[2, 23, 0, 1, 0]  	619	8 
[1, 2, 3, 7, 0]  	625	5 
[1, 13, 9, 0, 0]  	626	8 
[1, 21, 0, 2, 0]  	627	5 
[1, 10, 11, 0, 0]  	627	6 
[1, 8, 1, 6, 0]  	627	4 
[1, 18, 2, 2, 0]  	628	6 
[1, 5, 3, 6, 0]  	628	4 
[0, 17, 3, 2, 0]  	628	4 
[1, 1, 0, 9, 0]  	629	6 
[2, 1, 11, 3, 0]  	630	8 
[1, 24, 0, 1, 0]  	630	8 
[3, 11, 6, 2, 0]  	631	9 
[10, 4, 12, 0, 0]  	632	13 
[11, 2, 13, 0, 0]  	633	11 
[1, 6, 12, 1, 0]  	636	5 
[2, 4, 13, 1, 0]  	637	5 
[1, 1, 4, 7, 0]  	637	5 
[0, 14, 9, 0, 0]  	637	5 
[1, 0, 16, 1, 0]  	638	5 
[1, 20, 1, 2, 0]  	639	3 
[0, 19, 2, 2, 0]  	639	3 
[0, 8, 13, 0, 0]  	639	3 
[1, 4, 4, 6, 0]  	640	3 
[0, 16, 4, 2, 0]  	640	4 
[1, 3, 16, 0, 0]  	641	6 
[1, 0, 1, 9, 0]  	641	6 
[0, 25, 0, 1, 0]  	641	6 
[2, 0, 12, 3, 0]  	642	7 
[3, 9, 2, 5, 0]  	643	5 
[2, 21, 2, 1, 0]  	643	5 
[2, 9, 8, 2, 0]  	643	5 
[9, 2, 14, 0, 0]  	644	13 
[3, 3, 6, 5, 0]  	645	8 
[1, 0, 3, 8, 0]  	645	6 
[13, 0, 14, 0, 0]  	646	8 
[3, 25, 1, 0, 0]  	646	9 
[2, 0, 14, 2, 0]  	646	7 
[1, 5, 13, 1, 0]  	648	5 
[1, 0, 5, 7, 0]  	649	6 
[0, 7, 14, 0, 0]  	651	2 
[0, 6, 9, 3, 0]  	651	2 
[0, 14, 0, 5, 0]  	652	3 
[0, 4, 16, 0, 0]  	652	3 
[2, 1, 6, 6, 0]  	653	6 
[1, 1, 12, 3, 0]  	653	5 
[0, 24, 1, 1, 0]  	653	5 
[2, 11, 7, 2, 0]  	654	6 
[2, 20, 3, 1, 0]  	655	5 
[0, 18, 5, 1, 0]  	655	5 
[12, 1, 14, 0, 0]  	657	14 
[1, 8, 0, 7, 0]  	658	6 
[1, 4, 14, 1, 0]  	660	4 
[0, 6, 15, 0, 0]  	663	1 
[0, 5, 10, 3, 0]  	663	1 
[0, 4, 5, 6, 0]  	663	1 
[0, 3, 0, 9, 0]  	663	1 
[0, 13, 1, 5, 0]  	664	4 
[0, 3, 17, 0, 0]  	664	4 
[2, 2, 17, 0, 0]  	665	6 
[2, 0, 7, 6, 0]  	665	6 
[1, 12, 7, 2, 0]  	665	5 
[1, 11, 2, 5, 0]  	665	6 
[1, 0, 13, 3, 0]  	665	5 
[2, 9, 3, 5, 0]  	666	4 
[1, 21, 3, 1, 0]  	666	4 
[1, 9, 9, 2, 0]  	666	4 
[0, 29, 0, 0, 0]  	667	6  <--- 2
[12, 0, 15, 0, 0]  	669	11 
[3, 1, 8, 5, 0]  	669	10 
[1, 9, 11, 1, 0]  	670	6 
[1, 5, 8, 4, 0]  	671	5 
[0, 17, 8, 0, 0]  	671	5 
[1, 3, 15, 1, 0]  	672	4 
[1, 0, 0, 10, 0]  	672	4 
[0, 12, 0, 6, 0]  	672	4 
[2, 0, 11, 4, 0]  	673	6 
[0, 4, 11, 3, 0]  	675	1 
[0, 3, 6, 6, 0]  	675	1 
[0, 2, 1, 9, 0]  	675	1 
[1, 1, 7, 6, 0]  	676	3 
[0, 12, 2, 5, 0]  	676	3 
[1, 23, 2, 1, 0]  	677	4 
[1, 11, 8, 2, 0]  	677	4 
[6, 0, 6, 6, 0]  	678	6 
[1, 4, 7, 5, 0]  	679	6 
[0, 16, 7, 1, 0]  	679	5 
[3, 28, 0, 0, 0]  	680	10 
[3, 0, 9, 5, 0]  	681	7 
[0, 19, 7, 0, 0]  	682	4 
[0, 4, 15, 1, 0]  	683	3 
[0, 24, 0, 2, 0]  	684	6 
[0, 15, 6, 2, 0]  	687	1 
[0, 3, 12, 3, 0]  	687	1 
[0, 2, 7, 6, 0]  	687	1 
[0, 1, 2, 9, 0]  	687	1 
[0, 12, 8, 2, 0]  	688	3 
[0, 11, 3, 5, 0]  	688	3 
[1, 9, 4, 5, 0]  	689	3 
[0, 21, 4, 1, 0]  	689	3 
[0, 9, 10, 2, 0]  	689	3 
[9, 1, 16, 0, 0]  	691	7 
[1, 3, 8, 5, 0]  	691	6 
[11, 0, 16, 0, 0]  	692	11 
[0, 6, 14, 1, 0]  	694	3 
[0, 3, 16, 1, 0]  	695	4 
[1, 0, 12, 4, 0]  	696	4 
[0, 12, 12, 0, 0]  	696	4 
[0, 14, 7, 2, 0]  	699	1 
[0, 2, 13, 3, 0]  	699	1 
[0, 1, 8, 6, 0]  	699	1 
[0, 0, 3, 9, 0]  	699	1 
[1, 1, 19, 0, 0]  	700	3 
[0, 23, 3, 1, 0]  	700	3 
[0, 11, 9, 2, 0]  	700	3 
[0, 8, 11, 2, 0]  	701	3 
[9, 0, 17, 0, 0]  	703	7 
[2, 28, 1, 0, 0]  	703	6 
[2, 0, 10, 5, 0]  	704	8 
[0, 4, 10, 4, 0]  	706	3 
[0, 2, 19, 0, 0]  	711	1 
[0, 1, 14, 3, 0]  	711	1 
[0, 0, 9, 6, 0]  	711	1 
[0, 9, 5, 5, 0]  	712	2 
[0, 7, 12, 2, 0]  	713	3 
[0, 28, 2, 0, 0]  	714	5 
[2, 2, 9, 5, 0]  	715	9 
[1, 2, 15, 2, 0]  	715	7 
[0, 11, 2, 6, 0]  	719	3 
[0, 1, 20, 0, 0]  	723	1 
[0, 0, 15, 3, 0]  	723	1 
[2, 7, 6, 5, 0]  	725	4 
[0, 6, 13, 2, 0]  	725	3 
[0, 2, 12, 4, 0]  	730	3 
[0, 9, 0, 8, 0]  	735	1 
[0, 0, 21, 0, 0]  	735	1  <--- 3
[1, 8, 6, 5, 0]  	736	3 
[0, 7, 7, 5, 0]  	736	2 
[0, 16, 3, 4, 0]  	737	3 
[0, 5, 14, 2, 0]  	737	3 
[0, 2, 18, 1, 0]  	742	2 
[0, 1, 13, 4, 0]  	742	2 
[0, 21, 0, 4, 0]  	747	1 
[0, 8, 1, 8, 0]  	747	1 
[7, 0, 19, 0, 0]  	749	5 
[0, 25, 5, 0, 0]  	750	6 
[0, 1, 19, 1, 0]  	754	2 
[0, 20, 1, 4, 0]  	759	1 
[0, 7, 2, 8, 0]  	759	1 
[0, 5, 9, 5, 0]  	760	2 
[0, 6, 3, 8, 0]  	771	1 
[0, 5, 4, 8, 0]  	783	1 
[0, 0, 0, 12, 0]  	792	1  <--- 4
[12, 0, 0, 1, 1]  	210	6 
[2, 2, 5, 1, 1]  	311	5 
[8, 11, 0, 0, 1]  	349	11 
[7, 12, 0, 0, 1]  	360	9 
[3, 15, 0, 0, 1]  	381	7 
[10, 1, 5, 1, 1]  	384	15 
[5, 13, 1, 0, 1]  	394	7 
[11, 0, 0, 4, 1]  	396	15 
[8, 0, 5, 2, 1]  	403	5 
[7, 1, 5, 2, 1]  	414	6 
[5, 1, 8, 1, 1]  	429	8 
[4, 4, 1, 4, 1]  	439	10 
[4, 14, 2, 0, 1]  	440	8 
[5, 12, 3, 0, 1]  	441	9 
[8, 0, 8, 1, 1]  	442	13 
[4, 13, 1, 1, 1]  	448	6 
[2, 14, 3, 0, 1]  	451	7 
[6, 9, 5, 0, 1]  	454	13 
[15, 9, 2, 0, 1]  	457	13 
[3, 4, 2, 4, 1]  	462	8 
[4, 12, 4, 0, 1]  	464	9 
[3, 13, 4, 0, 1]  	475	8 
[3, 1, 10, 1, 1]  	475	7 
[11, 6, 6, 0, 1]  	480	12 
[3, 12, 3, 1, 1]  	483	7 
[1, 13, 5, 0, 1]  	486	6 
[3, 12, 5, 0, 1]  	487	8 
[4, 4, 10, 0, 1]  	490	13 
[14, 8, 4, 0, 1]  	492	15 
[8, 4, 9, 0, 1]  	503	12 
[3, 1, 9, 2, 1]  	506	7 
[3, 9, 0, 4, 1]  	507	7 
[2, 5, 3, 4, 1]  	508	7 
[4, 11, 6, 0, 1]  	511	10 
[3, 8, 1, 4, 1]  	519	7 
[2, 4, 4, 4, 1]  	520	8 
[7, 0, 5, 4, 1]  	523	11 
[11, 5, 8, 0, 1]  	527	15 
[2, 16, 2, 1, 1]  	528	7 
[3, 8, 9, 0, 1]  	535	11 
[3, 5, 11, 0, 1]  	536	11 
[10, 1, 0, 6, 1]  	539	15 
[2, 11, 0, 4, 1]  	541	7 
[1, 5, 10, 1, 1]  	543	6 
[3, 7, 10, 0, 1]  	547	10 
[2, 17, 0, 2, 1]  	547	9 
[2, 6, 11, 0, 1]  	547	9 
[3, 4, 12, 0, 1]  	548	11 
[10, 2, 11, 0, 1]  	551	14 
[2, 4, 3, 5, 1]  	551	8 
[1, 12, 0, 4, 1]  	552	6 
[1, 4, 11, 1, 1]  	555	7 
[2, 1, 7, 4, 1]  	556	8 
[5, 1, 6, 4, 1]  	557	12 
[2, 8, 10, 0, 1]  	558	10 
[2, 6, 0, 6, 1]  	558	8 
[3, 14, 2, 2, 1]  	560	13 
[3, 3, 13, 0, 1]  	560	11 
[6, 1, 2, 6, 1]  	561	13 
[9, 1, 1, 6, 1]  	562	16 
[2, 1, 11, 2, 1]  	564	7 
[1, 3, 12, 1, 1]  	567	7 
[2, 15, 2, 2, 1]  	571	10 
[2, 4, 13, 0, 1]  	571	9 
[2, 2, 3, 6, 1]  	571	9 
[1, 2, 13, 1, 1]  	579	6 
[1, 16, 2, 2, 1]  	582	7 
[1, 16, 4, 1, 1]  	586	8 
[1, 4, 10, 2, 1]  	586	7 
[1, 18, 1, 2, 1]  	593	8 
[1, 15, 3, 2, 1]  	594	8 
[1, 3, 9, 3, 1]  	594	7 
[2, 13, 4, 2, 1]  	595	11 
[2, 1, 10, 3, 1]  	595	10 
[9, 3, 12, 0, 1]  	597	15 
[1, 6, 9, 2, 1]  	597	6 
[1, 17, 0, 3, 1]  	601	7 
[1, 5, 6, 4, 1]  	601	6 
[3, 13, 2, 3, 1]  	603	10 
[2, 1, 14, 1, 1]  	603	6 
[2, 0, 9, 4, 1]  	603	6 
[1, 12, 9, 0, 1]  	603	6 
[1, 20, 0, 2, 1]  	604	6 
[1, 9, 11, 0, 1]  	604	6 
[1, 2, 10, 3, 1]  	606	8 
[1, 4, 5, 5, 1]  	609	6 
[1, 2, 12, 2, 1]  	610	7 
[1, 4, 7, 4, 1]  	613	5 
[1, 11, 10, 0, 1]  	615	5 
[2, 1, 5, 6, 1]  	618	8 
[1, 1, 11, 3, 1]  	618	7 
[2, 10, 1, 5, 1]  	619	8 
[1, 3, 6, 5, 1]  	621	6 
[2, 26, 0, 0, 1]  	622	10 
[1, 15, 2, 3, 1]  	625	7 
[1, 3, 8, 4, 1]  	625	5 
[1, 6, 8, 3, 1]  	628	4 
[1, 2, 5, 6, 1]  	629	5 
[2, 2, 16, 0, 1]  	630	10 
[2, 22, 1, 1, 1]  	631	8 
[2, 9, 2, 5, 1]  	631	7 
[8, 2, 14, 0, 1]  	632	9 
[1, 27, 0, 0, 1]  	633	8 
[1, 2, 7, 5, 1]  	633	6 
[13, 1, 13, 0, 1]  	634	15 
[0, 17, 7, 0, 1]  	636	5 
[1, 2, 9, 4, 1]  	637	5 
[2, 12, 4, 3, 1]  	638	8 
[0, 5, 15, 0, 1]  	640	4 
[1, 1, 6, 6, 1]  	641	6 
[1, 23, 1, 1, 1]  	642	7 
[1, 20, 3, 1, 1]  	643	6 
[1, 7, 4, 5, 1]  	643	5 
[1, 1, 8, 5, 1]  	645	6 
[1, 1, 10, 4, 1]  	649	6 
[0, 15, 5, 2, 1]  	652	4 
[4, 0, 6, 6, 1]  	654	7 
[1, 22, 2, 1, 1]  	654	6 
[8, 0, 16, 0, 1]  	656	10 
[1, 22, 4, 0, 1]  	658	7 
[1, 9, 5, 4, 1]  	658	6 
[1, 0, 11, 4, 1]  	661	5 
[0, 23, 0, 2, 1]  	661	5 
[0, 20, 4, 1, 1]  	666	4 
[10, 1, 15, 0, 1]  	668	12 
[2, 25, 2, 0, 1]  	669	8 
[1, 11, 4, 4, 1]  	669	6 
[0, 13, 7, 2, 1]  	676	3 
[1, 10, 3, 5, 1]  	677	4 
[0, 22, 5, 0, 1]  	681	5 
[0, 15, 4, 3, 1]  	683	4 
[0, 27, 2, 0, 1]  	691	6 
[0, 15, 8, 1, 1]  	691	5 
[0, 21, 6, 0, 1]  	693	5 
[4, 1, 18, 0, 1]  	701	5 
[6, 0, 18, 0, 1]  	702	8 
[0, 2, 17, 1, 1]  	707	3 
[1, 26, 3, 0, 1]  	715	8 
[0, 3, 11, 4, 1]  	718	3 
[0, 2, 6, 7, 1]  	718	2 
[2, 0, 20, 0, 1]  	724	3 
[0, 20, 0, 4, 1]  	724	3 
[0, 8, 6, 5, 1]  	724	2 
[0, 17, 2, 4, 1]  	725	3 
[0, 26, 4, 0, 1]  	738	5 
[4, 3, 3, 1, 2]  	288	5 
[8, 0, 5, 1, 2]  	337	9 
[7, 1, 5, 1, 2]  	348	7 
[3, 14, 0, 0, 2]  	358	6 
[11, 3, 2, 2, 2]  	403	7 
[3, 5, 0, 4, 2]  	415	8 
[4, 13, 2, 0, 2]  	417	7 
[8, 8, 4, 0, 2]  	420	11 
[7, 0, 6, 2, 2]  	426	7 
[3, 13, 3, 0, 2]  	440	7 
[14, 9, 2, 0, 2]  	445	14 
[15, 8, 3, 0, 2]  	469	11 
[2, 8, 0, 4, 2]  	472	6 
[15, 7, 4, 0, 2]  	481	14 
[8, 0, 0, 6, 2]  	492	9 
[13, 4, 7, 0, 2]  	493	14 
[5, 10, 6, 0, 2]  	500	11 
[12, 5, 7, 0, 2]  	504	13 
[2, 18, 2, 0, 2]  	508	7 
[3, 12, 0, 3, 2]  	510	8 
[3, 4, 11, 0, 2]  	513	12 
[12, 4, 8, 0, 2]  	516	13 
[3, 0, 10, 2, 2]  	518	7 
[2, 7, 2, 4, 2]  	519	6 
[1, 4, 10, 1, 2]  	520	7 
[2, 13, 0, 3, 2]  	521	8 
[3, 6, 10, 0, 2]  	524	11 
[6, 3, 11, 0, 2]  	526	12 
[2, 1, 10, 2, 2]  	529	6 
[1, 3, 11, 1, 2]  	532	7 
[6, 1, 5, 4, 2]  	534	12 
[4, 11, 1, 3, 2]  	534	9 
[2, 7, 10, 0, 2]  	535	10 
[7, 1, 1, 6, 2]  	538	12 
[9, 2, 11, 0, 2]  	539	14 
[2, 0, 11, 2, 2]  	541	6 
[1, 4, 5, 4, 2]  	543	6 
[1, 2, 12, 1, 2]  	544	7 
[5, 3, 12, 0, 2]  	549	12 
[5, 1, 2, 6, 2]  	549	11 
[1, 3, 6, 4, 2]  	555	6 
[2, 16, 1, 2, 2]  	559	10 
[8, 2, 12, 0, 2]  	562	12 
[1, 3, 10, 2, 2]  	563	6 
[1, 2, 7, 4, 2]  	567	6 
[3, 10, 3, 3, 2]  	569	9 
[1, 17, 1, 2, 2]  	570	8 
[4, 1, 3, 6, 2]  	572	12 
[6, 2, 13, 0, 2]  	573	11 
[1, 2, 11, 2, 2]  	575	7 
[2, 24, 0, 0, 2]  	576	7 
[1, 1, 8, 4, 2]  	579	6 
[2, 12, 8, 0, 2]  	580	7 
[3, 9, 4, 3, 2]  	581	9 
[4, 2, 14, 0, 2]  	584	11 
[7, 0, 3, 6, 2]  	585	9 
[1, 25, 0, 0, 2]  	587	6 
[2, 10, 4, 3, 2]  	592	7 
[7, 1, 14, 0, 2]  	597	9 
[2, 12, 3, 3, 2]  	603	7 
[1, 5, 8, 3, 2]  	605	6 
[1, 14, 4, 2, 2]  	606	8 
[1, 3, 15, 0, 2]  	606	8 
[4, 0, 16, 0, 2]  	608	8 
[1, 16, 1, 3, 2]  	613	6 
[1, 10, 5, 3, 2]  	615	5 
[1, 3, 4, 6, 2]  	617	6 
[6, 1, 15, 0, 2]  	620	10 
[0, 27, 0, 0, 2]  	621	6 
[1, 1, 15, 1, 2]  	626	6 
[1, 9, 6, 3, 2]  	627	5 
[0, 20, 1, 2, 2]  	627	4 
[0, 14, 5, 2, 2]  	629	5 
[0, 13, 0, 5, 2]  	629	5 
[2, 0, 6, 6, 2]  	630	8 
[1, 12, 6, 2, 2]  	630	8 
[1, 11, 1, 5, 2]  	630	7 
[0, 26, 1, 0, 2]  	633	6 
[1, 14, 3, 3, 2]  	637	6 
[0, 4, 10, 3, 2]  	640	3 
[6, 0, 5, 6, 2]  	643	6 
[1, 13, 4, 3, 2]  	649	7 
[0, 3, 11, 3, 2]  	652	3 
[1, 2, 17, 0, 2]  	653	6 
[1, 10, 8, 2, 2]  	654	5 
[1, 1, 14, 2, 2]  	657	6 
[0, 14, 4, 3, 2]  	660	5 
[0, 2, 12, 3, 2]  	664	3 
[3, 0, 18, 0, 2]  	666	5 
[1, 24, 3, 0, 2]  	669	6 
[0, 13, 5, 3, 2]  	672	4 
[0, 2, 18, 0, 2]  	676	3 
[0, 18, 2, 3, 2]  	682	4 
[0, 3, 10, 4, 2]  	683	3 
[2, 0, 19, 0, 2]  	689	3 
[0, 17, 1, 4, 2]  	690	4 
[0, 2, 11, 4, 2]  	695	3 
[0, 19, 0, 4, 2]  	701	3 
[0, 16, 2, 4, 2]  	702	4 
[1, 0, 20, 0, 2]  	712	2 
[0, 25, 4, 0, 2]  	715	6 
[0, 12, 7, 3, 2]  	719	3 
[0, 1, 7, 7, 2]  	730	2 
[0, 6, 8, 5, 2]  	748	2 
[11, 3, 2, 1, 3]  	337	9 
[10, 3, 2, 2, 3]  	391	6 
[2, 13, 4, 0, 3]  	463	6 
[3, 0, 9, 2, 3]  	483	6 
[2, 17, 2, 0, 3]  	485	8 
[5, 11, 5, 0, 3]  	488	11 
[3, 11, 4, 1, 3]  	495	7 
[4, 11, 0, 3, 3]  	499	9 
[2, 21, 0, 0, 3]  	507	7 
[10, 5, 8, 0, 3]  	515	15 
[2, 20, 1, 0, 3]  	519	7 
[1, 16, 4, 0, 3]  	520	7 
[1, 18, 3, 0, 3]  	531	6 
[3, 7, 4, 3, 3]  	535	10 
[6, 0, 6, 4, 3]  	546	11 
[3, 9, 3, 3, 3]  	546	9 
[7, 2, 12, 0, 3]  	550	12 
[2, 1, 4, 6, 3]  	583	9 
[4, 0, 4, 6, 3]  	584	10 
[6, 1, 14, 0, 3]  	585	11 
[1, 9, 5, 3, 3]  	592	6 
[2, 2, 15, 0, 3]  	595	9 
[4, 1, 15, 0, 3]  	596	10 
[1, 2, 6, 5, 3]  	598	7 
[1, 8, 6, 3, 3]  	604	5 
[1, 6, 13, 0, 3]  	605	7 
[3, 0, 5, 6, 3]  	607	9 
[0, 15, 4, 2, 3]  	617	5 
[1, 12, 4, 3, 3]  	626	6 
[1, 11, 7, 2, 3]  	642	6 
[3, 0, 8, 5, 3]  	646	9 
[1, 0, 7, 6, 3]  	653	5 
[0, 18, 0, 4, 3]  	678	4 
[0, 13, 11, 0, 3]  	684	5 
[0, 3, 5, 7, 3]  	706	2 
[0, 11, 8, 3, 3]  	731	3 
[10, 3, 2, 1, 4]  	325	7 
[7, 0, 8, 1, 4]  	430	12 
[6, 0, 7, 2, 4]  	449	7 
[3, 13, 2, 1, 4]  	471	6 
[2, 19, 1, 0, 4]  	496	7 
[2, 12, 0, 3, 4]  	498	6 
[9, 3, 2, 4, 4]  	511	12 
[1, 14, 0, 3, 4]  	532	7 
[4, 3, 12, 0, 4]  	537	14 
[1, 13, 1, 3, 4]  	544	7 
[3, 11, 2, 3, 4]  	557	8 
[5, 2, 13, 0, 4]  	561	11 
[1, 24, 0, 0, 4]  	564	6 
[3, 2, 14, 0, 4]  	572	11 
[3, 0, 8, 4, 4]  	580	9 
[1, 12, 3, 3, 4]  	591	6 
[1, 4, 14, 0, 4]  	594	7 
[1, 1, 7, 5, 4]  	610	7 
[1, 2, 16, 0, 4]  	618	7 
[1, 21, 2, 1, 4]  	631	6 
[0, 13, 6, 2, 4]  	641	5 
[0, 16, 3, 3, 4]  	671	4 
[0, 15, 3, 4, 4]  	714	4 
[0, 10, 4, 6, 4]  	766	2 
[3, 3, 3, 4, 5]  	474	8 
[8, 5, 8, 0, 5]  	491	14 
[2, 3, 4, 5, 5]  	563	9 
[1, 15, 4, 1, 5]  	563	6 
[5, 0, 7, 4, 5]  	569	10 
[2, 9, 4, 3, 5]  	569	7 
[6, 0, 3, 6, 5]  	573	11 
[1, 7, 12, 0, 5]  	593	7 
[1, 1, 5, 6, 5]  	606	7 
[3, 0, 17, 0, 5]  	631	9 
[2, 1, 17, 0, 5]  	642	7 
[2, 0, 18, 0, 5]  	654	7 
[0, 3, 15, 1, 5]  	660	4 
[0, 17, 6, 1, 5]  	667	5 
[1, 0, 19, 0, 5]  	677	4 
[5, 9, 6, 0, 6]  	477	12 
[3, 5, 10, 0, 6]  	501	12 
[3, 1, 3, 6, 6]  	560	11 
[2, 0, 5, 6, 6]  	595	9 
[2, 1, 16, 0, 6]  	607	9 
[0, 16, 8, 0, 6]  	648	4 
[1, 1, 18, 0, 6]  	665	5 
[0, 12, 6, 3, 6]  	684	4 
[1, 0, 10, 5, 6]  	692	6 
[1, 14, 4, 0, 7]  	474	7 
[2, 20, 0, 0, 7]  	484	7 
[2, 3, 4, 4, 7]  	497	8 
[2, 12, 4, 1, 7]  	506	6 
[1, 17, 3, 1, 7]  	574	7 
[1, 3, 5, 5, 7]  	586	7 
[0, 13, 10, 0, 7]  	649	5 
[1, 13, 0, 3, 8]  	509	7 
[3, 7, 9, 0, 8]  	512	11 
[2, 0, 17, 0, 8]  	619	7 
[0, 20, 6, 0, 8]  	670	5 
[1, 19, 0, 2, 10]  	581	7 
[1, 8, 11, 0, 243]  	581	7 
[1, 7, 0, 7, 245]  	635	6 
[1, 1, 0, 8, 246]  	563	5 
[1, 5, 9, 2, 246]  	574	6 
[0, 11, 1, 6, 246]  	684	3 
[1, 3, 10, 1, 247]  	497	7 
[1, 6, 0, 7, 247]  	612	6 
[0, 24, 4, 0, 247]  	692	5 
[1, 9, 8, 2, 248]  	631	4 
[0, 11, 0, 6, 248]  	649	1 
[1, 9, 3, 5, 248]  	654	4 
[0, 19, 1, 3, 248]  	670	4 
[0, 5, 14, 1, 248]  	671	3 
[3, 3, 0, 6, 249]  	501	12 
[3, 1, 8, 3, 249]  	537	6 
[2, 7, 1, 5, 249]  	550	6 
[2, 10, 9, 0, 249]  	569	7 
[2, 0, 10, 3, 249]  	572	6 
[1, 0, 3, 7, 249]  	579	5 
[1, 5, 0, 7, 249]  	589	6 
[1, 0, 0, 9, 249]  	606	4 
[1, 7, 3, 5, 249]  	608	4 
[1, 10, 2, 5, 249]  	642	4 
[0, 15, 3, 3, 249]  	648	3 
[0, 16, 1, 4, 249]  	667	4 
[0, 4, 14, 2, 249]  	714	3 
[6, 11, 3, 0, 250]  	430	9 
[1, 2, 10, 1, 250]  	474	4 
[4, 8, 7, 0, 250]  	477	11 
[2, 7, 1, 4, 250]  	484	6 
[2, 0, 10, 2, 250]  	506	4 
[1, 0, 1, 7, 250]  	509	5 
[1, 0, 0, 8, 250]  	540	4 
[1, 3, 0, 7, 250]  	543	5 
[1, 19, 2, 1, 250]  	585	5 
[1, 6, 3, 5, 250]  	585	3 
[1, 5, 4, 5, 250]  	597	2 
[1, 4, 3, 6, 250]  	605	5 
[1, 10, 7, 2, 250]  	619	4 
[0, 22, 2, 1, 250]  	642	3 
[0, 21, 3, 1, 250]  	654	2 
[0, 2, 10, 4, 250]  	660	3 
[0, 7, 11, 2, 250]  	678	3 
[0, 5, 3, 8, 250]  	748	1 
[7, 10, 3, 0, 251]  	419	10 
[1, 0, 0, 7, 251]  	474	5 
[2, 4, 3, 4, 251]  	485	8 
[7, 4, 9, 0, 251]  	491	11 
[3, 6, 4, 3, 251]  	512	11 
[2, 9, 9, 0, 251]  	546	9 
[3, 0, 13, 1, 251]  	557	8 
[2, 1, 13, 1, 251]  	568	5 
[1, 8, 9, 1, 251]  	577	6 
[2, 11, 3, 3, 251]  	580	7 
[1, 0, 9, 4, 251]  	591	2 
[1, 5, 2, 6, 251]  	593	3 
[1, 9, 7, 2, 251]  	596	4 
[1, 23, 0, 1, 251]  	607	7 
[1, 11, 6, 2, 251]  	607	5 
[1, 9, 2, 5, 251]  	619	1 
[0, 21, 2, 1, 251]  	619	1 
[0, 15, 8, 0, 251]  	625	4 
[0, 9, 12, 0, 251]  	627	3 
[0, 6, 14, 0, 251]  	628	3 
[1, 0, 12, 3, 251]  	630	4 
[1, 12, 8, 1, 251]  	634	5 
[0, 12, 1, 5, 251]  	641	4 
[0, 18, 1, 3, 251]  	647	4 
[0, 11, 2, 5, 251]  	653	1 
[0, 6, 13, 1, 251]  	659	3 
[0, 0, 2, 9, 251]  	664	1 
[0, 10, 9, 2, 251]  	677	2 
[0, 4, 13, 2, 251]  	679	1 
[0, 1, 19, 0, 251]  	688	1 
[7, 10, 2, 0, 252]  	384	8 
[6, 11, 2, 0, 252]  	395	6 
[2, 7, 0, 4, 252]  	449	6 
[3, 1, 8, 2, 252]  	471	5 
[1, 15, 2, 1, 252]  	493	4 
[1, 5, 3, 4, 252]  	496	2 
[7, 1, 0, 6, 252]  	503	8 
[1, 7, 2, 4, 252]  	507	2 
[1, 5, 9, 1, 252]  	508	6 
[1, 4, 8, 2, 252]  	516	3 
[2, 1, 12, 1, 252]  	533	5 
[3, 11, 7, 0, 252]  	534	9 
[2, 13, 3, 2, 252]  	560	7 
[1, 21, 0, 1, 252]  	561	5 
[2, 6, 2, 5, 252]  	562	6 
[1, 4, 2, 6, 252]  	570	4 
[1, 20, 1, 1, 252]  	573	5 
[1, 8, 7, 2, 252]  	573	4 
[1, 4, 4, 5, 252]  	574	4 
[0, 15, 5, 1, 252]  	586	3 
[1, 8, 0, 6, 252]  	592	5 
[1, 12, 5, 2, 252]  	595	6 
[0, 17, 4, 1, 252]  	597	2 
[0, 5, 10, 2, 252]  	597	1 
[0, 26, 0, 0, 252]  	598	4 
[0, 5, 12, 1, 252]  	601	2 
[1, 7, 1, 6, 252]  	604	3 
[0, 4, 11, 2, 252]  	609	1 
[0, 16, 7, 0, 252]  	613	3 
[0, 4, 13, 1, 252]  	613	2 
[1, 1, 13, 2, 252]  	622	5 
[0, 14, 7, 1, 252]  	633	4 
[0, 2, 0, 9, 252]  	640	1 
[0, 4, 7, 5, 252]  	667	2 
[1, 0, 15, 2, 252]  	669	4 
[0, 0, 18, 1, 252]  	696	1 
[0, 1, 12, 4, 252]  	707	2 
[0, 5, 2, 8, 252]  	713	1 
[6, 10, 1, 0, 253]  	337	5 
[6, 12, 0, 0, 253]  	348	6 
[11, 6, 5, 0, 253]  	445	9 
[2, 16, 2, 0, 253]  	462	6 
[2, 1, 10, 1, 253]  	463	4 
[10, 6, 6, 0, 253]  	468	8 
[2, 6, 2, 4, 253]  	496	6 
[1, 0, 12, 1, 253]  	498	2 
[4, 0, 11, 1, 253]  	499	5 
[0, 1, 12, 1, 253]  	509	1 
[2, 17, 1, 1, 253]  	516	6 
[1, 19, 2, 0, 253]  	519	5 
[1, 18, 1, 1, 253]  	527	3 
[0, 17, 2, 1, 253]  	527	1 
[1, 12, 5, 1, 253]  	529	5 
[1, 12, 7, 0, 253]  	533	3 
[2, 5, 0, 6, 253]  	535	4 
[0, 13, 7, 0, 253]  	544	3 
[2, 4, 1, 6, 253]  	547	5 
[1, 9, 0, 5, 253]  	549	1 
[0, 21, 0, 1, 253]  	549	1 
[2, 11, 8, 0, 253]  	557	6 
[1, 18, 0, 2, 253]  	558	3 
[2, 1, 9, 3, 253]  	560	5 
[0, 20, 1, 1, 253]  	561	1 
[1, 2, 5, 5, 253]  	563	4 
[1, 7, 0, 6, 253]  	569	3 
[0, 16, 4, 1, 253]  	574	2 
[0, 11, 0, 5, 253]  	583	1 
[0, 6, 11, 1, 253]  	589	3 
[0, 12, 9, 0, 253]  	591	2 
[0, 0, 15, 1, 253]  	591	1 
[1, 6, 7, 3, 253]  	593	6 
[0, 0, 0, 9, 253]  	594	1 
[0, 16, 3, 2, 253]  	605	4 
[0, 15, 0, 4, 253]  	609	4 
[0, 10, 11, 0, 253]  	615	3 
[0, 14, 1, 4, 253]  	621	4 
[0, 17, 1, 3, 253]  	624	4 
[0, 3, 16, 0, 253]  	629	1 
[0, 2, 11, 3, 253]  	629	3 
[0, 16, 2, 3, 253]  	636	3 
[0, 25, 2, 0, 253]  	645	2 
[0, 12, 5, 3, 253]  	649	4 
[0, 4, 1, 8, 253]  	655	1 
[0, 6, 6, 5, 253]  	678	2 
[0, 5, 9, 4, 253]  	694	2 
[0, 1, 6, 7, 253]  	695	2 
[0, 0, 7, 7, 253]  	707	1 
[7, 0, 5, 1, 254]  	325	6 
[6, 11, 0, 0, 254]  	325	4 
[6, 0, 7, 1, 254]  	383	4 
[2, 1, 8, 1, 254]  	393	4 
[6, 0, 6, 2, 254]  	414	3 
[1, 4, 7, 1, 254]  	415	1 
[7, 7, 5, 0, 254]  	420	8 
[6, 6, 6, 0, 254]  	420	4 
[2, 6, 0, 4, 254]  	426	5 
[2, 16, 1, 0, 254]  	427	5 
[1, 15, 2, 0, 254]  	427	4 
[5, 0, 7, 2, 254]  	437	1 
[2, 4, 2, 4, 254]  	450	4 
[3, 12, 4, 0, 254]  	452	5 
[4, 7, 7, 0, 254]  	454	5 
[1, 5, 2, 4, 254]  	461	2 
[1, 4, 1, 5, 254]  	469	1 
[0, 16, 1, 1, 254]  	469	1 
[7, 0, 0, 6, 254]  	480	7 
[2, 17, 0, 1, 254]  	481	3 
[1, 9, 0, 4, 254]  	483	2 
[1, 1, 11, 1, 254]  	486	2 
[0, 0, 12, 1, 254]  	486	1 
[4, 0, 7, 3, 254]  	491	2 
[1, 18, 0, 1, 254]  	492	2 
[0, 5, 7, 2, 254]  	492	2 
[1, 9, 6, 1, 254]  	495	3 
[1, 8, 1, 4, 254]  	495	2 
[1, 4, 4, 4, 254]  	508	3 
[0, 4, 10, 1, 254]  	508	1 
[6, 0, 5, 4, 254]  	511	10 
[4, 10, 1, 3, 254]  	511	5 
[2, 6, 10, 0, 254]  	512	5 
[3, 2, 1, 6, 254]  	513	10 
[0, 15, 5, 0, 254]  	520	2 
[0, 12, 7, 0, 254]  	521	1 
[2, 5, 11, 0, 254]  	524	8 
[0, 17, 4, 0, 254]  	531	2 
[5, 0, 6, 4, 254]  	534	10 
[3, 0, 7, 4, 254]  	545	4 
[1, 12, 2, 3, 254]  	556	5 
[1, 0, 8, 4, 254]  	556	3 
[1, 9, 10, 0, 254]  	569	6 
[5, 1, 14, 0, 254]  	573	8 
[1, 11, 9, 0, 254]  	580	2 
[1, 0, 7, 5, 254]  	587	2 
[0, 2, 10, 3, 254]  	594	2 
[1, 0, 11, 3, 254]  	595	3 
[0, 4, 5, 5, 254]  	597	1 
[1, 11, 4, 3, 254]  	603	4 
[0, 11, 10, 0, 254]  	603	1 
[1, 0, 6, 6, 254]  	618	2 
[0, 4, 0, 8, 254]  	620	1 
[0, 24, 2, 0, 254]  	622	3 
[0, 13, 2, 4, 254]  	633	4 
[0, 13, 4, 3, 254]  	637	4 
[0, 0, 7, 6, 254]  	641	1 
[0, 11, 6, 3, 254]  	661	3 
[0, 1, 11, 4, 254]  	672	2 
[0, 0, 6, 7, 254]  	672	1 
[6, 6, 0, 0, 255]  	210	4 
[2, 1, 5, 1, 255]  	288	3 
[1, 0, 6, 1, 255]  	288	1 
[1, 12, 1, 0, 255]  	323	2 
[0, 17, 0, 0, 255]  	391	1 
[4, 5, 1, 3, 255]  	396	5 
[1, 4, 1, 4, 255]  	403	2 
[0, 16, 1, 0, 255]  	403	1 
[4, 5, 7, 0, 255]  	408	4 
[0, 0, 10, 1, 255]  	416	1 
[3, 5, 8, 0, 255]  	431	5 
[0, 13, 4, 0, 255]  	439	2 
[4, 10, 1, 2, 255]  	445	2 
[0, 12, 5, 0, 255]  	451	2 
[3, 1, 0, 6, 255]  	455	4 
[1, 6, 5, 2, 255]  	457	3 
[1, 5, 0, 5, 255]  	457	1 
[0, 5, 6, 2, 255]  	457	2 
[11, 4, 7, 0, 255]  	469	7 
[1, 1, 5, 4, 255]  	474	6 
[2, 11, 4, 1, 255]  	483	3 
[4, 10, 6, 0, 255]  	488	5 
[3, 9, 7, 0, 255]  	488	3 
[0, 1, 6, 4, 255]  	497	2 
[1, 4, 0, 6, 255]  	500	1 
[6, 2, 11, 0, 255]  	503	9 
[3, 8, 3, 3, 255]  	523	8 
[0, 0, 0, 8, 255]  	528	1 
[2, 4, 12, 0, 255]  	536	4 
[0, 0, 6, 5, 255]  	540	1 
[1, 10, 9, 0, 255]  	557	2 
[0, 3, 14, 0, 255]  	559	3 
[4, 1, 14, 0, 255]  	561	7 
[3, 0, 4, 6, 255]  	572	2 
[0, 12, 1, 4, 255]  	575	2 
[1, 2, 4, 6, 255]  	594	3 
[0, 8, 12, 0, 255]  	604	1 
[12, 0, 14, 0, 255]  	634	7 
[0, 0, 5, 7, 255]  	637	1 
[0, 10, 3, 6, 255]  	731	2 
------
The gap is between 11 and 242.
Lengths: 5 5 10 14 5 13.
For 692 = 3*d-d1-d2-d3-d4 you get 5 in char 0.
1 + 0*2^64 + 0*2^128 + 0*2^192*y^24*z^4
1 + 0*2^64 + 0*2^128 + 0*2^192*y^12*z^10*w^1
1 + 0*2^64 + 0*2^128 + 0*2^192*y^11*z^5*w^4
1 + 0*2^64 + 0*2^128 + 0*2^192*y^10*w^7
1 + 0*2^64 + 0*2^128 + 0*2^192*z^16*w^2

For 416 = 2*d-d1-d2-d3-d4 you get 10 in char 0.
1 + 0*2^64 + 0*2^128 + 0*2^192*x^5*y^4*w^4
1 + 0*2^64 + 0*2^128 + 0*2^192*x^4*y^3*z^1*w^4
1 + 0*2^64 + 0*2^128 + 0*2^192*x^3*y^2*z^2*w^4
1 + 0*2^64 + 0*2^128 + 0*2^192*x^2*y^14*z^2
1 + 0*2^64 + 0*2^128 + 0*2^192*x^2*y^1*z^3*w^4
1 + 0*2^64 + 0*2^128 + 0*2^192*x^1*y^13*z^3
1 + 0*2^64 + 0*2^128 + 0*2^192*x^1*y^1*z^9*w^1
1 + 0*2^64 + 0*2^128 + 0*2^192*x^1*z^4*w^4
1 + 0*2^64 + 0*2^128 + 0*2^192*y^12*z^4
1 + 0*2^64 + 0*2^128 + 0*2^192*z^10*w^1

For 140 = d-d1-d2-d3-d4 you get 5 in char 0.
1 + 0*2^64 + 0*2^128 + 0*2^192*x^4*y^4
1 + 0*2^64 + 0*2^128 + 0*2^192*x^3*y^3*z^1
1 + 0*2^64 + 0*2^128 + 0*2^192*x^2*y^2*z^2
1 + 0*2^64 + 0*2^128 + 0*2^192*x^1*y^1*z^3
1 + 0*2^64 + 0*2^128 + 0*2^192*z^4

Extra powers of p used 13.
The invariant extra is equal to 33.
Start computing 2^4 Delta^1 (x1x2x3x4)^1... Done.
Start computing 2^5 Delta^2 (x1x2x3x4)^1... Done.
Start computing 2^6 Delta^3 (x1x2x3x4)^1... Done.
Start computing 2^7 Delta^4 (x1x2x3x4)^1... Done.
Start computing 2^8 Delta^5 (x1x2x3x4)^1... Done.
Start computing 2^9 Delta^6 (x1x2x3x4)^1... Done.
Start computing 2^10 Delta^7 (x1x2x3x4)^1... Done.
Start computing 2^11 Delta^8 (x1x2x3x4)^1... Done.
Start computing 2^12 Delta^9 (x1x2x3x4)^1... Done.
Start computing 2^13 Delta^10 (x1x2x3x4)^1... Done.
Start computing 2^14 Delta^11 (x1x2x3x4)^1... Done.
Start computing 2^15 Delta^12 (x1x2x3x4)^1... Done.
Start computing 2^16 Delta^13 (x1x2x3x4)^1... Done.
Start computing 2^17 Delta^14 (x1x2x3x4)^1... Done.
Start computing 2^18 Delta^15 (x1x2x3x4)^1... Done.
Start computing 2^19 Delta^16 (x1x2x3x4)^1... Done.
Start computing 2^20 Delta^17 (x1x2x3x4)^1... Done.
Start computing 2^21 Delta^18 (x1x2x3x4)^1... Done.
Start computing 2^22 Delta^19 (x1x2x3x4)^1... Done.
Start computing 2^23 Delta^20 (x1x2x3x4)^1... Done.
Start computing 2^24 Delta^21 (x1x2x3x4)^1... Done.
Start computing 2^25 Delta^22 (x1x2x3x4)^1... Done.
Start computing 2^26 Delta^23 (x1x2x3x4)^1... Done.
Start computing 2^27 Delta^24 (x1x2x3x4)^1... Done.
Start computing 2^28 Delta^25 (x1x2x3x4)^1... Done.
Start computing 2^29 Delta^26 (x1x2x3x4)^1... Done.
Start computing 2^30 Delta^27 (x1x2x3x4)^1... Done.
Start computing 2^31 Delta^28 (x1x2x3x4)^1... Done.
Start computing 2^32 Delta^29 (x1x2x3x4)^1... Done.
Start computing 2^33 Delta^30 (x1x2x3x4)^1... Done.
Start computing 2^34 Delta^31 (x1x2x3x4)^1... Done.
Start computing 2^35 Delta^32 (x1x2x3x4)^1... Done.
Start computing 2^36 Delta^33 (x1x2x3x4)^1... Done.
Start computing 2^37 Delta^34 (x1x2x3x4)^1... Done.
Start computing 2^38 Delta^35 (x1x2x3x4)^1... Done.
Start computing aa.
1 2 3 4 5 6 7 8 9 10 11 12 13 14 15 16 17 18 19 20 
*/
A = \
[11022150671895467872 + 515196251394300191*2^64 + 13832269903455683276*2^128 + 2013225553881*2^192,6269766028713798080 + 10031837336154413218*2^64 + 3971853386691058896*2^128 + 7380257758997*2^192,5101687597966745456 + 10270482215625829521*2^64 + 16361477906585942151*2^128 + 841870246630*2^192,3962824263908524496 + 4566861812719202500*2^64 + 9565846182481473228*2^128 + 7992976291330*2^192,14360821389939133312 + 17118986077414701085*2^64 + 923009930426674901*2^128 + 782589893050*2^192,9244589766199883520 + 16083146752620247067*2^64 + 15777414262354203462*2^128 + 5060208302953*2^192,17437188590160254592 + 16945762696631277743*2^64 + 7774828809980946987*2^128 + 8064650909988*2^192,12121677103978799616 + 14591572267297243492*2^64 + 2116335306789231636*2^128 + 1855539202656*2^192,9548236996315366400 + 7933507444790659999*2^64 + 1921650429814788962*2^128 + 5639031321906*2^192,13870479748691713408 + 10149659483835350090*2^64 + 11966940468123515700*2^128 + 6267810373356*2^192,9491045146901750016 + 3274734042924106345*2^64 + 2992789918541531714*2^128 + 2449283921753*2^192,13996883668748027904 + 11403513295826437491*2^64 + 16868247884867613159*2^128 + 5895657691687*2^192,7373586480199159424 + 10644602523946298352*2^64 + 13132077284040645358*2^128 + 2905252820759*2^192,2840868952869091584 + 7455246557557020440*2^64 + 14507321332769889877*2^128 + 298026113240*2^192,7514790265084877312 + 7724166835642920046*2^64 + 10396634957401204443*2^128 + 1094328297121*2^192,16406941984472707072 + 12940934839106710479*2^64 + 7434838699838943551*2^128 + 4164435462565*2^192,9493497248409000960 + 996382829842421554*2^64 + 1255567041157149749*2^128 + 3306621486412*2^192,8546909752466975744 + 1911676524805873264*2^64 + 6524446585454137385*2^128 + 5224968651568*2^192,14067934170739535360 + 4730228472260592872*2^64 + 14775400754223510987*2^128 + 5288845106087*2^192,4400201261780919296 + 18189222137209147618*2^64 + 13627238054404107407*2^128 + 3204461318529*2^192;\
9581657410424437792 + 15470206474566178337*2^64 + 4572068736348042536*2^128 + 7987051761394*2^192,7043551276290218304 + 14229190716892298352*2^64 + 13065730698207352949*2^128 + 6753790993911*2^192,7439390589685033296 + 9220019572309129374*2^64 + 2111814360597190349*2^128 + 8496242172327*2^192,7241790208994526832 + 15535213358042520000*2^64 + 798928231670675845*2^128 + 2872209605680*2^192,4926598851337509504 + 3956793374105118061*2^64 + 10102905576935423777*2^128 + 1590573191294*2^192,10096800608411129088 + 5737268667521838926*2^64 + 15221515826534437636*2^128 + 7062309980065*2^192,6252053791344446336 + 12042574186265460750*2^64 + 7220127146663779302*2^128 + 580119161414*2^192,5567039245871744512 + 10848902534380588051*2^64 + 12516064760165166664*2^128 + 8488924959710*2^192,15535498376978533376 + 6244079254748824517*2^64 + 7197505951082929319*2^128 + 1289654986158*2^192,14827752811658768512 + 5235980450932509884*2^64 + 4342375705180378727*2^128 + 8017843902444*2^192,17180406911972373248 + 8501249708378402437*2^64 + 7266183752626620099*2^128 + 292428721488*2^192,9876315615372040192 + 10384955949085559408*2^64 + 1702612939413827109*2^128 + 8030757974309*2^192,15269923224911860608 + 11006090238264711670*2^64 + 8812656438048155007*2^128 + 1844962985836*2^192,10287056052606253824 + 8719953152937232770*2^64 + 13085143486075012819*2^128 + 182611231681*2^192,9462993979282451968 + 7621563663388483033*2^64 + 578574970970637811*2^128 + 435881337294*2^192,2188968489947467776 + 13892877357915054736*2^64 + 8074684603388422062*2^128 + 7928508292135*2^192,9872747876658058240 + 9085620512269819097*2^64 + 5328182293642740521*2^128 + 6319424735331*2^192,15138783833723028480 + 13237447016138108251*2^64 + 4538013398089584253*2^128 + 5390098299817*2^192,6241219092466805248 + 16676095429813940118*2^64 + 6837962026451323238*2^128 + 8447810581180*2^192,3735009031715187712 + 10824669268791556461*2^64 + 980447928455381560*2^128 + 5872218331343*2^192;\
4080432202395061760 + 5405036230580828605*2^64 + 16857954754822181030*2^128 + 738868746376*2^192,15158815492255026176 + 9554719931593827097*2^64 + 3456108088095885422*2^128 + 487656467378*2^192,17592500378689254144 + 16986880599429897906*2^64 + 11002679285389631625*2^128 + 456957837755*2^192,5366110148970533120 + 6634472291158817289*2^64 + 4266355873372297813*2^128 + 8035660179945*2^192,1907162689647319040 + 14487299939641319482*2^64 + 560866114517995381*2^128 + 1879684940764*2^192,2033704349680742400 + 1515207793357993975*2^64 + 7820723283037205388*2^128 + 5703178024196*2^192,911657966548748288 + 2764265528988243684*2^64 + 18138735568422616244*2^128 + 1338805581426*2^192,6472424849322713088 + 15616141821900733502*2^64 + 1294483507727563816*2^128 + 2932478253078*2^192,16529826004402520064 + 15108124076924720579*2^64 + 9479707551103361519*2^128 + 8118224122748*2^192,13137477495861819392 + 17806138238397162206*2^64 + 11123415846914641488*2^128 + 1167928788297*2^192,13723074203143917568 + 2431178778958978747*2^64 + 5739044101496210002*2^128 + 2394019475207*2^192,7957300649422127104 + 8179020074367925374*2^64 + 11888258719314003816*2^128 + 4585355320471*2^192,3907787043826403328 + 7463327942381397374*2^64 + 9614236392513739807*2^128 + 7459805602664*2^192,16075129175535767552 + 5078485136815209458*2^64 + 75275518065771539*2^128 + 2810105005576*2^192,1593212509337952256 + 374545755525176465*2^64 + 4157445117161670204*2^128 + 2304198718666*2^192,15904442973538942976 + 17352283059955712286*2^64 + 16560424885748817294*2^128 + 3576230315009*2^192,3239195163672231936 + 1628627165807471334*2^64 + 915028827633087825*2^128 + 4449257639820*2^192,14710744464056238080 + 5770988944761152709*2^64 + 8078237657893649461*2^128 + 6383247954126*2^192,4455000528126631936 + 2519217166758866894*2^64 + 8669395546448905609*2^128 + 6953836126850*2^192,14776650082498330624 + 1415971091222254448*2^64 + 13909711652722476635*2^128 + 4210827864242*2^192;\
1607162255813486464 + 7767483189818666572*2^64 + 2761521385342069009*2^128 + 6483368331775*2^192,10775255025463560960 + 16700620704242347071*2^64 + 13095566128765417932*2^128 + 5940056316818*2^192,6535205854607713984 + 11574306938285048258*2^64 + 10148907647833639302*2^128 + 5968382668858*2^192,67217292488010304 + 3904444999970858323*2^64 + 13395976201848518062*2^128 + 2230172713865*2^192,9829911290712782336 + 14813204072726758927*2^64 + 955795956310793091*2^128 + 7621014819357*2^192,539972648070900736 + 5594804512909779356*2^64 + 10746330521853191030*2^128 + 2103639059234*2^192,11047011774137692672 + 7632143333783336434*2^64 + 9812559583185076869*2^128 + 5147755289229*2^192,15742461151693203456 + 10321530616054439670*2^64 + 6622398128808309371*2^128 + 4683594173096*2^192,17933386608856190976 + 6551580512627007319*2^64 + 11710987509165828948*2^128 + 1725392732304*2^192,3576792517459877376 + 2106136404505588149*2^64 + 7826671180484302514*2^128 + 2338574743730*2^192,12544269150402933760 + 8753081354469552556*2^64 + 12385760094244622084*2^128 + 5725882165697*2^192,16703711860886380544 + 2085371255807010013*2^64 + 17561502712753097046*2^128 + 610491118793*2^192,17131772218714968576 + 13635523000217974512*2^64 + 9703007104559954464*2^128 + 1523686714799*2^192,3540404716828972032 + 7513523444713754817*2^64 + 7985898382110320559*2^128 + 1838241243372*2^192,15802237080804050944 + 12250124738639393979*2^64 + 141087529134530910*2^128 + 3853395676484*2^192,12278601354518577152 + 9891757861915284849*2^64 + 4382980442043322755*2^128 + 1893003633538*2^192,5367543833064288256 + 17218991118520699512*2^64 + 17562931888504394985*2^128 + 1920296387922*2^192,12558721925156433920 + 109128796309469827*2^64 + 15331724369166194204*2^128 + 8583248937673*2^192,5573564725331679232 + 4342520619791614201*2^64 + 5841121786482362684*2^128 + 3553839136233*2^192,9346353077462454272 + 4317790604418238460*2^64 + 13694872859811540611*2^128 + 5428011302192*2^192;\
5318479457615148504 + 3272419883902409076*2^64 + 17103894727757623590*2^128 + 1557652050297*2^192,10871264712835517040 + 3870521431487810776*2^64 + 10910182726378778897*2^128 + 2282693136162*2^192,16971311335241430492 + 7311230318952945102*2^64 + 15014411041178830096*2^128 + 5936274842450*2^192,7416630146663844468 + 17797970774580957302*2^64 + 18049694048841156469*2^128 + 4074507884920*2^192,3760316062783845088 + 10370021343895732522*2^64 + 1902545829765348911*2^128 + 2100645688818*2^192,7139975055987985856 + 6245663954482106115*2^64 + 6855165939630908648*2^128 + 6470538756590*2^192,1936999224856720800 + 6869075060328838057*2^64 + 3637531190246615788*2^128 + 2595203264499*2^192,18385543155882948736 + 6251566107874062066*2^64 + 12797078477632291920*2^128 + 2593540800831*2^192,1900034960214864128 + 17386918943930296884*2^64 + 8888673695001145832*2^128 + 6972527709014*2^192,11473948117858031456 + 14548665941420957046*2^64 + 17033143731107276471*2^128 + 2514217206552*2^192,13176501741937526848 + 14507370978751598069*2^64 + 11446893605097682340*2^128 + 5590047223275*2^192,8232629547605889536 + 15731497962821152134*2^64 + 16182923923817221213*2^128 + 5420192382167*2^192,3635423987263878048 + 5441782109471588279*2^64 + 17505638161611806768*2^128 + 2348001762084*2^192,6702128200329178688 + 16225169100716919086*2^64 + 12369585642117241893*2^128 + 6846208825043*2^192,17860525851859363456 + 15014847365905516049*2^64 + 13647781722136276515*2^128 + 7009737916318*2^192,8165485151759698944 + 8280266431150260362*2^64 + 17091630810228162727*2^128 + 2769487881370*2^192,10193591636378306304 + 11551831153960952216*2^64 + 1357950499808708014*2^128 + 5501202795924*2^192,6003635527837149952 + 1315230155973614436*2^64 + 7276226497032563451*2^128 + 4976933705947*2^192,12780089893997108096 + 18093873007586271273*2^64 + 15345691097928326397*2^128 + 3286450389241*2^192,3214466381206182144 + 13090044075648531220*2^64 + 804004278722704130*2^128 + 962085712002*2^192;\
9368210728561728256 + 5002987642888875193*2^64 + 12263456396016878730*2^128 + 1734254737984*2^192,10369031069725396480 + 17042289486135969121*2^64 + 6778708414785952458*2^128 + 2457786509826*2^192,4185801274622184320 + 1010407003913290120*2^64 + 13898110066843396881*2^128 + 8718773664349*2^192,8361178977741758080 + 14835361293109796147*2^64 + 6525002089772983541*2^128 + 8667068377303*2^192,6542603596634446848 + 523769256455100633*2^64 + 6481976699072398392*2^128 + 6474146856489*2^192,16164356877185251328 + 11738640103048651900*2^64 + 8201558665567515145*2^128 + 5768734007202*2^192,8042549880899286016 + 14541607724312450310*2^64 + 13034147736942617973*2^128 + 5006470357038*2^192,807612248880975872 + 6385434128143480622*2^64 + 242497919206485985*2^128 + 555907473739*2^192,11498206358039044096 + 7392032704233096678*2^64 + 10132960466017221036*2^128 + 8659423575455*2^192,2344752847519132672 + 10718994882662804080*2^64 + 8477820739223109340*2^128 + 8380551890403*2^192,6409313354026715136 + 2581435343319262826*2^64 + 7036205405259112592*2^128 + 5515512423057*2^192,6084828468528955392 + 13262948001683881115*2^64 + 13811685710475788215*2^128 + 92560778392*2^192,4942388105591682048 + 9677875636718148402*2^64 + 7536201338739240880*2^128 + 6908685779691*2^192,1382843342318913536 + 10676015270467645134*2^64 + 12561960465328024820*2^128 + 8778691292306*2^192,4899824208501985280 + 2275384273790624195*2^64 + 16292150569616560760*2^128 + 6236394829563*2^192,1968172122913996800 + 14089962535376111302*2^64 + 3232773380143084751*2^128 + 3969572094910*2^192,3042592024217051136 + 3673599080153761719*2^64 + 1375002715621191153*2^128 + 7574991838546*2^192,9347850084695891968 + 15817206756667914646*2^64 + 13701402058239938830*2^128 + 5947347325259*2^192,1374763951763189760 + 943359089896645529*2^64 + 8366751119460677269*2^128 + 5003079712666*2^192,1189792472380153856 + 8549732105024572964*2^64 + 17700759083093715373*2^128 + 6320035007543*2^192;\
6903880512197869568 + 7915324248537809346*2^64 + 4988922633210814409*2^128 + 5189922384057*2^192,11617746050609152000 + 15372899208841602264*2^64 + 14910054788398384822*2^128 + 5664183650506*2^192,13448978164078092288 + 17217401230433967532*2^64 + 2929380960754215341*2^128 + 3696138694504*2^192,15233271424496558080 + 3033954451398623202*2^64 + 13044023711614700226*2^128 + 8448364478745*2^192,17146194236708028416 + 14018466631607197113*2^64 + 18134815260712758540*2^128 + 493223519463*2^192,10408481335770808320 + 4358877079397107631*2^64 + 13783222398114333378*2^128 + 1030010696610*2^192,6038521855667142656 + 11139662919909365410*2^64 + 11481990649945777069*2^128 + 1932246466577*2^192,1984702671551922176 + 15004182338857655397*2^64 + 5346190257846922667*2^128 + 8508109676001*2^192,3486292858746961920 + 13671686338916186140*2^64 + 11371590281821605933*2^128 + 6336577354123*2^192,3487094810642792448 + 5614919665518651464*2^64 + 2652616210928278097*2^128 + 4098199898518*2^192,7235687596652363776 + 2831410111955059167*2^64 + 7990335136786463296*2^128 + 5748788541042*2^192,1458498261695070208 + 6673480313875068709*2^64 + 8663046631287999265*2^128 + 4233332246461*2^192,7578344317229203456 + 11141870650453286295*2^64 + 14311428847193683052*2^128 + 19482720862*2^192,17151909684917305344 + 14823777986105575342*2^64 + 12287398550515929156*2^128 + 734610680500*2^192,8711585551147859968 + 9851311643498286831*2^64 + 6126882355425017266*2^128 + 1636591000034*2^192,1137871569406394368 + 15270692148702173540*2^64 + 4393545590331203794*2^128 + 7086944554820*2^192,6199104751382036480 + 17321653147114839020*2^64 + 895848265798225286*2^128 + 6152386747263*2^192,14715132428267028480 + 11946726178382565333*2^64 + 323018455375237135*2^128 + 7352005885515*2^192,1267184885486059520 + 4104990959053232872*2^64 + 15893977735053366718*2^128 + 4757661522016*2^192,6840921109602500608 + 11627511907609215032*2^64 + 14365004783448119160*2^128 + 2826223356303*2^192;\
14703071655284775936 + 15773911779616848256*2^64 + 17830903023260162215*2^128 + 6460282106485*2^192,7222277950173878272 + 11339507924109428738*2^64 + 17202901647783287779*2^128 + 4579008962086*2^192,15292253481166734848 + 478717235281684157*2^64 + 16367296632004348798*2^128 + 8748525175530*2^192,4723554315971273216 + 9974891296018385065*2^64 + 6710968249797566809*2^128 + 3649930552681*2^192,8692686522383282176 + 7777925234711261368*2^64 + 5714435971349777492*2^128 + 3512640997646*2^192,10686256402568732672 + 6146732970241742214*2^64 + 3537715007435843911*2^128 + 7066634517987*2^192,11396254161445703680 + 16310148857807692696*2^64 + 14230668206032678389*2^128 + 6130566216355*2^192,754270037231321088 + 6692837148077270087*2^64 + 1013364159951452636*2^128 + 4102041992363*2^192,15700676635928723456 + 12045392183049664772*2^64 + 3424856206360021564*2^128 + 6550031013957*2^192,4654063360817999872 + 10503164056789850789*2^64 + 108580343408140420*2^128 + 7496852122927*2^192,7235034492867354624 + 17583550575969849069*2^64 + 8292317251453435746*2^128 + 5305523606902*2^192,18387149578601299968 + 11308603371552655950*2^64 + 8167966630956279603*2^128 + 5419281084155*2^192,12411609101725028352 + 2806696134273028097*2^64 + 6083257575273097198*2^128 + 6450868854690*2^192,14300113637579792384 + 16617846414834471477*2^64 + 11646939832324029638*2^128 + 5699814915189*2^192,1180285657009897472 + 8073944753102159602*2^64 + 13031475312694683941*2^128 + 2185281254997*2^192,18375628460807290880 + 14242886573161486327*2^64 + 16851150432600383945*2^128 + 182050672483*2^192,7474422467386376192 + 14021754028720433010*2^64 + 12112513514072453051*2^128 + 6112106239959*2^192,4434065447786610688 + 8506567991954894699*2^64 + 11793868711053990922*2^128 + 4184914454119*2^192,559560071633485824 + 15457579862760000908*2^64 + 16331611849006090673*2^128 + 4172973264203*2^192,4377206069310160896 + 17926895617341965327*2^64 + 9096523447322633316*2^128 + 113601797291*2^192;\
14503257799434551784 + 13971153613896931645*2^64 + 10523286130938425246*2^128 + 1619897124066*2^192,8547782281679618832 + 17130145477463359919*2^64 + 1359874191980530930*2^128 + 5687603761097*2^192,5690702418199994244 + 4263619072841064155*2^64 + 2094525435660952521*2^128 + 1325094425032*2^192,14362543744422101164 + 6493094621811982340*2^64 + 16341688747717481687*2^128 + 1690906654225*2^192,18237775910320674848 + 11735999617789887535*2^64 + 12248972388395289038*2^128 + 2989981869790*2^192,8916771966782785600 + 1659426631967164708*2^64 + 902290629415810275*2^128 + 701438570065*2^192,9178089090426155872 + 587235518274233399*2^64 + 13846867020697600640*2^128 + 328513489155*2^192,3939057063777958784 + 16762845919627846878*2^64 + 12505982092581892837*2^128 + 5031194460159*2^192,15449209512124790528 + 15096696382707118287*2^64 + 14743582728810715710*2^128 + 3039177629430*2^192,17559787368448796576 + 16482594085022040261*2^64 + 1612086226267576560*2^128 + 7958252783334*2^192,8400111367570813376 + 15104055976870407463*2^64 + 4218423361368094999*2^128 + 377920036942*2^192,3770671131038842368 + 6933840718553761582*2^64 + 5281688592076627080*2^128 + 339144710231*2^192,3919387112475796832 + 11035864275883684386*2^64 + 17494994591353444179*2^128 + 4698583518355*2^192,2837875499481340864 + 14914830005039354615*2^64 + 6100212541114029569*2^128 + 7016900910131*2^192,12022635274323590528 + 954296540107482650*2^64 + 17628256019306563114*2^128 + 2903207283431*2^192,4507437997847270400 + 13925084796661892871*2^64 + 8514164242674974329*2^128 + 6483776398462*2^192,11152339718142824704 + 12270862488305237540*2^64 + 2250513729314225043*2^128 + 8214580245951*2^192,6513460440197598464 + 13022981765110340929*2^64 + 7620868636568575708*2^128 + 7318867569812*2^192,4482152984896721024 + 18023246623997013205*2^64 + 3530736191894636746*2^128 + 8272063595785*2^192,432725840524758784 + 5900782429836427739*2^64 + 1718890472243751616*2^128 + 51685756620*2^192;\
1821168616746882048 + 2992044643367329463*2^64 + 14080970616106701205*2^128 + 6460019971046*2^192,8767176646845188096 + 2209299878393220610*2^64 + 13330226391964045393*2^128 + 758590988461*2^192,15780296080702173696 + 10376701099469434734*2^64 + 3720793858067513623*2^128 + 8524163878926*2^192,16796688168567408128 + 5096448490775148292*2^64 + 17004753440514456121*2^128 + 4241882575967*2^192,14212028523215097856 + 6608203430784651686*2^64 + 7533173843731968500*2^128 + 7662757489180*2^192,3873683637153964032 + 15999708454238901880*2^64 + 13915215615928136025*2^128 + 152247455428*2^192,3930440824576389120 + 660945624553130502*2^64 + 13071291854294457597*2^128 + 1523373510047*2^192,7907847381469052928 + 13321785760264799969*2^64 + 3349536787988990305*2^128 + 4023176518645*2^192,12209140595688964096 + 3336118552109753406*2^64 + 9660517458527630394*2^128 + 2803540861475*2^192,6449572031372808192 + 16665678263645055086*2^64 + 6572253830859946940*2^128 + 3784566787538*2^192,15135313934518968320 + 11285280247992906623*2^64 + 15381422052150687432*2^128 + 4878388622921*2^192,10014017033893773312 + 6592183464263426705*2^64 + 2065150029929885358*2^128 + 771229787407*2^192,6286644259575623680 + 11011623102667486185*2^64 + 16564606251159130931*2^128 + 7131073238651*2^192,5099448589706911744 + 9576957520339111901*2^64 + 15885702285638450305*2^128 + 5690985893524*2^192,14301068826728513536 + 12996702927870674095*2^64 + 16714402447963770939*2^128 + 6306780919049*2^192,17600660290270265344 + 10512847170064990810*2^64 + 7784345355327763112*2^128 + 3951065988370*2^192,4729517508509466624 + 3108383202377531470*2^64 + 8896131810159738082*2^128 + 3476039592850*2^192,3562450702971076608 + 3340259179036546693*2^64 + 5469165469529822690*2^128 + 2823765630237*2^192,4792540851762249728 + 16720440478814047491*2^64 + 6683426456966846710*2^128 + 2455420086597*2^192,1907314006348234752 + 4564096087248797544*2^64 + 7696858112930997065*2^128 + 7124536514927*2^192;\
9020642870652662884 + 12447022540333411227*2^64 + 13735308472603258643*2^128 + 2656205469341*2^192,15581354775966163944 + 9872965282060983918*2^64 + 15868945167335215502*2^128 + 7215674021822*2^192,8682694902692070106 + 3293270909729366626*2^64 + 8009335952831541837*2^128 + 6050726281426*2^192,13503810242635735646 + 197751909081820201*2^64 + 1727407464439715647*2^128 + 1393707623453*2^192,7455700622462991568 + 8369598160628357890*2^64 + 1562586349103421438*2^128 + 3383023521290*2^192,1469568249106060704 + 458338165739015901*2^64 + 10584000116873864959*2^128 + 4955384081888*2^192,7012445871928810992 + 2385714644415055304*2^64 + 14385294420523703010*2^128 + 2564342958716*2^192,159335338468590272 + 17730793774869327734*2^64 + 8638418206870593799*2^128 + 2125503454455*2^192,5635283519759279488 + 11789470549067731416*2^64 + 4740494281682218876*2^128 + 3524896403240*2^192,13707837778389991824 + 12737990043614137973*2^64 + 6456747313821276262*2^128 + 6055108037355*2^192,8678339565963281248 + 17183208202375710573*2^64 + 18298612451198195103*2^128 + 1000269248059*2^192,18253971674151482112 + 6652699508453610748*2^64 + 1419020760712141519*2^128 + 1425831974744*2^192,2232223050930402032 + 7644309581100028344*2^64 + 12286317196553085142*2^128 + 8088469353859*2^192,2597051198679487584 + 15395835700798101867*2^64 + 9840637655892092796*2^128 + 8114016283550*2^192,10830676246690426816 + 6118240793853902879*2^64 + 2642360528737282737*2^128 + 905612873056*2^192,280345073643708928 + 15591386487904290826*2^64 + 679677609169666600*2^128 + 6752218392895*2^192,3876222240173354624 + 18390272198585385312*2^64 + 2811472304753628041*2^128 + 2574261617354*2^192,7910043013691970688 + 14530311404480217801*2^64 + 8306823083718767822*2^128 + 2109979452693*2^192,2795157959995296576 + 14664501752714892619*2^64 + 7227283029368392456*2^128 + 6622563848154*2^192,93927830724575616 + 12079384165661399236*2^64 + 7896895136849470483*2^128 + 1569405502538*2^192;\
11434882279664980814 + 8571290822292522122*2^64 + 5484078470897248888*2^128 + 3599732584885*2^192,7806524895865124108 + 1624087009854556697*2^64 + 8805946412535686917*2^128 + 1000690966210*2^192,14441041747294424659 + 5224368498223109779*2^64 + 4714202271575483217*2^128 + 4512082629565*2^192,8325885265332357137 + 14045279444362929050*2^64 + 10356559130608470642*2^128 + 7820319192646*2^192,7530061264885452696 + 1726646270748947975*2^64 + 6260563275071200363*2^128 + 1895760092578*2^192,5940687900233314608 + 4521776785388188021*2^64 + 16789160477838906887*2^128 + 1167072606940*2^192,901588295491607304 + 10275895309012715201*2^64 + 3998599135559502574*2^128 + 4348970407122*2^192,14757147895506273952 + 14887136359785356758*2^64 + 10996278430244692710*2^128 + 5829372753392*2^192,7217880582250929472 + 3077447242058539926*2^64 + 3192870865484422289*2^128 + 7958325176877*2^192,10031128818923861304 + 1262877403409388526*2^64 + 6053919635800572352*2^128 + 6716289642640*2^192,13429738742751150672 + 16253065161220378727*2^64 + 7268387581294707028*2^128 + 2162343276122*2^192,14645588470831261312 + 12364464836719462609*2^64 + 16218729739016258305*2^128 + 921499761665*2^192,12093804969326870664 + 11701113819610190439*2^64 + 12323088813861220590*2^128 + 4074766342639*2^192,11374080952463784400 + 7429337134873238669*2^64 + 10243460611432306338*2^128 + 3006154678312*2^192,15173622000486674464 + 16244142831669624930*2^64 + 2876627801291302331*2^128 + 8267342337698*2^192,5914175644111179520 + 16293772297083203826*2^64 + 13815081752035854662*2^128 + 1528824888288*2^192,5425033710505539776 + 3621037739009467861*2^64 + 1893415207542931780*2^128 + 5591975461649*2^192,7574107769854322112 + 2430913647659513257*2^64 + 1095804008111856413*2^128 + 573949703261*2^192,18152744298829673056 + 14747537537511873427*2^64 + 565967322172736335*2^128 + 529112814977*2^192,3663005172965232448 + 3310242249982120123*2^64 + 12447043235221280775*2^128 + 3102807455144*2^192;\
10641002676024587520 + 2236286094883653427*2^64 + 10282143019770231303*2^128 + 4770330067017*2^192,13117447013408248320 + 3983643602730784500*2^64 + 14451830705610031557*2^128 + 8006721428744*2^192,830747377973148800 + 7457305439729651013*2^64 + 14539423331563818309*2^128 + 7416661376001*2^192,14090577653161130368 + 1464257498699989126*2^64 + 3148008958162602184*2^128 + 8467666859345*2^192,11575763151059051520 + 8190681658676431039*2^64 + 5707970175330506697*2^128 + 2504264994926*2^192,13469601918322034688 + 16009812081311932188*2^64 + 4822795083489721531*2^128 + 5853430145067*2^192,3763846322473470976 + 16007600397644623917*2^64 + 16364079736283964000*2^128 + 6739583365438*2^192,15769997502784188416 + 2729648994096618424*2^64 + 3304848764961974367*2^128 + 5493825110789*2^192,15344773288147804160 + 13555095976835905804*2^64 + 3817767082355320560*2^128 + 2540116538577*2^192,2964623178513241088 + 8968449766291580029*2^64 + 1276095407034736499*2^128 + 1735259888344*2^192,10641539354584053760 + 11574820528849683314*2^64 + 12872221246514019015*2^128 + 1800429220166*2^192,3202156444128493568 + 6616125062437071240*2^64 + 5972491848569951879*2^128 + 4932755202159*2^192,2930997560419552256 + 2001360128425964517*2^64 + 2754295930750255204*2^128 + 3476036674354*2^192,17469516030585780224 + 14888636878287830943*2^64 + 12452910631844126012*2^128 + 6063078850737*2^192,11177819538011205632 + 90787911137896694*2^64 + 10194988146168701564*2^128 + 6135801725113*2^192,6273993853313908736 + 3421051153396834024*2^64 + 6854792705971445206*2^128 + 3795209411315*2^192,2755186214929637376 + 52818896968975776*2^64 + 11297750140906620086*2^128 + 2010926903644*2^192,2386614169836232704 + 8616458841961983911*2^64 + 1799609038600878480*2^128 + 5141500706354*2^192,1438220151551791104 + 8627338485058913347*2^64 + 7071588685589410667*2^128 + 5467471899344*2^192,17813112056982462464 + 375226327864327260*2^64 + 8240006474500999656*2^128 + 2833161441876*2^192;\
11333867177896388464 + 2290062164516031904*2^64 + 4728029572968996542*2^128 + 5003604785219*2^192,12102864330637953632 + 15964904955739473348*2^64 + 2513321477534284058*2^128 + 6689176517343*2^192,8648531107077490456 + 1499867022367286627*2^64 + 5360027997139035819*2^128 + 8301591512290*2^192,17937418995129131528 + 5961904341932906943*2^64 + 18140155213156267743*2^128 + 7792633049288*2^192,17282144287498485952 + 3962710021175686329*2^64 + 8780946795207809954*2^128 + 185601209768*2^192,16428495455097000320 + 10845173499072426781*2^64 + 15267159013480199216*2^128 + 7835344454481*2^192,16547700670933722176 + 12221459457662182092*2^64 + 2015860288156825977*2^128 + 3814855231916*2^192,7826735465169036544 + 12180680883563944807*2^64 + 13746522528556365402*2^128 + 1108419956191*2^192,14549562320352414208 + 655439977520092076*2^64 + 16034378803087930908*2^128 + 5471298242212*2^192,2449843301900238272 + 1790514511889802362*2^64 + 12074119651730309893*2^128 + 5304448882192*2^192,11357172921859009152 + 13341043034731825817*2^64 + 18229255171529427081*2^128 + 3518827994240*2^192,13553036162709500928 + 2117287149922625183*2^64 + 15540745400752613880*2^128 + 8363379103052*2^192,11942150989259419712 + 7710690761458819606*2^64 + 9319534562917678999*2^128 + 8310808003888*2^192,11948237628061222528 + 14456869736233065138*2^64 + 1785985591996308843*2^128 + 7466459255576*2^192,2558929425312657664 + 5594359626398775036*2^64 + 1746609908320914950*2^128 + 3468207171649*2^192,4615546638164686848 + 1735007301174034609*2^64 + 1466084057156678106*2^128 + 1605683300787*2^192,3169250774182454784 + 6916081694618032704*2^64 + 12606986845138970150*2^128 + 5322405528311*2^192,7235971272343801344 + 17721387829930056713*2^64 + 7272448115692844588*2^128 + 4640761855127*2^192,15298975129244476160 + 13164243905098411990*2^64 + 7221816649974182267*2^128 + 7480036384625*2^192,11784694322732358144 + 1109379179110260501*2^64 + 7410240218955429589*2^128 + 6177146103546*2^192;\
871470273382389616 + 4168060533777699145*2^64 + 11555955984396991809*2^128 + 7056963374191*2^192,12607098321091086944 + 7502305572665098098*2^64 + 172379020475828878*2^128 + 5275517754953*2^192,11667780211810824984 + 3812216478416974312*2^64 + 18180444898353806047*2^128 + 5832554537381*2^192,15111214136271394312 + 2397347836709790596*2^64 + 9033305679802829641*2^128 + 6002601461344*2^192,15686404117258240192 + 6470510873802020732*2^64 + 18207701546375679663*2^128 + 2589425092538*2^192,3394561293137670528 + 1171800265278009584*2^64 + 9634570883557759*2^128 + 3746506963786*2^192,3286040872439546944 + 14559476943680635535*2^64 + 2701980235272325390*2^128 + 7167919853633*2^192,5614913981036274944 + 5105627769613241539*2^64 + 9475257931422356384*2^128 + 3834971639102*2^192,8948052346329483776 + 8268113315955963523*2^64 + 16989621094696695807*2^128 + 456590688487*2^192,10081710091260272064 + 9145830933276994823*2^64 + 614518485642777170*2^128 + 787819249797*2^192,6595199780545841792 + 10184184535651031387*2^64 + 6568986649055467311*2^128 + 2740637589452*2^192,2113243687190361088 + 14231906857008746435*2^64 + 11942012045787741420*2^128 + 1407806689921*2^192,5697177551662248000 + 5850088897565084377*2^64 + 4148208038127884978*2^128 + 3595961469274*2^192,13481562665288435328 + 2333451433490848379*2^64 + 11992932804318917604*2^128 + 8678841879190*2^192,8989944376905232640 + 10601004455102882990*2^64 + 7355135316958427627*2^128 + 5943045566666*2^192,10438512920166791168 + 17573392937395952933*2^64 + 16493479551827248044*2^128 + 6818795565492*2^192,9155045567637972480 + 10092586566356714168*2^64 + 5449967929712385565*2^128 + 7069880948224*2^192,4027454641464364544 + 3576059726609894648*2^64 + 14120453791108927584*2^128 + 2165589002007*2^192,14418628090689364736 + 6910010304692245630*2^64 + 2341051566690675047*2^128 + 7326765975614*2^192,7539239536654998016 + 4595856381979289246*2^64 + 18341697192690340012*2^128 + 2068035610945*2^192;\
1348823222988980200 + 3697218325733648406*2^64 + 8685134380594186787*2^128 + 5603218405237*2^192,9607112943324819216 + 1907633030340989208*2^64 + 7734228992910112754*2^128 + 5106491004084*2^192,17882447478634043012 + 231720544406265362*2^64 + 18115848376898120180*2^128 + 6814490746959*2^192,12195093677720765868 + 5033526563746409174*2^64 + 6442347897693059215*2^128 + 272056643661*2^192,14379229320738140192 + 5314911777049396148*2^64 + 3920869371597432697*2^128 + 1402743797010*2^192,6391354472594995264 + 778100159968340883*2^64 + 9286719226771587856*2^128 + 1277867973609*2^192,8409935683006765920 + 10058277859578677359*2^64 + 4575447892579213818*2^128 + 7436773611226*2^192,13301842775340276608 + 7297494346372072472*2^64 + 9529655448587249946*2^128 + 8684397125256*2^192,9504674269272176384 + 13967729825074415065*2^64 + 8256385950346614444*2^128 + 6207362316134*2^192,4937136900831076256 + 9736662068184562094*2^64 + 1486988380999231901*2^128 + 1413302862549*2^192,7832271787325620672 + 2587573520626151288*2^64 + 7312785701323865458*2^128 + 1161339490236*2^192,2999065506839068160 + 2287779671371642173*2^64 + 3811700381155967440*2^128 + 2929115320873*2^192,16099232647907192160 + 11074796190542025781*2^64 + 4148415248697509140*2^128 + 3500070382863*2^192,12624110196963158976 + 1771093428625746151*2^64 + 3846616037683245269*2^128 + 3157128073327*2^192,7661937443108167040 + 3088977195934274032*2^64 + 10246972796470701599*2^128 + 511784875739*2^192,12136092996847358976 + 18237417431265139519*2^64 + 17221092320225420110*2^128 + 115070162046*2^192,15605247652587491584 + 3756044513999595419*2^64 + 18260842246338232763*2^128 + 5027741271995*2^192,6306940545893682432 + 1786382497657835862*2^64 + 11823359265974490258*2^128 + 3919905015432*2^192,13270330108809916544 + 6789055548393514685*2^64 + 4253355242228557922*2^128 + 6665354191546*2^192,5421943974397710080 + 16557224465605373565*2^64 + 2947942620736704614*2^128 + 5034486957278*2^192;\
14785070639188140256 + 5719923485864421689*2^64 + 16362600386276842882*2^128 + 7238442053621*2^192,6624434710611577024 + 877298527202416222*2^64 + 6927830147844470035*2^128 + 2658891321667*2^192,14986887302772013872 + 11469365512040526666*2^64 + 16023486865123076399*2^128 + 7285332560961*2^192,13807174153055822608 + 10282267992033420154*2^64 + 12351711970962215012*2^128 + 2978722130592*2^192,15745882203776215424 + 16161142968401861052*2^64 + 17829364072307347519*2^128 + 8609345457147*2^192,1246684440609944320 + 14931261015028505529*2^64 + 3285293047339460282*2^128 + 1375271985127*2^192,3115963930150944896 + 15344769446777971696*2^64 + 16080222718873889617*2^128 + 4252325874638*2^192,13094481252249184768 + 6097009234772780292*2^64 + 16158550452103430988*2^128 + 2599777501677*2^192,15991549708652205056 + 9677903546128222802*2^64 + 6675818029399013800*2^128 + 1885395490299*2^192,10681217033279128448 + 13745177715529885528*2^64 + 16753564670481094035*2^128 + 7242311494101*2^192,16415582947740452096 + 9777668266714624752*2^64 + 13418547637643411927*2^128 + 6853401047587*2^192,4694865244452055040 + 11358583277709542648*2^64 + 8061014161681341730*2^128 + 6654889581417*2^192,8538473653813041280 + 16692616175511780966*2^64 + 12319028174685687671*2^128 + 2340785647048*2^192,8667801196317097216 + 13795650114162353759*2^64 + 6466049832546299424*2^128 + 4216093523760*2^192,10906220609805763072 + 11904734044578222731*2^64 + 18431796785016307739*2^128 + 7003642955632*2^192,9135253602502111232 + 4153127073141375590*2^64 + 3188217651882862941*2^128 + 4124587947024*2^192,5219697934600178688 + 250864849043009507*2^64 + 14756272175425196876*2^128 + 5512768486116*2^192,12118353900776184832 + 11476917110127625360*2^64 + 17195820427100046886*2^128 + 7221158456280*2^192,17404678937605465600 + 11745175832113550983*2^64 + 8688845494080488567*2^128 + 5562516059490*2^192,14418536177490949120 + 16517267935353245648*2^64 + 16696789565935755764*2^128 + 745283891933*2^192;\
18187961746839289214 + 14771243503579977472*2^64 + 18410913904618278118*2^128 + 7958532621559*2^192,15672580367609379564 + 14162969286135411201*2^64 + 9024724171870354755*2^128 + 4654817107711*2^192,10386866121724482123 + 13657247810987749769*2^64 + 8426924900438510179*2^128 + 7095904027215*2^192,12658103835743700921 + 3332437268759103591*2^64 + 11900249804673734359*2^128 + 6159345926082*2^192,16016629871789700952 + 18282054523021043104*2^64 + 16532635553190694873*2^128 + 2306309855186*2^192,3038968357007036592 + 7740531077311507594*2^64 + 8357264339612360820*2^128 + 4139569813183*2^192,12434233256089517128 + 7978707549210517002*2^64 + 11654554625220388095*2^128 + 7605625076131*2^192,10152692020546613152 + 13518359791957603128*2^64 + 1799433617730427182*2^128 + 1773585434732*2^192,11758020037180747584 + 13704804854644975754*2^64 + 8977614425996986051*2^128 + 2656993198954*2^192,10564876413065305592 + 6724017287612378416*2^64 + 13593003843403496208*2^128 + 6759778064015*2^192,15244971716152585936 + 17089172677854675347*2^64 + 1485051863102799695*2^128 + 657838012079*2^192,11752003207471508096 + 11021738924463167065*2^64 + 4806308517416431914*2^128 + 5549453022502*2^192,8049773606998687176 + 7479621162060784791*2^64 + 2395603076765240544*2^128 + 7691565884080*2^192,11239635101339652688 + 14753199987559362284*2^64 + 10300095558710587857*2^128 + 840185412667*2^192,1661751232994350368 + 2118151972420928180*2^64 + 7346550761761057674*2^128 + 7015818306661*2^192,7724770441949144832 + 2919013702559225403*2^64 + 18017018843472301465*2^128 + 2640304739853*2^192,13075708732145391296 + 12178924466524693120*2^64 + 11076233801929859633*2^128 + 182928468525*2^192,299776107718773696 + 7167744630542438642*2^64 + 14603841091969990335*2^128 + 6085209493630*2^192,11211639100432888160 + 2489410426903778768*2^64 + 15419211507404063366*2^128 + 4630992030719*2^192,9855041527433392448 + 5478335117181324907*2^64 + 2956831651090029440*2^128 + 7753066567964*2^192;\
14540292237641181030 + 10746793928428566754*2^64 + 5715865525459637359*2^128 + 8409757751811*2^192,14064051159114616316 + 11878745500077222846*2^64 + 1761481530867856148*2^128 + 4068124315415*2^192,11530048449759844815 + 14086782366568978589*2^64 + 507846184644533459*2^128 + 3333225433145*2^192,4324963844417755237 + 5948883983376411576*2^64 + 6675917906678693769*2^128 + 8271926465572*2^192,8817074539148291960 + 13047734665171310800*2^64 + 11617574138092760184*2^128 + 2916402338300*2^192,6134372087099234544 + 283939953368786895*2^64 + 13447329249833090118*2^128 + 60745902821*2^192,3043703052152270760 + 3831990689028593236*2^64 + 15029211512147151172*2^128 + 424500979827*2^192,6058507812934052640 + 3310834924174448266*2^64 + 4132547106906630744*2^128 + 8649260674021*2^192,4718500313681536576 + 3845739519571973129*2^64 + 7464634366909047045*2^128 + 3148040524791*2^192,15063010860859418008 + 685645640412506768*2^64 + 4165173015956684733*2^128 + 2605186533746*2^192,10215299630709514384 + 1420627141426355363*2^64 + 656451395474387904*2^128 + 3780310283055*2^192,16036548855439173760 + 10742998538419195773*2^64 + 2748639843385436026*2^128 + 5840369630594*2^192,18132838929785979688 + 12763311630134054280*2^64 + 4091451130134302683*2^128 + 2911201115499*2^192,5348415867607985680 + 9078325841969226574*2^64 + 7834745271771022873*2^128 + 37868119683*2^192,14438322265975919264 + 4749509712780852784*2^64 + 7838265486943813168*2^128 + 7687805006539*2^192,12571858412066290432 + 7788842521376631267*2^64 + 1279446028133323896*2^128 + 2342562049291*2^192,17747909699020613568 + 5860761092726698752*2^64 + 10663992574327745562*2^128 + 7532842472561*2^192,13886649100973086912 + 7790202310672016066*2^64 + 13614426490869106745*2^128 + 7589607434119*2^192,5843362276777984480 + 12299288803958225275*2^64 + 18421959284526070615*2^128 + 7675558570820*2^192,5087695257603489856 + 18256033757652692826*2^64 + 12678836501900243726*2^128 + 117976353375*2^192;\
14796537599733379166 + 17464372506906533033*2^64 + 1155237240817626052*2^128 + 2099565405092*2^192,8634892028723574700 + 12189789541055431690*2^64 + 4666817739604410912*2^128 + 8538808886285*2^192,15623487611437652603 + 14811149379835266647*2^64 + 6831168070511812203*2^128 + 4987173752838*2^192,8909641660554729929 + 17938798182609853821*2^64 + 15935458592560826162*2^128 + 4139059702792*2^192,6990244521346418904 + 7040671759557392559*2^64 + 7506751274952192356*2^128 + 7036594208191*2^192,14112564496455521200 + 15447699663633785456*2^64 + 14593539005983459947*2^128 + 4290326933471*2^192,8509979382527964360 + 8668964719621605918*2^64 + 11832003238266928272*2^128 + 8688986740563*2^192,4895287351078238624 + 13270748911975967879*2^64 + 7109079178423599980*2^128 + 2415222581357*2^192,7176634888022098752 + 14967696112544995973*2^64 + 16256692763134526410*2^128 + 6542295952073*2^192,17850317019077880184 + 9050809016522880425*2^64 + 9305060436042447538*2^128 + 7060115501630*2^192,8998021826066686928 + 6557225949787958954*2^64 + 2428783221475445664*2^128 + 4803841565267*2^192,2746601764260975232 + 18155979293923564076*2^64 + 12649715875322938961*2^128 + 6675249134913*2^192,11821900219574029896 + 9396060244910477456*2^64 + 7754532108943385427*2^128 + 1777782631243*2^192,9613907962715209552 + 2502317877621289474*2^64 + 4718198052387893600*2^128 + 6193668032689*2^192,12862212804716738336 + 17871166231188075826*2^64 + 1058895729737970878*2^128 + 7959790396424*2^192,13605684760892397312 + 3035013382166165685*2^64 + 5786183175467276168*2^128 + 1661487074658*2^192,6452256583623811776 + 6304510631890940571*2^64 + 16437624994582925020*2^128 + 7209643984084*2^192,17749314797734569920 + 1850480565201805115*2^64 + 3141228743106945933*2^128 + 829569744941*2^192,12488626679721277280 + 10852493756391697391*2^64 + 16265793374028789382*2^128 + 7370828268803*2^192,17759022240954459456 + 18047335155409552737*2^64 + 15192311960018113832*2^128 + 4391082220422*2^192]
/* 
This matrix times 2^(-13) should be the matrix of frobenius.
*/ 
B = 2^(-13) * A; 
/* Freed 6297 lists. */
The sign is: -1
The characteristic polynomial is: x^20 - 2*x^18 - 6*x^17 + 12*x^16 + 3*x^15 - 8*x^14 - 144*x^13 + 96*x^12 + 512*x^11 - 2048*x^9 - 1536*x^8 + 9216*x^7 + 2048*x^6 - 3072*x^5 - 49152*x^4 + 98304*x^3 + 131072*x^2 - 1048576
Its Newton polygon is: [2, 2, 2, 2, 2, 1, 1, 1, 1, 1, 1, 1, 1, 1, 1, 0, 0, 0, 0, 0]
Its factorization is: [x - 2, 1; x + 2, 1; x^18 + 2*x^16 - 6*x^15 + 20*x^14 - 21*x^13 + 72*x^12 - 228*x^11 + 384*x^10 - 400*x^9 + 1536*x^8 - 3648*x^7 + 4608*x^6 - 5376*x^5 + 20480*x^4 - 24576*x^3 + 32768*x^2 + 262144, 1]
The valuation of f-g is: 18
The valuation of subst(g,x,A) is: 5
