/* Comments begin... 
No set up needed.

Please input coefficients below.
Coefficient of   x^23                     = Coefficient of   x^12 * w^2               = Coefficient of   x^6 * y^6 * w^1         = Coefficient of   x^5 * y^5 * z^1 * w^1   = Coefficient of   x^4 * y^4 * z^2 * w^1   = Coefficient of   x^3 * y^3 * z^3 * w^1   = Coefficient of   x^2 * y^2 * z^4 * w^1   = Coefficient of   x^1 * y^1 * z^5 * w^1   = Coefficient of   x^1 * w^4               = Coefficient of   y^12                     = Coefficient of   z^6 * w^1               = 
Here is the polynomial we're using this time:

1 + 0*2^64 + 0*2^128 + 0*2^192*x^23 + 1 + 0*2^64 + 0*2^128 + 0*2^192*x^12*w^2 + 1 + 0*2^64 + 0*2^128 + 0*2^192*x^6*y^6*w^1 + 1 + 0*2^64 + 0*2^128 + 0*2^192*x^4*y^4*z^2*w^1 + 1 + 0*2^64 + 0*2^128 + 0*2^192*x^3*y^3*z^3*w^1 + 1 + 0*2^64 + 0*2^128 + 0*2^192*x^1*y^1*z^5*w^1 + 1 + 0*2^64 + 0*2^128 + 0*2^192*x^1*w^4 + 1 + 0*2^64 + 0*2^128 + 0*2^192*y^12 + 1 + 0*2^64 + 0*2^128 + 0*2^192*z^6*w^1


Allocate G_len 20 elements and old = 0.
Allocate M_len = 400 elements.
Allocate G_len 40 elements and old = 20.
Allocate M_len = 800 elements.
Allocate G_len 80 elements and old = 40.
Allocate M_len = 1600 elements.
Allocate M_len = 3200 elements.
Allocate G_len 160 elements and old = 80.
Allocate M_len = 6400 elements.
Allocate M_len = 12800 elements.
Allocate G_len 320 elements and old = 160.
Allocate M_len = 25600 elements.
Allocate M_len = 51200 elements.
Allocate G_len 640 elements and old = 320.
Allocate M_len = 102400 elements.
Allocate M_len = 204800 elements.
Allocate G_len 1280 elements and old = 640.
Allocate M_len = 409600 elements.
Allocate M_len = 819200 elements.
The final length of G is 818
[22, 0, 0, 0, 0]  	264	7  <--- 1
[12, 0, 0, 2, 0]  	276	3 
[6, 6, 0, 1, 0]  	276	6 
[5, 4, 2, 1, 0]  	288	5 
[4, 3, 3, 1, 0]  	288	5 
[3, 3, 4, 1, 0]  	311	5 
[3, 2, 5, 1, 0]  	323	5 
[16, 6, 0, 0, 0]  	330	11 
[11, 3, 2, 1, 0]  	337	9 
[10, 2, 3, 1, 0]  	337	13 
[9, 2, 4, 1, 0]  	360	9 
[6, 13, 0, 0, 0]  	371	9 
[8, 12, 0, 0, 0]  	372	13 
[7, 12, 1, 0, 0]  	395	11 
[20, 4, 2, 0, 0]  	402	14 
[9, 10, 2, 0, 0]  	408	15 
[8, 9, 3, 0, 0]  	408	15 
[10, 1, 4, 2, 0]  	415	6 
[6, 12, 2, 0, 0]  	418	10 
[8, 11, 2, 0, 0]  	419	13 
[8, 8, 4, 0, 0]  	420	12 
[21, 3, 3, 0, 0]  	426	13 
[10, 0, 5, 2, 0]  	427	9 
[7, 0, 8, 1, 0]  	430	11 
[20, 1, 5, 0, 0]  	438	13 
[6, 1, 8, 1, 0]  	441	9 
[6, 7, 6, 0, 0]  	443	14 
[19, 5, 3, 0, 0]  	448	14 
[20, 3, 4, 0, 0]  	449	13 
[9, 0, 6, 2, 0]  	450	9 
[6, 0, 9, 1, 0]  	453	10 
[7, 10, 4, 0, 0]  	454	13 
[6, 6, 7, 0, 0]  	455	12 
[15, 9, 2, 0, 0]  	457	19 
[14, 8, 3, 0, 0]  	457	19 
[4, 0, 8, 2, 0]  	460	7 
[8, 1, 6, 2, 0]  	461	8 
[21, 0, 6, 0, 0]  	462	13 
[6, 11, 4, 0, 0]  	465	11 
[5, 7, 7, 0, 0]  	466	13 
[20, 1, 4, 1, 0]  	469	14 
[14, 7, 4, 0, 0]  	469	16 
[18, 5, 4, 0, 0]  	471	14 
[3, 1, 8, 2, 0]  	471	5 
[8, 0, 7, 2, 0]  	473	7 
[5, 18, 0, 0, 0]  	474	11 
[2, 3, 9, 1, 0]  	474	7 
[5, 15, 2, 0, 0]  	475	7 
[4, 14, 3, 0, 0]  	475	7 
[6, 10, 5, 0, 0]  	477	12 
[5, 9, 6, 0, 0]  	477	12 
[5, 6, 8, 0, 0]  	478	14 
[4, 5, 9, 0, 0]  	478	13 
[11, 6, 6, 0, 0]  	480	17 
[20, 0, 5, 1, 0]  	481	17 
[14, 6, 5, 0, 0]  	481	17 
[3, 0, 9, 2, 0]  	483	6 
[20, 0, 7, 0, 0]  	485	13 
[3, 18, 1, 0, 0]  	485	9 
[2, 5, 8, 1, 0]  	485	8 
[4, 16, 2, 0, 0]  	486	6 
[3, 15, 3, 0, 0]  	486	6 
[2, 2, 10, 1, 0]  	486	8 
[3, 12, 5, 0, 0]  	487	7 
[4, 7, 8, 0, 0]  	489	12 
[4, 4, 10, 0, 0]  	490	14 
[8, 5, 8, 0, 0]  	491	16 
[18, 0, 6, 1, 0]  	492	18 
[11, 5, 7, 0, 0]  	492	17 
[17, 5, 5, 0, 0]  	494	14 
[16, 1, 8, 0, 0]  	495	12 
[3, 17, 2, 0, 0]  	497	11 
[3, 14, 4, 0, 0]  	498	6 
[3, 0, 0, 7, 0]  	498	6 
[5, 1, 10, 1, 0]  	499	8 
[4, 0, 11, 1, 0]  	499	8 
[3, 5, 10, 0, 0]  	501	13 
[19, 0, 8, 0, 0]  	508	15 
[2, 15, 4, 0, 0]  	509	5 
[2, 1, 0, 7, 0]  	509	6 
[3, 1, 11, 1, 0]  	510	6 
[4, 11, 6, 0, 0]  	511	9 
[4, 3, 0, 6, 0]  	513	12 
[3, 4, 11, 0, 0]  	513	13 
[16, 5, 6, 0, 0]  	517	15 
[2, 14, 5, 0, 0]  	521	6 
[2, 0, 1, 7, 0]  	521	6 
[10, 3, 2, 4, 0]  	523	15 
[9, 2, 3, 4, 0]  	523	13 
[4, 10, 7, 0, 0]  	523	10 
[6, 3, 11, 0, 0]  	526	13 
[4, 18, 0, 1, 0]  	528	12 
[18, 0, 9, 0, 0]  	531	14 
[1, 3, 11, 1, 0]  	532	7 
[3, 11, 7, 0, 0]  	534	8 
[2, 7, 10, 0, 0]  	535	10 
[2, 0, 11, 2, 0]  	541	5 
[1, 2, 12, 1, 0]  	544	7 
[8, 2, 4, 4, 0]  	546	14 
[3, 5, 0, 6, 0]  	547	11 
[2, 6, 11, 0, 0]  	547	10 
[5, 3, 12, 0, 0]  	549	13 
[15, 4, 8, 0, 0]  	552	13 
[2, 0, 0, 8, 0]  	552	7 
[17, 0, 10, 0, 0]  	554	15 
[3, 0, 13, 1, 0]  	557	7 
[3, 4, 1, 6, 0]  	559	11 
[2, 5, 12, 0, 0]  	559	10 
[3, 3, 13, 0, 0]  	560	11 
[4, 5, 2, 5, 0]  	563	8 
[3, 4, 3, 5, 0]  	563	8 
[2, 16, 3, 1, 0]  	563	6 
[15, 3, 9, 0, 0]  	564	14 
[8, 0, 6, 4, 0]  	570	11 
[2, 18, 0, 2, 0]  	570	11 
[3, 3, 2, 6, 0]  	571	11 
[4, 14, 2, 2, 0]  	572	12 
[3, 13, 3, 2, 0]  	572	11 
[15, 2, 10, 0, 0]  	576	14 
[16, 0, 11, 0, 0]  	577	16 
[2, 12, 8, 0, 0]  	580	7 
[3, 10, 9, 0, 0]  	581	10 
[2, 7, 0, 6, 0]  	581	9 
[2, 5, 7, 3, 0]  	582	8 
[2, 4, 2, 6, 0]  	582	8 
[3, 2, 3, 6, 0]  	583	11 
[1, 4, 10, 2, 0]  	586	8 
[14, 3, 10, 0, 0]  	587	11 
[15, 1, 11, 0, 0]  	588	14 
[4, 12, 2, 3, 0]  	592	8 
[3, 11, 3, 3, 0]  	592	7 
[2, 11, 9, 0, 0]  	592	7 
[1, 10, 10, 0, 0]  	592	7 
[2, 7, 6, 3, 0]  	593	8 
[2, 6, 1, 6, 0]  	593	8 
[1, 7, 12, 0, 0]  	593	7 
[2, 4, 8, 3, 0]  	594	7 
[2, 3, 3, 6, 0]  	594	7 
[2, 2, 15, 0, 0]  	595	9 
[2, 1, 10, 3, 0]  	595	10 
[2, 3, 5, 5, 0]  	598	7 
[1, 1, 1, 8, 0]  	598	5 
[15, 0, 12, 0, 0]  	600	13 
[2, 1, 14, 1, 0]  	603	5 
[2, 9, 5, 3, 0]  	604	7 
[1, 20, 0, 2, 0]  	604	7 
[1, 9, 11, 0, 0]  	604	7 
[1, 6, 13, 0, 0]  	605	6 
[2, 15, 3, 2, 0]  	606	7 
[2, 2, 4, 6, 0]  	606	9 
[1, 3, 15, 0, 0]  	606	9 
[2, 12, 5, 2, 0]  	607	10 
[10, 1, 2, 6, 0]  	609	11 
[13, 0, 13, 0, 0]  	611	12 
[2, 0, 15, 1, 0]  	615	5 
[1, 9, 0, 6, 0]  	615	5 
[1, 6, 2, 6, 0]  	616	5 
[2, 17, 2, 2, 0]  	617	7 
[1, 5, 14, 0, 0]  	617	7 
[1, 4, 9, 3, 0]  	617	7 
[1, 12, 0, 5, 0]  	618	7 
[1, 2, 16, 0, 0]  	618	7 
[3, 11, 0, 5, 0]  	619	9 
[1, 16, 5, 1, 0]  	621	5 
[1, 8, 1, 6, 0]  	627	4 
[0, 20, 1, 2, 0]  	627	4 
[1, 18, 2, 2, 0]  	628	4 
[1, 6, 8, 3, 0]  	628	4 
[1, 5, 3, 6, 0]  	628	4 
[1, 3, 10, 3, 0]  	629	6 
[1, 1, 0, 9, 0]  	629	5 
[0, 13, 0, 5, 0]  	629	5 
[1, 24, 0, 1, 0]  	630	7 
[11, 2, 13, 0, 0]  	633	9 
[1, 15, 6, 1, 0]  	633	5 
[2, 3, 8, 4, 0]  	637	6 
[1, 15, 8, 0, 0]  	637	5 
[1, 1, 4, 7, 0]  	637	5 
[2, 0, 10, 4, 0]  	638	5 
[1, 0, 16, 1, 0]  	638	5 
[0, 19, 2, 2, 0]  	639	3 
[0, 8, 13, 0, 0]  	639	3 
[1, 4, 4, 6, 0]  	640	4 
[0, 16, 4, 2, 0]  	640	4 
[1, 2, 11, 3, 0]  	641	5 
[1, 0, 1, 9, 0]  	641	5 
[0, 25, 0, 1, 0]  	641	5 
[2, 11, 1, 5, 0]  	642	6 
[1, 23, 1, 1, 0]  	642	6 
[4, 10, 1, 5, 0]  	643	10 
[2, 21, 2, 1, 0]  	643	6 
[1, 8, 9, 2, 0]  	643	5 
[4, 26, 0, 0, 0]  	646	10 
[2, 8, 5, 4, 0]  	647	7 
[1, 20, 5, 0, 0]  	647	8 
[1, 17, 7, 0, 0]  	648	6 
[1, 3, 3, 7, 0]  	648	5 
[1, 0, 5, 7, 0]  	649	5 
[0, 18, 3, 2, 0]  	651	2 
[0, 7, 14, 0, 0]  	651	2 
[0, 6, 9, 3, 0]  	651	2 
[0, 4, 16, 0, 0]  	652	4 
[0, 24, 1, 1, 0]  	653	5 
[2, 11, 7, 2, 0]  	654	8 
[1, 10, 8, 2, 0]  	654	5 
[8, 1, 4, 6, 0]  	655	7 
[2, 7, 4, 5, 0]  	655	5 
[1, 19, 4, 1, 0]  	655	5 
[1, 5, 0, 8, 0]  	655	5 
[8, 0, 16, 0, 0]  	656	8 
[12, 1, 14, 0, 0]  	657	10 
[2, 23, 3, 0, 0]  	658	6 
[1, 19, 6, 0, 0]  	659	6 
[1, 5, 2, 7, 0]  	659	5 
[1, 3, 9, 4, 0]  	660	4 
[0, 15, 9, 0, 0]  	660	4 
[0, 3, 15, 1, 0]  	660	4 
[0, 6, 15, 0, 0]  	663	1 
[0, 5, 10, 3, 0]  	663	1 
[0, 4, 5, 6, 0]  	663	1 
[0, 3, 0, 9, 0]  	663	1 
[1, 2, 6, 6, 0]  	664	3 
[0, 14, 6, 2, 0]  	664	4 
[0, 2, 12, 3, 0]  	664	3 
[1, 11, 2, 5, 0]  	665	6 
[3, 10, 2, 5, 0]  	666	7 
[2, 9, 3, 5, 0]  	666	5 
[1, 21, 3, 1, 0]  	666	4 
[8, 0, 5, 6, 0]  	667	7 
[1, 5, 6, 5, 0]  	667	7 
[12, 0, 15, 0, 0]  	669	12 
[1, 7, 1, 7, 0]  	670	5 
[0, 17, 8, 0, 0]  	671	5 
[1, 2, 10, 4, 0]  	672	6 
[0, 14, 10, 0, 0]  	672	5 
[0, 12, 0, 6, 0]  	672	4 
[0, 4, 11, 3, 0]  	675	1 
[0, 3, 6, 6, 0]  	675	1 
[0, 2, 1, 9, 0]  	675	1 
[0, 12, 2, 5, 0]  	676	3 
[0, 2, 18, 0, 0]  	676	3 
[2, 1, 18, 0, 0]  	677	6 
[4, 0, 18, 0, 0]  	678	5 
[0, 19, 5, 1, 0]  	678	5 
[1, 23, 4, 0, 0]  	681	5 
[0, 13, 11, 0, 0]  	684	5 
[0, 2, 7, 6, 0]  	687	1 
[0, 1, 2, 9, 0]  	687	1 
[1, 0, 8, 6, 0]  	688	3 
[0, 12, 8, 2, 0]  	688	3 
[0, 11, 3, 5, 0]  	688	3 
[2, 0, 19, 0, 0]  	689	4 
[0, 21, 4, 1, 0]  	689	3 
[0, 9, 10, 2, 0]  	689	3 
[1, 18, 0, 4, 0]  	690	5 
[0, 30, 0, 0, 0]  	690	4  <--- 2
[0, 18, 6, 1, 0]  	690	5 
[0, 6, 14, 1, 0]  	694	3 
[0, 1, 8, 6, 0]  	699	1 
[0, 0, 3, 9, 0]  	699	1 
[1, 1, 19, 0, 0]  	700	3 
[1, 0, 14, 3, 0]  	700	3 
[0, 23, 3, 1, 0]  	700	3 
[0, 11, 9, 2, 0]  	700	3 
[0, 19, 0, 4, 0]  	701	3 
[0, 8, 11, 2, 0]  	701	3 
[0, 17, 7, 1, 0]  	702	5 
[2, 28, 1, 0, 0]  	703	7 
[0, 4, 10, 4, 0]  	706	3 
[0, 2, 17, 1, 0]  	707	3 
[0, 1, 14, 3, 0]  	711	1 
[0, 0, 9, 6, 0]  	711	1 
[1, 10, 4, 5, 0]  	712	2 
[1, 0, 20, 0, 0]  	712	3 
[0, 18, 1, 4, 0]  	713	3 
[0, 7, 12, 2, 0]  	713	3 
[1, 4, 8, 5, 0]  	714	5 
[0, 16, 8, 1, 0]  	714	5 
[0, 11, 2, 6, 0]  	719	3 
[0, 1, 20, 0, 0]  	723	1 
[0, 0, 15, 3, 0]  	723	1 
[0, 8, 6, 5, 0]  	724	2 
[0, 6, 13, 2, 0]  	725	3 
[1, 28, 2, 0, 0]  	726	4 
[0, 27, 3, 0, 0]  	726	4 
[1, 0, 11, 5, 0]  	727	7 
[0, 10, 5, 5, 0]  	735	1 
[0, 9, 0, 8, 0]  	735	1 
[0, 0, 21, 0, 0]  	735	1  <--- 3
[0, 29, 2, 0, 0]  	737	3 
[0, 5, 14, 2, 0]  	737	3 
[1, 0, 0, 11, 0]  	738	6 
[0, 8, 1, 8, 0]  	747	1 
[0, 6, 8, 5, 0]  	748	2 
[0, 1, 19, 1, 0]  	754	2 
[0, 7, 2, 8, 0]  	759	1 
[0, 6, 3, 8, 0]  	771	1 
[0, 26, 5, 0, 0]  	773	3 
[0, 5, 4, 8, 0]  	783	1 
[0, 0, 0, 12, 0]  	792	1  <--- 4
[12, 0, 0, 1, 1]  	210	7 
[4, 4, 1, 1, 1]  	241	4 
[6, 5, 0, 1, 1]  	253	5 
[10, 1, 4, 1, 1]  	349	12 
[10, 0, 5, 1, 1]  	361	13 
[9, 0, 6, 1, 1]  	384	13 
[11, 11, 0, 0, 1]  	385	12 
[10, 10, 1, 0, 1]  	385	11 
[8, 1, 6, 1, 1]  	395	11 
[11, 0, 0, 4, 1]  	396	16 
[9, 11, 1, 0, 1]  	396	14 
[8, 0, 7, 1, 1]  	407	12 
[5, 13, 2, 0, 1]  	429	8 
[5, 1, 8, 1, 1]  	429	7 
[7, 9, 4, 0, 1]  	431	14 
[6, 1, 6, 2, 1]  	437	8 
[9, 1, 5, 2, 1]  	438	8 
[8, 0, 6, 2, 1]  	438	10 
[5, 12, 3, 0, 1]  	441	9 
[7, 11, 3, 0, 1]  	442	12 
[7, 8, 5, 0, 1]  	443	14 
[6, 0, 7, 2, 1]  	449	8 
[4, 6, 0, 4, 1]  	450	10 
[5, 17, 0, 0, 1]  	451	8 
[4, 16, 1, 0, 1]  	451	5 
[4, 13, 3, 0, 1]  	452	8 
[4, 1, 9, 1, 1]  	452	7 
[6, 9, 5, 0, 1]  	454	13 
[19, 4, 4, 0, 1]  	460	14 
[3, 7, 0, 4, 1]  	461	9 
[3, 17, 1, 0, 1]  	462	11 
[4, 15, 2, 0, 1]  	463	6 
[4, 12, 4, 0, 1]  	464	8 
[19, 3, 5, 0, 1]  	472	13 
[3, 6, 1, 4, 1]  	473	9 
[3, 16, 2, 0, 1]  	474	8 
[3, 3, 3, 4, 1]  	474	11 
[3, 13, 4, 0, 1]  	475	7 
[3, 1, 10, 1, 1]  	475	6 
[12, 7, 5, 0, 1]  	480	17 
[18, 4, 5, 0, 1]  	483	14 
[3, 12, 3, 1, 1]  	483	6 
[19, 2, 6, 0, 1]  	484	14 
[2, 8, 6, 1, 1]  	484	7 
[3, 5, 2, 4, 1]  	485	9 
[2, 14, 4, 0, 1]  	486	7 
[2, 0, 0, 7, 1]  	486	7 
[5, 11, 5, 0, 1]  	488	10 
[2, 10, 5, 1, 1]  	495	5 
[2, 9, 0, 4, 1]  	495	6 
[19, 1, 7, 0, 1]  	496	16 
[2, 16, 3, 0, 1]  	497	9 
[2, 13, 5, 0, 1]  	498	6 
[2, 1, 11, 1, 1]  	498	5 
[8, 4, 9, 0, 1]  	503	16 
[17, 4, 6, 0, 1]  	506	15 
[2, 12, 4, 1, 1]  	506	6 
[2, 8, 1, 4, 1]  	507	6 
[1, 14, 5, 0, 1]  	509	6 
[1, 2, 11, 1, 1]  	509	5 
[2, 12, 6, 0, 1]  	510	6 
[6, 2, 0, 6, 1]  	514	14 
[2, 7, 2, 4, 1]  	519	6 
[2, 4, 4, 4, 1]  	520	8 
[1, 16, 4, 0, 1]  	520	8 
[1, 4, 10, 1, 1]  	520	7 
[1, 13, 6, 0, 1]  	521	6 
[3, 9, 8, 0, 1]  	523	10 
[3, 4, 0, 6, 1]  	524	11 
[4, 2, 1, 6, 1]  	525	11 
[9, 3, 10, 0, 1]  	527	14 
[9, 1, 0, 6, 1]  	527	12 
[16, 4, 7, 0, 1]  	529	16 
[2, 1, 10, 2, 1]  	529	6 
[2, 6, 3, 4, 1]  	531	6 
[9, 1, 4, 4, 1]  	535	13 
[3, 8, 9, 0, 1]  	535	10 
[3, 3, 1, 6, 1]  	536	11 
[5, 15, 0, 2, 1]  	537	12 
[1, 4, 5, 4, 1]  	543	6 
[2, 2, 6, 4, 1]  	544	7 
[9, 0, 5, 4, 1]  	547	12 
[3, 2, 2, 6, 1]  	548	11 
[5, 1, 2, 6, 1]  	549	12 
[8, 1, 1, 6, 1]  	550	12 
[1, 13, 5, 1, 1]  	552	7 
[1, 3, 6, 4, 1]  	555	5 
[1, 2, 1, 7, 1]  	555	5 
[5, 13, 0, 3, 1]  	557	11 
[7, 0, 6, 4, 1]  	558	10 
[5, 2, 13, 0, 1]  	561	12 
[1, 15, 4, 1, 1]  	563	7 
[1, 3, 10, 2, 1]  	563	6 
[1, 12, 6, 1, 1]  	564	5 
[1, 2, 7, 4, 1]  	567	5 
[1, 1, 2, 7, 1]  	567	5 
[3, 16, 1, 2, 1]  	571	13 
[2, 3, 8, 3, 1]  	571	10 
[6, 0, 3, 6, 1]  	573	11 
[1, 13, 0, 4, 1]  	575	6 
[1, 1, 8, 4, 1]  	579	5 
[1, 0, 3, 7, 1]  	579	5 
[2, 8, 5, 3, 1]  	581	9 
[2, 3, 14, 0, 1]  	583	10 
[4, 0, 4, 6, 1]  	584	10 
[1, 12, 1, 4, 1]  	587	5 
[1, 1, 12, 2, 1]  	587	5 
[1, 1, 14, 1, 1]  	591	5 
[2, 16, 2, 2, 1]  	594	7 
[1, 15, 3, 2, 1]  	594	8 
[1, 4, 14, 0, 1]  	594	8 
[1, 3, 9, 3, 1]  	594	7 
[3, 1, 4, 6, 1]  	595	9 
[14, 2, 11, 0, 1]  	599	14 
[2, 0, 9, 4, 1]  	603	5 
[1, 12, 9, 0, 1]  	603	5 
[1, 17, 2, 2, 1]  	605	7 
[1, 5, 8, 3, 1]  	605	6 
[1, 14, 4, 2, 1]  	606	8 
[1, 2, 10, 3, 1]  	606	7 
[3, 0, 5, 6, 1]  	607	8 
[1, 3, 0, 8, 1]  	609	6 
[1, 0, 2, 8, 1]  	610	5 
[2, 11, 4, 3, 1]  	615	5 
[1, 19, 1, 2, 1]  	616	5 
[2, 1, 5, 6, 1]  	618	7 
[1, 1, 11, 3, 1]  	618	7 
[5, 0, 16, 0, 1]  	620	8 
[0, 15, 6, 1, 1]  	621	5 
[0, 17, 3, 2, 1]  	628	4 
[0, 14, 5, 2, 1]  	629	5 
[2, 0, 6, 6, 1]  	630	8 
[0, 26, 1, 0, 1]  	633	5 
[0, 14, 7, 1, 1]  	633	5 
[0, 14, 9, 0, 1]  	637	5 
[0, 13, 6, 2, 1]  	641	5 
[1, 7, 4, 5, 1]  	643	5 
[0, 25, 2, 0, 1]  	645	5 
[0, 16, 8, 0, 1]  	648	5 
[0, 13, 10, 0, 1]  	649	5 
[1, 3, 5, 6, 1]  	652	4 
[3, 1, 17, 0, 1]  	654	7 
[0, 18, 5, 1, 1]  	655	5 
[1, 0, 9, 5, 1]  	657	5 
[1, 8, 0, 7, 1]  	658	6 
[0, 18, 7, 0, 1]  	659	5 
[0, 14, 4, 3, 1]  	660	4 
[1, 12, 5, 3, 1]  	661	7 
[1, 0, 11, 4, 1]  	661	5 
[0, 3, 17, 0, 1]  	664	3 
[1, 0, 13, 3, 1]  	665	5 
[0, 20, 4, 1, 1]  	666	4 
[1, 11, 4, 4, 1]  	669	5 
[0, 20, 6, 0, 1]  	670	5 
[1, 0, 0, 10, 1]  	672	5 
[1, 0, 19, 0, 1]  	677	4 
[0, 18, 0, 4, 1]  	678	4 
[0, 22, 5, 0, 1]  	681	5 
[0, 12, 12, 0, 1]  	696	4 
[3, 29, 0, 0, 1]  	703	7 
[0, 3, 11, 4, 1]  	718	3 
[0, 17, 2, 4, 1]  	725	3 
[0, 1, 7, 7, 1]  	730	2 
[0, 11, 8, 3, 1]  	731	3 
[0, 16, 3, 4, 1]  	737	3 
[0, 5, 9, 5, 1]  	760	2 
[10, 3, 2, 1, 2]  	325	9 
[2, 13, 1, 0, 2]  	358	5 
[9, 1, 5, 1, 2]  	372	12 
[10, 11, 0, 0, 2]  	373	15 
[6, 1, 7, 1, 2]  	406	8 
[8, 2, 4, 2, 2]  	414	9 
[14, 9, 2, 0, 2]  	445	18 
[4, 1, 7, 2, 2]  	448	6 
[1, 14, 4, 0, 2]  	474	6 
[5, 0, 10, 1, 2]  	476	9 
[1, 13, 5, 0, 2]  	486	5 
[2, 7, 7, 1, 2]  	496	7 
[4, 9, 7, 0, 2]  	500	11 
[11, 4, 8, 0, 2]  	504	15 
[15, 5, 6, 0, 2]  	505	16 
[1, 20, 1, 0, 2]  	507	5 
[2, 5, 3, 4, 2]  	508	7 
[1, 17, 3, 0, 2]  	508	6 
[2, 2, 5, 4, 2]  	509	7 
[9, 3, 2, 4, 2]  	511	13 
[8, 3, 10, 0, 2]  	515	13 
[1, 19, 2, 0, 2]  	519	5 
[1, 6, 9, 1, 2]  	531	5 
[1, 2, 6, 4, 2]  	532	6 
[1, 13, 1, 3, 2]  	544	7 
[3, 9, 3, 3, 2]  	546	9 
[10, 0, 1, 6, 2]  	551	11 
[8, 1, 5, 4, 2]  	558	12 
[2, 7, 5, 3, 2]  	558	9 
[2, 3, 4, 5, 2]  	563	8 
[5, 0, 7, 4, 2]  	569	10 
[2, 10, 9, 0, 2]  	569	8 
[2, 6, 6, 3, 2]  	570	9 
[4, 17, 0, 2, 2]  	571	12 
[2, 4, 13, 0, 2]  	571	11 
[4, 1, 3, 6, 2]  	572	11 
[1, 16, 2, 2, 2]  	582	8 
[2, 2, 9, 3, 2]  	583	10 
[4, 2, 14, 0, 2]  	584	11 
[2, 10, 4, 3, 2]  	592	7 
[1, 18, 1, 2, 2]  	593	7 
[1, 1, 5, 6, 2]  	606	7 
[2, 1, 16, 0, 2]  	607	8 
[1, 1, 7, 5, 2]  	610	6 
[1, 10, 5, 3, 2]  	615	5 
[1, 7, 7, 3, 2]  	616	5 
[1, 3, 4, 6, 2]  	617	6 
[13, 2, 12, 0, 2]  	622	11 
[5, 1, 6, 5, 2]  	623	11 
[1, 9, 6, 3, 2]  	627	4 
[1, 11, 1, 5, 2]  	630	7 
[10, 1, 14, 0, 2]  	633	8 
[0, 4, 10, 3, 2]  	640	3 
[1, 11, 7, 2, 2]  	642	6 
[4, 0, 17, 0, 2]  	643	8 
[1, 19, 0, 3, 2]  	647	7 
[1, 0, 7, 6, 2]  	653	5 
[2, 0, 18, 0, 2]  	654	6 
[1, 1, 18, 0, 2]  	665	5 
[0, 16, 3, 3, 2]  	671	4 
[0, 13, 5, 3, 2]  	672	4 
[0, 24, 0, 2, 2]  	684	4 
[0, 12, 6, 3, 2]  	684	4 
[2, 29, 0, 0, 2]  	691	6 
[0, 2, 11, 4, 2]  	695	3 
[0, 9, 5, 5, 2]  	712	2 
[0, 1, 13, 4, 2]  	742	2 
[8, 2, 4, 1, 3]  	348	10 
[5, 5, 0, 4, 3]  	439	11 
[11, 7, 5, 0, 3]  	468	18 
[14, 5, 6, 0, 3]  	493	16 
[2, 6, 2, 4, 3]  	496	6 
[2, 3, 4, 4, 3]  	497	9 
[10, 0, 0, 6, 3]  	516	11 
[2, 12, 1, 3, 3]  	533	5 
[7, 2, 4, 4, 3]  	534	12 
[7, 1, 1, 6, 3]  	538	13 
[1, 12, 0, 4, 3]  	552	6 
[2, 1, 7, 4, 3]  	556	7 
[3, 17, 0, 2, 3]  	559	11 
[2, 5, 1, 6, 3]  	570	8 
[2, 2, 3, 6, 3]  	571	9 
[9, 0, 2, 6, 3]  	574	12 
[1, 19, 0, 2, 3]  	581	8 
[2, 1, 4, 6, 3]  	583	9 
[4, 0, 16, 0, 3]  	608	11 
[9, 1, 14, 0, 3]  	621	9 
[0, 23, 0, 2, 3]  	661	5 
[1, 10, 3, 5, 3]  	677	4 
[1, 29, 0, 0, 3]  	679	7 
[0, 18, 2, 3, 3]  	682	4 
[2, 2, 6, 1, 4]  	346	5 
[7, 1, 6, 1, 4]  	383	9 
[9, 0, 1, 6, 4]  	539	10 
[7, 2, 12, 0, 4]  	550	12 
[3, 11, 2, 3, 4]  	557	7 
[2, 11, 3, 3, 4]  	580	6 
[1, 3, 5, 5, 4]  	586	7 
[2, 0, 5, 6, 4]  	595	9 
[8, 1, 14, 0, 4]  	609	9 
[2, 23, 0, 1, 4]  	619	10 
[3, 0, 17, 0, 4]  	631	10 
[0, 5, 15, 0, 4]  	640	4 
[0, 17, 1, 4, 4]  	690	4 
[0, 16, 2, 4, 4]  	702	4 
[0, 7, 7, 5, 4]  	736	2 
[8, 1, 5, 2, 5]  	426	9 
[3, 11, 1, 3, 5]  	522	7 
[1, 1, 7, 4, 5]  	544	6 
[7, 1, 5, 4, 5]  	546	11 
[8, 0, 2, 6, 5]  	562	10 
[3, 2, 14, 0, 5]  	572	10 
[7, 1, 14, 0, 5]  	597	13 
[0, 15, 4, 2, 5]  	617	5 
[0, 29, 0, 0, 5]  	667	6 
[0, 15, 3, 4, 5]  	714	4 
[0, 2, 6, 7, 5]  	718	2 
[8, 1, 5, 1, 6]  	360	12 
[3, 4, 2, 4, 6]  	462	9 
[2, 9, 5, 1, 6]  	472	7 
[3, 7, 9, 0, 6]  	512	11 
[1, 12, 3, 3, 6]  	591	5 
[4, 1, 15, 0, 6]  	596	10 
[0, 3, 10, 4, 6]  	683	3 
[0, 3, 5, 7, 6]  	706	2 
[0, 10, 4, 6, 6]  	766	2 
[2, 7, 1, 4, 7]  	484	6 
[2, 4, 3, 4, 7]  	485	7 
[1, 12, 1, 3, 7]  	521	5 
[6, 1, 14, 0, 7]  	585	11 
[1, 8, 6, 3, 7]  	604	6 
[0, 3, 11, 3, 9]  	652	3 
[1, 9, 8, 2, 245]  	631	5 
[1, 8, 8, 2, 246]  	608	5 
[1, 6, 4, 5, 246]  	620	4 
[1, 16, 3, 1, 247]  	551	4 
[1, 7, 8, 2, 247]  	585	5 
[1, 5, 4, 5, 247]  	597	4 
[1, 15, 3, 1, 248]  	528	4 
[1, 0, 10, 4, 248]  	626	4 
[0, 17, 5, 1, 248]  	632	4 
[1, 1, 13, 1, 249]  	556	4 
[1, 5, 9, 2, 249]  	574	5 
[1, 0, 9, 4, 249]  	591	4 
[1, 7, 1, 6, 249]  	604	5 
[0, 16, 5, 1, 249]  	609	4 
[0, 2, 0, 9, 249]  	640	1 
[0, 1, 0, 10, 249]  	683	1 
[0, 4, 14, 2, 249]  	714	3 
[7, 12, 0, 0, 250]  	360	10 
[1, 15, 3, 0, 250]  	462	5 
[2, 6, 10, 0, 250]  	512	11 
[1, 1, 12, 1, 250]  	521	4 
[2, 8, 0, 5, 250]  	538	7 
[1, 2, 10, 2, 250]  	540	5 
[1, 19, 1, 1, 250]  	550	5 
[1, 18, 2, 1, 250]  	562	6 
[1, 6, 8, 2, 250]  	562	5 
[2, 0, 14, 1, 250]  	580	5 
[1, 2, 0, 8, 250]  	586	5 
[0, 1, 0, 9, 250]  	617	1 
[0, 0, 20, 1, 250]  	766	1 
[1, 14, 3, 0, 251]  	439	4 
[1, 13, 4, 0, 251]  	451	4 
[2, 8, 0, 4, 251]  	472	6 
[1, 19, 1, 0, 251]  	484	5 
[1, 3, 10, 1, 251]  	497	4 
[3, 0, 12, 1, 251]  	522	5 
[1, 5, 4, 4, 251]  	531	4 
[2, 5, 2, 5, 251]  	539	7 
[1, 4, 9, 2, 251]  	551	3 
[2, 11, 8, 0, 251]  	557	5 
[1, 1, 0, 8, 251]  	563	2 
[3, 0, 16, 0, 251]  	596	7 
[0, 17, 4, 1, 251]  	597	3 
[2, 0, 17, 0, 251]  	619	6 
[0, 15, 8, 0, 251]  	625	4 
[1, 7, 0, 7, 251]  	635	6 
[0, 2, 6, 6, 251]  	652	2 
[0, 3, 13, 2, 251]  	656	2 
[1, 0, 15, 2, 251]  	669	3 
[0, 7, 13, 1, 251]  	682	3 
[0, 6, 2, 8, 251]  	736	1 
[6, 12, 0, 0, 252]  	348	8 
[1, 13, 3, 0, 252]  	416	4 
[7, 0, 6, 2, 252]  	426	8 
[13, 8, 3, 0, 252]  	445	15 
[2, 3, 3, 4, 252]  	462	6 
[2, 1, 10, 1, 252]  	463	4 
[10, 6, 6, 0, 252]  	468	14 
[1, 2, 10, 1, 252]  	474	3 
[1, 4, 9, 1, 252]  	485	3 
[1, 17, 2, 1, 252]  	539	3 
[1, 3, 0, 7, 252]  	543	6 
[1, 0, 2, 7, 252]  	544	4 
[6, 0, 6, 4, 252]  	546	8 
[2, 6, 0, 6, 252]  	558	8 
[2, 9, 4, 3, 252]  	569	8 
[1, 4, 4, 5, 252]  	574	4 
[1, 0, 1, 8, 252]  	575	3 
[1, 8, 11, 0, 252]  	581	7 
[0, 2, 12, 2, 252]  	598	2 
[1, 0, 15, 1, 252]  	603	3 
[0, 13, 7, 1, 252]  	610	3 
[0, 12, 10, 0, 252]  	626	4 
[0, 2, 15, 1, 252]  	637	2 
[0, 12, 5, 3, 252]  	649	3 
[0, 11, 0, 6, 252]  	649	1 
[0, 8, 10, 2, 252]  	666	2 
[0, 24, 4, 0, 252]  	692	4 
[9, 2, 3, 1, 253]  	325	9 
[2, 1, 9, 1, 253]  	428	3 
[1, 2, 9, 1, 253]  	439	3 
[1, 1, 10, 1, 253]  	451	3 
[1, 17, 2, 0, 253]  	473	3 
[1, 1, 0, 7, 253]  	497	3 
[2, 0, 10, 2, 253]  	506	5 
[8, 2, 3, 4, 253]  	511	11 
[3, 5, 1, 5, 253]  	516	8 
[1, 7, 8, 1, 253]  	519	4 
[0, 15, 5, 0, 253]  	520	4 
[1, 12, 5, 1, 253]  	529	5 
[0, 17, 4, 0, 253]  	531	4 
[5, 12, 0, 3, 253]  	534	10 
[2, 9, 9, 0, 253]  	546	7 
[1, 16, 1, 2, 253]  	547	7 
[7, 0, 2, 6, 253]  	550	10 
[2, 3, 2, 6, 253]  	559	8 
[0, 17, 3, 1, 253]  	562	2 
[0, 14, 7, 0, 253]  	567	3 
[1, 9, 10, 0, 253]  	569	5 
[3, 0, 4, 6, 253]  	572	9 
[0, 4, 10, 2, 253]  	574	1 
[0, 13, 8, 0, 253]  	579	3 
[0, 1, 14, 1, 253]  	579	1 
[1, 11, 9, 0, 253]  	580	4 
[0, 6, 9, 2, 253]  	585	2 
[0, 12, 9, 0, 253]  	591	2 
[0, 0, 15, 1, 253]  	591	1 
[1, 8, 0, 6, 253]  	592	2 
[1, 11, 4, 3, 253]  	603	3 
[0, 12, 4, 3, 253]  	614	3 
[0, 24, 3, 0, 253]  	657	2 
[0, 23, 2, 1, 253]  	665	4 
[0, 16, 1, 4, 253]  	667	4 
[0, 8, 0, 8, 253]  	712	1 
[0, 0, 8, 7, 253]  	742	1 
[3, 3, 3, 1, 254]  	276	4 
[1, 13, 1, 0, 254]  	346	4 
[9, 10, 1, 0, 254]  	373	9 
[8, 9, 2, 0, 254]  	373	6 
[1, 1, 8, 1, 254]  	381	3 
[8, 8, 3, 0, 254]  	385	6 
[5, 6, 6, 0, 254]  	408	7 
[6, 0, 6, 2, 254]  	414	5 
[6, 0, 8, 1, 254]  	418	5 
[6, 10, 4, 0, 254]  	442	5 
[3, 0, 8, 2, 254]  	448	2 
[4, 6, 8, 0, 254]  	466	8 
[9, 5, 7, 0, 254]  	468	9 
[2, 12, 3, 1, 254]  	471	3 
[1, 0, 0, 7, 254]  	474	2 
[4, 11, 5, 0, 254]  	476	4 
[2, 11, 4, 1, 254]  	483	4 
[0, 6, 8, 1, 254]  	484	1 
[3, 0, 11, 1, 254]  	487	3 
[0, 17, 3, 0, 254]  	496	2 
[2, 18, 0, 1, 254]  	504	2 
[4, 17, 0, 1, 254]  	505	5 
[1, 4, 4, 4, 254]  	508	4 
[0, 4, 10, 1, 254]  	508	1 
[8, 1, 0, 6, 254]  	515	7 
[0, 20, 0, 1, 254]  	526	2 
[0, 2, 12, 1, 254]  	532	1 
[1, 12, 7, 0, 254]  	533	4 
[0, 11, 8, 0, 254]  	533	1 
[2, 0, 9, 3, 254]  	537	3 
[6, 0, 2, 6, 254]  	538	9 
[0, 13, 7, 0, 254]  	544	2 
[1, 0, 8, 4, 254]  	556	3 
[0, 0, 14, 1, 254]  	556	1 
[1, 12, 4, 2, 254]  	560	4 
[7, 1, 13, 0, 254]  	562	9 
[1, 11, 3, 3, 254]  	568	3 
[1, 8, 7, 2, 254]  	573	3 
[0, 19, 2, 1, 254]  	573	2 
[1, 6, 3, 5, 254]  	585	4 
[0, 0, 0, 9, 254]  	594	1 
[1, 0, 13, 2, 254]  	599	3 
[5, 0, 6, 5, 254]  	600	6 
[4, 24, 0, 0, 254]  	600	5 
[0, 13, 3, 3, 254]  	602	4 
[0, 12, 0, 5, 254]  	606	1 
[0, 10, 11, 0, 254]  	615	1 
[0, 18, 2, 2, 254]  	616	3 
[0, 24, 2, 0, 254]  	622	3 
[1, 18, 0, 3, 254]  	624	5 
[0, 9, 12, 0, 254]  	627	1 
[1, 0, 12, 3, 254]  	630	4 
[0, 15, 1, 4, 254]  	644	4 
[0, 12, 3, 4, 254]  	645	3 
[0, 11, 2, 5, 254]  	653	2 
[0, 17, 2, 3, 254]  	659	3 
[0, 6, 0, 8, 254]  	666	1 
[0, 0, 8, 6, 254]  	676	1 
[0, 1, 6, 7, 254]  	695	2 
[0, 4, 4, 8, 254]  	760	1 
[6, 6, 0, 0, 255]  	210	5 
[3, 3, 2, 1, 255]  	241	2 
[3, 2, 3, 1, 255]  	253	2 
[0, 12, 2, 0, 255]  	346	2 
[0, 0, 8, 1, 255]  	346	1 
[8, 0, 6, 1, 255]  	372	6 
[5, 7, 5, 0, 255]  	396	6 
[0, 18, 0, 0, 255]  	414	1 
[5, 5, 7, 0, 255]  	420	4 
[3, 5, 8, 0, 255]  	431	5 
[3, 6, 0, 4, 255]  	438	3 
[4, 17, 0, 0, 255]  	439	7 
[3, 3, 10, 0, 255]  	455	3 
[15, 0, 8, 0, 255]  	460	3 
[2, 10, 4, 1, 255]  	460	4 
[1, 6, 7, 1, 255]  	461	3 
[3, 11, 5, 0, 255]  	464	3 
[2, 9, 3, 2, 255]  	468	3 
[2, 2, 4, 4, 255]  	474	5 
[1, 6, 0, 5, 255]  	480	1 
[4, 10, 6, 0, 255]  	488	7 
[8, 0, 0, 6, 255]  	492	5 
[4, 5, 0, 5, 255]  	493	9 
[3, 4, 1, 5, 255]  	493	8 
[2, 3, 2, 5, 255]  	493	6 
[1, 6, 10, 0, 255]  	500	2 
[3, 3, 0, 6, 255]  	501	8 
[2, 2, 3, 5, 255]  	505	2 
[3, 10, 7, 0, 255]  	511	6 
[1, 3, 5, 4, 255]  	520	7 
[2, 7, 4, 3, 255]  	523	5 
[2, 5, 11, 0, 255]  	524	7 
[0, 0, 0, 8, 255]  	528	1 
[2, 6, 5, 3, 255]  	535	6 
[2, 2, 2, 6, 255]  	536	6 
[2, 11, 2, 3, 255]  	545	4 
[0, 2, 15, 0, 255]  	571	2 
[0, 11, 0, 5, 255]  	583	1 
[2, 0, 16, 0, 255]  	584	6 
[0, 2, 6, 5, 255]  	586	1 
[0, 4, 5, 5, 255]  	597	1 
[12, 0, 13, 0, 255]  	599	4 
[0, 14, 1, 4, 255]  	621	4 
[0, 0, 18, 0, 255]  	630	1 
[0, 0, 5, 7, 255]  	637	1 
------
The gap is between 10 and 244.
Lengths: 5 5 10 13 5 16.
For 692 = 3*d-d1-d2-d3-d4 you get 5 in char 0.
1 + 0*2^64 + 0*2^128 + 0*2^192*y^24*z^4
1 + 0*2^64 + 0*2^128 + 0*2^192*y^12*z^10*w^1
1 + 0*2^64 + 0*2^128 + 0*2^192*y^11*z^5*w^4
1 + 0*2^64 + 0*2^128 + 0*2^192*y^10*w^7
1 + 0*2^64 + 0*2^128 + 0*2^192*z^16*w^2

For 416 = 2*d-d1-d2-d3-d4 you get 10 in char 0.
1 + 0*2^64 + 0*2^128 + 0*2^192*x^5*y^4*w^4
1 + 0*2^64 + 0*2^128 + 0*2^192*x^4*y^16
1 + 0*2^64 + 0*2^128 + 0*2^192*x^4*y^3*z^1*w^4
1 + 0*2^64 + 0*2^128 + 0*2^192*x^3*y^2*z^2*w^4
1 + 0*2^64 + 0*2^128 + 0*2^192*x^2*y^1*z^3*w^4
1 + 0*2^64 + 0*2^128 + 0*2^192*x^1*y^13*z^3
1 + 0*2^64 + 0*2^128 + 0*2^192*x^1*y^1*z^9*w^1
1 + 0*2^64 + 0*2^128 + 0*2^192*x^1*z^4*w^4
1 + 0*2^64 + 0*2^128 + 0*2^192*y^12*z^4
1 + 0*2^64 + 0*2^128 + 0*2^192*z^10*w^1

For 140 = d-d1-d2-d3-d4 you get 5 in char 0.
1 + 0*2^64 + 0*2^128 + 0*2^192*x^4*y^4
1 + 0*2^64 + 0*2^128 + 0*2^192*x^3*y^3*z^1
1 + 0*2^64 + 0*2^128 + 0*2^192*x^2*y^2*z^2
1 + 0*2^64 + 0*2^128 + 0*2^192*x^1*y^1*z^3
1 + 0*2^64 + 0*2^128 + 0*2^192*z^4

Extra powers of p used 11.
The invariant extra is equal to 33.
Start computing 2^4 Delta^1 (x1x2x3x4)^1... Done.
Start computing 2^5 Delta^2 (x1x2x3x4)^1... Done.
Start computing 2^6 Delta^3 (x1x2x3x4)^1... Done.
Start computing 2^7 Delta^4 (x1x2x3x4)^1... Done.
Start computing 2^8 Delta^5 (x1x2x3x4)^1... Done.
Start computing 2^9 Delta^6 (x1x2x3x4)^1... Done.
Start computing 2^10 Delta^7 (x1x2x3x4)^1... Done.
Start computing 2^11 Delta^8 (x1x2x3x4)^1... Done.
Start computing 2^12 Delta^9 (x1x2x3x4)^1... Done.
Start computing 2^13 Delta^10 (x1x2x3x4)^1... Done.
Start computing 2^14 Delta^11 (x1x2x3x4)^1... Done.
Start computing 2^15 Delta^12 (x1x2x3x4)^1... Done.
Start computing 2^16 Delta^13 (x1x2x3x4)^1... Done.
Start computing 2^17 Delta^14 (x1x2x3x4)^1... Done.
Start computing 2^18 Delta^15 (x1x2x3x4)^1... Done.
Start computing 2^19 Delta^16 (x1x2x3x4)^1... Done.
Start computing 2^20 Delta^17 (x1x2x3x4)^1... Done.
Start computing 2^21 Delta^18 (x1x2x3x4)^1... Done.
Start computing 2^22 Delta^19 (x1x2x3x4)^1... Done.
Start computing 2^23 Delta^20 (x1x2x3x4)^1... Done.
Start computing 2^24 Delta^21 (x1x2x3x4)^1... Done.
Start computing 2^25 Delta^22 (x1x2x3x4)^1... Done.
Start computing 2^26 Delta^23 (x1x2x3x4)^1... Done.
Start computing 2^27 Delta^24 (x1x2x3x4)^1... Done.
Start computing 2^28 Delta^25 (x1x2x3x4)^1... Done.
Start computing 2^29 Delta^26 (x1x2x3x4)^1... Done.
Start computing 2^30 Delta^27 (x1x2x3x4)^1... Done.
Start computing 2^31 Delta^28 (x1x2x3x4)^1... Done.
Start computing 2^32 Delta^29 (x1x2x3x4)^1... Done.
Start computing 2^33 Delta^30 (x1x2x3x4)^1... Done.
Start computing 2^34 Delta^31 (x1x2x3x4)^1... Done.
Start computing 2^35 Delta^32 (x1x2x3x4)^1... Done.
Start computing 2^36 Delta^33 (x1x2x3x4)^1... Done.
Start computing 2^37 Delta^34 (x1x2x3x4)^1... Done.
Start computing 2^38 Delta^35 (x1x2x3x4)^1... Done.
Start computing aa.
1 2 3 4 5 6 7 8 9 10 11 12 13 14 15 16 17 18 19 20 
*/
A = \
[12214565531941591424 + 11410520908467308026*2^64 + 13113334732201984092*2^128 + 141576857026*2^192,3678529704252714240 + 4173137024210047160*2^64 + 10089444430199788624*2^128 + 20993848693*2^192,7727397119376387456 + 16087872586315962534*2^64 + 7882019868902203197*2^128 + 314737724966*2^192,13422659367804685184 + 11514431597739941444*2^64 + 1054362401231309724*2^128 + 510510916553*2^192,3173163725049856000 + 17035817029614785808*2^64 + 7670138320588872965*2^128 + 418919501643*2^192,9676783713755681792 + 6811028928635930088*2^64 + 16816304674916085147*2^128 + 21635144936*2^192,9493621442455016448 + 13183253891628821781*2^64 + 2638088249126441225*2^128 + 278748772923*2^192,10818609199746847488 + 7156716235212190819*2^64 + 18284934128726431448*2^128 + 421381190123*2^192,5302261699333938688 + 10686052004478716956*2^64 + 14774618851956859952*2^128 + 370007689776*2^192,8268487394755556864 + 13677627671144920508*2^64 + 10093414994875995683*2^128 + 350597688032*2^192,4690507684430148608 + 4849648029678143346*2^64 + 7668003872977551372*2^128 + 497071000025*2^192,6394088117582326272 + 11246861836223112365*2^64 + 17902065160925648381*2^128 + 402463729153*2^192,14061897412089787392 + 14631998758310691431*2^64 + 7475085479420583800*2^128 + 246422413546*2^192,7880733375527425536 + 4320251084045593733*2^64 + 8887026833184794508*2^128 + 361766472773*2^192,3895801376473459712 + 4922097556025544358*2^64 + 9740824451042930429*2^128 + 462799706589*2^192,11521565764791831040 + 14996410568242639112*2^64 + 11840126644687354825*2^128 + 356740329794*2^192,9597035560206633984 + 3945217026891059392*2^64 + 2663260151353220892*2^128 + 184627481323*2^192,11586020143509861376 + 13154699555781021400*2^64 + 7146533359514407113*2^128 + 241104464415*2^192,13523143917811477504 + 13694935181117591338*2^64 + 17253622245828531319*2^128 + 286782123839*2^192,5215859082606934016 + 5352113490313151988*2^64 + 16970273710154010890*2^128 + 245901859651*2^192;\
16863637441482459072 + 12824951680766777722*2^64 + 739096356051018475*2^128 + 323693678977*2^192,4292873015862116992 + 15907912256184355771*2^64 + 2372828352025802526*2^128 + 140951843034*2^192,15134282030591738816 + 13213005835864298959*2^64 + 15357203107468117662*2^128 + 174380161627*2^192,7772435637577542176 + 6455767387129782562*2^64 + 14661564964796640696*2^128 + 330075926485*2^192,1127880825734049536 + 17052656357688786207*2^64 + 4026562840546411224*2^128 + 325757427415*2^192,1807424062884066304 + 15335278603722357022*2^64 + 17434235691573843040*2^128 + 530886130320*2^192,14703503127575734784 + 110130137261188880*2^64 + 639549362073199404*2^128 + 106870898080*2^192,1291624762807699712 + 3787319772109281326*2^64 + 922865494303495329*2^128 + 298478899179*2^192,3023236751744592640 + 7930347802148526025*2^64 + 15554974252846156350*2^128 + 165707140164*2^192,11162065834605033472 + 2231461913289470808*2^64 + 12711086972817547045*2^128 + 186206458374*2^192,4895053039345009664 + 11682523965357111603*2^64 + 11774212096922621772*2^128 + 57878133584*2^192,13116564675985772032 + 13759005438395187378*2^64 + 15171267430187341814*2^128 + 419254460035*2^192,3359093050085992192 + 10426939762917145722*2^64 + 12961387039046497187*2^128 + 223533574322*2^192,17615074014340823552 + 17179090537191600574*2^64 + 12030368765154935351*2^128 + 95312829860*2^192,6411370590975188992 + 854960252071290975*2^64 + 10304491582581787093*2^128 + 487383052946*2^192,4292605309000368128 + 8645092168744097002*2^64 + 14686463900170196263*2^128 + 180117361439*2^192,16775393046780783616 + 13187849113549669353*2^64 + 9297197446371366985*2^128 + 253006331944*2^192,5635794522536241664 + 17443468341418101515*2^64 + 7120442977370945857*2^128 + 543868193603*2^192,8043603406320769536 + 1484911536851602055*2^64 + 12284438303704737362*2^128 + 8306871892*2^192,16082488350916490752 + 11587997562560714805*2^64 + 8277444217265619967*2^128 + 246120316147*2^192;\
10497265873278656000 + 2716522728973676003*2^64 + 15477898013979280160*2^128 + 177915375615*2^192,16659552469209969664 + 1247317148354954902*2^64 + 2744499034870229507*2^128 + 220152901364*2^192,892595169017604096 + 4176539761663667071*2^64 + 3295429294759454468*2^128 + 415419738289*2^192,9923401476129604864 + 9909268548366033388*2^64 + 2764233617465298804*2^128 + 335454742033*2^192,3085449898461997056 + 6447656780524801295*2^64 + 3154885366692943627*2^128 + 91633203356*2^192,7903865702593224704 + 17811459999176699988*2^64 + 5083891862310096783*2^128 + 56448657647*2^192,5764205239267651584 + 11841835259332090139*2^64 + 14566673145433705801*2^128 + 401494621338*2^192,9453786485162577920 + 15246060506473350069*2^64 + 14382591664043619925*2^128 + 446755838182*2^192,8016261021463373824 + 13343234293791975204*2^64 + 1341795018668797683*2^128 + 117532571940*2^192,15974897245812834304 + 11133860409100495619*2^64 + 16583167248866947107*2^128 + 141082203180*2^192,12917134259513737216 + 4423203898289204054*2^64 + 16631969081431297673*2^128 + 257691720982*2^192,6931528932441948160 + 1037382852202428561*2^64 + 7132054889039370464*2^128 + 339941387912*2^192,12182410368072660992 + 6153249522040170700*2^64 + 10852970267946184251*2^128 + 188338767516*2^192,17288738211272155136 + 9360591401038280641*2^64 + 2805632806554159517*2^128 + 537526397550*2^192,8061241860934017024 + 868138709667254082*2^64 + 13084572467976002703*2^128 + 72662514194*2^192,6201605613286715392 + 4358250260799978426*2^64 + 4564088421470028025*2^128 + 374803896211*2^192,2361165726893907968 + 9375166791215136068*2^64 + 12317939485005417523*2^128 + 77341574520*2^192,18341192333646090240 + 6143304472634571567*2^64 + 17996882986384025644*2^128 + 478199710286*2^192,308145797169631232 + 11113760436536051200*2^64 + 13434676524039575618*2^128 + 436878605816*2^192,1101577870947782656 + 1656552129608241679*2^64 + 13749964746721957617*2^128 + 409614674530*2^192;\
11408105195173547520 + 13272123092221167969*2^64 + 11489549616721696111*2^128 + 148826362250*2^192,14734150849699779584 + 6536553742241677077*2^64 + 5613340581783109445*2^128 + 161408257553*2^192,17387760151889091072 + 7174271635944790141*2^64 + 8068143363382163058*2^128 + 235486885079*2^192,10943995999119032064 + 13650361626062937059*2^64 + 4997678695224572808*2^128 + 383240475086*2^192,3347226069382055936 + 519359187039418140*2^64 + 16031246869607131685*2^128 + 370781916047*2^192,15863150874381983744 + 7206824959210816270*2^64 + 7566760430845614953*2^128 + 82704900775*2^192,16761879336839671808 + 814244433684270273*2^64 + 2887659101243219560*2^128 + 117750033574*2^192,864829937178877952 + 12586294999752435092*2^64 + 10758076149615698807*2^128 + 478415896135*2^192,13260522922436184064 + 2639471413152696621*2^64 + 393091163232406256*2^128 + 200381008391*2^192,15162718677596119040 + 3736433870051215370*2^64 + 2328254085292693049*2^128 + 371773096710*2^192,6875390953872556032 + 14355623555194524350*2^64 + 7144392294041230127*2^128 + 361493769005*2^192,159837222215245824 + 12356313623626088263*2^64 + 11902175944225794024*2^128 + 503240113601*2^192,10564619203444193280 + 5503988576372087363*2^64 + 8926338845685315042*2^128 + 284265998041*2^192,5209911609839042560 + 4565053775862915868*2^64 + 9467823748803326817*2^128 + 545526571596*2^192,7193800194602721280 + 3872170419026539202*2^64 + 11416930912774312125*2^128 + 194341560588*2^192,15776498201720737792 + 7375026968278769213*2^64 + 12119581592991370303*2^128 + 91876655817*2^192,6655445815547043840 + 4470533177212973746*2^64 + 2022342509269181163*2^128 + 158816884320*2^192,4366633921760989184 + 3874292463782634965*2^64 + 17754347235603062919*2^128 + 312491243720*2^192,3695186415862747136 + 12338581104775181186*2^64 + 18411389783271929763*2^128 + 425745389119*2^192,9609000971010543616 + 2650704790748255163*2^64 + 1473267365660056385*2^128 + 465140353940*2^192;\
5633951169397646016 + 4717884611792902803*2^64 + 12546195586443977559*2^128 + 527323195750*2^192,11488672142173986688 + 18440285849245819518*2^64 + 15197529925157588368*2^128 + 300822448700*2^192,11407628909772347008 + 11886438769553705880*2^64 + 9168304199126735633*2^128 + 472387141695*2^192,8236464957672987984 + 16647855537183144462*2^64 + 3852663617929520362*2^128 + 358804181529*2^192,15231452097639985792 + 17276908298841077666*2^64 + 5030249080186001655*2^128 + 372071144663*2^192,14042944047700759808 + 7622344076895564632*2^64 + 3652160763375444120*2^128 + 446343022734*2^192,17265723564443119104 + 7756861214503937844*2^64 + 1360540180299031498*2^128 + 305820605164*2^192,16839658101006336448 + 16474767497454095079*2^64 + 3763029951805040167*2^128 + 383779722427*2^192,9981981871405674240 + 2116897487768408130*2^64 + 11453348618208661893*2^128 + 366868652635*2^192,9016767689021973632 + 7420692588197272602*2^64 + 14937379467556493741*2^128 + 28317569740*2^192,12731230720489201920 + 2897338389265785590*2^64 + 5972843973671261044*2^128 + 14931574770*2^192,14359406797045904512 + 637905104463120757*2^64 + 785370340481496632*2^128 + 523170488351*2^192,15202007685173872000 + 6770338991488161865*2^64 + 16077544090720778105*2^128 + 33891947541*2^192,2591063340787341184 + 761972189340221077*2^64 + 16179996864444929820*2^128 + 533316490254*2^192,16789327207454931200 + 9123506491504316611*2^64 + 5421635385792397385*2^128 + 166181526470*2^192,10413911259279760256 + 17448639951358768276*2^64 + 4031306290452288419*2^128 + 439900116604*2^192,13278580974819828480 + 12924874261224360928*2^64 + 898146651042563122*2^128 + 22415882349*2^192,9372218272788272640 + 15746186276113109795*2^64 + 7659079009487458391*2^128 + 308789650231*2^192,18272133862589979648 + 1389348167621372948*2^64 + 1022443580303392997*2^128 + 485333924776*2^192,8224804167737092864 + 14070678885868153864*2^64 + 12503891573478320140*2^128 + 31202662522*2^192;\
7227247963092313088 + 702292449466209513*2^64 + 1654478937370903860*2^128 + 354302492629*2^192,16672657949054916608 + 8349945827537477478*2^64 + 14229849712278587721*2^128 + 24531247679*2^192,13666651705527476224 + 14836319973158696357*2^64 + 1794785998247578738*2^128 + 286342745367*2^192,8480698356585291776 + 11153373529315055618*2^64 + 13432567393112132283*2^128 + 117773667089*2^192,1577377799780667392 + 1416774598902062961*2^64 + 13865943231226818141*2^128 + 543449556016*2^192,11316895803007501312 + 4473608196545233430*2^64 + 10385815049461315900*2^128 + 475933497316*2^192,17506012698097557504 + 15001218636671557490*2^64 + 12093651072537251813*2^128 + 546381008741*2^192,3340826194831685632 + 538223378527064669*2^64 + 16427577864319962207*2^128 + 92454511456*2^192,12924018093763120128 + 2621274452056622877*2^64 + 7950522217411098924*2^128 + 530106093685*2^192,13186953412640525312 + 18224318346307939211*2^64 + 7538562921330101104*2^128 + 251696415974*2^192,16850021605951008768 + 7820007504928048667*2^64 + 6935100850048662083*2^128 + 96468168791*2^192,2007516436627120128 + 1179975159026076525*2^64 + 7126803904479718957*2^128 + 513782138846*2^192,11553152146658049024 + 11581269395061679210*2^64 + 1288178236053036008*2^128 + 427705217062*2^192,8346590471709237248 + 8034814691933296241*2^64 + 10298255041847658753*2^128 + 291913549683*2^192,1046003777339883520 + 14086668130551093066*2^64 + 8894713155921353762*2^128 + 446548967376*2^192,10067115888580526080 + 12884973661291391600*2^64 + 7682259553412269084*2^128 + 537361516234*2^192,11879112318120656896 + 7492790413112374257*2^64 + 6702175523893407672*2^128 + 310006260978*2^192,13173321194309222400 + 10978707562497507554*2^64 + 16273997534868813793*2^128 + 166197804126*2^192,17547055625365880832 + 15205975677892803847*2^64 + 6887692839805130182*2^128 + 421378456035*2^192,6708840639927205888 + 1148164611208638511*2^64 + 7202700556732940293*2^128 + 340480516353*2^192;\
11500499848900117760 + 16832334478991158569*2^64 + 12608101161775252777*2^128 + 321274203387*2^192,1969682805699899392 + 7286731064209505895*2^64 + 18398774463209396830*2^128 + 522597151281*2^192,2097700251593427840 + 17396915219346168487*2^64 + 17101039299523123846*2^128 + 358765584216*2^192,12605694683678678944 + 726397962645105011*2^64 + 7820706471438799076*2^128 + 122743325384*2^192,11677620508387790080 + 5150047393325469079*2^64 + 8600270564845396672*2^128 + 206078013271*2^192,12020717137610910208 + 6051384159525874435*2^64 + 10944826808190327333*2^128 + 220052808140*2^192,3895345489764344832 + 5683959619048957924*2^64 + 11970251033119135644*2^128 + 24887123371*2^192,1378862778589785216 + 6956022286562847989*2^64 + 8124906069276813565*2^128 + 445504026859*2^192,15295500050399901696 + 1180194326427139235*2^64 + 9236261388721715209*2^128 + 149092973292*2^192,12286697205911015168 + 8392735173813810672*2^64 + 3896672659576223147*2^128 + 303298166332*2^192,8526922934471698944 + 8703351325505396665*2^64 + 12314017147242163929*2^128 + 65308521276*2^192,2313729004026384128 + 17697503441086111240*2^64 + 16858023034979520305*2^128 + 54720695341*2^192,10471033006706286336 + 13079834072225681329*2^64 + 11472073828481569528*2^128 + 136842209045*2^192,12796831991746362624 + 16159286379473488854*2^64 + 13820121414693794952*2^128 + 262092587395*2^192,13380807035425558016 + 1700129531204369029*2^64 + 10950402571883059217*2^128 + 81115537272*2^192,7213042691048688896 + 2115335290164668463*2^64 + 9580759819669231760*2^128 + 520682002719*2^192,16340544924491303424 + 11474539487825413936*2^64 + 16602507588527694621*2^128 + 180917758702*2^192,1575299745150365696 + 3837725881423542508*2^64 + 9725350511423838335*2^128 + 179548645328*2^192,16306896719560000512 + 11372047249171918685*2^64 + 10230460990914895812*2^128 + 126212557011*2^192,5813718272242402816 + 15865652277006016446*2^64 + 3653405836080222871*2^128 + 389122340512*2^192;\
8853514369791268864 + 8635523297105781370*2^64 + 7656964683578670241*2^128 + 81837713329*2^192,4485350401324122112 + 4757807790546087460*2^64 + 4152529525258023904*2^128 + 331979088644*2^192,2265392277491390976 + 3194668111942024709*2^64 + 17975121943424109373*2^128 + 29329225153*2^192,9604359100390717952 + 15799308905284129264*2^64 + 2390070738288105932*2^128 + 473130407420*2^192,9079516299044749312 + 3363526463858449436*2^64 + 6493081609389883675*2^128 + 257229821350*2^192,16869731795502455808 + 3173666688491387255*2^64 + 10832383843512161028*2^128 + 83851083258*2^192,10325245406930354176 + 17555258076468626121*2^64 + 10517093917873059174*2^128 + 485228423796*2^192,5806267328055842816 + 3168956736202343741*2^64 + 1222042166238305876*2^128 + 27778880223*2^192,2830941355738339328 + 8657249370994722855*2^64 + 17956053279564578653*2^128 + 9279539796*2^192,15261872303976665088 + 3520585332399041603*2^64 + 8021755103345956831*2^128 + 319237946573*2^192,3605176210674425856 + 17676497203460640035*2^64 + 1253671047326290351*2^128 + 436162871875*2^192,3649387171058597888 + 5729782098777191230*2^64 + 9272341218707638976*2^128 + 211688564806*2^192,18104626901924319232 + 9850821318547612973*2^64 + 10321432999935015677*2^128 + 456173478041*2^192,7358332170483621888 + 13124008758558593546*2^64 + 227046791312931831*2^128 + 36097624946*2^192,9033333342842748928 + 2712253107966276441*2^64 + 3845206851850562198*2^128 + 202494902649*2^192,4515412423540391936 + 2614309738913469715*2^64 + 16823864956472720193*2^128 + 481101741950*2^192,925946495896805376 + 7190033023614902249*2^64 + 8937272288737220535*2^128 + 361331551778*2^192,17457962119617421312 + 2157369645711575107*2^64 + 6269650066386907283*2^128 + 318838937768*2^192,1650482851374415872 + 8394795013992159406*2^64 + 9048827897582254468*2^128 + 168204185542*2^192,14069720890137108480 + 2231470113349544356*2^64 + 1942667721542743909*2^128 + 525869340016*2^192;\
7638569673835413504 + 1229733251489106588*2^64 + 16638212961405418315*2^128 + 530035158605*2^192,10271250065934790656 + 17284272106259108546*2^64 + 10786591003556847628*2^128 + 450979519479*2^192,6487642726938830848 + 8051047327310815383*2^64 + 1220941562774298467*2^128 + 527290433055*2^192,17623234607344182784 + 15543538740885105253*2^64 + 13704640448361234915*2^128 + 311188459750*2^192,1454514519747010560 + 6185186263802782883*2^64 + 15143153580149770644*2^128 + 511681163214*2^192,15386749325441321984 + 10325193830417963653*2^64 + 2211660515580041675*2^128 + 317803314715*2^192,6256597331309625344 + 9954907226913221397*2^64 + 17395397061851573943*2^128 + 44140482166*2^192,10031354401962652672 + 10040163366657168331*2^64 + 13511723794371174508*2^128 + 7183273231*2^192,16578354847258088448 + 1017800162519390530*2^64 + 5128613346020402695*2^128 + 162383915482*2^192,15037919858867095552 + 5832260776152671221*2^64 + 6998864515782499945*2^128 + 538840834596*2^192,5049031301701398528 + 9978146033382637099*2^64 + 3236448429051362415*2^128 + 202678655624*2^192,3483686786570166272 + 3715688632297973377*2^64 + 95187145306365659*2^128 + 522222742747*2^192,15581055124420708352 + 3887815429842672776*2^64 + 12694404915749808115*2^128 + 322081885195*2^192,18307185662011564032 + 1840912524445808477*2^64 + 5625045486633607279*2^128 + 164128010821*2^192,535023760102785024 + 124350719405130521*2^64 + 17478347439419709523*2^128 + 392360256884*2^192,16766933029479972864 + 8065975245641202909*2^64 + 10751124541814676202*2^128 + 263887958888*2^192,4964265818830012416 + 13355834683285732589*2^64 + 16344289310959362349*2^128 + 512671387878*2^192,4643173351042940928 + 140975002250417598*2^64 + 14686098522954759026*2^128 + 119994130324*2^192,5386468120380391424 + 2269011589375444912*2^64 + 8651423840834136868*2^128 + 240394906425*2^192,6806673202122358784 + 14465600771939314232*2^64 + 1592172442023972802*2^128 + 402611356316*2^192;\
13747703102648522752 + 9181097838234044175*2^64 + 7234187363459544758*2^128 + 463466477273*2^192,2575855125254000640 + 11279574373691285102*2^64 + 8575540584398795319*2^128 + 469391441109*2^192,13557988149407442432 + 8844934425167263638*2^64 + 12392167118759356425*2^128 + 293268791184*2^192,10215649489555456000 + 4978630560900489193*2^64 + 12245104098375545905*2^128 + 368845896225*2^192,16066018526322819072 + 13355591653388381407*2^64 + 2499094488048768216*2^128 + 218533052047*2^192,4737104828575588352 + 9869390288291081910*2^64 + 18242218002445337*2^128 + 294276994020*2^192,16144913199095676928 + 10978672172445346745*2^64 + 10652098194544096544*2^128 + 153772182556*2^192,16683479353059095552 + 3130037167318547922*2^64 + 4615928670537605575*2^128 + 129613157368*2^192,7848429530463785984 + 1068442897212835433*2^64 + 15190218382390004026*2^128 + 513016844679*2^192,7251787903588269056 + 13833532877921760089*2^64 + 644273560323647800*2^128 + 313390728759*2^192,11540309962569109504 + 1767561334885139184*2^64 + 17178884944040825198*2^128 + 387256208417*2^192,17283424802496421888 + 6167668363326871226*2^64 + 13356715360114642976*2^128 + 12069624511*2^192,16988455520989461504 + 15398547542406313260*2^64 + 892661397977325937*2^128 + 325750261634*2^192,8128868044550782976 + 3686288341536012128*2^64 + 6382048601079095038*2^128 + 213462890875*2^192,3386500784535060480 + 4769721834386999252*2^64 + 7900075276243274768*2^128 + 457333476935*2^192,14188031499563958272 + 17600553040845919392*2^64 + 7949039852944769396*2^128 + 332868227360*2^192,7571348102282461184 + 4299837135569222448*2^64 + 17685198707013235190*2^128 + 283168588063*2^192,2176214819418816512 + 9004075282965862510*2^64 + 8660534965893115401*2^128 + 410462753322*2^192,12271354457635520512 + 9401200873558065380*2^64 + 16093907318028661568*2^128 + 471019617055*2^192,16987599992641994752 + 18249287934203849300*2^64 + 11210830032296414136*2^128 + 11932563836*2^192;\
11769718126651683068 + 15535357545920286386*2^64 + 3446627432485710897*2^128 + 206565711030*2^192,11457007804299767432 + 6947229522830010109*2^64 + 1899753851271631910*2^128 + 131751398818*2^192,11334514460096316212 + 15000101982576730771*2^64 + 8116043715049872076*2^128 + 32349277746*2^192,6567096565818398336 + 7479963026529029280*2^64 + 2038432487888314014*2^128 + 311839494639*2^192,9036739459494380448 + 11330152130976813155*2^64 + 15400834864284474149*2^128 + 46531270429*2^192,4262240110452455456 + 8880173291481725936*2^64 + 18242845210535618462*2^128 + 193784658533*2^192,2477902893777552480 + 5886251181439363585*2^64 + 7750433462248316358*2^128 + 60950777628*2^192,14207650353588415176 + 1501316332746504392*2^64 + 10804639110996942371*2^128 + 85433910339*2^192,14062112714513054512 + 4804771118241368241*2^64 + 6523752899289277300*2^128 + 436495194995*2^192,3593110972261062864 + 2622002806563127913*2^64 + 424140073334431095*2^128 + 69113168283*2^192,17316849457725483616 + 10878097887999069660*2^64 + 5639517332025434692*2^128 + 342744359770*2^192,11626778119591616624 + 10581434508379392850*2^64 + 13993751221746726712*2^128 + 128568423174*2^192,10563884666807274112 + 7634325810407651111*2^64 + 15286997655011243621*2^128 + 489384983646*2^192,1108053885238112912 + 16753127540875787797*2^64 + 3358810969539593739*2^128 + 57786346825*2^192,11211327200669068448 + 4248089136581675684*2^64 + 4879409406759021995*2^128 + 392850601774*2^192,2838381446203014320 + 3791640305457334685*2^64 + 13356482612924564381*2^128 + 255902077016*2^192,14477903861759037216 + 3804605656832458347*2^64 + 16286496499445856536*2^128 + 368107140379*2^192,1058662723527594272 + 10992517912057156545*2^64 + 11714086539280909151*2^128 + 516387935769*2^192,7311988683798122464 + 8276699766326388969*2^64 + 17926537958087177051*2^128 + 331093903397*2^192,13217998696256292992 + 17277132186113196471*2^64 + 16504026727245926291*2^128 + 486231228516*2^192;\
16186653108995578324 + 9381320479628144306*2^64 + 2475845097132746337*2^128 + 217679459380*2^192,1943638151089496 + 3723782800255299447*2^64 + 16815418861187167714*2^128 + 311415985653*2^192,14520047816056855644 + 3358500530390639901*2^64 + 15036157124439976284*2^128 + 240886755549*2^192,15262953415862691832 + 13399425578677758527*2^64 + 1271301520182639450*2^128 + 312801475420*2^192,7556577993952333472 + 7251375038369767630*2^64 + 16613253700291429475*2^128 + 194369711105*2^192,15586249279294475232 + 6041138109003785536*2^64 + 4199279875610239438*2^128 + 55411399711*2^192,6990858679321987616 + 6867704513196804266*2^64 + 6097139537072429569*2^128 + 349298016371*2^192,3232933470534585976 + 18249357166058732346*2^64 + 11063955351555453149*2^128 + 301694892096*2^192,3367585313698831376 + 6623775943532086862*2^64 + 16322618466208731608*2^128 + 261395202456*2^192,12182749069747621936 + 9471903425334574782*2^64 + 5563077212016751623*2^128 + 61845028691*2^192,7141509333958696096 + 5453288599949686702*2^64 + 86296494612321643*2^128 + 450952707788*2^192,9551016171451236112 + 12065299653470881962*2^64 + 7730479377522977060*2^128 + 202563253865*2^192,13908121796024603584 + 1830389311430002285*2^64 + 5580188962825342936*2^128 + 425439859480*2^192,17557392890915753968 + 4935966043756128955*2^64 + 7052814534932014088*2^128 + 136211931319*2^192,11820349622393967968 + 11913220811224539840*2^64 + 7847327657935129705*2^128 + 73061630684*2^192,3746582997099929168 + 12301396811661971659*2^64 + 14936112988699971367*2^128 + 99574344832*2^192,18356746495869333472 + 8196620080221167263*2^64 + 7227432759059658530*2^128 + 179824316998*2^192,9718833024756009568 + 11049992888897500060*2^64 + 12710355360509775459*2^128 + 38443199261*2^192,1692301498285366176 + 1487816405034356694*2^64 + 14304494252361001658*2^128 + 301564715330*2^192,11212024099469669888 + 5575267276626507250*2^64 + 4392719078665947902*2^128 + 257094799980*2^192;\
16543529224185141248 + 5524331983622126465*2^64 + 10812476598119876494*2^128 + 308996105436*2^192,2311408159145775104 + 10879806767896374880*2^64 + 8000116465437087653*2^128 + 293093810981*2^192,1391779025067487232 + 16392096413405630185*2^64 + 14376481105155287540*2^128 + 511848555279*2^192,6157457036056383488 + 13081684668096495515*2^64 + 13039705163402000217*2^128 + 171522813663*2^192,5851797687100055552 + 11072175163899963320*2^64 + 3066154485679415584*2^128 + 258181794488*2^192,15625615304241412096 + 6388253620409251686*2^64 + 13877430493335560683*2^128 + 394342211126*2^192,9625731698534793216 + 12926584813110053176*2^64 + 1865059970200104264*2^128 + 76826927820*2^192,7634237795325625344 + 7475069756159921404*2^64 + 2624551367042867046*2^128 + 252402337054*2^192,3381692698358625280 + 5815252801533840608*2^64 + 3701920196867343867*2^128 + 29805116306*2^192,13061350536875725824 + 2313548586743859529*2^64 + 17719416470450229223*2^128 + 49906726205*2^192,1322577156992933888 + 7550907607830765084*2^64 + 12428452995054397840*2^128 + 6705192409*2^192,14556764837767380992 + 10622757421234658526*2^64 + 15158750697112164943*2^128 + 349445085363*2^192,5087965988337911808 + 2132386860734760572*2^64 + 2520487397111674630*2^128 + 86304113674*2^192,14640984338076090368 + 14035431639641405846*2^64 + 12185925462859272013*2^128 + 548477839815*2^192,14851859275549409280 + 15384709383686589515*2^64 + 2769030377730721604*2^128 + 82005067197*2^192,6438333580036030464 + 10927057369512711258*2^64 + 16225576422503233505*2^128 + 79323028195*2^192,12680548844628131840 + 14265955427246234025*2^64 + 10192966155110533104*2^128 + 89189130782*2^192,12379688313495093248 + 1687999403431450713*2^64 + 4861561213133371799*2^128 + 460939558996*2^192,15017696424776597504 + 8209476351253280668*2^64 + 10428021093093068549*2^128 + 547533546438*2^192,8875296601212616704 + 15203310547269704377*2^64 + 12729833565361709574*2^128 + 326636437418*2^192;\
11251873173204340970 + 2869955683992967320*2^64 + 2918131086475039295*2^128 + 530752114745*2^192,13127031826741053804 + 7155959252893052478*2^64 + 18008330433351178612*2^128 + 144747127841*2^192,3992116849536938366 + 11529609455141170853*2^64 + 14748331013440988831*2^128 + 69658937223*2^192,43809438823160168 + 9019495880092638862*2^64 + 13031862063662647219*2^128 + 213149383685*2^192,14820757577006258224 + 7378794398576104645*2^64 + 13581830338612194425*2^128 + 167189680602*2^192,10892127125094884912 + 2081934842322155525*2^64 + 5097084980847947825*2^128 + 150423698840*2^192,4981879783306941456 + 17715773866146625198*2^64 + 6195135822470124964*2^128 + 160990821703*2^192,3735943602652084460 + 11567957172940619258*2^64 + 6130846065127009740*2^128 + 108834316873*2^192,11381919444531539592 + 5886344040411927391*2^64 + 4420615119214748824*2^128 + 296145803976*2^192,8440445236315787320 + 3427660839106555849*2^64 + 10640836313179055808*2^128 + 84307950654*2^192,17016858554991567504 + 10805411576202514786*2^64 + 14363355673578818895*2^128 + 344724998732*2^192,11967699526798098728 + 11948966457502710421*2^64 + 15370583132501715126*2^128 + 30925201662*2^192,2636748170004681344 + 2766926728027269899*2^64 + 6601993900260501763*2^128 + 158514446026*2^192,11553485916267554648 + 12442128778384088961*2^64 + 3198078911399937242*2^128 + 173703485692*2^192,11847169900886962416 + 224045041019064198*2^64 + 280463665024934226*2^128 + 244935747427*2^192,2813997007631506952 + 17110377355674317113*2^64 + 15471967774576507353*2^128 + 505974206560*2^192,15835374588343035824 + 10514498279489510816*2^64 + 673954325592861309*2^128 + 42596498716*2^192,10068070455852033072 + 2004081439798500633*2^64 + 15937777632356375128*2^128 + 420505142332*2^192,17727916463433362000 + 3879025011810397800*2^64 + 15930684033463921348*2^128 + 214129939286*2^192,10321253986119998528 + 5371098914547525754*2^64 + 16871879414379370241*2^128 + 400692089512*2^192;\
16912995090837088587 + 722075517053642301*2^64 + 7256370832628564336*2^128 + 445363424501*2^192,11814846909719173706 + 3340508274507264703*2^64 + 1220449771388662183*2^128 + 376659469886*2^192,4337734746389161953 + 8984498521249718109*2^64 + 14794538245489510408*2^128 + 387855951966*2^192,17918948720850716020 + 3352508309463387206*2^64 + 13825766423688400003*2^128 + 167981168544*2^192,1152733937862169128 + 5851467035927850856*2^64 + 4983749399090587313*2^128 + 352846651293*2^192,12275397164181605480 + 14563155294721702313*2^64 + 13846712282662841681*2^128 + 435953012185*2^192,8709309567688627192 + 8014342274447849389*2^64 + 17909174078876849952*2^128 + 442431930007*2^192,14056366336119674282 + 7624484012503243947*2^64 + 13498218516878857462*2^128 + 512288272125*2^192,6526427917846764988 + 17447626008365520022*2^64 + 7849588647343432744*2^128 + 307041209517*2^192,12341768944668061860 + 11254225298768527635*2^64 + 12258070989128774370*2^128 + 325036882124*2^192,10679869921411552312 + 14298004903645606898*2^64 + 782059391892919971*2^128 + 79709218998*2^192,1907134419542055724 + 6493966238158107834*2^64 + 5565561367720228196*2^128 + 14068445817*2^192,5434774822044244352 + 6759313343547413348*2^64 + 1036453434885467526*2^128 + 490661788594*2^192,14299580635247430292 + 16392260635045911355*2^64 + 15988514865826672332*2^128 + 244199807048*2^192,9563894964804691208 + 2174703146845602331*2^64 + 6694156587614508001*2^128 + 458704112491*2^192,17822340294619404860 + 10618834147609220638*2^64 + 8743842469057256818*2^128 + 256314761004*2^192,9297200083173081768 + 9211103398285698576*2^64 + 14902316136793502669*2^128 + 360370325860*2^192,717606729353475560 + 14098924992447489711*2^64 + 10747084522223884696*2^128 + 306029274767*2^192,14436568458354997208 + 13038852406440515846*2^64 + 15792695743727526467*2^128 + 122246853801*2^192,604828864619574112 + 14877189782595568575*2^64 + 17702903180876482921*2^128 + 247479519382*2^192;\
4109384537395553608 + 12130293897528469061*2^64 + 15949816473272416558*2^128 + 270435388382*2^192,14263158213353268976 + 10937265901710478531*2^64 + 16293308104458013800*2^128 + 17322060868*2^192,1769781008797851576 + 18033923170449069564*2^64 + 8320379575507807109*2^128 + 3110132206*2^192,1891109357393439144 + 12607179732185439117*2^64 + 15801840518042311585*2^128 + 238962151801*2^192,15264216064051812608 + 11063433572258031064*2^64 + 13259167648566181166*2^128 + 144945065374*2^192,16582493475515493696 + 954114248406471236*2^64 + 5279592570000410415*2^128 + 245863671817*2^192,9231042284157778752 + 4367030386343234309*2^64 + 11765168167977875114*2^128 + 287979505412*2^192,10312673865944413840 + 18283115943857362038*2^64 + 6123563905971794914*2^128 + 287329636551*2^192,1421943523219621280 + 1201008757689062637*2^64 + 10843806759052816353*2^128 + 80976912759*2^192,2204633654785870112 + 246128256648015178*2^64 + 17922857897037901708*2^128 + 85490248457*2^192,16993531480797707456 + 6629686436671517126*2^64 + 1619869770579632592*2^128 + 285829035478*2^192,13866008618395469024 + 5970396419204584323*2^64 + 4988303170757187713*2^128 + 78776702759*2^192,8178967178935000512 + 17903071982708380520*2^64 + 4466681229712409652*2^128 + 383604728612*2^192,15921437983937641248 + 8505743019357519500*2^64 + 3779165217354112232*2^128 + 380446548339*2^192,10075444394752778304 + 18209817373417527461*2^64 + 6186296750147444722*2^128 + 250150918635*2^192,15047583022421638624 + 9167622886423718449*2^64 + 4040537560565316547*2^128 + 64116459352*2^192,13762311863253758016 + 2163535495139785324*2^64 + 5098993184922112513*2^128 + 436257400351*2^192,9402499912993140160 + 9681077308103074370*2^64 + 6977828148492979012*2^128 + 180338543630*2^192,10539547590347163968 + 15473658696841013051*2^64 + 9946734617345651654*2^128 + 294508346881*2^192,10046282557999998080 + 18433113684314106216*2^64 + 385243378668788335*2^128 + 93510185384*2^192;\
1152964999828069062 + 4467113113590134924*2^64 + 1717482812114139730*2^128 + 448631802164*2^192,1445469414648675636 + 1352749824355511364*2^64 + 18276133623646267212*2^128 + 298515912479*2^192,17341595311765817618 + 3836450979557371299*2^64 + 15937254569656940765*2^128 + 103395212058*2^192,3186200109358372824 + 14986462559817687813*2^64 + 17736815048803987553*2^128 + 306114414381*2^192,16155129875735116368 + 13871382689039214463*2^64 + 17085143734098863423*2^128 + 183131706274*2^192,1716358679427096656 + 5112418202353002777*2^64 + 14564187871644317965*2^128 + 104786231561*2^192,17727124356990761840 + 17717565419663658953*2^64 + 17495890704627130997*2^128 + 104836159991*2^192,3297372437335649204 + 6739595785186168289*2^64 + 1365101851306036261*2^128 + 416771580425*2^192,8178623068906037560 + 5484313215806496666*2^64 + 17908354739825156265*2^128 + 524661304613*2^192,273820419619975688 + 14666598657452569940*2^64 + 17170249562446716213*2^128 + 193222139218*2^192,4026913960118181104 + 6878086989038090521*2^64 + 13000323649295871517*2^128 + 253981185293*2^192,16205962934870566296 + 6247059739225806518*2^64 + 17746623905405788730*2^128 + 85478018107*2^192,16374708910052017536 + 3185084396898116694*2^64 + 431290280303353481*2^128 + 129505669525*2^192,1736487934306897384 + 5406368640832758030*2^64 + 4555729198611740102*2^128 + 417944740157*2^192,13219404693154961296 + 9024402423878913121*2^64 + 10398582225519781041*2^128 + 514445410268*2^192,17164748781604952504 + 10841171675778357333*2^64 + 6840015339572910179*2^128 + 239350015196*2^192,1132139487924779728 + 6776358149528071360*2^64 + 7431823726522324980*2^128 + 19154986463*2^192,5864235238035452496 + 7077964032394168928*2^64 + 11993737339943382909*2^128 + 276436157541*2^192,12446661659746087728 + 5840636655036063995*2^64 + 1761283408707657209*2^128 + 498246073623*2^192,4222746315747051968 + 2418899331127167118*2^64 + 2442119969618650299*2^128 + 232809705135*2^192;\
16624172142973107442 + 8056215533953168038*2^64 + 6767517929680887191*2^128 + 373045348856*2^192,8913502743993541212 + 11947068247078347359*2^64 + 5555069936179550265*2^128 + 152268620319*2^192,14625960981001139478 + 3233615048613704461*2^64 + 3339487059754738381*2^128 + 409436554162*2^192,13183283816294326536 + 5482158970248280822*2^64 + 11537478076220397502*2^128 + 60857064296*2^192,17888643243372478960 + 16529028509902401672*2^64 + 9063028141194764013*2^128 + 132068794037*2^192,17140942455789751280 + 8641532349467895023*2^64 + 17380576198808895294*2^128 + 243886497215*2^192,13611377027337104208 + 992977408503108351*2^64 + 16601900877415774439*2^128 + 81083380203*2^192,11699746079767373276 + 13366125173330878705*2^64 + 1143497902663371590*2^128 + 166500609210*2^192,8517829682679799848 + 12900641691405515705*2^64 + 8012483236198586246*2^128 + 194230335104*2^192,7320214347604449688 + 9828725544342194974*2^64 + 2977336343142543415*2^128 + 338454346670*2^192,2351839732758683600 + 6992645864628145732*2^64 + 15063586349985736076*2^128 + 304210603698*2^192,13364864906635510600 + 459668680825969421*2^64 + 3943487581133087935*2^128 + 184678891317*2^192,7498378342962008192 + 6186319707493816567*2^64 + 11930099475926187820*2^128 + 442714657402*2^192,332160682114395960 + 5022905037657334615*2^64 + 4585239744416803558*2^128 + 270817334305*2^192,7724539140768658864 + 9461283573180251528*2^64 + 5065301064659109698*2^128 + 61865557142*2^192,5534395841816239528 + 12052928339798578655*2^64 + 12323054034180847843*2^128 + 329992163898*2^192,17771846313767035760 + 4083072685713567262*2^64 + 15118244137222707383*2^128 + 320610023376*2^192,369220568411464176 + 4036636758834726525*2^64 + 5893490594145494040*2^128 + 449145690543*2^192,8522181047160168080 + 15541579693322522861*2^64 + 17227044309868893323*2^128 + 377251153412*2^192,11176401979753967936 + 15819079756066249111*2^64 + 18006376536655069200*2^128 + 346758658913*2^192;\
9211669575440151210 + 15490394524994033398*2^64 + 17379958165615216586*2^128 + 339921559403*2^192,12097425421590003308 + 18117133168905469357*2^64 + 14276780294892692374*2^128 + 272876767252*2^192,17908851497211815966 + 18348484823674700838*2^64 + 6027670680397757158*2^128 + 342756665426*2^192,10601104218711156848 + 16366692397556463821*2^64 + 17796482450581052375*2^128 + 44408773441*2^192,5831032275316267888 + 11435519266171611638*2^64 + 9661455248596029518*2^128 + 444211683698*2^192,2072217822948663728 + 14944574117800397382*2^64 + 8167006116037234594*2^128 + 517701838501*2^192,17699186324839986192 + 13968910549053627037*2^64 + 8373535054315710867*2^128 + 490707231163*2^192,4748894834055625100 + 17046242932353523623*2^64 + 17294175988455883497*2^128 + 446656271951*2^192,16613586545272678536 + 15756733149479665460*2^64 + 18390906470107205861*2^128 + 32671771954*2^192,2806855583762204152 + 10024563087980161994*2^64 + 18314289339421932088*2^128 + 15549532286*2^192,18332016739222113808 + 16759315116493722111*2^64 + 4997509910694177271*2^128 + 333713675187*2^192,10490031278589799912 + 5749539342456783103*2^64 + 3369590505331835570*2^128 + 45583710141*2^192,14447306329814235712 + 3851228872604765200*2^64 + 11750937785809972036*2^128 + 165856654776*2^192,5104628409133990040 + 5463699452506219452*2^64 + 13940949041430862455*2^128 + 521691918547*2^192,17575546290819643504 + 12110341272728982294*2^64 + 16475762621274869346*2^128 + 141999047358*2^192,18293367622902754888 + 8722802145437250293*2^64 + 15147403310107402021*2^128 + 522601023957*2^192,12688274993267021872 + 12699231735580779968*2^64 + 6888126627704673026*2^128 + 411098773143*2^192,7259150570602801200 + 5083040068066659541*2^64 + 16341072935446323857*2^128 + 440219215934*2^192,7995005399766623056 + 8130589493153794458*2^64 + 18396241388891493620*2^128 + 193420317156*2^192,9610298729527028672 + 1760423413526688030*2^64 + 8636574841133715538*2^128 + 55475060233*2^192;\
12899040121890842462 + 714690539256320726*2^64 + 3542110933449639732*2^128 + 433726662984*2^192,1846028904446458628 + 3684173208951608451*2^64 + 7543002690465640178*2^128 + 330782372735*2^192,10297424475712657882 + 14751230439557402618*2^64 + 595150305005446196*2^128 + 139792620930*2^192,14849374831234083704 + 954682311654584370*2^64 + 4132723674704310134*2^128 + 21150815059*2^192,5397168416686031248 + 4257581156504360032*2^64 + 822921627878677570*2^128 + 526803747940*2^192,1720316793458358672 + 13252285653025372149*2^64 + 7629684770696124782*2^128 + 185162926430*2^192,11583013163438050608 + 17686461246118095200*2^64 + 16361584225901523621*2^128 + 203425386032*2^192,3356640600348185732 + 9900565226495234321*2^64 + 16444864008600878893*2^128 + 332705994176*2^192,16778702519751143448 + 7080192347690063951*2^64 + 16870911374436470692*2^128 + 41916096314*2^192,3413204175265073704 + 2248377820511531248*2^64 + 2187846497688502335*2^128 + 483871565346*2^192,3954884298430865584 + 17297546591829902721*2^64 + 14914657357805999608*2^128 + 357281461748*2^192,15931803741512523768 + 6605636688911542233*2^64 + 7505832118710794189*2^128 + 67569473133*2^192,10972181442704427392 + 4941151335399943573*2^64 + 9907670917655312573*2^128 + 371543209668*2^192,15835205414673080712 + 11306689800750952878*2^64 + 15192579828856846454*2^128 + 66538109105*2^192,16419951456834336208 + 13774074637683053677*2^64 + 9295574701017988009*2^128 + 385468650701*2^192,5832498004921147544 + 14692682954841101149*2^64 + 836849551361274540*2^128 + 498446701247*2^192,18374095538816820752 + 1036591538481428471*2^64 + 10930972790849685590*2^128 + 233356223497*2^192,18320039558569056144 + 8868617536760689749*2^64 + 4273349880958696300*2^128 + 476525581645*2^192,13368112847448796144 + 15841700142888754272*2^64 + 11989786098675797776*2^128 + 537383193750*2^192,6241288231007829184 + 9861256606329212041*2^64 + 4838863640831889470*2^128 + 190135189594*2^192]
/* 
This matrix times 2^(-9) should be the matrix of frobenius.
*/ 
B = 2^(-9) * A; 
/* Freed 6359 lists. */
The sign is: -1
The characteristic polynomial is: x^20 + x^19 - 3*x^18 - 3*x^17 + 5*x^16 - 7*x^15 - 24*x^14 + 52*x^13 - 32*x^12 - 688*x^11 + 2752*x^9 + 512*x^8 - 3328*x^7 + 6144*x^6 + 7168*x^5 - 20480*x^4 + 49152*x^3 + 196608*x^2 - 262144*x - 1048576
Its Newton polygon is: [2, 2, 2, 2, 2, 1, 1, 1, 1, 1, 1, 1, 1, 1, 1, 0, 0, 0, 0, 0]
Its factorization is: [x - 2, 1; x + 2, 1; x^2 + 2*x + 4, 1; x^6 - x^5 - 3*x^4 + 6*x^3 - 12*x^2 - 16*x + 64, 1; x^10 + 2*x^8 + 3*x^7 + 20*x^6 + 4*x^5 + 80*x^4 + 48*x^3 + 128*x^2 + 1024, 1]
The valuation of f-g is: 19
The valuation of subst(g,x,A) is: 8
