/* Comments begin... 
No set up needed.

Please input coefficients below.
Coefficient of   x^23                     = Coefficient of   x^12 * w^2               = Coefficient of   x^6 * y^6 * w^1         = Coefficient of   x^5 * y^5 * z^1 * w^1   = Coefficient of   x^4 * y^4 * z^2 * w^1   = Coefficient of   x^3 * y^3 * z^3 * w^1   = Coefficient of   x^2 * y^2 * z^4 * w^1   = Coefficient of   x^1 * y^1 * z^5 * w^1   = Coefficient of   x^1 * w^4               = Coefficient of   y^12                     = Coefficient of   z^6 * w^1               = 
Here is the polynomial we're using this time:

1 + 0*2^64 + 0*2^128 + 0*2^192*x^23 + 1 + 0*2^64 + 0*2^128 + 0*2^192*x^12*w^2 + 1 + 0*2^64 + 0*2^128 + 0*2^192*x^6*y^6*w^1 + 1 + 0*2^64 + 0*2^128 + 0*2^192*x^5*y^5*z^1*w^1 + 1 + 0*2^64 + 0*2^128 + 0*2^192*x^2*y^2*z^4*w^1 + 1 + 0*2^64 + 0*2^128 + 0*2^192*x^1*w^4 + 1 + 0*2^64 + 0*2^128 + 0*2^192*y^12 + 1 + 0*2^64 + 0*2^128 + 0*2^192*z^6*w^1


Allocate G_len 20 elements and old = 0.
Allocate M_len = 400 elements.
Allocate G_len 40 elements and old = 20.
Allocate M_len = 800 elements.
Allocate G_len 80 elements and old = 40.
Allocate M_len = 1600 elements.
Allocate M_len = 3200 elements.
Allocate G_len 160 elements and old = 80.
Allocate M_len = 6400 elements.
Allocate M_len = 12800 elements.
Allocate G_len 320 elements and old = 160.
Allocate M_len = 25600 elements.
Allocate M_len = 51200 elements.
Allocate G_len 640 elements and old = 320.
Allocate M_len = 102400 elements.
Allocate M_len = 204800 elements.
Allocate G_len 1280 elements and old = 640.
Allocate M_len = 409600 elements.
Allocate M_len = 819200 elements.
Allocate G_len 2560 elements and old = 1280.
The final length of G is 856
[5, 5, 0, 1, 0]  	241	3 
[5, 4, 1, 1, 0]  	253	5 
[22, 0, 0, 0, 0]  	264	7  <--- 1
[12, 0, 0, 2, 0]  	276	3 
[4, 3, 4, 1, 0]  	323	6 
[3, 2, 5, 1, 0]  	323	6 
[16, 6, 0, 0, 0]  	330	10 
[6, 13, 0, 0, 0]  	371	8 
[11, 2, 4, 1, 0]  	384	16 
[9, 12, 0, 0, 0]  	384	14 
[11, 11, 0, 0, 0]  	385	12 
[10, 10, 1, 0, 0]  	385	12 
[9, 11, 1, 0, 0]  	396	15 
[21, 5, 1, 0, 0]  	402	11 
[8, 12, 1, 0, 0]  	407	13 
[9, 10, 2, 0, 0]  	408	15 
[8, 9, 3, 0, 0]  	408	15 
[19, 2, 4, 0, 0]  	414	11 
[8, 2, 4, 2, 0]  	414	6 
[6, 12, 2, 0, 0]  	418	11 
[8, 8, 4, 0, 0]  	420	12 
[20, 5, 2, 0, 0]  	425	15 
[5, 1, 8, 1, 0]  	429	9 
[7, 11, 3, 0, 0]  	442	13 
[7, 8, 5, 0, 0]  	443	16 
[19, 5, 3, 0, 0]  	448	17 
[20, 0, 6, 0, 0]  	450	13 
[5, 17, 0, 0, 0]  	451	6 
[4, 16, 1, 0, 0]  	451	6 
[2, 2, 9, 1, 0]  	451	6 
[6, 0, 9, 1, 0]  	453	11 
[9, 0, 8, 1, 0]  	454	13 
[7, 10, 4, 0, 0]  	454	13 
[6, 9, 5, 0, 0]  	454	13 
[7, 7, 6, 0, 0]  	455	12 
[6, 6, 7, 0, 0]  	455	12 
[10, 0, 6, 2, 0]  	462	11 
[4, 18, 0, 0, 0]  	462	11 
[2, 13, 4, 0, 0]  	463	6 
[6, 11, 4, 0, 0]  	465	12 
[6, 8, 6, 0, 0]  	466	14 
[5, 7, 7, 0, 0]  	466	14 
[11, 7, 5, 0, 0]  	468	17 
[14, 7, 4, 0, 0]  	469	17 
[17, 4, 5, 0, 0]  	471	16 
[5, 0, 8, 2, 0]  	472	8 
[2, 9, 5, 1, 0]  	472	7 
[5, 15, 2, 0, 0]  	475	7 
[3, 1, 10, 1, 0]  	475	7 
[5, 0, 10, 1, 0]  	476	10 
[5, 9, 6, 0, 0]  	477	12 
[5, 6, 8, 0, 0]  	478	14 
[11, 6, 6, 0, 0]  	480	13 
[14, 6, 5, 0, 0]  	481	12 
[2, 5, 8, 1, 0]  	485	8 
[2, 0, 0, 7, 0]  	486	6 
[5, 14, 3, 0, 0]  	487	9 
[4, 7, 8, 0, 0]  	489	13 
[5, 5, 9, 0, 0]  	490	13 
[4, 4, 10, 0, 0]  	490	13 
[8, 5, 8, 0, 0]  	491	16 
[18, 0, 8, 0, 0]  	496	13 
[2, 7, 7, 1, 0]  	496	7 
[2, 3, 4, 4, 0]  	497	8 
[4, 12, 5, 0, 0]  	499	10 
[4, 6, 9, 0, 0]  	501	13 
[3, 5, 10, 0, 0]  	501	13 
[12, 5, 7, 0, 0]  	504	17 
[18, 2, 7, 0, 0]  	507	15 
[2, 2, 5, 4, 0]  	509	8 
[4, 11, 6, 0, 0]  	511	10 
[4, 3, 0, 6, 0]  	513	13 
[3, 4, 11, 0, 0]  	513	13 
[16, 5, 6, 0, 0]  	517	13 
[17, 3, 7, 0, 0]  	518	17 
[3, 0, 10, 2, 0]  	518	6 
[1, 16, 4, 0, 0]  	520	7 
[4, 5, 1, 5, 0]  	528	9 
[3, 17, 1, 1, 0]  	528	7 
[2, 4, 8, 2, 0]  	528	6 
[17, 2, 8, 0, 0]  	530	16 
[4, 0, 12, 1, 0]  	534	9 
[4, 14, 1, 2, 0]  	537	13 
[16, 3, 8, 0, 0]  	541	16 
[17, 1, 9, 0, 0]  	542	15 
[1, 14, 6, 0, 0]  	544	7 
[3, 10, 8, 0, 0]  	546	9 
[3, 5, 0, 6, 0]  	547	12 
[15, 4, 8, 0, 0]  	552	14 
[17, 0, 10, 0, 0]  	554	14 
[3, 12, 7, 0, 0]  	557	9 
[3, 9, 9, 0, 0]  	558	10 
[2, 7, 5, 3, 0]  	558	9 
[3, 4, 1, 6, 0]  	559	10 
[2, 16, 1, 2, 0]  	559	11 
[2, 4, 7, 3, 0]  	559	10 
[15, 3, 9, 0, 0]  	564	15 
[2, 18, 0, 2, 0]  	570	9 
[2, 6, 6, 3, 0]  	570	9 
[2, 5, 1, 6, 0]  	570	9 
[4, 17, 0, 2, 0]  	571	10 
[3, 3, 2, 6, 0]  	571	10 
[2, 4, 13, 0, 0]  	571	10 
[2, 3, 8, 3, 0]  	571	9 
[10, 3, 11, 0, 0]  	574	12 
[16, 0, 11, 0, 0]  	577	16 
[4, 13, 1, 3, 0]  	580	10 
[4, 10, 3, 3, 0]  	581	9 
[3, 9, 4, 3, 0]  	581	9 
[2, 7, 0, 6, 0]  	581	9 
[3, 2, 3, 6, 0]  	583	10 
[2, 3, 14, 0, 0]  	583	10 
[4, 1, 9, 3, 0]  	584	11 
[1, 4, 10, 2, 0]  	586	8 
[14, 3, 10, 0, 0]  	587	13 
[15, 1, 11, 0, 0]  	588	16 
[4, 12, 2, 3, 0]  	592	7 
[4, 0, 8, 4, 0]  	592	7 
[3, 0, 14, 1, 0]  	592	7 
[2, 11, 9, 0, 0]  	592	8 
[2, 10, 4, 3, 0]  	592	7 
[2, 8, 11, 0, 0]  	593	7 
[2, 3, 3, 6, 0]  	594	9 
[3, 1, 4, 6, 0]  	595	10 
[2, 1, 10, 3, 0]  	595	9 
[9, 3, 12, 0, 0]  	597	11 
[14, 2, 11, 0, 0]  	599	12 
[15, 0, 12, 0, 0]  	600	11 
[2, 1, 14, 1, 0]  	603	6 
[2, 7, 12, 0, 0]  	605	7 
[1, 6, 13, 0, 0]  	605	6 
[1, 5, 8, 3, 0]  	605	6 
[2, 2, 4, 6, 0]  	606	8 
[1, 3, 15, 0, 0]  	606	9 
[4, 10, 0, 5, 0]  	608	9 
[11, 2, 1, 6, 0]  	609	12 
[1, 3, 0, 8, 0]  	609	6 
[14, 1, 12, 0, 0]  	611	13 
[2, 0, 15, 1, 0]  	615	6 
[1, 11, 10, 0, 0]  	615	6 
[1, 9, 0, 6, 0]  	615	5 
[1, 19, 1, 2, 0]  	616	5 
[1, 8, 12, 0, 0]  	616	5 
[1, 6, 2, 6, 0]  	616	5 
[1, 16, 3, 2, 0]  	617	6 
[1, 5, 14, 0, 0]  	617	6 
[1, 4, 9, 3, 0]  	617	5 
[2, 1, 5, 6, 0]  	618	10 
[1, 12, 0, 5, 0]  	618	7 
[2, 23, 0, 1, 0]  	619	8 
[11, 1, 2, 6, 0]  	621	12 
[1, 2, 1, 8, 0]  	621	6 
[2, 26, 0, 0, 0]  	622	9 
[14, 0, 13, 0, 0]  	623	12 
[1, 4, 13, 1, 0]  	625	6 
[1, 2, 3, 7, 0]  	625	6 
[1, 21, 0, 2, 0]  	627	4 
[1, 10, 11, 0, 0]  	627	4 
[1, 8, 1, 6, 0]  	627	4 
[0, 20, 1, 2, 0]  	627	4 
[1, 5, 3, 6, 0]  	628	4 
[0, 17, 3, 2, 0]  	628	4 
[1, 3, 10, 3, 0]  	629	7 
[0, 13, 0, 5, 0]  	629	5 
[1, 24, 0, 1, 0]  	630	8 
[9, 1, 3, 6, 0]  	632	12 
[11, 2, 13, 0, 0]  	633	11 
[1, 27, 0, 0, 0]  	633	7 
[1, 3, 12, 2, 0]  	633	6 
[1, 1, 2, 8, 0]  	633	6 
[13, 1, 13, 0, 0]  	634	14 
[1, 6, 12, 1, 0]  	636	6 
[1, 4, 2, 7, 0]  	636	6 
[1, 3, 14, 1, 0]  	637	5 
[1, 1, 4, 7, 0]  	637	5 
[2, 0, 10, 4, 0]  	638	6 
[1, 0, 16, 1, 0]  	638	5 
[0, 19, 2, 2, 0]  	639	3 
[0, 8, 13, 0, 0]  	639	3 
[1, 4, 4, 6, 0]  	640	3 
[0, 16, 4, 2, 0]  	640	5 
[1, 2, 11, 3, 0]  	641	7 
[0, 25, 0, 1, 0]  	641	5 
[2, 11, 1, 5, 0]  	642	8 
[2, 0, 12, 3, 0]  	642	7 
[1, 23, 1, 1, 0]  	642	7 
[3, 9, 2, 5, 0]  	643	6 
[2, 21, 2, 1, 0]  	643	6 
[1, 0, 3, 8, 0]  	645	6 
[13, 0, 14, 0, 0]  	646	10 
[3, 25, 1, 0, 0]  	646	9 
[2, 0, 14, 2, 0]  	646	7 
[3, 22, 3, 0, 0]  	647	7 
[1, 8, 11, 1, 0]  	647	6 
[1, 6, 1, 7, 0]  	647	6 
[1, 4, 8, 4, 0]  	648	5 
[0, 16, 8, 0, 0]  	648	5 
[1, 2, 15, 1, 0]  	649	6 
[1, 0, 5, 7, 0]  	649	6 
[0, 7, 14, 0, 0]  	651	2 
[0, 6, 9, 3, 0]  	651	2 
[1, 2, 0, 9, 0]  	652	3 
[1, 2, 17, 0, 0]  	653	6 
[1, 1, 12, 3, 0]  	653	5 
[0, 24, 1, 1, 0]  	653	5 
[2, 10, 2, 5, 0]  	654	7 
[1, 22, 2, 1, 0]  	654	6 
[3, 8, 3, 5, 0]  	655	7 
[2, 20, 3, 1, 0]  	655	6 
[10, 2, 14, 0, 0]  	656	11 
[12, 1, 14, 0, 0]  	657	14 
[3, 24, 2, 0, 0]  	658	6 
[1, 10, 10, 1, 0]  	658	6 
[1, 8, 0, 7, 0]  	658	6 
[0, 23, 0, 2, 0]  	661	5 
[0, 6, 15, 0, 0]  	663	1 
[0, 5, 10, 3, 0]  	663	1 
[0, 4, 5, 6, 0]  	663	1 
[0, 3, 0, 9, 0]  	663	1 
[1, 2, 6, 6, 0]  	664	3 
[1, 1, 1, 9, 0]  	664	5 
[0, 14, 6, 2, 0]  	664	4 
[1, 11, 2, 5, 0]  	665	6 
[1, 0, 13, 3, 0]  	665	5 
[2, 9, 3, 5, 0]  	666	5 
[1, 21, 3, 1, 0]  	666	4 
[1, 9, 9, 2, 0]  	666	4 
[0, 17, 6, 1, 0]  	667	5 
[11, 0, 4, 6, 0]  	668	11 
[12, 0, 15, 0, 0]  	669	7 
[3, 1, 8, 5, 0]  	669	8 
[2, 0, 9, 5, 0]  	669	7 
[1, 2, 10, 4, 0]  	672	5 
[1, 0, 0, 10, 0]  	672	5 
[0, 14, 10, 0, 0]  	672	5 
[0, 12, 0, 6, 0]  	672	4 
[0, 5, 16, 0, 0]  	675	1 
[0, 4, 11, 3, 0]  	675	1 
[0, 3, 6, 6, 0]  	675	1 
[0, 2, 1, 9, 0]  	675	1 
[1, 1, 7, 6, 0]  	676	5 
[1, 0, 2, 9, 0]  	676	3 
[0, 12, 2, 5, 0]  	676	3 
[2, 1, 18, 0, 0]  	677	5 
[1, 11, 8, 2, 0]  	677	4 
[1, 10, 3, 5, 0]  	677	5 
[1, 7, 5, 5, 0]  	678	5 
[0, 19, 5, 1, 0]  	678	5 
[9, 2, 15, 0, 0]  	679	7 
[1, 4, 7, 5, 0]  	679	5 
[0, 16, 7, 1, 0]  	679	5 
[0, 19, 7, 0, 0]  	682	5 
[0, 4, 15, 1, 0]  	683	3 
[0, 4, 17, 0, 0]  	687	1 
[0, 3, 12, 3, 0]  	687	1 
[0, 2, 7, 6, 0]  	687	1 
[0, 1, 2, 9, 0]  	687	1 
[1, 0, 8, 6, 0]  	688	3 
[0, 11, 3, 5, 0]  	688	3 
[1, 9, 4, 5, 0]  	689	3 
[0, 21, 4, 1, 0]  	689	3 
[0, 9, 10, 2, 0]  	689	3 
[0, 30, 0, 0, 0]  	690	5  <--- 2
[10, 0, 5, 6, 0]  	691	9 
[11, 0, 16, 0, 0]  	692	10 
[0, 6, 14, 1, 0]  	694	3 
[0, 3, 16, 1, 0]  	695	3 
[0, 12, 12, 0, 0]  	696	4 
[0, 3, 18, 0, 0]  	699	1 
[0, 2, 13, 3, 0]  	699	1 
[0, 1, 8, 6, 0]  	699	1 
[0, 0, 3, 9, 0]  	699	1 
[1, 1, 19, 0, 0]  	700	3 
[0, 23, 3, 1, 0]  	700	3 
[0, 11, 9, 2, 0]  	700	3 
[0, 8, 11, 2, 0]  	701	3 
[7, 1, 17, 0, 0]  	702	7 
[10, 1, 16, 0, 0]  	703	7 
[1, 2, 9, 5, 0]  	703	6 
[0, 4, 10, 4, 0]  	706	3 
[0, 2, 17, 1, 0]  	707	3 
[0, 13, 8, 2, 0]  	711	1 
[0, 2, 19, 0, 0]  	711	1 
[0, 1, 14, 3, 0]  	711	1 
[0, 0, 9, 6, 0]  	711	1 
[0, 9, 5, 5, 0]  	712	2 
[0, 7, 12, 2, 0]  	713	3 
[10, 0, 17, 0, 0]  	715	8 
[1, 26, 3, 0, 0]  	715	6 
[0, 2, 6, 7, 0]  	718	2 
[0, 11, 2, 6, 0]  	719	3 
[0, 1, 20, 0, 0]  	723	1 
[0, 0, 15, 3, 0]  	723	1 
[0, 6, 13, 2, 0]  	725	3 
[0, 2, 12, 4, 0]  	730	3 
[0, 9, 0, 8, 0]  	735	1 
[0, 0, 21, 0, 0]  	735	1  <--- 3
[0, 19, 1, 4, 0]  	736	2 
[0, 7, 7, 5, 0]  	736	2 
[0, 5, 14, 2, 0]  	737	3 
[9, 0, 18, 0, 0]  	738	6 
[0, 26, 4, 0, 0]  	738	5 
[0, 1, 13, 4, 0]  	742	2 
[0, 21, 0, 4, 0]  	747	1 
[0, 8, 1, 8, 0]  	747	1 
[0, 6, 8, 5, 0]  	748	2 
[9, 0, 7, 6, 0]  	749	5 
[0, 28, 3, 0, 0]  	749	4 
[0, 1, 19, 1, 0]  	754	2 
[0, 7, 2, 8, 0]  	759	1 
[0, 5, 9, 5, 0]  	760	2 
[8, 0, 19, 0, 0]  	761	6 
[1, 0, 12, 5, 0]  	762	5 
[0, 6, 3, 8, 0]  	771	1 
[0, 5, 4, 8, 0]  	783	1 
[7, 0, 20, 0, 0]  	784	4 
[0, 0, 0, 12, 0]  	792	1  <--- 4
[12, 0, 0, 1, 1]  	210	6 
[8, 2, 4, 1, 1]  	348	7 
[3, 14, 0, 0, 1]  	358	6 
[10, 11, 0, 0, 1]  	373	13 
[5, 13, 1, 0, 1]  	394	8 
[11, 0, 0, 4, 1]  	396	16 
[10, 0, 6, 1, 1]  	396	15 
[9, 1, 4, 2, 1]  	403	8 
[6, 1, 7, 1, 1]  	406	10 
[4, 13, 2, 0, 1]  	417	7 
[7, 0, 6, 2, 1]  	426	8 
[10, 0, 5, 2, 1]  	427	5 
[4, 4, 1, 4, 1]  	439	11 
[3, 13, 3, 0, 1]  	440	7 
[8, 0, 8, 1, 1]  	442	13 
[13, 8, 3, 0, 1]  	445	14 
[6, 0, 7, 2, 1]  	449	8 
[4, 6, 0, 4, 1]  	450	10 
[2, 14, 3, 0, 1]  	451	6 
[5, 1, 7, 2, 1]  	460	7 
[4, 12, 2, 1, 1]  	460	7 
[3, 7, 0, 4, 1]  	461	9 
[3, 13, 2, 1, 1]  	471	6 
[3, 10, 4, 1, 1]  	472	7 
[3, 6, 1, 4, 1]  	473	9 
[4, 5, 9, 0, 1]  	478	14 
[3, 12, 3, 1, 1]  	483	7 
[3, 0, 9, 2, 1]  	483	6 
[5, 11, 5, 0, 1]  	488	11 
[11, 5, 7, 0, 1]  	492	18 
[18, 3, 6, 0, 1]  	495	15 
[2, 9, 0, 4, 1]  	495	6 
[3, 4, 3, 4, 1]  	497	9 
[8, 4, 9, 0, 1]  	503	15 
[2, 8, 1, 4, 1]  	507	6 
[2, 18, 2, 0, 1]  	508	7 
[2, 5, 3, 4, 1]  	508	7 
[6, 2, 0, 6, 1]  	514	15 
[2, 7, 2, 4, 1]  	519	6 
[3, 4, 0, 6, 1]  	524	12 
[4, 2, 1, 6, 1]  	525	12 
[6, 3, 11, 0, 1]  	526	14 
[9, 3, 10, 0, 1]  	527	14 
[7, 2, 4, 4, 1]  	534	12 
[3, 8, 9, 0, 1]  	535	10 
[3, 7, 4, 3, 1]  	535	11 
[3, 3, 1, 6, 1]  	536	12 
[1, 4, 5, 4, 1]  	543	6 
[9, 0, 5, 4, 1]  	547	13 
[5, 3, 12, 0, 1]  	549	13 
[1, 12, 0, 4, 1]  	552	6 
[16, 2, 9, 0, 1]  	553	13 
[1, 3, 6, 4, 1]  	555	6 
[2, 8, 10, 0, 1]  	558	9 
[2, 5, 12, 0, 1]  	559	10 
[3, 3, 13, 0, 1]  	560	11 
[1, 15, 4, 1, 1]  	563	6 
[2, 1, 11, 2, 1]  	564	7 
[16, 1, 10, 0, 1]  	565	15 
[1, 2, 7, 4, 1]  	567	6 
[5, 0, 7, 4, 1]  	569	11 
[2, 7, 11, 0, 1]  	570	9 
[2, 15, 2, 2, 1]  	571	10 
[1, 17, 3, 1, 1]  	574	7 
[15, 2, 10, 0, 1]  	576	15 
[1, 1, 8, 4, 1]  	579	6 
[4, 1, 7, 4, 1]  	580	10 
[2, 12, 8, 0, 1]  	580	7 
[2, 4, 2, 6, 1]  	582	9 
[5, 1, 3, 6, 1]  	584	11 
[1, 10, 10, 0, 1]  	592	7 
[1, 18, 1, 2, 1]  	593	7 
[1, 7, 12, 0, 1]  	593	7 
[1, 15, 3, 2, 1]  	594	8 
[1, 2, 6, 5, 1]  	598	7 
[1, 1, 1, 8, 1]  	598	6 
[2, 12, 3, 3, 1]  	603	7 
[2, 0, 9, 4, 1]  	603	6 
[1, 12, 9, 0, 1]  	603	6 
[1, 9, 11, 0, 1]  	604	7 
[1, 14, 4, 2, 1]  	606	8 
[10, 1, 2, 6, 1]  	609	10 
[1, 2, 12, 2, 1]  	610	7 
[1, 7, 7, 3, 1]  	616	5 
[0, 15, 4, 2, 1]  	617	5 
[10, 2, 13, 0, 1]  	621	10 
[13, 2, 12, 0, 1]  	622	14 
[1, 1, 0, 9, 1]  	629	5 
[0, 14, 5, 2, 1]  	629	5 
[2, 2, 16, 0, 1]  	630	8 
[1, 11, 1, 5, 1]  	630	7 
[1, 14, 3, 3, 1]  	637	6 
[0, 14, 9, 0, 1]  	637	5 
[0, 5, 15, 0, 1]  	640	4 
[1, 0, 1, 9, 1]  	641	5 
[1, 8, 9, 2, 1]  	643	5 
[1, 7, 4, 5, 1]  	643	5 
[9, 2, 14, 0, 1]  	644	8 
[1, 3, 5, 6, 1]  	652	5 
[7, 0, 5, 6, 1]  	655	6 
[10, 0, 4, 6, 1]  	656	7 
[0, 14, 4, 3, 1]  	660	5 
[1, 0, 11, 4, 1]  	661	5 
[1, 12, 7, 2, 1]  	665	5 
[4, 1, 17, 0, 1]  	666	7 
[0, 20, 4, 1, 1]  	666	4 
[8, 2, 15, 0, 1]  	667	7 
[6, 0, 17, 0, 1]  	667	7 
[9, 0, 16, 0, 1]  	668	7 
[1, 24, 3, 0, 1]  	669	7 
[1, 11, 4, 4, 1]  	669	6 
[0, 16, 3, 3, 1]  	671	4 
[0, 2, 18, 0, 1]  	676	3 
[6, 0, 6, 6, 1]  	678	6 
[8, 1, 16, 0, 1]  	679	7 
[11, 1, 15, 0, 1]  	680	11 
[0, 13, 11, 0, 1]  	684	5 
[0, 12, 8, 2, 1]  	688	3 
[5, 0, 18, 0, 1]  	690	6 
[1, 0, 10, 5, 1]  	692	6 
[0, 19, 0, 4, 1]  	701	3 
[0, 26, 3, 0, 1]  	703	6 
[4, 0, 19, 0, 1]  	713	5 
[0, 15, 3, 4, 1]  	714	4 
[2, 0, 20, 0, 1]  	724	3 
[0, 29, 2, 0, 1]  	737	4 
[0, 25, 5, 0, 1]  	750	6 
[3, 3, 3, 1, 2]  	276	5 
[9, 1, 4, 1, 2]  	337	10 
[7, 12, 0, 0, 2]  	360	10 
[10, 0, 5, 1, 2]  	361	10 
[7, 1, 6, 1, 2]  	383	10 
[9, 0, 6, 1, 2]  	384	14 
[9, 2, 3, 2, 2]  	391	4 
[8, 0, 7, 1, 2]  	407	13 
[8, 11, 2, 0, 2]  	419	14 
[7, 0, 8, 1, 2]  	430	12 
[6, 1, 6, 2, 2]  	437	7 
[4, 13, 1, 1, 2]  	448	6 
[4, 1, 9, 1, 2]  	452	8 
[15, 9, 2, 0, 2]  	457	15 
[3, 4, 2, 4, 2]  	462	10 
[4, 1, 8, 2, 2]  	483	6 
[2, 8, 6, 1, 2]  	484	7 
[2, 17, 2, 0, 2]  	485	8 
[1, 13, 5, 0, 2]  	486	6 
[14, 5, 6, 0, 2]  	493	15 
[11, 4, 8, 0, 2]  	504	16 
[10, 0, 0, 6, 2]  	516	12 
[1, 4, 10, 1, 2]  	520	7 
[4, 12, 0, 3, 2]  	522	8 
[8, 1, 4, 4, 2]  	523	13 
[8, 0, 1, 6, 2]  	527	11 
[16, 4, 7, 0, 2]  	529	16 
[2, 1, 10, 2, 2]  	529	6 
[1, 3, 11, 1, 2]  	532	7 
[2, 7, 10, 0, 2]  	535	10 
[7, 1, 1, 6, 2]  	538	13 
[2, 0, 11, 2, 2]  	541	6 
[1, 2, 12, 1, 2]  	544	7 
[6, 0, 6, 4, 2]  	546	11 
[2, 6, 11, 0, 2]  	547	10 
[2, 1, 7, 4, 2]  	556	8 
[6, 1, 2, 6, 2]  	561	12 
[1, 3, 10, 2, 2]  	563	6 
[4, 1, 3, 6, 2]  	572	12 
[6, 2, 13, 0, 2]  	573	11 
[1, 2, 11, 2, 2]  	575	6 
[2, 24, 0, 0, 2]  	576	7 
[3, 12, 2, 3, 2]  	580	8 
[7, 0, 3, 6, 2]  	585	10 
[1, 25, 0, 0, 2]  	587	6 
[5, 2, 14, 0, 2]  	596	12 
[7, 1, 14, 0, 2]  	597	9 
[1, 20, 0, 2, 2]  	604	6 
[1, 2, 10, 3, 2]  	606	7 
[6, 0, 4, 6, 2]  	608	11 
[4, 2, 15, 0, 2]  	619	10 
[6, 1, 15, 0, 2]  	620	8 
[5, 0, 16, 0, 2]  	620	10 
[0, 27, 0, 0, 2]  	621	6 
[1, 12, 6, 2, 2]  	630	7 
[5, 0, 5, 6, 2]  	631	9 
[2, 22, 1, 1, 2]  	631	7 
[1, 21, 2, 1, 2]  	631	6 
[0, 26, 1, 0, 2]  	633	6 
[0, 4, 10, 3, 2]  	640	3 
[1, 1, 6, 6, 2]  	641	6 
[0, 13, 6, 2, 2]  	641	5 
[4, 0, 17, 0, 2]  	643	7 
[0, 3, 11, 3, 2]  	652	3 
[4, 0, 6, 6, 2]  	654	7 
[1, 1, 18, 0, 2]  	665	5 
[3, 0, 18, 0, 2]  	666	4 
[0, 20, 6, 0, 2]  	670	5 
[1, 17, 2, 3, 2]  	671	5 
[0, 3, 10, 4, 2]  	683	3 
[2, 0, 19, 0, 2]  	689	3 
[0, 2, 11, 4, 2]  	695	3 
[1, 0, 20, 0, 2]  	712	2 
[0, 25, 4, 0, 2]  	715	6 
[0, 8, 6, 5, 2]  	724	2 
[0, 24, 5, 0, 2]  	727	5 
[0, 11, 8, 3, 2]  	731	3 
[0, 18, 2, 4, 2]  	748	2 
[9, 2, 3, 1, 3]  	325	7 
[5, 12, 3, 0, 3]  	441	10 
[6, 7, 6, 0, 3]  	443	15 
[3, 12, 5, 0, 3]  	487	8 
[2, 12, 0, 3, 3]  	498	6 
[8, 2, 3, 4, 3]  	511	12 
[8, 3, 10, 0, 3]  	515	16 
[4, 11, 1, 3, 3]  	534	9 
[1, 13, 1, 3, 3]  	544	7 
[4, 10, 2, 3, 3]  	546	9 
[5, 1, 2, 6, 3]  	549	11 
[1, 15, 0, 3, 3]  	555	7 
[5, 1, 6, 4, 3]  	557	12 
[3, 1, 3, 6, 3]  	560	11 
[8, 2, 12, 0, 3]  	562	12 
[1, 24, 0, 0, 3]  	564	6 
[2, 10, 9, 0, 3]  	569	8 
[6, 0, 3, 6, 3]  	573	11 
[3, 0, 8, 4, 3]  	580	9 
[1, 16, 2, 2, 3]  	582	8 
[2, 1, 4, 6, 3]  	583	9 
[4, 2, 14, 0, 3]  	584	10 
[6, 1, 14, 0, 3]  	585	11 
[2, 2, 15, 0, 3]  	595	9 
[5, 0, 4, 6, 3]  	596	10 
[4, 1, 15, 0, 3]  	596	11 
[2, 1, 16, 0, 3]  	607	8 
[1, 2, 16, 0, 3]  	618	7 
[1, 1, 11, 3, 3]  	618	7 
[4, 0, 5, 6, 3]  	619	9 
[1, 12, 4, 3, 3]  	626	6 
[1, 9, 6, 3, 3]  	627	4 
[1, 2, 5, 6, 3]  	629	6 
[3, 0, 6, 6, 3]  	642	8 
[0, 4, 16, 0, 3]  	652	3 
[0, 18, 7, 0, 3]  	659	5 
[0, 3, 17, 0, 3]  	664	4 
[0, 2, 12, 3, 3]  	664	3 
[2, 0, 7, 6, 3]  	665	6 
[0, 22, 5, 0, 3]  	681	5 
[1, 1, 15, 2, 3]  	692	6 
[0, 16, 2, 4, 3]  	702	4 
[0, 3, 5, 7, 3]  	706	2 
[0, 12, 7, 3, 3]  	719	3 
[7, 9, 4, 0, 4]  	431	14 
[4, 12, 4, 0, 4]  	464	9 
[2, 19, 1, 0, 4]  	496	7 
[2, 21, 0, 0, 4]  	507	6 
[3, 7, 9, 0, 4]  	512	11 
[4, 10, 7, 0, 4]  	523	11 
[2, 17, 0, 2, 4]  	547	11 
[3, 2, 2, 6, 4]  	548	11 
[2, 4, 3, 5, 4]  	551	8 
[5, 2, 13, 0, 4]  	561	12 
[3, 2, 14, 0, 4]  	572	11 
[1, 19, 0, 2, 4]  	581	8 
[1, 6, 9, 2, 4]  	597	6 
[1, 8, 6, 3, 4]  	604	6 
[1, 1, 5, 6, 4]  	606	7 
[3, 0, 5, 6, 4]  	607	9 
[4, 0, 16, 0, 4]  	608	8 
[1, 10, 5, 3, 4]  	615	5 
[1, 3, 4, 6, 4]  	617	5 
[2, 0, 6, 6, 4]  	630	8 
[3, 0, 17, 0, 4]  	631	8 
[1, 0, 7, 6, 4]  	653	5 
[1, 10, 8, 2, 4]  	654	5 
[0, 18, 1, 4, 4]  	713	3 
[0, 10, 4, 6, 4]  	766	2 
[2, 14, 0, 0, 5]  	346	6 
[1, 14, 4, 0, 5]  	474	6 
[4, 9, 7, 0, 5]  	500	11 
[2, 12, 4, 1, 5]  	506	6 
[4, 9, 2, 3, 5]  	523	10 
[1, 14, 0, 3, 5]  	532	7 
[4, 3, 12, 0, 5]  	537	12 
[7, 2, 12, 0, 5]  	550	12 
[2, 2, 3, 6, 5]  	571	9 
[4, 0, 4, 6, 5]  	584	10 
[1, 1, 7, 5, 5]  	610	7 
[1, 11, 7, 2, 5]  	642	6 
[2, 0, 18, 0, 5]  	654	6 
[0, 18, 5, 1, 5]  	655	5 
[0, 13, 5, 3, 5]  	672	4 
[1, 0, 19, 0, 5]  	677	4 
[0, 15, 8, 1, 5]  	691	5 
[4, 11, 0, 3, 6]  	499	9 
[1, 13, 0, 3, 6]  	509	6 
[1, 18, 3, 0, 6]  	531	6 
[1, 12, 3, 3, 6]  	591	6 
[1, 4, 14, 0, 6]  	594	8 
[0, 13, 10, 0, 6]  	649	5 
[1, 1, 14, 2, 6]  	657	6 
[0, 3, 15, 1, 6]  	660	4 
[0, 1, 7, 7, 6]  	730	2 
[0, 18, 0, 4, 7]  	678	4 
[0, 18, 2, 3, 7]  	682	4 
[0, 17, 1, 4, 7]  	690	4 
[1, 3, 5, 5, 8]  	586	7 
[1, 3, 9, 3, 8]  	594	7 
[0, 12, 6, 3, 8]  	684	4 
[2, 0, 5, 6, 9]  	595	9 
[2, 0, 17, 0, 9]  	619	7 
[3, 11, 2, 3, 10]  	557	8 
[1, 1, 15, 1, 11]  	626	6 
[1, 0, 10, 4, 243]  	626	5 
[3, 0, 13, 1, 245]  	557	8 
[2, 7, 1, 5, 247]  	550	6 
[2, 7, 6, 2, 248]  	527	5 
[2, 6, 7, 2, 248]  	539	5 
[1, 2, 0, 8, 248]  	586	6 
[0, 11, 0, 6, 248]  	649	1 
[1, 9, 3, 5, 248]  	654	4 
[0, 6, 11, 2, 248]  	655	3 
[1, 0, 9, 5, 248]  	657	4 
[0, 7, 13, 1, 248]  	682	3 
[2, 7, 1, 4, 249]  	484	6 
[2, 6, 6, 2, 249]  	504	5 
[3, 9, 8, 0, 249]  	523	10 
[1, 5, 4, 5, 249]  	597	3 
[1, 7, 3, 5, 249]  	608	4 
[1, 5, 1, 7, 249]  	624	5 
[0, 2, 10, 4, 249]  	660	3 
[0, 0, 2, 9, 249]  	664	1 
[0, 14, 3, 4, 249]  	691	4 
[2, 5, 6, 1, 250]  	415	5 
[2, 4, 7, 1, 250]  	427	5 
[2, 3, 8, 1, 250]  	439	5 
[2, 7, 5, 2, 250]  	492	7 
[4, 0, 11, 1, 250]  	499	8 
[1, 2, 10, 2, 250]  	540	4 
[2, 9, 4, 3, 250]  	569	8 
[2, 0, 10, 3, 250]  	572	5 
[1, 6, 3, 5, 250]  	585	3 
[1, 5, 0, 7, 250]  	589	5 
[1, 0, 9, 4, 250]  	591	3 
[1, 2, 4, 6, 250]  	594	6 
[1, 3, 2, 7, 250]  	613	3 
[1, 9, 2, 5, 250]  	619	3 
[2, 2, 6, 1, 251]  	346	5 
[6, 8, 5, 0, 251]  	431	12 
[1, 3, 10, 1, 251]  	497	5 
[2, 0, 10, 2, 251]  	506	4 
[1, 2, 0, 7, 251]  	520	5 
[1, 15, 3, 1, 251]  	528	4 
[1, 5, 4, 4, 251]  	531	3 
[1, 2, 6, 4, 251]  	532	6 
[3, 11, 7, 0, 251]  	534	9 
[2, 6, 5, 3, 251]  	535	9 
[1, 0, 2, 7, 251]  	544	2 
[2, 6, 0, 6, 251]  	558	9 
[2, 6, 2, 5, 251]  	562	5 
[1, 14, 3, 2, 251]  	571	4 
[1, 7, 2, 5, 251]  	573	3 
[1, 8, 9, 1, 251]  	577	6 
[1, 12, 5, 2, 251]  	595	8 
[1, 9, 8, 2, 251]  	631	2 
[0, 22, 2, 1, 251]  	642	2 
[0, 21, 3, 1, 251]  	654	3 
[0, 6, 13, 1, 251]  	659	3 
[0, 2, 16, 1, 251]  	672	2 
[0, 6, 7, 5, 251]  	713	2 
[2, 2, 5, 1, 252]  	311	5 
[7, 10, 3, 0, 252]  	419	10 
[5, 6, 7, 0, 252]  	443	11 
[4, 0, 10, 1, 252]  	464	7 
[1, 2, 10, 1, 252]  	474	3 
[1, 7, 2, 4, 252]  	507	3 
[1, 4, 8, 2, 252]  	516	2 
[1, 6, 3, 4, 252]  	519	3 
[1, 6, 9, 1, 252]  	531	6 
[0, 21, 0, 1, 252]  	549	3 
[1, 0, 1, 8, 252]  	575	5 
[1, 6, 1, 6, 252]  	581	3 
[1, 19, 2, 1, 252]  	585	3 
[0, 14, 4, 2, 252]  	594	5 
[0, 5, 10, 2, 252]  	597	1 
[1, 4, 3, 6, 252]  	605	5 
[0, 12, 0, 5, 252]  	606	2 
[0, 4, 11, 2, 252]  	609	1 
[1, 10, 7, 2, 252]  	619	5 
[0, 2, 0, 9, 252]  	640	1 
[0, 19, 4, 1, 252]  	643	2 
[0, 4, 14, 1, 252]  	648	2 
[0, 2, 6, 6, 252]  	652	1 
[0, 11, 2, 5, 252]  	653	1 
[0, 24, 4, 0, 252]  	692	5 
[0, 4, 8, 5, 252]  	702	2 
[0, 7, 1, 8, 252]  	724	1 
[0, 0, 20, 1, 252]  	766	1 
[8, 0, 6, 1, 253]  	372	11 
[9, 10, 1, 0, 253]  	373	8 
[6, 11, 3, 0, 253]  	430	5 
[5, 0, 9, 1, 253]  	441	5 
[3, 0, 10, 1, 253]  	452	4 
[13, 7, 4, 0, 253]  	457	11 
[1, 0, 0, 7, 253]  	474	2 
[2, 6, 2, 4, 253]  	496	5 
[3, 8, 8, 0, 253]  	500	10 
[1, 14, 3, 1, 253]  	505	2 
[2, 0, 12, 1, 253]  	510	2 
[2, 6, 10, 0, 253]  	512	9 
[1, 1, 12, 1, 253]  	521	3 
[4, 0, 8, 3, 253]  	526	7 
[0, 14, 4, 1, 253]  	528	2 
[0, 2, 12, 1, 253]  	532	1 
[2, 12, 3, 2, 253]  	537	3 
[1, 20, 0, 1, 253]  	538	6 
[0, 19, 1, 1, 253]  	538	1 
[2, 9, 9, 0, 253]  	546	9 
[2, 3, 13, 0, 253]  	548	6 
[1, 9, 0, 5, 253]  	549	1 
[7, 0, 2, 6, 253]  	550	9 
[2, 11, 8, 0, 253]  	557	6 
[1, 8, 1, 5, 253]  	561	4 
[1, 18, 2, 1, 253]  	562	5 
[1, 0, 14, 1, 253]  	568	2 
[1, 8, 7, 2, 253]  	573	5 
[0, 1, 14, 1, 253]  	579	1 
[1, 5, 13, 0, 253]  	582	6 
[0, 11, 0, 5, 253]  	583	1 
[0, 18, 3, 1, 253]  	585	1 
[0, 0, 15, 1, 253]  	591	1 
[0, 0, 0, 9, 253]  	594	1 
[0, 25, 1, 0, 253]  	610	4 
[0, 15, 8, 0, 253]  	625	2 
[0, 9, 12, 0, 253]  	627	1 
[0, 4, 7, 5, 253]  	667	2 
[0, 10, 9, 2, 253]  	677	2 
[0, 5, 3, 8, 253]  	748	1 
[2, 2, 4, 1, 254]  	276	4 
[6, 11, 0, 0, 254]  	325	4 
[6, 10, 1, 0, 254]  	337	4 
[7, 0, 6, 1, 254]  	360	6 
[11, 6, 5, 0, 254]  	445	7 
[1, 4, 8, 1, 254]  	450	2 
[1, 15, 3, 0, 254]  	462	3 
[1, 7, 1, 4, 254]  	472	2 
[4, 11, 5, 0, 254]  	476	5 
[3, 4, 10, 0, 254]  	478	11 
[1, 9, 0, 4, 254]  	483	2 
[2, 4, 3, 4, 254]  	485	5 
[0, 0, 12, 1, 254]  	486	1 
[3, 4, 1, 5, 254]  	493	3 
[2, 1, 11, 1, 254]  	498	4 
[3, 6, 0, 5, 254]  	504	2 
[0, 4, 10, 1, 254]  	508	1 
[4, 10, 1, 3, 254]  	511	5 
[4, 1, 7, 3, 254]  	514	6 
[7, 0, 1, 6, 254]  	515	9 
[2, 11, 7, 0, 254]  	522	3 
[2, 8, 9, 0, 254]  	523	9 
[2, 6, 1, 5, 254]  	527	4 
[15, 3, 8, 0, 254]  	529	11 
[4, 1, 2, 6, 254]  	537	9 
[1, 4, 3, 5, 254]  	539	3 
[2, 4, 1, 6, 254]  	547	4 
[0, 12, 8, 0, 254]  	556	2 
[2, 3, 2, 6, 254]  	559	7 
[0, 17, 3, 1, 254]  	562	1 
[1, 7, 0, 6, 254]  	569	2 
[0, 25, 0, 0, 254]  	575	3 
[2, 11, 3, 3, 254]  	580	7 
[1, 11, 9, 0, 254]  	580	2 
[0, 6, 9, 2, 254]  	585	2 
[0, 2, 10, 3, 254]  	594	2 
[0, 4, 5, 5, 254]  	597	1 
[0, 17, 6, 0, 254]  	601	3 
[0, 11, 10, 0, 254]  	603	1 
[0, 8, 12, 0, 254]  	604	1 
[1, 11, 6, 2, 254]  	607	5 
[0, 16, 7, 0, 254]  	613	3 
[0, 10, 11, 0, 254]  	615	1 
[0, 4, 0, 8, 254]  	620	1 
[1, 1, 17, 0, 254]  	630	6 
[0, 24, 3, 0, 254]  	657	2 
[0, 5, 9, 4, 254]  	694	2 
[0, 0, 8, 7, 254]  	742	1 
[6, 6, 0, 0, 255]  	210	4 
[7, 0, 5, 1, 255]  	325	6 
[1, 0, 8, 1, 255]  	358	1 
[0, 17, 0, 0, 255]  	391	1 
[5, 7, 5, 0, 255]  	396	5 
[0, 16, 1, 0, 255]  	403	1 
[5, 6, 6, 0, 255]  	408	4 
[0, 0, 10, 1, 255]  	416	1 
[5, 5, 7, 0, 255]  	420	6 
[1, 15, 2, 0, 255]  	427	3 
[4, 5, 2, 3, 255]  	431	7 
[5, 0, 7, 2, 255]  	437	3 
[3, 6, 0, 4, 255]  	438	7 
[1, 14, 3, 0, 255]  	439	2 
[4, 5, 8, 0, 255]  	443	6 
[4, 10, 1, 2, 255]  	445	2 
[4, 1, 7, 2, 255]  	448	3 
[3, 3, 10, 0, 255]  	455	4 
[4, 9, 2, 2, 255]  	457	2 
[1, 5, 0, 5, 255]  	457	1 
[0, 14, 4, 0, 255]  	462	2 
[3, 5, 9, 0, 255]  	466	11 
[1, 4, 1, 5, 255]  	469	1 
[4, 9, 1, 3, 255]  	488	2 
[17, 2, 7, 0, 255]  	495	8 
[1, 5, 3, 4, 255]  	496	2 
[1, 4, 0, 6, 255]  	500	1 
[3, 3, 0, 6, 255]  	501	5 
[0, 13, 6, 0, 255]  	509	2 
[6, 0, 5, 4, 255]  	511	7 
[1, 7, 10, 0, 255]  	523	3 
[2, 5, 11, 0, 255]  	524	4 
[0, 5, 8, 2, 255]  	527	2 
[0, 0, 0, 8, 255]  	528	1 
[1, 12, 7, 0, 255]  	533	3 
[2, 4, 12, 0, 255]  	536	6 
[1, 10, 5, 2, 255]  	549	5 
[1, 7, 7, 2, 255]  	550	3 
[14, 0, 11, 0, 255]  	553	6 
[4, 0, 7, 4, 255]  	557	9 
[5, 0, 3, 6, 255]  	561	8 
[1, 9, 6, 2, 255]  	561	5 
[7, 1, 13, 0, 255]  	562	8 
[1, 12, 6, 1, 255]  	564	5 
[0, 1, 8, 4, 255]  	567	2 
[0, 8, 11, 0, 255]  	569	1 
[1, 6, 12, 0, 255]  	570	5 
[1, 7, 6, 3, 255]  	581	5 
[3, 1, 15, 0, 255]  	584	7 
[0, 14, 0, 4, 255]  	586	2 
[0, 2, 6, 5, 255]  	586	1 
[1, 6, 7, 3, 255]  	593	5 
[0, 3, 15, 0, 255]  	594	2 
[0, 0, 8, 5, 255]  	610	1 
[0, 6, 14, 0, 255]  	628	3 
[0, 0, 5, 7, 255]  	637	1 
------
The gap is between 12 and 242.
Lengths: 5 5 10 13 5 12.
For 692 = 3*d-d1-d2-d3-d4 you get 5 in char 0.
1 + 0*2^64 + 0*2^128 + 0*2^192*y^24*z^4
1 + 0*2^64 + 0*2^128 + 0*2^192*y^12*z^10*w^1
1 + 0*2^64 + 0*2^128 + 0*2^192*y^11*z^5*w^4
1 + 0*2^64 + 0*2^128 + 0*2^192*y^10*w^7
1 + 0*2^64 + 0*2^128 + 0*2^192*z^16*w^2

For 416 = 2*d-d1-d2-d3-d4 you get 10 in char 0.
1 + 0*2^64 + 0*2^128 + 0*2^192*x^5*y^4*w^4
1 + 0*2^64 + 0*2^128 + 0*2^192*x^4*y^3*z^1*w^4
1 + 0*2^64 + 0*2^128 + 0*2^192*x^3*y^2*z^2*w^4
1 + 0*2^64 + 0*2^128 + 0*2^192*x^2*y^2*z^8*w^1
1 + 0*2^64 + 0*2^128 + 0*2^192*x^2*y^1*z^3*w^4
1 + 0*2^64 + 0*2^128 + 0*2^192*x^1*y^13*z^3
1 + 0*2^64 + 0*2^128 + 0*2^192*x^1*y^1*z^9*w^1
1 + 0*2^64 + 0*2^128 + 0*2^192*x^1*z^4*w^4
1 + 0*2^64 + 0*2^128 + 0*2^192*y^12*z^4
1 + 0*2^64 + 0*2^128 + 0*2^192*z^10*w^1

For 140 = d-d1-d2-d3-d4 you get 5 in char 0.
1 + 0*2^64 + 0*2^128 + 0*2^192*x^4*y^4
1 + 0*2^64 + 0*2^128 + 0*2^192*x^3*y^3*z^1
1 + 0*2^64 + 0*2^128 + 0*2^192*x^2*y^2*z^2
1 + 0*2^64 + 0*2^128 + 0*2^192*x^1*y^1*z^3
1 + 0*2^64 + 0*2^128 + 0*2^192*z^4

Extra powers of p used 11.
The invariant extra is equal to 33.
Start computing 2^4 Delta^1 (x1x2x3x4)^1... Done.
Start computing 2^5 Delta^2 (x1x2x3x4)^1... Done.
Start computing 2^6 Delta^3 (x1x2x3x4)^1... Done.
Start computing 2^7 Delta^4 (x1x2x3x4)^1... Done.
Start computing 2^8 Delta^5 (x1x2x3x4)^1... Done.
Start computing 2^9 Delta^6 (x1x2x3x4)^1... Done.
Start computing 2^10 Delta^7 (x1x2x3x4)^1... Done.
Start computing 2^11 Delta^8 (x1x2x3x4)^1... Done.
Start computing 2^12 Delta^9 (x1x2x3x4)^1... Done.
Start computing 2^13 Delta^10 (x1x2x3x4)^1... Done.
Start computing 2^14 Delta^11 (x1x2x3x4)^1... Done.
Start computing 2^15 Delta^12 (x1x2x3x4)^1... Done.
Start computing 2^16 Delta^13 (x1x2x3x4)^1... Done.
Start computing 2^17 Delta^14 (x1x2x3x4)^1... Done.
Start computing 2^18 Delta^15 (x1x2x3x4)^1... Done.
Start computing 2^19 Delta^16 (x1x2x3x4)^1... Done.
Start computing 2^20 Delta^17 (x1x2x3x4)^1... Done.
Start computing 2^21 Delta^18 (x1x2x3x4)^1... Done.
Start computing 2^22 Delta^19 (x1x2x3x4)^1... Done.
Start computing 2^23 Delta^20 (x1x2x3x4)^1... Done.
Start computing 2^24 Delta^21 (x1x2x3x4)^1... Done.
Start computing 2^25 Delta^22 (x1x2x3x4)^1... Done.
Start computing 2^26 Delta^23 (x1x2x3x4)^1... Done.
Start computing 2^27 Delta^24 (x1x2x3x4)^1... Done.
Start computing 2^28 Delta^25 (x1x2x3x4)^1... Done.
Start computing 2^29 Delta^26 (x1x2x3x4)^1... Done.
Start computing 2^30 Delta^27 (x1x2x3x4)^1... Done.
Start computing 2^31 Delta^28 (x1x2x3x4)^1... Done.
Start computing 2^32 Delta^29 (x1x2x3x4)^1... Done.
Start computing 2^33 Delta^30 (x1x2x3x4)^1... Done.
Start computing 2^34 Delta^31 (x1x2x3x4)^1... Done.
Start computing 2^35 Delta^32 (x1x2x3x4)^1... Done.
Start computing 2^36 Delta^33 (x1x2x3x4)^1... Done.
Start computing 2^37 Delta^34 (x1x2x3x4)^1... Done.
Start computing 2^38 Delta^35 (x1x2x3x4)^1... Done.
Start computing aa.
1 2 3 4 5 6 7 8 9 10 11 12 13 14 15 16 17 18 19 20 
*/
A = \
[6361147915158190336 + 13195058574084954061*2^64 + 6568429218018718435*2^128 + 1097253788840*2^192,11928199335590276608 + 14978996923879648625*2^64 + 9099903503292789804*2^128 + 764677077598*2^192,16522867124468739712 + 13952764754944903132*2^64 + 14832227742114933654*2^128 + 879461998148*2^192,3648507056127830784 + 14293857406268819507*2^64 + 18006435877646237058*2^128 + 1744546891191*2^192,9776052345479730176 + 14643285382927460532*2^64 + 9675821446596203703*2^128 + 492602655716*2^192,7976720695074899968 + 13902402950103353522*2^64 + 5426054519724091813*2^128 + 926998463009*2^192,2478569220658498560 + 14535932491381819186*2^64 + 4303364367710228482*2^128 + 358630340215*2^192,5936957810159906816 + 10727366754203662128*2^64 + 16291563506711926485*2^128 + 1616527105682*2^192,16727442234037313536 + 16645850823041817397*2^64 + 5742664232604665635*2^128 + 401821039402*2^192,10793798410987173888 + 15253757431117418112*2^64 + 18191773762176840148*2^128 + 2048182104792*2^192,2108594448613210112 + 4066282220604003700*2^64 + 3975262625980493271*2^128 + 719463069997*2^192,6496208685052403712 + 15686387501269048112*2^64 + 645457751047050294*2^128 + 1360395896315*2^192,17527584145950100480 + 3201283769040646339*2^64 + 85469819136713092*2^128 + 1659025178332*2^192,13906801257342162944 + 15372023568301144263*2^64 + 15949955625902197802*2^128 + 133582696956*2^192,7629596842464481280 + 17951649930903678742*2^64 + 9487217556683772002*2^128 + 1290785968544*2^192,15624064607107497984 + 2772464836109817043*2^64 + 9378246621323497881*2^128 + 588914853246*2^192,7546579819697430528 + 10497473802584709169*2^64 + 4595113095666260679*2^128 + 296521356698*2^192,9088324055733174272 + 1182304330931071367*2^64 + 11154121782866219167*2^128 + 1639502706656*2^192,8825027487093551104 + 9295331490652582997*2^64 + 2272946688937774245*2^128 + 104756658987*2^192,10433465292979191808 + 5680078115298639722*2^64 + 543365727873940526*2^128 + 968120335388*2^192;\
11723468950201057024 + 7575930678886616090*2^64 + 8044981379251366692*2^128 + 1994493671366*2^192,13618872780695949824 + 7322387318937157827*2^64 + 12332031996349841520*2^128 + 40370577076*2^192,9230337742444889472 + 10069747471430276621*2^64 + 6740589025785340208*2^128 + 2019144698452*2^192,1422947952026856192 + 8712456321273445042*2^64 + 1086548025623505469*2^128 + 490154528858*2^192,15092943740095532032 + 13416161514608631837*2^64 + 17252554181746432954*2^128 + 1677329440084*2^192,5629746835381368832 + 4761150584877756293*2^64 + 18263444800622713629*2^128 + 223863092932*2^192,1466138459341579264 + 11870720609086614101*2^64 + 9935973308381782199*2^128 + 1470141927583*2^192,15722607846734635008 + 12868424599410052661*2^64 + 10272972269625275866*2^128 + 853174367268*2^192,3680770934876545024 + 3707835107550885096*2^64 + 8715204548028947352*2^128 + 1635042130670*2^192,16962509359550011392 + 5260965007957616946*2^64 + 11468553893375637476*2^128 + 345895128495*2^192,493614926439393280 + 16896401752708062565*2^64 + 13121014323901142868*2^128 + 823216242103*2^192,4650414028536045568 + 2972167451047236546*2^64 + 9406178126935521048*2^128 + 363582401583*2^192,18078587415233299456 + 10421107705043022863*2^64 + 3411323189070983655*2^128 + 1577343494122*2^192,386560689969072128 + 11591495954912179139*2^64 + 2729574106436588542*2^128 + 774691263988*2^192,15419195707845472256 + 11046430819992971276*2^64 + 4887799067916571010*2^128 + 302000708344*2^192,12603468554255974400 + 16296523995898888626*2^64 + 10796498040526916682*2^128 + 1063825666756*2^192,3089580387912458240 + 12073551684363347629*2^64 + 4183643827027342689*2^128 + 1835077231844*2^192,13640951764113424384 + 1741134819211415520*2^64 + 3157824911721270192*2^128 + 271105910333*2^192,11411369951650222080 + 9859474157393386656*2^64 + 1631661568377374480*2^128 + 1917006471731*2^192,15635650129850417152 + 1871914719281796343*2^64 + 12257676037324305589*2^128 + 1531405651186*2^192;\
16228498812126374912 + 6415399269740131208*2^64 + 5286748120070863533*2^128 + 439768309949*2^192,2581546380895823872 + 1424174227292229509*2^64 + 9303998347400359142*2^128 + 1519121962244*2^192,7123759458566391296 + 15431400573540281167*2^64 + 11925878348869960884*2^128 + 122920964673*2^192,13001156463809594368 + 3185543991068490857*2^64 + 14232469472894552886*2^128 + 1234970841785*2^192,1295568399398629376 + 17002541960350739578*2^64 + 2871385716237020820*2^128 + 1797341171608*2^192,8462838703420891136 + 9371096837140497326*2^64 + 14997218397561437858*2^128 + 1877262421579*2^192,2235162934094303232 + 10533312707526538492*2^64 + 11310854258884895285*2^128 + 1879609868700*2^192,1627182633268854784 + 17629570744978725971*2^64 + 4897187830814349731*2^128 + 539569031913*2^192,6332099543769120768 + 2928464752178580244*2^64 + 11407106594031953189*2^128 + 1758998029159*2^192,11361818240838770688 + 6749294125335243963*2^64 + 10184013556980862446*2^128 + 1723619714040*2^192,3305708790468681728 + 3222742484453117919*2^64 + 16010267233487514007*2^128 + 975864073215*2^192,2200714461666181120 + 14531274910185428463*2^64 + 13361618377418773945*2^128 + 282837746482*2^192,11472256792214147072 + 1046988407179943402*2^64 + 13998018965162436603*2^128 + 883358987067*2^192,17425786237436436480 + 7066772112776951034*2^64 + 12262386176021241696*2^128 + 1818772570545*2^192,10176250480145121280 + 18060649501514480219*2^64 + 5033036490476460623*2^128 + 1023175155334*2^192,3961374434673491968 + 892258206590726208*2^64 + 15618763664291239697*2^128 + 585298637626*2^192,6267923412414398464 + 12007497725482653586*2^64 + 9703391531927342681*2^128 + 22943781706*2^192,12672383945393307648 + 12333314520443298752*2^64 + 18006704518125369436*2^128 + 357056622842*2^192,5442265874751111168 + 2124630407601004843*2^64 + 11418391735945301731*2^128 + 1101307585159*2^192,8584948050815549440 + 4138444214134381117*2^64 + 14103564828464234098*2^128 + 1876083765235*2^192;\
9113343340127020032 + 15100674822227299675*2^64 + 7660807752515189138*2^128 + 493344008071*2^192,14078166490736195584 + 16370101805718102824*2^64 + 7405457786001361304*2^128 + 2100366034753*2^192,8164839378459482624 + 1844414235879103319*2^64 + 732510232840693492*2^128 + 1951018984409*2^192,3867328935750437888 + 4987222906015159383*2^64 + 5513411095977080416*2^128 + 2134286114633*2^192,6505541768496730112 + 8179381867150543485*2^64 + 5764801569785037561*2^128 + 1617165764239*2^192,6576954039005978624 + 605398906253458780*2^64 + 1073430127546280056*2^128 + 902432556376*2^192,16294739761558302720 + 15207839194309569717*2^64 + 15771405925079522263*2^128 + 72272901671*2^192,10107582477794525184 + 704787575227453710*2^64 + 15497873187992268705*2^128 + 2002170634456*2^192,17441275346435342336 + 7204024789916338080*2^64 + 5399974197826019016*2^128 + 718987349467*2^192,10071328699016896512 + 1090201031426738228*2^64 + 10192120731055288185*2^128 + 721756583576*2^192,14189453614394499072 + 13057535817956822554*2^64 + 8383373492243550846*2^128 + 2043703085252*2^192,649773942397894656 + 8884354590809557711*2^64 + 3561508501019452808*2^128 + 683051135969*2^192,5517946357805608960 + 6304032905971335046*2^64 + 7197382467539190662*2^128 + 973276974804*2^192,17593141870770511872 + 16343370753008710214*2^64 + 3579886416589434022*2^128 + 706110649635*2^192,12327463275318558720 + 14800358739275338709*2^64 + 8656654536222722895*2^128 + 727505795228*2^192,9550696475129610240 + 9124495632105168040*2^64 + 16392761290346485957*2^128 + 1592862770650*2^192,5925916397425098752 + 13556122570193406407*2^64 + 11679726065435999702*2^128 + 348527540856*2^192,16809556318939774976 + 17684889747106364916*2^64 + 16336156438481741304*2^128 + 2031326947228*2^192,13437042602659397632 + 16527029961007926711*2^64 + 17123875054616391105*2^128 + 2165138321566*2^192,12537131912907390976 + 12804267547557821197*2^64 + 1956323425346675728*2^128 + 233396617837*2^192;\
8425867110727139648 + 10834629407986452149*2^64 + 17952653668211568992*2^128 + 1937290632163*2^192,11076829735753677184 + 6954617256128116575*2^64 + 5078665343348487970*2^128 + 2150464301094*2^192,8667660646559646752 + 12795642186000310706*2^64 + 11154385491622015904*2^128 + 1226498646129*2^192,11626434776616898240 + 16958624253628161170*2^64 + 16683267871313036377*2^128 + 1304142234303*2^192,10762415393917309184 + 14757105556083081424*2^64 + 4014682654647066595*2^128 + 1355750358689*2^192,15308162467662547456 + 12549252173272229842*2^64 + 6364993048299898253*2^128 + 254610400197*2^192,16056211257593562880 + 4960419190456432476*2^64 + 16103486318567390737*2^128 + 471595632646*2^192,10613480133296534528 + 18420491328244618726*2^64 + 10270377652826978000*2^128 + 757205352189*2^192,12385435062861252608 + 17292100575465473690*2^64 + 9018893501669039009*2^128 + 2051018622200*2^192,8471133776004767232 + 1706672649100257578*2^64 + 5184519800826607608*2^128 + 1899402779200*2^192,798634629344019968 + 11723382551073087789*2^64 + 12487187869902788533*2^128 + 449542998176*2^192,161669490224998400 + 6919682914367144774*2^64 + 8763546133344590522*2^128 + 163506371140*2^192,4111676882275182336 + 2367269124422122725*2^64 + 15009021019340347548*2^128 + 584538510926*2^192,17575341246278532608 + 13309116145759940981*2^64 + 128110247148960128*2^128 + 1944962512002*2^192,2388569394551567360 + 14073904469218800716*2^64 + 408676773164982508*2^128 + 441338498347*2^192,10468440170625503232 + 6922106078178066991*2^64 + 17900703107743175818*2^128 + 215030959508*2^192,9369865691799525376 + 3843040943231485793*2^64 + 5215249973081176156*2^128 + 1911309719167*2^192,3265810350105837568 + 10197648713884800413*2^64 + 8452746154492565349*2^128 + 1314487139021*2^192,17976602712482262016 + 7028373103055162336*2^64 + 11806633620558833719*2^128 + 811727003398*2^192,5792955077144350720 + 11919409466122526119*2^64 + 6798387946905350939*2^128 + 896881190668*2^192;\
12103889906508079104 + 10344948474836632046*2^64 + 12233685337644709370*2^128 + 116116855396*2^192,1908470470009323520 + 14077281298701210552*2^64 + 7829220261384634316*2^128 + 1550628482327*2^192,9477358410441918464 + 4254909588129507190*2^64 + 627984087217656016*2^128 + 51021211005*2^192,3153748383548282880 + 5723000933744637625*2^64 + 16356866667699766689*2^128 + 671330166772*2^192,7795015565126074368 + 16234753701103490765*2^64 + 6494315923314191897*2^128 + 1328345987958*2^192,7975618469028777984 + 7998906601392566597*2^64 + 11318697017356639685*2^128 + 2157188488785*2^192,14851163025698660352 + 10538403858668701262*2^64 + 3061318631187394240*2^128 + 1374689101833*2^192,48331362922373120 + 16903751074816999788*2^64 + 8936694829108098319*2^128 + 2132688738295*2^192,3690784213325053952 + 9065071651457471938*2^64 + 9685123368839084353*2^128 + 1882192597636*2^192,13092745468497350656 + 4917140984135105867*2^64 + 14856090159859668518*2^128 + 405649235854*2^192,2006440168719122432 + 5109432702324755472*2^64 + 9065393164837570967*2^128 + 480092527552*2^192,12077493269324038144 + 9816916254916385395*2^64 + 7346949126830632216*2^128 + 121594404933*2^192,1526595571231215616 + 17261907653145250431*2^64 + 4749015718210597530*2^128 + 2090557363417*2^192,863214468733829120 + 14468303885582134041*2^64 + 8506156235454435438*2^128 + 1506211453376*2^192,10116544488682749952 + 14478241009838260179*2^64 + 3241034320085694473*2^128 + 2054893850544*2^192,13057483941610127360 + 13382244883877688824*2^64 + 7273139224022760175*2^128 + 2040907350333*2^192,9742423097283051520 + 14032977090164726021*2^64 + 18204662712856935978*2^128 + 1714661547513*2^192,3161793940830126080 + 18059887701575302375*2^64 + 14224679445022428079*2^128 + 306926699020*2^192,6023233389548666880 + 10054370365548610221*2^64 + 3895112782529047042*2^128 + 1483594126992*2^192,6448270318381760512 + 3041070961273936115*2^64 + 7245423779242979920*2^128 + 523189726493*2^192;\
12463960476648947712 + 15765752005057169424*2^64 + 13728980674128191834*2^128 + 994295488642*2^192,4430387872295878656 + 11214514078073214442*2^64 + 5172454214945546122*2^128 + 1447212766750*2^192,9078330861179009024 + 13727676333693871775*2^64 + 16605816412416112969*2^128 + 1937402817807*2^192,15028666150412185600 + 10019541740758995046*2^64 + 2393938204676526011*2^128 + 1339589291241*2^192,7760121373152313344 + 16826017360443853717*2^64 + 8001338347695373073*2^128 + 659715091069*2^192,5353470351962415104 + 1233946677481634065*2^64 + 2572283455124993955*2^128 + 1377743357966*2^192,15625133239073521664 + 11752649478387190775*2^64 + 15324062227548285292*2^128 + 69105548977*2^192,5384604824050368512 + 8558293121037313127*2^64 + 5726620803323483451*2^128 + 1615072949697*2^192,5318181896323072000 + 1058123185031560631*2^64 + 12375685184421951282*2^128 + 1485760736768*2^192,11633922280131694592 + 13996440297694681415*2^64 + 8483947208936481655*2^128 + 1635480060625*2^192,1721521922428403712 + 1270162792990887254*2^64 + 10366839299213266195*2^128 + 2166048613304*2^192,13818989829618663424 + 2461182824947053057*2^64 + 15555257355555884201*2^128 + 137749266483*2^192,8124317411399962624 + 9514846270261165007*2^64 + 5890974530146820012*2^128 + 1946766144608*2^192,17660010755811442688 + 14606998033365714840*2^64 + 9268437385645650126*2^128 + 149932964877*2^192,5281231488810483712 + 10165557766501474384*2^64 + 14129263827964568637*2^128 + 1393806633841*2^192,1595782740064534528 + 9658225828627875698*2^64 + 10032439697574612187*2^128 + 1821259099172*2^192,1248708232432287744 + 10096452427921875956*2^64 + 8894141639241392930*2^128 + 895134427504*2^192,2120721012126449664 + 4695663822632245532*2^64 + 6808058828312479839*2^128 + 1615477151791*2^192,4311896837475565568 + 7675424549218068194*2^64 + 12706307977022714473*2^128 + 938347358849*2^192,8646335267428499456 + 8926767162787278526*2^64 + 6002893523088798602*2^128 + 1239184365813*2^192;\
875586320715829248 + 12931611750489522511*2^64 + 10123997464864352835*2^128 + 348462499387*2^192,13077801226516979712 + 8622936150417556421*2^64 + 3296666997284549919*2^128 + 1356430797724*2^192,11444024194715025408 + 2577355150432992927*2^64 + 12015047698608576622*2^128 + 241018605435*2^192,9022194231243407360 + 13795545381070336864*2^64 + 18441809359482932870*2^128 + 27014949596*2^192,15636462340894441472 + 18261172026122002094*2^64 + 7129222319375326037*2^128 + 491114038623*2^192,4442859266271502336 + 10754685716809333348*2^64 + 15174127792061907686*2^128 + 1827048437592*2^192,1561592172357275648 + 3505638885034569605*2^64 + 10557270185162489897*2^128 + 1206226842496*2^192,12389968931950419968 + 4687910287959259751*2^64 + 13717997069899126394*2^128 + 500132783379*2^192,13967250986058252288 + 13789859091083050312*2^64 + 11090112446540634928*2^128 + 1751035114246*2^192,12505610877507772416 + 11267637405616612493*2^64 + 4766788428437807096*2^128 + 1422463147260*2^192,5999965481942351872 + 1654817354170076191*2^64 + 6769486451372286397*2^128 + 1242930008689*2^192,3601997815478550528 + 2963033841302019408*2^64 + 5301808953813322915*2^128 + 444019382694*2^192,2085747603868192768 + 2639466326098356813*2^64 + 6359103068065244455*2^128 + 1435677478363*2^192,4961870022875971584 + 7152960289175580607*2^64 + 17513496842978460426*2^128 + 1129961326458*2^192,12890484369533763584 + 11661286548942927521*2^64 + 10276447366297330601*2^128 + 1291085438490*2^192,2435994080597049344 + 5955084380814039052*2^64 + 5402538624586182099*2^128 + 450028399314*2^192,3342443918554005504 + 12862132503516991251*2^64 + 4500763052031197312*2^128 + 1485463921249*2^192,851340855344824320 + 18186339816304298883*2^64 + 7516721215113617665*2^128 + 634795356339*2^192,5588072565941305344 + 10154522077962524525*2^64 + 2254687376015972795*2^128 + 1865834587651*2^192,959326780616605696 + 8455927526722605770*2^64 + 2126210656605188597*2^128 + 378016531070*2^192;\
1241815645616947102 + 12382449716531718266*2^64 + 7585046396811064209*2^128 + 85232814085*2^192,15563827046858678756 + 10058772746323993849*2^64 + 11429234569592373285*2^128 + 2077196401887*2^192,12224547850973610019 + 18430242658957235883*2^64 + 17844989504335739392*2^128 + 2131469555368*2^192,5574386411400237250 + 10740199285651574503*2^64 + 4683988025912436754*2^128 + 149407711956*2^192,3747911217047838232 + 5465830717930618724*2^64 + 16935415671489970852*2^128 + 1419129878627*2^192,1769487063287847792 + 11616318105859694456*2^64 + 15638938000670179397*2^128 + 675749351825*2^192,9636987347881653032 + 8400376466949004007*2^64 + 8543903917535266157*2^128 + 1422940566406*2^192,7146610029924198880 + 2734380695940795309*2^64 + 4014425384105995373*2^128 + 897732025601*2^192,2681001525709642176 + 13270877310523371270*2^64 + 3152190859351094838*2^128 + 1033070020753*2^192,6429213197037283152 + 5746435568130941094*2^64 + 16048591092055121625*2^128 + 1866193120141*2^192,10655867339648339472 + 14056635479617729870*2^64 + 6959222305607831886*2^128 + 1192926149291*2^192,17738825787736955328 + 14274131911083268054*2^64 + 5587480999327088342*2^128 + 1583010636927*2^192,6436717416140707752 + 417893922164069690*2^64 + 3601202196662389291*2^128 + 703288008262*2^192,15889199479833405648 + 7976763899349611264*2^64 + 12821839475469800362*2^128 + 322986530630*2^192,13237189773810388448 + 2925005981892771895*2^64 + 14990095147855236717*2^128 + 492481616364*2^192,15010436932938501504 + 12757373678633503358*2^64 + 7130991227723776291*2^128 + 1905159864422*2^192,14988494868609790528 + 3065816411786245931*2^64 + 3441753896163687753*2^128 + 742506669468*2^192,8813971123590300160 + 6262589428057920900*2^64 + 6726563348125123770*2^128 + 337977502269*2^192,15635957666999057952 + 12431060860781852463*2^64 + 10516199785338358128*2^128 + 995768498644*2^192,5069181172726986112 + 11019446230723930449*2^64 + 7963742325098356557*2^128 + 527067979967*2^192;\
16389616695446167552 + 11795900834682693195*2^64 + 953884074416093546*2^128 + 839183306008*2^192,11362964473504579584 + 11988897034863965417*2^64 + 4027403219439343471*2^128 + 581392191911*2^192,18440857215476611072 + 14279599378578175834*2^64 + 14130636156138060435*2^128 + 1052365747199*2^192,13238686482280673280 + 5937004878207185460*2^64 + 11610740781772503991*2^128 + 570416193684*2^192,14978852620773294080 + 2093204583503295334*2^64 + 8724991116218300663*2^128 + 1917552685209*2^192,8080227814273703936 + 9072784232175938077*2^64 + 10877800310666643549*2^128 + 1947678585178*2^192,6123483536263168000 + 10063983318704754759*2^64 + 8007345082929120000*2^128 + 1836901996060*2^192,7472128731440889856 + 15225155850655118321*2^64 + 12010374557654864845*2^128 + 44706134584*2^192,2951015641673629696 + 3459302460431134622*2^64 + 5377872877503901487*2^128 + 331615051897*2^192,12147595030353272832 + 11599548247273863349*2^64 + 3766767490712811203*2^128 + 2127033057365*2^192,7678395381328216064 + 2543674505044486927*2^64 + 10694484438412369348*2^128 + 1997187055810*2^192,4708978656887832576 + 9872668489198179018*2^64 + 14153843735276480241*2^128 + 1600293812019*2^192,3396909567981965312 + 28907205224496017*2^64 + 7881932736019866814*2^128 + 919456192950*2^192,13205543351048830976 + 14957336673568897639*2^64 + 9795509205820981525*2^128 + 1606471033594*2^192,8404445248698384384 + 15350199743079657440*2^64 + 17434899102312204086*2^128 + 676815525485*2^192,3741253875499008000 + 1122851780414229568*2^64 + 1433630371044255957*2^128 + 255320535871*2^192,9147892130955493376 + 12227181227650317642*2^64 + 17465690729943378266*2^128 + 971053650662*2^192,4324074373687279616 + 16115512135317512268*2^64 + 7781220511816797033*2^128 + 872650253141*2^192,2362994873066749952 + 4280855758866747085*2^64 + 14415554930923560906*2^128 + 50656785909*2^192,6277506570022027264 + 1195985726554357799*2^64 + 7363361776602037075*2^128 + 2024821926641*2^192;\
17638418998134471536 + 3236245824580596190*2^64 + 3593815046624111750*2^128 + 476420423137*2^192,18032121528380295712 + 7059863853272061661*2^64 + 10356125077647725896*2^128 + 2127967254732*2^192,17141826269329139544 + 14169078958440388468*2^64 + 12185509095132586518*2^128 + 1513769322067*2^192,16930003656530247568 + 17557456620450660885*2^64 + 10903072907534119677*2^128 + 742200034963*2^192,3856789680665076416 + 17395250939973973956*2^64 + 12146857060978661292*2^128 + 699261397104*2^192,9199904532403441536 + 1997839068377180774*2^64 + 13764337656082483662*2^128 + 1790326933864*2^192,13801383850478262080 + 17098719537224453418*2^64 + 17102431845123593772*2^128 + 1745617920290*2^192,10979078132823996160 + 17029699742331637593*2^64 + 11997651262876649586*2^128 + 1152848222881*2^192,4073163201558748672 + 5832824607017500537*2^64 + 9327691995900808013*2^128 + 505092677129*2^192,6847903895377954432 + 14194161471975512349*2^64 + 948127513826632554*2^128 + 1979135311776*2^192,12515688905859107968 + 11216514008075883334*2^64 + 4341045850917987089*2^128 + 1445029400180*2^192,2169428536461721088 + 7979680865487937490*2^64 + 10967938655620166948*2^128 + 2140562739072*2^192,10493998876500474688 + 12789545149154379605*2^64 + 3868459427622557862*2^128 + 1548533458817*2^192,547470452463190656 + 8857324910547115935*2^64 + 2105381447928458444*2^128 + 1751254539554*2^192,1260781445617768192 + 15165077193492858171*2^64 + 80817816352483246*2^128 + 1843469800772*2^192,11177844476696333312 + 4268558729038935263*2^64 + 10397617485606577665*2^128 + 1551429520000*2^192,6303434685762847232 + 12432902149757904980*2^64 + 10167044749524559727*2^128 + 131297262827*2^192,1979728380567556096 + 468611282949368010*2^64 + 10684778985872670646*2^128 + 2168024072864*2^192,5080640316544289024 + 3787249024312370454*2^64 + 13025647979354709348*2^128 + 1824045892449*2^192,2182650286754237440 + 10373105499673634563*2^64 + 14866346773880807879*2^128 + 568165288888*2^192;\
14661405320285246596 + 7587254562754991662*2^64 + 16634366428139030539*2^128 + 520481021554*2^192,11715110518420107448 + 14483756838861731062*2^64 + 2348481208541653714*2^128 + 1828148562202*2^192,4876380648273274394 + 11728164923886960228*2^64 + 9582202794293905318*2^128 + 802614931847*2^192,12635717235955463356 + 10509653201775892755*2^64 + 10752971816806809273*2^128 + 318763254349*2^192,5097592454436871888 + 17343490727554076456*2^64 + 6037262438004764576*2^128 + 29951117386*2^192,5956748161181030176 + 8607298545940505277*2^64 + 17461092064690941728*2^128 + 82602827815*2^192,9305624847568830128 + 1284934754511402784*2^64 + 2639412860760970610*2^128 + 2044815543525*2^192,17437199962755889216 + 14522340741865936953*2^64 + 8092970811537386904*2^128 + 1083810415925*2^192,6326162640511378560 + 163678729286076685*2^64 + 1385241110668684874*2^128 + 1933894131174*2^192,17994536853543482208 + 5474376069191551562*2^64 + 9174442345889527580*2^128 + 1429723855875*2^192,7948198778914418144 + 4886305413065526094*2^64 + 17973608281250193416*2^128 + 1185056768054*2^192,6875769464259122304 + 14952068408308412773*2^64 + 3706097455786806308*2^128 + 1120119863188*2^192,13158190766352715184 + 108602043652649898*2^64 + 15418666161156499500*2^128 + 641706445838*2^192,16260321037841191008 + 17642695070349235272*2^64 + 16324762601438591252*2^128 + 26707993560*2^192,18398356665531052096 + 11658572152124912630*2^64 + 13042300669955948152*2^128 + 503712299622*2^192,9520710977366168832 + 2313441992007980649*2^64 + 18137973834436082413*2^128 + 1711878939563*2^192,9009404771196519296 + 14080245261234750736*2^64 + 14057617625001851920*2^128 + 2054930635079*2^192,236240052040760320 + 9380077930681144303*2^64 + 80745113275584410*2^128 + 1348427478107*2^192,813570344577419200 + 4771913596663510696*2^64 + 12291821613649355702*2^128 + 431338994615*2^192,18322002113052820736 + 6011579989444729071*2^64 + 6036453296825053407*2^128 + 1504362496006*2^192;\
12146211390791776256 + 5023323508578272569*2^64 + 8407283831373109210*2^128 + 737037796184*2^192,16064358722243268608 + 7596866140013720817*2^64 + 9556137563545827907*2^128 + 490255846659*2^192,13588532815531684864 + 2757677297145824320*2^64 + 2410566402233828715*2^128 + 1038394369442*2^192,1729704387051907072 + 14250238555465323377*2^64 + 8442389124611412566*2^128 + 1345339360927*2^192,5525352590668652544 + 12317550758924319864*2^64 + 7483317828442027229*2^128 + 1045530494379*2^192,16256166965677670400 + 41956000555128499*2^64 + 7712022126302880970*2^128 + 175086445404*2^192,3291681378075279360 + 3204199946547229674*2^64 + 813853442641888334*2^128 + 1568035140077*2^192,12174469026740187136 + 15163286857248736639*2^64 + 6839559254115764330*2^128 + 1717877141762*2^192,17382788835795468288 + 13569922942269265406*2^64 + 10840859570081574381*2^128 + 1867807218620*2^192,15663671103848034304 + 13829575492233700079*2^64 + 3813873719957098566*2^128 + 1008920013978*2^192,2661741561958629376 + 4304197018798052088*2^64 + 15656465619285389760*2^128 + 1875510504661*2^192,10065069495681875968 + 7786758397425083623*2^64 + 7818874759059632798*2^128 + 1572153681006*2^192,12366689178344804352 + 10919496288177965686*2^64 + 7204930420817816336*2^128 + 760942001821*2^192,6659357944440406016 + 15708139493396169427*2^64 + 10684962543773363275*2^128 + 1966831138014*2^192,8938898930320179200 + 7100741238094048109*2^64 + 12501048387577637407*2^128 + 1753004612689*2^192,1530721180866838528 + 12389144226779380975*2^64 + 2343128276463781299*2^128 + 1312419503891*2^192,9327498558895652864 + 14113839151503933650*2^64 + 15628324146291190685*2^128 + 1646779961437*2^192,2863118759500513280 + 6501734228720946785*2^64 + 5895597669140654195*2^128 + 1767928901755*2^192,12852098057577725952 + 3759084193741067789*2^64 + 1908558293532174735*2^128 + 1350360541185*2^192,14335193732385603584 + 4661382058496461455*2^64 + 12705420192111184461*2^128 + 401901705030*2^192;\
4662465549581491788 + 10497742442378251106*2^64 + 8691136621492833572*2^128 + 768423174499*2^192,1777293062653314216 + 5090677658886131316*2^64 + 8706623464773008778*2^128 + 752972398240*2^192,8512692537716278062 + 2640168744529022952*2^64 + 1740934035227980611*2^128 + 2137474921123*2^192,16044911079620909940 + 10087947152420026872*2^64 + 16804904804712100985*2^128 + 766876548868*2^192,15982442843675503472 + 18248990866669976356*2^64 + 9509794829813694110*2^128 + 1636242769800*2^192,3716455858125056864 + 11720784204903854297*2^64 + 13452715221249073126*2^128 + 1615561964953*2^192,9762489255813819664 + 16294220460072697374*2^64 + 10291319887552316932*2^128 + 1088722181063*2^192,5971178408764527808 + 11669205191108464813*2^64 + 12274884540028742773*2^128 + 130135367659*2^192,18433475091085665664 + 8889012387714214115*2^64 + 8423824531951064963*2^128 + 822161746762*2^192,8631398512840029216 + 17495472943096585876*2^64 + 1217513711072582994*2^128 + 2085628474303*2^192,1428421281408805792 + 5698914410414818361*2^64 + 12274108008887992558*2^128 + 1795348620152*2^192,2348241092905575808 + 7195162007700245998*2^64 + 240436140476982393*2^128 + 1481170811158*2^192,5182148693334102544 + 2172820304830495520*2^64 + 15128315180757593872*2^128 + 1040962829585*2^192,18392210243379194656 + 11011888010556483621*2^64 + 10886915300123593488*2^128 + 1318705577456*2^192,3801607442682686656 + 12660388732081753623*2^64 + 14763595364580335096*2^128 + 1322872488371*2^192,15070740676659326720 + 12686663194881905255*2^64 + 13427424968823436617*2^128 + 1748662820694*2^192,8279139276567089792 + 7487635824481667470*2^64 + 3325487866881024882*2^128 + 1797026866754*2^192,16047050953212965888 + 10454954734495307341*2^64 + 17011730517143048054*2^128 + 2061680746731*2^192,6189548645326687040 + 1831304056498135411*2^64 + 5389248706436784632*2^128 + 189784368224*2^192,1613168953384976128 + 13456008801430954389*2^64 + 5016641902096864612*2^128 + 522947493504*2^192;\
2948830852317522530 + 3348124750988281278*2^64 + 4074487328289415366*2^128 + 1167980260349*2^192,6981942352841208348 + 15417338800388255008*2^64 + 2666109367713936885*2^128 + 1900784751701*2^192,3640390655609336029 + 14177040941634797112*2^64 + 498200534909474463*2^128 + 416406006286*2^192,10915399516141251646 + 17174352080971107353*2^64 + 6744498169472965923*2^128 + 1436952628730*2^192,15248891368864092648 + 3908608025010107210*2^64 + 3288801331735082370*2^128 + 2116153293213*2^192,7695881749959648400 + 18023533270947907080*2^64 + 10519659589034834680*2^128 + 341162080034*2^192,18321285251311068376 + 11056418108949515045*2^64 + 12480879722034953145*2^128 + 395323663477*2^192,2737939181203885600 + 4466833014073199619*2^64 + 838975646806076464*2^128 + 468271712866*2^192,7811899090463409728 + 4064802070285843770*2^64 + 10484299611151387699*2^128 + 689598894367*2^192,4208646563260170416 + 14789443086796899234*2^64 + 3096391954083386438*2^128 + 735433165863*2^192,15406355802060358128 + 8094272469312208670*2^64 + 8247546846372467440*2^128 + 107028139270*2^192,9840854667872114240 + 3668888911609273726*2^64 + 14945203060586450624*2^128 + 1928456441039*2^192,190560309854605400 + 17955452164704195683*2^64 + 6808484032158719236*2^128 + 1437541587830*2^192,11838787182270148400 + 6320017191107444879*2^64 + 13998419314679036547*2^128 + 908040321785*2^192,6632598711054508576 + 12011716674834412602*2^64 + 10060127160663247394*2^128 + 1135167171326*2^192,9618189425940673152 + 8701381938603659985*2^64 + 4668051961896221828*2^128 + 1849914884841*2^192,13302420110049791424 + 17299301565053388793*2^64 + 9549158215831540707*2^128 + 1442856660157*2^192,2053866003512745472 + 3313741085941543174*2^64 + 17688076899656885661*2^128 + 1330361336982*2^192,8943048990752178656 + 8419804698485955203*2^64 + 16618850440313714390*2^128 + 1330567853979*2^192,11304321905194617472 + 880781766392704798*2^64 + 16809508881667381762*2^128 + 1335620404803*2^192;\
5277744264121287744 + 15181336184201378872*2^64 + 2377707638710124454*2^128 + 1223719383582*2^192,542136436379192192 + 15480827583819362755*2^64 + 12447202668055089005*2^128 + 1000983279556*2^192,14839275992255976864 + 8577985330683829207*2^64 + 12497764126917534303*2^128 + 190082673527*2^192,18226788168621091776 + 16150335710496384831*2^64 + 9686620985886770014*2^128 + 845581848677*2^192,18187509236196422912 + 1491769362061785302*2^64 + 9464203984678151767*2^128 + 416246749718*2^192,2425774064566260224 + 3264880222239145717*2^64 + 8987209584271535567*2^128 + 1134845218616*2^192,1163167202423454464 + 4695796604093739494*2^64 + 2229108900265501934*2^128 + 1558982360290*2^192,16599011060165952512 + 7983270140448904830*2^64 + 6081512109866983055*2^128 + 1702685602107*2^192,12905869234955413504 + 7943361090466710113*2^64 + 6735583169411417643*2^128 + 1658445034807*2^192,828482641645907456 + 5959589196585886088*2^64 + 12511762123852009499*2^128 + 242826628681*2^192,17025465559256176128 + 7759050849682841747*2^64 + 10303542641668009407*2^128 + 727530574196*2^192,16166702075301656576 + 955811109700838215*2^64 + 1867367159040837089*2^128 + 2142907217293*2^192,17337089944747197184 + 13530403932062575061*2^64 + 16170415260539521070*2^128 + 1567984548444*2^192,956374085457382912 + 5675650476856551327*2^64 + 15190433873826498660*2^128 + 1361799372580*2^192,13251591096045818880 + 9388266535487222482*2^64 + 14789597232797889528*2^128 + 1057070218401*2^192,7357485775965007872 + 6335398358757898570*2^64 + 7345239701731447992*2^128 + 1027150339678*2^192,13890506994857154560 + 2332530076062299745*2^64 + 8738619155152700088*2^128 + 486884746397*2^192,1336137869084884992 + 1364389989526602017*2^64 + 9991764101977294300*2^128 + 1891054584346*2^192,2602468070495673344 + 2871887697714641999*2^64 + 1847673739523029123*2^128 + 631090781338*2^192,422745290730876928 + 2805371788154604827*2^64 + 12454402499597091755*2^128 + 650125596266*2^192;\
8946338769292054080 + 16927923145827854911*2^64 + 6525429698628159409*2^128 + 105058650612*2^192,15958762458157672320 + 2216279872565433607*2^64 + 17608367686352834972*2^128 + 93120408504*2^192,2383740975654008480 + 8814012812302462751*2^64 + 214484890860697651*2^128 + 838567397361*2^192,6874807558868422592 + 14707598525485130863*2^64 + 5469122786227924142*2^128 + 514858442948*2^192,11862847270585937152 + 4514737188642701842*2^64 + 3025711255409323304*2^128 + 20622626997*2^192,4399705273608831488 + 2307236421995868654*2^64 + 16102479759365339189*2^128 + 1581492805232*2^192,592744799227572992 + 9596163807322795662*2^64 + 2854432768215548421*2^128 + 11422235022*2^192,7984075412034606080 + 8885927351537814865*2^64 + 7090736475245303459*2^128 + 1677896039535*2^192,8367201189646264320 + 10949491003614173877*2^64 + 15960625979306477144*2^128 + 318920756852*2^192,12316268779097050624 + 17864203260912249991*2^64 + 3111105232355680500*2^128 + 237350305854*2^192,3406575266254931456 + 17483973283569569174*2^64 + 1912352694133155291*2^128 + 1697144785820*2^192,4784140008716597248 + 6938952254906067386*2^64 + 1463332367048049089*2^128 + 604140260443*2^192,15428506477306559232 + 12493972346585450099*2^64 + 17350432662257274380*2^128 + 1760477697753*2^192,7907824213637377536 + 7754545174992139407*2^64 + 5020373883841082487*2^128 + 855904975340*2^192,4802884315209962496 + 15068244842857912365*2^64 + 2885880733162355094*2^128 + 1871431779486*2^192,11913121556215009280 + 3339460037372758253*2^64 + 17079906268762794721*2^128 + 915776031400*2^192,863506243798767616 + 1912010974553149024*2^64 + 8246112177191421582*2^128 + 524483958751*2^192,13019041080739364864 + 15147331639853006686*2^64 + 3428850339208068766*2^128 + 1252757808562*2^192,13138069370874428416 + 17017225217084079902*2^64 + 17580934401007160729*2^128 + 1838872644156*2^192,10844739814071808000 + 9088403959697037153*2^64 + 2255171169885482191*2^128 + 603471768995*2^192;\
5788858266943954344 + 994469408338429143*2^64 + 10676560019133564035*2^128 + 1712954534671*2^192,2387455275328460336 + 3607870418257271054*2^64 + 2404978048936527577*2^128 + 619415896212*2^192,2745748695944173124 + 3914732676652374392*2^64 + 101885464949892430*2^128 + 1121520037351*2^192,10537878808622260952 + 3291949706173484407*2^64 + 310705871983637939*2^128 + 1151588479709*2^192,17607955034143450656 + 4239315917609465238*2^64 + 14131657661112914951*2^128 + 742433648632*2^192,2532804488152927040 + 8521844950264077236*2^64 + 18210119739312975768*2^128 + 1480856437437*2^192,10669461417207892192 + 4690788326229988558*2^64 + 7620121272619311589*2^128 + 1302203663615*2^192,11536613801405938304 + 4060048757910552143*2^64 + 17590900829227480494*2^128 + 1701345242200*2^192,6801618739554688256 + 9047863715727807723*2^64 + 12855260880841113650*2^128 + 2040227371726*2^192,3306663356798707136 + 18174590380960174184*2^64 + 2392720486400428071*2^128 + 1935783597055*2^192,11755163496989753024 + 11445288585979781212*2^64 + 2010579323904018397*2^128 + 24860892350*2^192,4775832449957391616 + 18356160060794451373*2^64 + 15067069717603120104*2^128 + 1663181524857*2^192,10287439997955970784 + 4311983977218766904*2^64 + 16928189771724181924*2^128 + 1089245119487*2^192,13550169127923128256 + 5039423943915223095*2^64 + 11526954229461633477*2^128 + 1786416760390*2^192,11379319265592392320 + 5481047715138095644*2^64 + 1728143661243925604*2^128 + 173765177000*2^192,6813882601039213056 + 7787369255283405337*2^64 + 9250247565027203773*2^128 + 2014510596655*2^192,12840998116978692864 + 6773880165703302406*2^64 + 2514233791212199368*2^128 + 1429012715719*2^192,15960184154041882624 + 516284935032300585*2^64 + 12720230182102879497*2^128 + 219593939453*2^192,17240528974747911552 + 4868178272820828803*2^64 + 18041757908527175663*2^128 + 1212838208063*2^192,15605254767138025984 + 10053401682134154355*2^64 + 6860627698931697271*2^128 + 1950556004281*2^192;\
143024023568380224 + 3014032161248622142*2^64 + 15121948822372926575*2^128 + 991881201886*2^192,2271090513515086208 + 5135239730773974616*2^64 + 14046360516817600720*2^128 + 972990035586*2^192,2423337048378627616 + 10163846514009083517*2^64 + 9589842219210961453*2^128 + 1433649676514*2^192,10523249943743646912 + 11728352132029317479*2^64 + 12457993348516118747*2^128 + 419422668679*2^192,18350990778991548672 + 5267907236240995880*2^64 + 9064982866363186001*2^128 + 1180812741365*2^192,774585310897797632 + 9954352824115400674*2^64 + 14227501703761472263*2^128 + 1365148470870*2^192,12380728210527459072 + 9216068762042031153*2^64 + 6261299879098734711*2^128 + 1078734027930*2^192,18435401343115215872 + 17845426820077539625*2^64 + 5831640393136763083*2^128 + 1439980855194*2^192,2742636548301490176 + 15027012372977065077*2^64 + 15122551554760758917*2^128 + 1529347937544*2^192,10326171824219973120 + 4951166481847097320*2^64 + 16481824646547784613*2^128 + 206588049199*2^192,9644437604013473280 + 10415306056410625754*2^64 + 12771733249380626077*2^128 + 1677535070575*2^192,16931460635526928384 + 16428177969313438973*2^64 + 6502034121670037201*2^128 + 1543153565248*2^192,3190415439705992960 + 15979325447829304714*2^64 + 3586014246252662112*2^128 + 865042408609*2^192,17650233662778689024 + 11396835201229452039*2^64 + 13315589332800645810*2^128 + 650241242831*2^192,335727952148800512 + 5540124495680649238*2^64 + 10938801050692390495*2^128 + 1051870949007*2^192,15092924978179264512 + 16481264883081476496*2^64 + 978713579105934258*2^128 + 711015981270*2^192,12677337146696136704 + 529390681933162852*2^64 + 12752407193461000051*2^128 + 1697794859197*2^192,16438170735357427712 + 3143343168432803129*2^64 + 4664849110782757930*2^128 + 1901181616930*2^192,4341049079906642944 + 13461083611605584904*2^64 + 17670845729370536074*2^128 + 2153673425879*2^192,4084744099887149056 + 17214040307810045364*2^64 + 14500233175204204049*2^128 + 1169222229771*2^192;\
1496015724114925976 + 18017177235160477381*2^64 + 1716040720381134847*2^128 + 1035778146682*2^192,4964094461191657296 + 5093346178345788533*2^64 + 6555573313307221286*2^128 + 1717710764786*2^192,17833442297660316892 + 5783114051003890533*2^64 + 3566916599629252561*2^128 + 1889637295590*2^192,11889022171751857128 + 10665667591582751139*2^64 + 13919261177786575545*2^128 + 1283756877314*2^192,17349396365780550368 + 10026086312747092010*2^64 + 17251712031889045841*2^128 + 653470082261*2^192,10247471469874331328 + 10124013325465183752*2^64 + 17699047963379303960*2^128 + 1679912479530*2^192,8583384280076793376 + 2801452732449706614*2^64 + 956859821055017133*2^128 + 1713994954584*2^192,314079670772287872 + 15150835712453709626*2^64 + 9563297311164249390*2^128 + 430068115046*2^192,11480657625365957376 + 16937105075838088524*2^64 + 17674711594926649200*2^128 + 725510505789*2^192,14089731200624060480 + 6586658751878961853*2^64 + 4493062234507641782*2^128 + 1772642423596*2^192,2313679050086106944 + 5063767627052933127*2^64 + 12094495848246096964*2^128 + 902079453088*2^192,4045295717981403904 + 10615492767651875849*2^64 + 18045099077026535419*2^128 + 779005052901*2^192,17476762114701883424 + 15867618021551104166*2^64 + 14658276603597053493*2^128 + 1908381316289*2^192,7176872821676295744 + 4571011319274422575*2^64 + 1212267218534656427*2^128 + 482014400141*2^192,15121494155682929024 + 880630543831405975*2^64 + 14186325542590768998*2^128 + 699736887065*2^192,13507791010927255040 + 12833656951375239212*2^64 + 423546894478004880*2^128 + 1558629360248*2^192,14745186203965711616 + 4791484940544335364*2^64 + 17603009983699770582*2^128 + 1694704799856*2^192,14452915478740781056 + 11930043984053504931*2^64 + 16254892628004664841*2^128 + 1590408723270*2^192,13484786331305141888 + 17021441609806188547*2^64 + 13054898253533874415*2^128 + 1712312747949*2^192,16171424996355857920 + 4923754078060214632*2^64 + 17022472664135529442*2^128 + 1946804255616*2^192]
/* 
This matrix times 2^(-11) should be the matrix of frobenius.
*/ 
B = 2^(-11) * A; 
/* Freed 6350 lists. */
The sign is: -1
The characteristic polynomial is: x^20 + x^18 - 3*x^17 + 12*x^16 + 5*x^15 + 8*x^14 + 8*x^13 + 64*x^12 + 16*x^11 - 64*x^9 - 1024*x^8 - 512*x^7 - 2048*x^6 - 5120*x^5 - 49152*x^4 + 49152*x^3 - 65536*x^2 - 1048576
Its Newton polygon is: [2, 2, 2, 2, 2, 1, 1, 1, 1, 1, 1, 1, 1, 1, 1, 0, 0, 0, 0, 0]
Its factorization is: [x - 2, 1; x + 2, 1; x^18 + 5*x^16 - 3*x^15 + 32*x^14 - 7*x^13 + 136*x^12 - 20*x^11 + 608*x^10 - 64*x^9 + 2432*x^8 - 320*x^7 + 8704*x^6 - 1792*x^5 + 32768*x^4 - 12288*x^3 + 81920*x^2 + 262144, 1]
The valuation of f-g is: 19
The valuation of subst(g,x,A) is: 10
