/* Comments begin... 
No set up needed.

Please input coefficients below.
Coefficient of   x^23                     = Coefficient of   x^12 * w^2               = Coefficient of   x^6 * y^6 * w^1         = Coefficient of   x^5 * y^5 * z^1 * w^1   = Coefficient of   x^4 * y^4 * z^2 * w^1   = Coefficient of   x^3 * y^3 * z^3 * w^1   = Coefficient of   x^2 * y^2 * z^4 * w^1   = Coefficient of   x^1 * y^1 * z^5 * w^1   = Coefficient of   x^1 * w^4               = Coefficient of   y^12                     = Coefficient of   z^6 * w^1               = 
Here is the polynomial we're using this time:

1 + 0*2^64 + 0*2^128 + 0*2^192*x^23 + 1 + 0*2^64 + 0*2^128 + 0*2^192*x^12*w^2 + 1 + 0*2^64 + 0*2^128 + 0*2^192*x^6*y^6*w^1 + 1 + 0*2^64 + 0*2^128 + 0*2^192*x^5*y^5*z^1*w^1 + 1 + 0*2^64 + 0*2^128 + 0*2^192*x^4*y^4*z^2*w^1 + 1 + 0*2^64 + 0*2^128 + 0*2^192*x^3*y^3*z^3*w^1 + 1 + 0*2^64 + 0*2^128 + 0*2^192*x^1*w^4 + 1 + 0*2^64 + 0*2^128 + 0*2^192*y^12 + 1 + 0*2^64 + 0*2^128 + 0*2^192*z^6*w^1


Allocate G_len 20 elements and old = 0.
Allocate M_len = 400 elements.
Allocate G_len 40 elements and old = 20.
Allocate M_len = 800 elements.
Allocate G_len 80 elements and old = 40.
Allocate M_len = 1600 elements.
Allocate M_len = 3200 elements.
Allocate G_len 160 elements and old = 80.
Allocate M_len = 6400 elements.
Allocate M_len = 12800 elements.
Allocate G_len 320 elements and old = 160.
Allocate M_len = 25600 elements.
Allocate M_len = 51200 elements.
Allocate G_len 640 elements and old = 320.
Allocate M_len = 102400 elements.
Allocate M_len = 204800 elements.
Allocate G_len 1280 elements and old = 640.
Allocate M_len = 409600 elements.
Allocate M_len = 819200 elements.
The final length of G is 858
[5, 5, 0, 1, 0]  	241	4 
[5, 4, 1, 1, 0]  	253	5 
[22, 0, 0, 0, 0]  	264	7  <--- 1
[12, 0, 0, 2, 0]  	276	3 
[16, 6, 0, 0, 0]  	330	11 
[8, 12, 0, 0, 0]  	372	13 
[7, 1, 6, 1, 0]  	383	10 
[11, 11, 0, 0, 0]  	385	11 
[10, 10, 1, 0, 0]  	385	11 
[10, 3, 2, 2, 0]  	391	8 
[6, 14, 0, 0, 0]  	394	8 
[21, 5, 1, 0, 0]  	402	12 
[10, 2, 3, 2, 0]  	403	8 
[6, 1, 7, 1, 0]  	406	9 
[8, 0, 7, 1, 0]  	407	13 
[11, 0, 6, 1, 0]  	408	14 
[9, 10, 2, 0, 0]  	408	15 
[8, 9, 3, 0, 0]  	408	15 
[21, 4, 2, 0, 0]  	414	13 
[8, 2, 4, 2, 0]  	414	7 
[6, 3, 6, 1, 0]  	417	8 
[6, 12, 2, 0, 0]  	418	11 
[8, 11, 2, 0, 0]  	419	14 
[18, 3, 4, 0, 0]  	425	12 
[21, 3, 3, 0, 0]  	426	12 
[7, 0, 8, 1, 0]  	430	12 
[19, 0, 6, 0, 0]  	438	13 
[8, 0, 6, 2, 0]  	438	11 
[4, 5, 6, 1, 0]  	439	12 
[5, 3, 7, 1, 0]  	440	8 
[6, 7, 6, 0, 0]  	443	14 
[20, 3, 2, 1, 0]  	445	17 
[14, 9, 2, 0, 0]  	445	17 
[6, 0, 7, 2, 0]  	449	8 
[5, 17, 0, 0, 0]  	451	9 
[4, 16, 1, 0, 0]  	451	8 
[4, 4, 7, 1, 0]  	451	7 
[5, 2, 8, 1, 0]  	452	8 
[6, 0, 9, 1, 0]  	453	11 
[7, 10, 4, 0, 0]  	454	14 
[6, 6, 7, 0, 0]  	455	12 
[20, 2, 3, 1, 0]  	457	17 
[14, 8, 3, 0, 0]  	457	17 
[6, 2, 6, 2, 0]  	460	6 
[5, 1, 7, 2, 0]  	460	7 
[5, 1, 9, 1, 0]  	464	9 
[6, 11, 4, 0, 0]  	465	12 
[5, 7, 7, 0, 0]  	466	13 
[18, 2, 4, 1, 0]  	468	17 
[12, 8, 4, 0, 0]  	468	17 
[13, 6, 5, 0, 0]  	469	15 
[5, 3, 6, 2, 0]  	471	7 
[5, 0, 8, 2, 0]  	472	7 
[3, 4, 8, 1, 0]  	474	7 
[5, 15, 2, 0, 0]  	475	10 
[5, 0, 10, 1, 0]  	476	10 
[6, 10, 5, 0, 0]  	477	12 
[5, 9, 6, 0, 0]  	477	12 
[12, 7, 5, 0, 0]  	480	17 
[11, 6, 6, 0, 0]  	480	17 
[4, 1, 8, 2, 0]  	483	6 
[4, 19, 0, 0, 0]  	485	10 
[2, 2, 10, 1, 0]  	486	7 
[5, 14, 3, 0, 0]  	487	10 
[5, 5, 9, 0, 0]  	490	14 
[4, 4, 10, 0, 0]  	490	13 
[17, 5, 5, 0, 0]  	494	15 
[4, 0, 9, 2, 0]  	495	6 
[2, 4, 9, 1, 0]  	497	10 
[5, 13, 4, 0, 0]  	499	9 
[4, 6, 9, 0, 0]  	501	13 
[3, 5, 10, 0, 0]  	501	12 
[8, 4, 9, 0, 0]  	503	15 
[17, 1, 8, 0, 0]  	507	15 
[5, 12, 5, 0, 0]  	511	10 
[4, 11, 6, 0, 0]  	511	10 
[3, 7, 9, 0, 0]  	512	11 
[4, 3, 0, 6, 0]  	513	14 
[3, 4, 11, 0, 0]  	513	12 
[16, 5, 6, 0, 0]  	517	16 
[17, 3, 7, 0, 0]  	518	15 
[3, 0, 10, 2, 0]  	518	7 
[5, 0, 0, 7, 0]  	522	9 
[4, 10, 7, 0, 0]  	523	11 
[6, 3, 11, 0, 0]  	526	13 
[4, 5, 1, 5, 0]  	528	11 
[3, 5, 7, 2, 0]  	528	7 
[16, 4, 7, 0, 0]  	529	18 
[18, 0, 9, 0, 0]  	531	11 
[2, 2, 0, 7, 0]  	532	8 
[4, 0, 12, 1, 0]  	534	9 
[4, 9, 8, 0, 0]  	535	11 
[4, 14, 1, 2, 0]  	537	14 
[16, 3, 8, 0, 0]  	541	16 
[2, 0, 11, 2, 0]  	541	6 
[2, 1, 1, 7, 0]  	544	10 
[3, 10, 8, 0, 0]  	546	9 
[4, 7, 4, 3, 0]  	547	11 
[3, 5, 0, 6, 0]  	547	11 
[2, 6, 11, 0, 0]  	547	10 
[5, 3, 12, 0, 0]  	549	13 
[3, 18, 1, 1, 0]  	551	10 
[2, 0, 0, 8, 0]  	552	7 
[17, 0, 10, 0, 0]  	554	13 
[1, 16, 5, 0, 0]  	555	9 
[3, 4, 1, 6, 0]  	559	10 
[2, 5, 12, 0, 0]  	559	9 
[2, 4, 7, 3, 0]  	559	9 
[4, 3, 7, 3, 0]  	560	12 
[3, 3, 13, 0, 0]  	560	11 
[3, 17, 2, 1, 0]  	563	11 
[15, 3, 9, 0, 0]  	564	15 
[15, 0, 11, 0, 0]  	565	13 
[1, 15, 6, 0, 0]  	567	8 
[6, 1, 6, 4, 0]  	569	11 
[5, 0, 7, 4, 0]  	569	11 
[2, 10, 9, 0, 0]  	569	8 
[4, 17, 0, 2, 0]  	571	12 
[3, 16, 1, 2, 0]  	571	11 
[3, 3, 2, 6, 0]  	571	10 
[2, 4, 13, 0, 0]  	571	10 
[1, 14, 7, 0, 0]  	579	8 
[4, 13, 1, 3, 0]  	580	10 
[4, 1, 7, 4, 0]  	580	11 
[4, 0, 2, 7, 0]  	580	8 
[3, 13, 7, 0, 0]  	580	10 
[3, 1, 13, 1, 0]  	580	9 
[4, 10, 3, 3, 0]  	581	11 
[2, 9, 10, 0, 0]  	581	8 
[2, 7, 0, 6, 0]  	581	8 
[3, 6, 6, 3, 0]  	582	9 
[3, 2, 3, 6, 0]  	583	11 
[2, 3, 14, 0, 0]  	583	10 
[4, 13, 3, 2, 0]  	584	12 
[1, 4, 10, 2, 0]  	586	8 
[14, 3, 10, 0, 0]  	587	13 
[4, 12, 2, 3, 0]  	592	9 
[4, 0, 8, 4, 0]  	592	8 
[3, 0, 14, 1, 0]  	592	6 
[1, 10, 10, 0, 0]  	592	7 
[2, 19, 0, 2, 0]  	593	7 
[2, 6, 1, 6, 0]  	593	7 
[1, 7, 12, 0, 0]  	593	7 
[2, 16, 2, 2, 0]  	594	8 
[2, 1, 10, 3, 0]  	595	10 
[4, 12, 4, 2, 0]  	596	11 
[1, 3, 11, 2, 0]  	598	7 
[14, 2, 11, 0, 0]  	599	16 
[3, 0, 3, 7, 0]  	603	9 
[2, 13, 8, 0, 0]  	603	9 
[1, 9, 11, 0, 0]  	604	6 
[2, 18, 1, 2, 0]  	605	8 
[2, 2, 4, 6, 0]  	606	10 
[1, 2, 10, 3, 0]  	606	8 
[3, 2, 15, 0, 0]  	607	10 
[4, 11, 5, 2, 0]  	608	11 
[7, 0, 15, 0, 0]  	609	9 
[1, 14, 6, 1, 0]  	610	8 
[14, 1, 12, 0, 0]  	611	14 
[3, 19, 4, 0, 0]  	613	9 
[1, 5, 12, 1, 0]  	613	7 
[2, 0, 15, 1, 0]  	615	5 
[1, 9, 0, 6, 0]  	615	5 
[1, 7, 7, 3, 0]  	616	5 
[1, 6, 2, 6, 0]  	616	5 
[2, 4, 3, 6, 0]  	617	5 
[1, 5, 14, 0, 0]  	617	5 
[1, 3, 4, 6, 0]  	617	5 
[1, 12, 0, 5, 0]  	618	8 
[3, 11, 0, 5, 0]  	619	10 
[2, 23, 0, 1, 0]  	619	9 
[2, 11, 6, 2, 0]  	619	9 
[1, 2, 1, 8, 0]  	621	7 
[13, 2, 12, 0, 0]  	622	12 
[14, 0, 13, 0, 0]  	623	13 
[1, 4, 13, 1, 0]  	625	5 
[1, 13, 9, 0, 0]  	626	8 
[1, 9, 6, 3, 0]  	627	5 
[1, 8, 1, 6, 0]  	627	4 
[1, 18, 2, 2, 0]  	628	4 
[1, 6, 8, 3, 0]  	628	4 
[1, 2, 5, 6, 0]  	629	7 
[2, 2, 16, 0, 0]  	630	8 
[1, 11, 1, 5, 0]  	630	7 
[3, 10, 1, 5, 0]  	631	6 
[2, 22, 1, 1, 0]  	631	6 
[2, 10, 7, 2, 0]  	631	8 
[1, 1, 2, 8, 0]  	633	7 
[13, 1, 13, 0, 0]  	634	15 
[1, 3, 14, 1, 0]  	637	6 
[0, 14, 9, 0, 0]  	637	5 
[2, 0, 10, 4, 0]  	638	5 
[1, 0, 16, 1, 0]  	638	5 
[0, 19, 2, 2, 0]  	639	3 
[0, 8, 13, 0, 0]  	639	3 
[0, 16, 4, 2, 0]  	640	4 
[0, 5, 15, 0, 0]  	640	4 
[1, 1, 6, 6, 0]  	641	6 
[1, 0, 1, 9, 0]  	641	6 
[1, 11, 7, 2, 0]  	642	6 
[3, 9, 2, 5, 0]  	643	6 
[2, 21, 2, 1, 0]  	643	5 
[2, 9, 8, 2, 0]  	643	5 
[1, 2, 13, 2, 0]  	645	7 
[13, 0, 14, 0, 0]  	646	10 
[3, 25, 1, 0, 0]  	646	9 
[3, 22, 3, 0, 0]  	647	9 
[1, 8, 11, 1, 0]  	647	7 
[1, 3, 3, 7, 0]  	648	5 
[1, 2, 15, 1, 0]  	649	6 
[0, 18, 3, 2, 0]  	651	2 
[0, 7, 14, 0, 0]  	651	2 
[0, 6, 9, 3, 0]  	651	2 
[1, 2, 0, 9, 0]  	652	3 
[0, 14, 0, 5, 0]  	652	3 
[0, 3, 11, 3, 0]  	652	3 
[1, 13, 6, 2, 0]  	653	6 
[1, 1, 12, 3, 0]  	653	6 
[1, 0, 7, 6, 0]  	653	6 
[2, 20, 3, 1, 0]  	655	7 
[1, 19, 4, 1, 0]  	655	6 
[1, 5, 0, 8, 0]  	655	5 
[4, 3, 6, 5, 0]  	657	11 
[3, 24, 2, 0, 0]  	658	7 
[1, 5, 2, 7, 0]  	659	5 
[1, 2, 4, 7, 0]  	660	5 
[0, 3, 15, 1, 0]  	660	4 
[2, 0, 5, 7, 0]  	661	7 
[0, 5, 10, 3, 0]  	663	1 
[0, 4, 5, 6, 0]  	663	1 
[0, 3, 0, 9, 0]  	663	1 
[0, 26, 0, 1, 0]  	664	3 
[0, 3, 17, 0, 0]  	664	4 
[1, 0, 13, 3, 0]  	665	5 
[1, 8, 4, 5, 0]  	666	4 
[0, 20, 4, 1, 0]  	666	4 
[3, 7, 4, 5, 0]  	667	6 
[0, 17, 6, 1, 0]  	667	5 
[3, 4, 6, 5, 0]  	668	9 
[3, 1, 8, 5, 0]  	669	10 
[2, 22, 4, 0, 0]  	670	7 
[1, 7, 1, 7, 0]  	670	6 
[0, 17, 8, 0, 0]  	671	5 
[1, 1, 5, 7, 0]  	672	5 
[0, 12, 0, 6, 0]  	672	4 
[0, 3, 6, 6, 0]  	675	1 
[0, 2, 1, 9, 0]  	675	1 
[0, 13, 7, 2, 0]  	676	4 
[0, 12, 2, 5, 0]  	676	3 
[1, 23, 2, 1, 0]  	677	5 
[6, 0, 6, 6, 0]  	678	7 
[0, 19, 5, 1, 0]  	678	5 
[1, 4, 7, 5, 0]  	679	5 
[0, 16, 7, 1, 0]  	679	5 
[3, 0, 9, 5, 0]  	681	7 
[1, 23, 4, 0, 0]  	681	6 
[0, 19, 7, 0, 0]  	682	5 
[1, 4, 9, 4, 0]  	683	3 
[0, 3, 10, 4, 0]  	683	3 
[1, 0, 6, 7, 0]  	684	6 
[0, 15, 6, 2, 0]  	687	1 
[0, 2, 7, 6, 0]  	687	1 
[0, 1, 2, 9, 0]  	687	1 
[0, 24, 2, 1, 0]  	688	3 
[0, 11, 3, 5, 0]  	688	3 
[2, 10, 3, 5, 0]  	689	3 
[1, 22, 3, 1, 0]  	689	3 
[1, 10, 9, 2, 0]  	689	3 
[0, 9, 10, 2, 0]  	689	3 
[5, 0, 18, 0, 0]  	690	6 
[2, 7, 5, 5, 0]  	690	5 
[1, 6, 6, 5, 0]  	690	5 
[2, 29, 0, 0, 0]  	691	6 
[1, 3, 8, 5, 0]  	691	6 
[1, 1, 15, 2, 0]  	692	7 
[0, 21, 6, 0, 0]  	693	5 
[0, 6, 14, 1, 0]  	694	3 
[0, 2, 11, 4, 0]  	695	3 
[1, 0, 12, 4, 0]  	696	5 
[0, 12, 12, 0, 0]  	696	4 
[0, 2, 13, 3, 0]  	699	1 
[0, 1, 8, 6, 0]  	699	1 
[0, 0, 3, 9, 0]  	699	1 
[1, 1, 19, 0, 0]  	700	3 
[0, 23, 3, 1, 0]  	700	3 
[0, 11, 9, 2, 0]  	700	3 
[3, 0, 19, 0, 0]  	701	4 
[0, 8, 11, 2, 0]  	701	3 
[2, 28, 1, 0, 0]  	703	6 
[0, 2, 17, 1, 0]  	707	3 
[0, 2, 19, 0, 0]  	711	1 
[0, 1, 14, 3, 0]  	711	1 
[0, 0, 9, 6, 0]  	711	1 
[0, 31, 0, 0, 0]  	713	3  <--- 2
[0, 7, 12, 2, 0]  	713	3 
[0, 28, 2, 0, 0]  	714	5 
[1, 0, 5, 8, 0]  	715	7 
[0, 2, 6, 7, 0]  	718	2 
[0, 11, 2, 6, 0]  	719	3 
[0, 1, 20, 0, 0]  	723	1 
[0, 0, 15, 3, 0]  	723	1 
[0, 20, 0, 4, 0]  	724	2 
[0, 8, 6, 5, 0]  	724	2 
[0, 30, 1, 0, 0]  	725	3 
[0, 6, 13, 2, 0]  	725	3 
[1, 0, 11, 5, 0]  	727	7 
[0, 10, 5, 5, 0]  	735	1 
[0, 9, 0, 8, 0]  	735	1 
[0, 0, 21, 0, 0]  	735	1  <--- 3
[0, 5, 14, 2, 0]  	737	3 
[0, 1, 13, 4, 0]  	742	2 
[0, 8, 1, 8, 0]  	747	1 
[0, 18, 2, 4, 0]  	748	2 
[0, 6, 8, 5, 0]  	748	2 
[0, 1, 19, 1, 0]  	754	2 
[0, 7, 2, 8, 0]  	759	1 
[1, 1, 0, 11, 0]  	761	5 
[0, 6, 3, 8, 0]  	771	1 
[0, 26, 5, 0, 0]  	773	5 
[0, 5, 4, 8, 0]  	783	1 
[0, 0, 0, 12, 0]  	792	1  <--- 4
[12, 0, 0, 1, 1]  	210	7 
[3, 2, 5, 1, 1]  	323	6 
[10, 3, 2, 1, 1]  	325	9 
[10, 2, 3, 1, 1]  	337	11 
[8, 2, 4, 1, 1]  	348	8 
[8, 1, 5, 1, 1]  	360	11 
[9, 11, 0, 0, 1]  	361	14 
[6, 13, 0, 0, 1]  	371	8 
[4, 15, 0, 0, 1]  	393	7 
[5, 13, 1, 0, 1]  	394	7 
[11, 0, 0, 4, 1]  	396	16 
[9, 0, 5, 2, 1]  	415	10 
[5, 1, 8, 1, 1]  	429	8 
[7, 9, 4, 0, 1]  	431	14 
[6, 1, 6, 2, 1]  	437	7 
[4, 14, 2, 0, 1]  	440	9 
[5, 12, 3, 0, 1]  	441	10 
[7, 8, 5, 0, 1]  	443	14 
[4, 13, 1, 1, 1]  	448	6 
[3, 15, 2, 0, 1]  	451	7 
[2, 2, 9, 1, 1]  	451	6 
[4, 13, 3, 0, 1]  	452	9 
[4, 1, 9, 1, 1]  	452	8 
[4, 12, 2, 1, 1]  	460	6 
[3, 7, 0, 4, 1]  	461	9 
[3, 17, 1, 0, 1]  	462	12 
[3, 14, 3, 0, 1]  	463	7 
[4, 12, 4, 0, 1]  	464	9 
[11, 7, 5, 0, 1]  	468	16 
[3, 10, 4, 1, 1]  	472	7 
[3, 6, 1, 4, 1]  	473	9 
[4, 4, 2, 4, 1]  	474	12 
[2, 15, 3, 0, 1]  	474	8 
[3, 13, 4, 0, 1]  	475	8 
[3, 1, 10, 1, 1]  	475	7 
[5, 6, 8, 0, 1]  	478	15 
[4, 5, 9, 0, 1]  	478	13 
[3, 12, 3, 1, 1]  	483	7 
[3, 0, 9, 2, 1]  	483	6 
[2, 8, 6, 1, 1]  	484	7 
[3, 5, 2, 4, 1]  	485	9 
[2, 5, 8, 1, 1]  	485	8 
[2, 14, 4, 0, 1]  	486	8 
[2, 0, 0, 7, 1]  	486	7 
[5, 11, 5, 0, 1]  	488	11 
[8, 5, 8, 0, 1]  	491	15 
[11, 5, 7, 0, 1]  	492	17 
[2, 10, 5, 1, 1]  	495	6 
[2, 19, 1, 0, 1]  	496	8 
[3, 4, 3, 4, 1]  	497	10 
[2, 13, 5, 0, 1]  	498	7 
[4, 9, 7, 0, 1]  	500	11 
[17, 4, 6, 0, 1]  	506	16 
[2, 12, 4, 1, 1]  	506	6 
[2, 21, 0, 0, 1]  	507	8 
[2, 2, 5, 4, 1]  	509	9 
[9, 3, 2, 4, 1]  	511	13 
[4, 8, 8, 0, 1]  	512	11 
[2, 4, 4, 4, 1]  	520	9 
[1, 16, 4, 0, 1]  	520	8 
[1, 4, 10, 1, 1]  	520	7 
[9, 2, 3, 4, 1]  	523	14 
[3, 4, 0, 6, 1]  	524	11 
[4, 2, 1, 6, 1]  	525	12 
[7, 2, 0, 6, 1]  	526	13 
[2, 16, 2, 1, 1]  	528	7 
[2, 1, 10, 2, 1]  	529	6 
[1, 18, 3, 0, 1]  	531	6 
[1, 15, 5, 0, 1]  	532	8 
[1, 3, 11, 1, 1]  	532	7 
[7, 2, 4, 4, 1]  	534	12 
[2, 7, 10, 0, 1]  	535	10 
[1, 4, 5, 4, 1]  	543	6 
[7, 1, 5, 4, 1]  	546	12 
[2, 5, 6, 3, 1]  	547	10 
[3, 2, 2, 6, 1]  	548	11 
[11, 3, 10, 0, 1]  	551	14 
[1, 13, 5, 1, 1]  	552	7 
[16, 2, 9, 0, 1]  	553	17 
[1, 3, 6, 4, 1]  	555	6 
[2, 1, 7, 4, 1]  	556	8 
[5, 1, 6, 4, 1]  	557	11 
[3, 12, 7, 0, 1]  	557	8 
[7, 0, 6, 4, 1]  	558	13 
[3, 17, 0, 2, 1]  	559	10 
[3, 14, 2, 2, 1]  	560	13 
[1, 2, 7, 4, 1]  	567	6 
[2, 5, 1, 6, 1]  	570	9 
[2, 15, 2, 2, 1]  	571	10 
[2, 3, 8, 3, 1]  	571	10 
[1, 2, 11, 2, 1]  	575	6 
[1, 2, 13, 1, 1]  	579	6 
[1, 1, 8, 4, 1]  	579	6 
[2, 8, 5, 3, 1]  	581	8 
[2, 4, 2, 6, 1]  	582	8 
[1, 16, 2, 2, 1]  	582	8 
[1, 25, 0, 0, 1]  	587	8 
[1, 13, 8, 0, 1]  	591	6 
[1, 18, 1, 2, 1]  	593	7 
[2, 3, 3, 6, 1]  	594	7 
[1, 15, 3, 2, 1]  	594	8 
[1, 4, 14, 0, 1]  	594	7 
[1, 3, 9, 3, 1]  	594	7 
[2, 2, 15, 0, 1]  	595	9 
[6, 0, 15, 0, 1]  	597	8 
[2, 6, 3, 5, 1]  	597	7 
[1, 6, 9, 2, 1]  	597	6 
[1, 14, 0, 4, 1]  	598	8 
[1, 1, 1, 8, 1]  	598	6 
[3, 13, 2, 3, 1]  	603	10 
[2, 1, 14, 1, 1]  	603	6 
[2, 0, 9, 4, 1]  	603	6 
[1, 20, 0, 2, 1]  	604	7 
[1, 3, 15, 0, 1]  	606	8 
[2, 11, 0, 5, 1]  	607	9 
[1, 3, 0, 8, 1]  	609	6 
[1, 1, 7, 5, 1]  	610	7 
[1, 3, 2, 7, 1]  	613	6 
[2, 11, 4, 3, 1]  	615	6 
[0, 15, 4, 2, 1]  	617	5 
[2, 1, 5, 6, 1]  	618	8 
[1, 2, 16, 0, 1]  	618	8 
[1, 15, 2, 3, 1]  	625	7 
[1, 1, 15, 1, 1]  	626	6 
[1, 5, 3, 6, 1]  	628	4 
[0, 17, 3, 2, 1]  	628	4 
[1, 1, 0, 9, 1]  	629	7 
[1, 24, 0, 1, 1]  	630	8 
[1, 21, 2, 1, 1]  	631	6 
[1, 1, 4, 7, 1]  	637	5 
[3, 0, 6, 6, 1]  	642	7 
[1, 23, 1, 1, 1]  	642	6 
[1, 7, 4, 5, 1]  	643	5 
[1, 13, 2, 4, 1]  	645	7 
[1, 6, 1, 7, 1]  	647	6 
[0, 16, 8, 0, 1]  	648	5 
[1, 0, 5, 7, 1]  	649	5 
[0, 13, 10, 0, 1]  	649	5 
[0, 4, 16, 0, 1]  	652	3 
[2, 10, 2, 5, 1]  	654	6 
[7, 0, 5, 6, 1]  	655	9 
[0, 18, 5, 1, 1]  	655	5 
[1, 8, 0, 7, 1]  	658	6 
[0, 18, 7, 0, 1]  	659	5 
[1, 12, 5, 3, 1]  	661	7 
[1, 0, 11, 4, 1]  	661	5 
[3, 0, 18, 0, 1]  	666	5 
[2, 12, 3, 4, 1]  	669	7 
[1, 12, 9, 1, 1]  	669	6 
[1, 0, 0, 10, 1]  	672	5 
[2, 1, 18, 0, 1]  	677	6 
[1, 10, 3, 5, 1]  	677	5 
[0, 22, 5, 0, 1]  	681	5 
[2, 0, 19, 0, 1]  	689	3 
[0, 30, 0, 0, 1]  	690	5 
[0, 27, 2, 0, 1]  	691	6 
[0, 15, 8, 1, 1]  	691	5 
[0, 19, 0, 4, 1]  	701	3 
[0, 16, 2, 4, 1]  	702	4 
[1, 0, 20, 0, 1]  	712	3 
[0, 9, 5, 5, 1]  	712	2 
[0, 18, 1, 4, 1]  	713	3 
[0, 7, 7, 5, 1]  	736	2 
[0, 26, 4, 0, 1]  	738	5 
[3, 3, 3, 1, 2]  	276	4 
[2, 14, 0, 0, 2]  	346	6 
[9, 0, 5, 1, 2]  	349	13 
[7, 12, 1, 0, 2]  	395	12 
[4, 13, 2, 0, 2]  	417	7 
[4, 5, 0, 4, 2]  	427	11 
[4, 4, 1, 4, 2]  	439	10 
[6, 9, 5, 0, 2]  	454	13 
[3, 4, 2, 4, 2]  	462	10 
[2, 13, 4, 0, 2]  	463	6 
[15, 7, 4, 0, 2]  	481	14 
[3, 12, 5, 0, 2]  	487	8 
[4, 7, 8, 0, 2]  	489	12 
[14, 5, 6, 0, 2]  	493	16 
[2, 9, 0, 4, 2]  	495	6 
[4, 11, 0, 3, 2]  	499	9 
[9, 0, 0, 6, 2]  	504	12 
[2, 8, 1, 4, 2]  	507	6 
[1, 14, 5, 0, 2]  	509	7 
[3, 12, 0, 3, 2]  	510	8 
[8, 3, 10, 0, 2]  	515	16 
[2, 7, 2, 4, 2]  	519	6 
[2, 13, 0, 3, 2]  	521	8 
[2, 6, 3, 4, 2]  	531	6 
[1, 14, 0, 3, 2]  	532	8 
[8, 0, 5, 4, 2]  	535	13 
[4, 3, 12, 0, 2]  	537	14 
[15, 4, 8, 0, 2]  	552	15 
[3, 11, 2, 3, 2]  	557	8 
[2, 7, 5, 3, 2]  	558	9 
[1, 15, 4, 1, 2]  	563	7 
[1, 24, 0, 0, 2]  	564	6 
[4, 1, 3, 6, 2]  	572	10 
[9, 2, 12, 0, 2]  	574	12 
[1, 13, 0, 4, 2]  	575	7 
[15, 2, 10, 0, 2]  	576	17 
[1, 13, 2, 3, 2]  	579	7 
[2, 12, 8, 0, 2]  	580	7 
[7, 0, 3, 6, 2]  	585	12 
[5, 0, 15, 0, 2]  	585	8 
[2, 10, 4, 3, 2]  	592	7 
[3, 1, 4, 6, 2]  	595	10 
[1, 2, 6, 5, 2]  	598	8 
[2, 12, 3, 3, 2]  	603	7 
[1, 12, 9, 0, 2]  	603	6 
[1, 8, 6, 3, 2]  	604	6 
[1, 6, 13, 0, 2]  	605	7 
[1, 14, 4, 2, 2]  	606	8 
[3, 0, 5, 6, 2]  	607	9 
[1, 10, 5, 3, 2]  	615	5 
[0, 27, 0, 0, 2]  	621	6 
[1, 2, 3, 7, 2]  	625	5 
[1, 12, 4, 3, 2]  	626	7 
[0, 14, 5, 2, 2]  	629	5 
[2, 0, 6, 6, 2]  	630	8 
[0, 26, 1, 0, 2]  	633	6 
[0, 4, 10, 3, 2]  	640	3 
[0, 25, 0, 1, 2]  	641	5 
[0, 13, 6, 2, 2]  	641	5 
[4, 0, 17, 0, 2]  	643	7 
[3, 1, 17, 0, 2]  	654	7 
[1, 12, 3, 4, 2]  	657	7 
[1, 1, 14, 2, 2]  	657	6 
[0, 14, 4, 3, 2]  	660	4 
[0, 2, 12, 3, 2]  	664	3 
[1, 1, 18, 0, 2]  	665	5 
[1, 11, 4, 4, 2]  	669	6 
[0, 16, 3, 3, 2]  	671	4 
[0, 13, 5, 3, 2]  	672	4 
[0, 18, 0, 4, 2]  	678	4 
[0, 18, 2, 3, 2]  	682	4 
[0, 12, 6, 3, 2]  	684	4 
[0, 12, 8, 2, 2]  	688	3 
[0, 17, 1, 4, 2]  	690	4 
[1, 0, 10, 5, 2]  	692	6 
[0, 25, 4, 0, 2]  	715	5 
[0, 5, 9, 5, 2]  	760	2 
[3, 13, 3, 0, 3]  	440	7 
[7, 11, 3, 0, 3]  	442	13 
[3, 13, 2, 1, 3]  	471	6 
[2, 9, 5, 1, 3]  	472	7 
[1, 14, 4, 0, 3]  	474	6 
[2, 7, 7, 1, 3]  	496	7 
[2, 12, 0, 3, 3]  	498	6 
[2, 5, 3, 4, 3]  	508	7 
[1, 13, 0, 3, 3]  	509	6 
[6, 2, 0, 6, 3]  	514	14 
[12, 4, 8, 0, 3]  	516	17 
[4, 10, 2, 3, 3]  	546	9 
[8, 1, 1, 6, 3]  	550	13 
[1, 12, 0, 4, 3]  	552	6 
[6, 1, 2, 6, 3]  	561	12 
[5, 2, 13, 0, 3]  	561	11 
[8, 2, 12, 0, 3]  	562	15 
[8, 0, 2, 6, 3]  	562	12 
[1, 3, 10, 2, 3]  	563	6 
[1, 17, 3, 1, 3]  	574	7 
[1, 19, 0, 2, 3]  	581	8 
[4, 2, 14, 0, 3]  	584	10 
[1, 12, 3, 3, 3]  	591	6 
[2, 0, 5, 6, 3]  	595	9 
[5, 0, 4, 6, 3]  	596	11 
[4, 1, 15, 0, 3]  	596	9 
[1, 5, 8, 3, 3]  	605	6 
[1, 1, 5, 6, 3]  	606	7 
[4, 0, 16, 0, 3]  	608	7 
[0, 20, 1, 2, 3]  	627	4 
[0, 13, 0, 5, 3]  	629	5 
[1, 12, 6, 2, 3]  	630	7 
[2, 1, 17, 0, 3]  	642	6 
[1, 0, 3, 8, 3]  	645	6 
[3, 0, 8, 5, 3]  	646	9 
[1, 10, 8, 2, 3]  	654	5 
[0, 23, 0, 2, 3]  	661	5 
[0, 3, 5, 7, 3]  	706	2 
[0, 1, 7, 7, 3]  	730	2 
[1, 13, 5, 0, 4]  	486	6 
[2, 3, 4, 4, 4]  	497	9 
[4, 9, 2, 3, 4]  	523	10 
[3, 3, 1, 6, 4]  	536	11 
[7, 1, 1, 6, 4]  	538	14 
[3, 2, 14, 0, 4]  	572	10 
[3, 0, 8, 4, 4]  	580	9 
[2, 1, 4, 6, 4]  	583	9 
[4, 0, 4, 6, 4]  	584	10 
[0, 24, 1, 1, 4]  	653	5 
[2, 0, 18, 0, 4]  	654	7 
[0, 20, 6, 0, 4]  	670	5 
[1, 0, 19, 0, 4]  	677	4 
[0, 15, 3, 4, 4]  	714	4 
[0, 11, 8, 3, 4]  	731	3 
[8, 8, 4, 0, 5]  	420	12 
[7, 2, 12, 0, 5]  	550	13 
[3, 1, 3, 6, 5]  	560	11 
[6, 0, 3, 6, 5]  	573	11 
[3, 1, 16, 0, 5]  	619	8 
[0, 2, 18, 0, 5]  	676	3 
[0, 10, 4, 6, 5]  	766	2 
[1, 2, 12, 1, 6]  	544	7 
[2, 2, 3, 6, 6]  	571	9 
[1, 3, 5, 5, 6]  	586	7 
[2, 1, 16, 0, 6]  	607	8 
[2, 0, 17, 0, 6]  	619	7 
[2, 4, 8, 2, 7]  	528	6 
[5, 1, 2, 6, 7]  	549	11 
[1, 1, 11, 3, 7]  	618	7 
[2, 4, 3, 5, 11]  	551	8 
[1, 16, 3, 1, 246]  	551	5 
[1, 15, 3, 1, 248]  	528	5 
[1, 1, 7, 4, 248]  	544	6 
[1, 1, 0, 8, 248]  	563	5 
[1, 8, 8, 2, 249]  	608	5 
[1, 10, 7, 2, 249]  	619	5 
[1, 9, 3, 5, 249]  	654	4 
[0, 4, 14, 2, 249]  	714	3 
[1, 4, 9, 2, 250]  	551	4 
[2, 6, 2, 5, 250]  	562	6 
[1, 7, 8, 2, 250]  	585	5 
[1, 21, 1, 1, 250]  	596	5 
[1, 23, 0, 1, 250]  	607	7 
[1, 0, 12, 3, 250]  	630	5 
[0, 0, 2, 9, 250]  	664	1 
[0, 8, 10, 2, 250]  	666	3 
[0, 1, 13, 3, 250]  	676	2 
[7, 7, 5, 0, 251]  	420	10 
[1, 3, 10, 1, 251]  	497	7 
[3, 9, 8, 0, 251]  	523	9 
[2, 7, 6, 2, 251]  	527	5 
[1, 3, 9, 2, 251]  	528	3 
[3, 1, 8, 3, 251]  	537	7 
[2, 8, 0, 5, 251]  	538	7 
[2, 6, 7, 2, 251]  	539	5 
[1, 19, 1, 1, 251]  	550	5 
[2, 6, 0, 6, 251]  	558	8 
[1, 18, 2, 1, 251]  	562	4 
[1, 8, 7, 2, 251]  	573	3 
[2, 11, 3, 3, 251]  	580	7 
[1, 22, 0, 1, 251]  	584	6 
[1, 5, 4, 5, 251]  	597	5 
[1, 0, 6, 6, 251]  	618	6 
[0, 18, 4, 1, 251]  	620	3 
[0, 17, 5, 1, 251]  	632	3 
[0, 7, 10, 2, 251]  	643	2 
[0, 25, 2, 0, 251]  	645	4 
[1, 11, 9, 1, 251]  	646	5 
[0, 4, 13, 2, 251]  	679	3 
[0, 0, 19, 1, 251]  	731	1 
[8, 10, 2, 0, 252]  	396	12 
[6, 10, 4, 0, 252]  	442	7 
[1, 3, 9, 1, 252]  	462	4 
[2, 4, 7, 2, 252]  	493	5 
[2, 8, 5, 2, 252]  	515	7 
[2, 4, 12, 0, 252]  	536	11 
[1, 17, 2, 1, 252]  	539	4 
[1, 0, 0, 8, 252]  	540	4 
[2, 9, 9, 0, 252]  	546	8 
[4, 2, 13, 0, 252]  	549	10 
[1, 12, 2, 3, 252]  	556	4 
[3, 0, 13, 1, 252]  	557	4 
[1, 21, 0, 1, 252]  	561	6 
[1, 6, 8, 2, 252]  	562	2 
[2, 1, 13, 1, 252]  	568	5 
[1, 14, 3, 2, 252]  	571	4 
[4, 0, 15, 0, 252]  	573	6 
[1, 4, 4, 5, 252]  	574	4 
[0, 15, 5, 1, 252]  	586	3 
[1, 1, 14, 1, 252]  	591	3 
[0, 17, 4, 1, 252]  	597	3 
[0, 5, 10, 2, 252]  	597	2 
[0, 26, 0, 0, 252]  	598	3 
[1, 4, 1, 7, 252]  	601	6 
[1, 4, 3, 6, 252]  	605	4 
[0, 4, 11, 2, 252]  	609	2 
[0, 16, 7, 0, 252]  	613	4 
[0, 15, 8, 0, 252]  	625	4 
[0, 9, 12, 0, 252]  	627	1 
[0, 14, 7, 1, 252]  	633	4 
[1, 0, 14, 2, 252]  	634	3 
[0, 2, 0, 9, 252]  	640	1 
[0, 11, 0, 6, 252]  	649	1 
[0, 0, 13, 3, 252]  	653	1 
[0, 17, 0, 4, 252]  	655	3 
[1, 0, 9, 5, 252]  	657	4 
[0, 8, 12, 1, 252]  	670	1 
[0, 1, 17, 1, 252]  	684	2 
[0, 0, 18, 1, 252]  	696	1 
[8, 10, 1, 0, 253]  	361	11 
[7, 0, 7, 1, 253]  	395	6 
[2, 3, 8, 1, 253]  	439	5 
[1, 2, 9, 1, 253]  	439	3 
[3, 1, 9, 1, 253]  	440	4 
[5, 8, 6, 0, 253]  	454	10 
[3, 1, 8, 2, 253]  	471	3 
[3, 4, 10, 0, 253]  	478	10 
[2, 5, 6, 2, 253]  	481	8 
[0, 0, 12, 1, 253]  	486	1 
[3, 6, 9, 0, 253]  	489	9 
[2, 6, 2, 4, 253]  	496	6 
[1, 1, 0, 7, 253]  	497	5 
[1, 14, 3, 1, 253]  	505	4 
[5, 3, 11, 0, 253]  	514	11 
[1, 7, 8, 1, 253]  	519	4 
[3, 11, 7, 0, 253]  	534	4 
[2, 6, 5, 3, 253]  	535	10 
[0, 13, 7, 0, 253]  	544	2 
[2, 12, 7, 0, 253]  	545	3 
[2, 7, 1, 5, 253]  	550	5 
[2, 1, 9, 3, 253]  	560	4 
[0, 17, 3, 1, 253]  	562	2 
[1, 12, 8, 0, 253]  	568	4 
[1, 9, 10, 0, 253]  	569	6 
[2, 0, 10, 3, 253]  	572	6 
[0, 16, 4, 1, 253]  	574	3 
[1, 8, 11, 0, 253]  	581	5 
[1, 2, 15, 0, 253]  	583	2 
[1, 6, 3, 5, 253]  	585	4 
[0, 6, 9, 2, 253]  	585	2 
[1, 0, 9, 4, 253]  	591	3 
[0, 12, 9, 0, 253]  	591	2 
[1, 12, 5, 2, 253]  	595	6 
[1, 12, 7, 1, 253]  	599	4 
[1, 11, 4, 3, 253]  	603	4 
[1, 11, 6, 2, 253]  	607	5 
[0, 15, 0, 4, 253]  	609	3 
[1, 0, 4, 7, 253]  	614	3 
[0, 10, 11, 0, 253]  	615	2 
[0, 12, 6, 2, 253]  	618	3 
[0, 14, 1, 4, 253]  	621	3 
[0, 24, 2, 0, 253]  	622	3 
[0, 14, 3, 3, 253]  	625	3 
[0, 3, 16, 0, 253]  	629	4 
[0, 2, 11, 3, 253]  	629	3 
[1, 10, 2, 5, 253]  	642	4 
[0, 9, 11, 1, 253]  	658	2 
[0, 2, 10, 4, 253]  	660	3 
[0, 1, 7, 6, 253]  	664	1 
[0, 19, 1, 3, 253]  	670	3 
[0, 1, 6, 7, 253]  	695	2 
[0, 0, 7, 7, 253]  	707	1 
[0, 4, 4, 8, 253]  	760	1 
[8, 11, 0, 0, 254]  	349	7 
[1, 1, 8, 1, 254]  	381	3 
[6, 0, 7, 1, 254]  	383	5 
[2, 5, 6, 1, 254]  	415	4 
[6, 6, 6, 0, 254]  	420	5 
[2, 4, 7, 1, 254]  	427	2 
[1, 15, 2, 0, 254]  	427	3 
[5, 7, 6, 0, 254]  	431	7 
[5, 0, 7, 2, 254]  	437	4 
[3, 4, 9, 0, 254]  	443	7 
[1, 0, 11, 1, 254]  	463	2 
[2, 6, 5, 2, 254]  	469	5 
[2, 8, 0, 4, 254]  	472	6 
[1, 0, 0, 7, 254]  	474	4 
[1, 19, 1, 0, 254]  	484	4 
[0, 6, 8, 1, 254]  	484	1 
[1, 12, 0, 3, 254]  	486	3 
[3, 4, 1, 5, 254]  	493	3 
[0, 8, 7, 1, 254]  	495	1 
[0, 17, 3, 0, 254]  	496	2 
[0, 11, 7, 0, 254]  	498	1 
[1, 4, 4, 4, 254]  	508	3 
[0, 4, 10, 1, 254]  	508	1 
[2, 5, 5, 3, 254]  	512	5 
[4, 1, 7, 3, 254]  	514	3 
[11, 3, 9, 0, 254]  	516	13 
[2, 4, 2, 5, 254]  	516	7 
[0, 15, 5, 0, 254]  	520	2 
[1, 0, 7, 4, 254]  	521	2 
[2, 6, 1, 5, 254]  	527	7 
[1, 20, 0, 1, 254]  	538	4 
[7, 0, 2, 6, 254]  	550	8 
[2, 13, 3, 2, 254]  	560	6 
[1, 9, 6, 2, 254]  	561	3 
[1, 2, 5, 5, 254]  	563	3 
[1, 17, 1, 2, 254]  	570	8 
[0, 19, 2, 1, 254]  	573	2 
[14, 1, 11, 0, 254]  	576	7 
[0, 12, 3, 3, 254]  	579	3 
[1, 5, 13, 0, 254]  	582	7 
[1, 8, 0, 6, 254]  	592	2 
[0, 2, 10, 3, 254]  	594	2 
[1, 11, 0, 5, 254]  	595	2 
[1, 7, 1, 6, 254]  	604	3 
[0, 13, 2, 4, 254]  	633	3 
[0, 0, 7, 6, 254]  	641	1 
[0, 11, 6, 3, 254]  	661	2 
[0, 1, 11, 4, 254]  	672	2 
[0, 0, 6, 7, 254]  	672	1 
[0, 8, 0, 8, 254]  	712	1 
[0, 6, 2, 8, 254]  	736	1 
[6, 6, 0, 0, 255]  	210	5 
[1, 1, 5, 1, 255]  	276	3 
[0, 0, 6, 1, 255]  	276	1 
[0, 12, 1, 0, 255]  	311	2 
[5, 7, 5, 0, 255]  	396	5 
[5, 6, 6, 0, 255]  	408	6 
[3, 3, 9, 0, 255]  	420	5 
[3, 4, 1, 4, 255]  	427	6 
[4, 6, 7, 0, 255]  	431	7 
[0, 20, 0, 0, 255]  	460	1 
[0, 11, 6, 0, 255]  	463	1 
[13, 5, 6, 0, 255]  	481	14 
[3, 5, 0, 5, 255]  	481	2 
[2, 4, 1, 5, 255]  	481	6 
[3, 11, 0, 3, 255]  	487	4 
[4, 10, 6, 0, 255]  	488	6 
[4, 8, 2, 3, 255]  	500	7 
[3, 3, 0, 6, 255]  	501	7 
[16, 3, 7, 0, 255]  	506	6 
[4, 10, 1, 3, 255]  	511	5 
[2, 5, 11, 0, 255]  	524	5 
[1, 8, 0, 5, 255]  	526	1 
[0, 0, 0, 8, 255]  	528	1 
[1, 6, 11, 0, 255]  	535	2 
[6, 0, 2, 6, 255]  	538	8 
[0, 15, 0, 3, 255]  	543	3 
[4, 0, 3, 6, 255]  	549	8 
[2, 11, 4, 2, 255]  	549	3 
[2, 0, 15, 0, 255]  	549	2 
[1, 6, 2, 5, 255]  	550	1 
[14, 0, 11, 0, 255]  	553	7 
[2, 3, 2, 6, 255]  	559	8 
[3, 0, 4, 6, 255]  	572	7 
[0, 11, 0, 5, 255]  	583	1 
[1, 2, 4, 6, 255]  	594	2 
[0, 4, 5, 5, 255]  	597	1 
[0, 8, 12, 0, 255]  	604	1 
[0, 5, 14, 0, 255]  	605	1 
[0, 0, 5, 7, 255]  	637	1 
[0, 2, 17, 0, 255]  	641	2 
[0, 1, 19, 0, 255]  	688	1 
[0, 10, 3, 6, 255]  	731	2 
------
The gap is between 12 and 245.
Lengths: 5 5 10 15 5 12.
For 692 = 3*d-d1-d2-d3-d4 you get 5 in char 0.
1 + 0*2^64 + 0*2^128 + 0*2^192*y^24*z^4
1 + 0*2^64 + 0*2^128 + 0*2^192*y^12*z^10*w^1
1 + 0*2^64 + 0*2^128 + 0*2^192*y^11*z^5*w^4
1 + 0*2^64 + 0*2^128 + 0*2^192*y^10*w^7
1 + 0*2^64 + 0*2^128 + 0*2^192*z^16*w^2

For 416 = 2*d-d1-d2-d3-d4 you get 10 in char 0.
1 + 0*2^64 + 0*2^128 + 0*2^192*x^5*y^4*w^4
1 + 0*2^64 + 0*2^128 + 0*2^192*x^4*y^3*z^1*w^4
1 + 0*2^64 + 0*2^128 + 0*2^192*x^3*y^2*z^2*w^4
1 + 0*2^64 + 0*2^128 + 0*2^192*x^2*y^2*z^8*w^1
1 + 0*2^64 + 0*2^128 + 0*2^192*x^2*y^1*z^3*w^4
1 + 0*2^64 + 0*2^128 + 0*2^192*x^1*y^13*z^3
1 + 0*2^64 + 0*2^128 + 0*2^192*x^1*y^1*z^9*w^1
1 + 0*2^64 + 0*2^128 + 0*2^192*x^1*z^4*w^4
1 + 0*2^64 + 0*2^128 + 0*2^192*y^12*z^4
1 + 0*2^64 + 0*2^128 + 0*2^192*z^10*w^1

For 140 = d-d1-d2-d3-d4 you get 5 in char 0.
1 + 0*2^64 + 0*2^128 + 0*2^192*x^4*y^4
1 + 0*2^64 + 0*2^128 + 0*2^192*x^3*y^3*z^1
1 + 0*2^64 + 0*2^128 + 0*2^192*x^2*y^2*z^2
1 + 0*2^64 + 0*2^128 + 0*2^192*x^1*y^1*z^3
1 + 0*2^64 + 0*2^128 + 0*2^192*z^4

Extra powers of p used 6.
The invariant extra is equal to 33.
Start computing 2^4 Delta^1 (x1x2x3x4)^1... Done.
Start computing 2^5 Delta^2 (x1x2x3x4)^1... Done.
Start computing 2^6 Delta^3 (x1x2x3x4)^1... Done.
Start computing 2^7 Delta^4 (x1x2x3x4)^1... Done.
Start computing 2^8 Delta^5 (x1x2x3x4)^1... Done.
Start computing 2^9 Delta^6 (x1x2x3x4)^1... Done.
Start computing 2^10 Delta^7 (x1x2x3x4)^1... Done.
Start computing 2^11 Delta^8 (x1x2x3x4)^1... Done.
Start computing 2^12 Delta^9 (x1x2x3x4)^1... Done.
Start computing 2^13 Delta^10 (x1x2x3x4)^1... Done.
Start computing 2^14 Delta^11 (x1x2x3x4)^1... Done.
Start computing 2^15 Delta^12 (x1x2x3x4)^1... Done.
Start computing 2^16 Delta^13 (x1x2x3x4)^1... Done.
Start computing 2^17 Delta^14 (x1x2x3x4)^1... Done.
Start computing 2^18 Delta^15 (x1x2x3x4)^1... Done.
Start computing 2^19 Delta^16 (x1x2x3x4)^1... Done.
Start computing 2^20 Delta^17 (x1x2x3x4)^1... Done.
Start computing 2^21 Delta^18 (x1x2x3x4)^1... Done.
Start computing 2^22 Delta^19 (x1x2x3x4)^1... Done.
Start computing 2^23 Delta^20 (x1x2x3x4)^1... Done.
Start computing 2^24 Delta^21 (x1x2x3x4)^1... Done.
Start computing 2^25 Delta^22 (x1x2x3x4)^1... Done.
Start computing 2^26 Delta^23 (x1x2x3x4)^1... Done.
Start computing 2^27 Delta^24 (x1x2x3x4)^1... Done.
Start computing 2^28 Delta^25 (x1x2x3x4)^1... Done.
Start computing 2^29 Delta^26 (x1x2x3x4)^1... Done.
Start computing 2^30 Delta^27 (x1x2x3x4)^1... Done.
Start computing 2^31 Delta^28 (x1x2x3x4)^1... Done.
Start computing 2^32 Delta^29 (x1x2x3x4)^1... Done.
Start computing 2^33 Delta^30 (x1x2x3x4)^1... Done.
Start computing 2^34 Delta^31 (x1x2x3x4)^1... Done.
Start computing 2^35 Delta^32 (x1x2x3x4)^1... Done.
Start computing 2^36 Delta^33 (x1x2x3x4)^1... Done.
Start computing 2^37 Delta^34 (x1x2x3x4)^1... Done.
Start computing 2^38 Delta^35 (x1x2x3x4)^1... Done.
Start computing aa.
1 2 3 4 5 6 7 8 9 10 11 12 13 14 15 16 17 18 19 20 
*/
A = \
[5063025509030645424 + 6439582442425048229*2^64 + 7848474633239521018*2^128 + 57016247420*2^192,15172094129137142944 + 3296632938711278380*2^64 + 16174663001855562957*2^128 + 68001617089*2^192,12883969878808253424 + 16043379999774309901*2^64 + 12900215083754360236*2^128 + 64157860232*2^192,15543234311699883496 + 11345876279680345838*2^64 + 17002213974797221009*2^128 + 57784027907*2^192,10008551307260815168 + 5676713989991874764*2^64 + 16582869990586976040*2^128 + 52263340358*2^192,4362012819075163200 + 15284019940001623080*2^64 + 3576143566131174301*2^128 + 55335261014*2^192,6137781397576896640 + 14253461100506867487*2^64 + 12412293811120453211*2^128 + 63378949952*2^192,10806327032825777088 + 1556080126264997176*2^64 + 16419656429239448573*2^128 + 25404742148*2^192,9995203864959303936 + 15061244680233395645*2^64 + 6533630177222041605*2^128 + 5988873287*2^192,1056105067835734336 + 6477504687286253421*2^64 + 10580847884519057807*2^128 + 5517143350*2^192,2248163090620038144 + 17116618696753623858*2^64 + 10335889416376902949*2^128 + 6864204098*2^192,4502273382533915904 + 13839167862595874483*2^64 + 7148712249307296505*2^128 + 56030994949*2^192,1373141448027037888 + 2150907928829177174*2^64 + 8926074189645506935*2^128 + 18876914103*2^192,17261656303782658560 + 18139401360553193479*2^64 + 11624815480525190995*2^128 + 49671162738*2^192,723493498001306368 + 13847005323565167623*2^64 + 4257373113670844920*2^128 + 56052498895*2^192,12827720791778449536 + 3755746002156188450*2^64 + 8478196026721277495*2^128 + 55794638955*2^192,5673369202677646080 + 14097458833068182716*2^64 + 8763730285651939569*2^128 + 7399646296*2^192,753726532217020032 + 8451860487828216377*2^64 + 10284867959885924967*2^128 + 39506827162*2^192,999770758288898688 + 692899035198041722*2^64 + 13343309305505051256*2^128 + 58561635774*2^192,14466704976594287744 + 2575592198779484538*2^64 + 14554383325562967197*2^128 + 46770249289*2^192;\
13827426426231689088 + 5241292543014775064*2^64 + 3485065135741847958*2^128 + 13576580624*2^192,11438473467258377856 + 15234054342645792348*2^64 + 14774250465878956887*2^128 + 18377862074*2^192,770546537703819600 + 4212786237397679801*2^64 + 15457412070884737837*2^128 + 29117520539*2^192,13609171178547350904 + 3602695385617807522*2^64 + 13503600500791073642*2^128 + 58239610735*2^192,15558107920432344576 + 3133037560349234150*2^64 + 14020332448276745777*2^128 + 56313562520*2^192,13504390990483261120 + 9348969649761187432*2^64 + 17489660354907809434*2^128 + 37989511445*2^192,10435108463541033408 + 4590669507809269138*2^64 + 6322776026671743824*2^128 + 6168169941*2^192,1475719357379337280 + 14940290774813428679*2^64 + 1371191875567286148*2^128 + 51769068471*2^192,3375394811818238208 + 17471745368953123281*2^64 + 15638709843027604116*2^128 + 83127991*2^192,12027660631249423232 + 11999286407475190079*2^64 + 7584772292397682*2^128 + 38684915676*2^192,10997939013485811584 + 489292598050711914*2^64 + 7710127834359071923*2^128 + 2610838826*2^192,6008619685562425984 + 3626699552076795691*2^64 + 14086403526798778817*2^128 + 66835176994*2^192,5274441263609095360 + 13079979970275459608*2^64 + 420780361657981445*2^128 + 17295388143*2^192,10161933406545376768 + 8810618399321535113*2^64 + 354707581528871491*2^128 + 25415535235*2^192,13270938860533132032 + 10923084379966960721*2^64 + 6488855456878502510*2^128 + 56922152614*2^192,8257094701492867072 + 13432615375574100748*2^64 + 12075497492608065960*2^128 + 51182310501*2^192,14511448788169333632 + 8526316639049745594*2^64 + 10227294953903862364*2^128 + 64311551239*2^192,2444143922432940032 + 11295057222945371981*2^64 + 16228893441850691492*2^128 + 21796072232*2^192,2363841042386376832 + 4054306991932260459*2^64 + 4773359834665111504*2^128 + 50097563166*2^192,2516583372746426624 + 5347341850625267893*2^64 + 3872900707450391548*2^128 + 5983412757*2^192;\
4044332652196534272 + 7854759070191138207*2^64 + 16916001589266494564*2^128 + 29683656148*2^192,197034818440492032 + 10005255462251473108*2^64 + 12201824236346990227*2^128 + 33473548971*2^192,15402847992382233920 + 13885711202544089793*2^64 + 7480974961262498651*2^128 + 50978255118*2^192,15926059650385873664 + 6320264567138747506*2^64 + 11777378215587183787*2^128 + 11715465226*2^192,10371948478867111936 + 3357089189724384184*2^64 + 989251626668367373*2^128 + 14191893355*2^192,8683258526144485376 + 11231563114518464168*2^64 + 1754611511890135991*2^128 + 38285596832*2^192,11002935772362498048 + 5588470809842969303*2^64 + 3751273677909550124*2^128 + 2366087997*2^192,15089416706386225152 + 10543866773482510696*2^64 + 1341344316987632047*2^128 + 13620719232*2^192,17093148370086391808 + 11011133426154533219*2^64 + 2179852475156380065*2^128 + 22026778854*2^192,16779146443469980672 + 12766538824911984707*2^64 + 10815980237469770614*2^128 + 65340052260*2^192,10101201576777099264 + 11134108535681180574*2^64 + 15428408086163929679*2^128 + 38256985578*2^192,14283911361406504960 + 14186254037995123039*2^64 + 15354356568712750015*2^128 + 45979685981*2^192,8787606702718911488 + 4140454433043565189*2^64 + 7552586941323419817*2^128 + 47653806967*2^192,18097080076653621248 + 8675043492564760187*2^64 + 7682024298939570569*2^128 + 46670808809*2^192,11739968556573802496 + 6590819542831042584*2^64 + 5420471116001901939*2^128 + 45745675034*2^192,13597518235237912576 + 12550861798863121889*2^64 + 11364249516713372159*2^128 + 2660244850*2^192,16280546467528368128 + 9262167170747673975*2^64 + 6768771323167549120*2^128 + 13604354192*2^192,7747362205480636416 + 900294849681796546*2^64 + 8684223167425607955*2^128 + 4507583785*2^192,9032145284725051392 + 16015182606696451519*2^64 + 11944748758552347734*2^128 + 42700374742*2^192,11741452728612847616 + 1656493886192033101*2^64 + 13225665397914850976*2^128 + 63064877686*2^192;\
6186281761165843968 + 4254572509218347177*2^64 + 9772627951834892408*2^128 + 1712847757*2^192,11211213914092708352 + 1015478318257485598*2^64 + 12445476154682878476*2^128 + 44161131263*2^192,4303345219729607808 + 10591802190221287580*2^64 + 3950947303597855661*2^128 + 22515010211*2^192,1876797875561236864 + 9160467366522363972*2^64 + 3990218673538043284*2^128 + 65664022925*2^192,7162695334600760320 + 3845072106645182010*2^64 + 16345093005165057975*2^128 + 42452386080*2^192,4437586294334851072 + 127996721138090261*2^64 + 2372481597724023087*2^128 + 67423513545*2^192,7688762777342509568 + 17987590947262601294*2^64 + 9488160797540843617*2^128 + 49060471639*2^192,1997099388322731008 + 9121242465628323968*2^64 + 15243779229671906402*2^128 + 5523300906*2^192,13431748410407849984 + 14890670551026204530*2^64 + 12448464036599945160*2^128 + 64066110175*2^192,11952718377551221248 + 15841773283592492732*2^64 + 11575527208790085360*2^128 + 46743488375*2^192,12838325633113377792 + 1094035642841907271*2^64 + 12678533746333147625*2^128 + 6056144164*2^192,13226989240814968832 + 2263803352363264032*2^64 + 15820657869862504708*2^128 + 60606762226*2^192,6883486509305642496 + 727146259382770495*2^64 + 1817079054396782047*2^128 + 24725490957*2^192,12856871819812298752 + 520618797790772107*2^64 + 12522504332096032637*2^128 + 2656516565*2^192,7867507536114636800 + 17685477321843257268*2^64 + 2979785025845966100*2^128 + 1179689928*2^192,7660664629927162880 + 4668935507884232796*2^64 + 16765267718769875701*2^128 + 27402626934*2^192,10761504469549625344 + 12213425802308090512*2^64 + 12137516152408749907*2^128 + 22945286489*2^192,13149522925295559680 + 7355530785334394411*2^64 + 16570824627269591053*2^128 + 4778960692*2^192,14748377967253042176 + 12553395473152276021*2^64 + 17228136440972347009*2^128 + 49112101324*2^192,5232208700168301568 + 16117099734161896246*2^64 + 12421189176194951425*2^128 + 28732487989*2^192;\
5630864776797572980 + 11673010204375098948*2^64 + 5993894151467758426*2^128 + 20914447979*2^192,10285079977703037144 + 1151745120081300914*2^64 + 8848554399038108297*2^128 + 64371342859*2^192,11345686262158284132 + 1252152470163686726*2^64 + 15864159247748292949*2^128 + 7362071806*2^192,1130724477969281458 + 7119488548643030582*2^64 + 2817722220106767956*2^128 + 49322829446*2^192,14309322394484434352 + 8131716703368371984*2^64 + 18063871003153629314*2^128 + 23472239275*2^192,11234662862176994128 + 18366136323187927174*2^64 + 6705743479308116833*2^128 + 57409609656*2^192,7928953361202772608 + 4485036102717943865*2^64 + 11826029008602728643*2^128 + 19729038381*2^192,10644153948271254448 + 6834225473491227874*2^64 + 9754775477198871314*2^128 + 12252241435*2^192,17010639364125053760 + 14832919694585199395*2^64 + 31258863581058399*2^128 + 36863502514*2^192,636963219850742192 + 16968757423395778307*2^64 + 8884268045580335866*2^128 + 48295829026*2^192,7364616982945797696 + 12396002811660261827*2^64 + 15397245267156544273*2^128 + 59529626235*2^192,16184390695841582720 + 9907816727841273443*2^64 + 3365935275026883169*2^128 + 68532055458*2^192,14738631016573421104 + 8010321030330442277*2^64 + 8789339209860692970*2^128 + 60192689794*2^192,2909015874269024512 + 9401036514076545863*2^64 + 9637179318084495372*2^128 + 27393254942*2^192,6381105625707000768 + 17387269766527295331*2^64 + 3864483708114313613*2^128 + 16349785142*2^192,2341271346534607968 + 5580121198219629992*2^64 + 1992197597855186361*2^128 + 4817152209*2^192,4023369512442079872 + 6957312528761973755*2^64 + 6336066602233947665*2^128 + 30570991565*2^192,68277521816014048 + 14966238905133310297*2^64 + 11187408155955557818*2^128 + 31184864176*2^192,662693218651852192 + 9205156247024652979*2^64 + 1026974990878502278*2^128 + 42977064688*2^192,7735531647673623008 + 3552030903311493479*2^64 + 787967992766298586*2^128 + 14237572543*2^192;\
15061301943714135552 + 1760355509298417675*2^64 + 6008660108923443779*2^128 + 68170184793*2^192,8615989323759307776 + 1956693080509126708*2^64 + 17196478671905448380*2^128 + 59110736995*2^192,9050179183821362752 + 15008297112072992296*2^64 + 10307696286237140133*2^128 + 54946883127*2^192,6834344605570763904 + 12056114045586790299*2^64 + 9207778206920702723*2^128 + 26912137837*2^192,4620888592848396288 + 16622860817388017721*2^64 + 14616547263988334776*2^128 + 63191089949*2^192,14345521502646918400 + 18361465478039158974*2^64 + 13760884599483393540*2^128 + 51321700854*2^192,1372911071703268992 + 5441700873148170344*2^64 + 14510534454177868136*2^128 + 17042639945*2^192,12820379952419779712 + 8387666921133368669*2^64 + 15398888037467457544*2^128 + 20515985499*2^192,15178924098714710016 + 4204068297956564353*2^64 + 17590860274776798061*2^128 + 1635707684*2^192,1399258174656524160 + 5657390567748357907*2^64 + 3252705475352150484*2^128 + 37199551222*2^192,7333956318780065792 + 10031447049458602974*2^64 + 6602843639060476838*2^128 + 19969001361*2^192,4694410801390075904 + 8253635157506867600*2^64 + 5254814641850415090*2^128 + 57210533885*2^192,17436611529099409920 + 15559203777686518170*2^64 + 13252575559786038497*2^128 + 32415653053*2^192,800544194563195904 + 17759895285389445669*2^64 + 13638529369769228069*2^128 + 46262621983*2^192,13895133047394996224 + 3452209548411494210*2^64 + 10263803738339547523*2^128 + 27882849276*2^192,513084015757292544 + 3091696179311611564*2^64 + 8942726119144760060*2^128 + 50402203390*2^192,16708802571610241024 + 11416526896415828414*2^64 + 6627111573512483754*2^128 + 42577187289*2^192,14652354140827694080 + 12251637194629765324*2^64 + 5911637403239229514*2^128 + 36366320273*2^192,6552079715108682752 + 2746948862035332404*2^64 + 14717391597880058264*2^128 + 7181610992*2^192,15767701252355392512 + 2695052942427260757*2^64 + 2970339674925340805*2^128 + 14132384377*2^192;\
4111847121837035776 + 17720675078679652574*2^64 + 18298333273855810744*2^128 + 48529828071*2^192,15478557505377073664 + 9052837460359230301*2^64 + 3474870857672296210*2^128 + 3578618483*2^192,16857893675459603840 + 6167809419864354012*2^64 + 6903442671809065017*2^128 + 39634209664*2^192,8361556693287667392 + 6950426314809407156*2^64 + 4538089585193726496*2^128 + 36318933179*2^192,17712533669526883328 + 6990355005614828770*2^64 + 976456012984213967*2^128 + 35198421556*2^192,2698382822852027008 + 1335861097357398145*2^64 + 16578693493822953183*2^128 + 28816136505*2^192,5602969267388357248 + 15174518562936707903*2^64 + 5745269146568639946*2^128 + 27886389715*2^192,17618199717886611072 + 3729124396565731305*2^64 + 18102876396979848933*2^128 + 23586785800*2^192,2528912476744527872 + 11764599248210567349*2^64 + 13893529786164644359*2^128 + 58328351336*2^192,3489407852341436544 + 16316692073950210878*2^64 + 12907262473564491563*2^128 + 50627820565*2^192,2400183887323073024 + 12669527085814647224*2^64 + 5266447363169643871*2^128 + 16789870257*2^192,11578455260423378944 + 16224603159983171599*2^64 + 18320376316171173962*2^128 + 28147288379*2^192,15793121215883653632 + 10822843385848642133*2^64 + 681652285705498037*2^128 + 48720611627*2^192,15365354896388967424 + 17855371896156019914*2^64 + 5760756863943661028*2^128 + 27419595555*2^192,10119792576043642880 + 15277477140578161890*2^64 + 2844944485851369613*2^128 + 19674423127*2^192,6086209839677182976 + 9477405544750907340*2^64 + 668983296980215155*2^128 + 15911440836*2^192,8755683582898624512 + 17704055954889295499*2^64 + 12821524578649285051*2^128 + 26082522101*2^192,5416140092699157504 + 9353321298302078717*2^64 + 10290543850474915643*2^128 + 64268969205*2^192,8753460677056391168 + 4527173419782335481*2^64 + 9851594685979271407*2^128 + 27287382603*2^192,12940103682814438400 + 16185431981016120575*2^64 + 1882937990179900347*2^128 + 17184594557*2^192;\
4600443568867043584 + 4111776060594666664*2^64 + 8457681804852436829*2^128 + 33650128040*2^192,17796949381104820736 + 6565485299118162609*2^64 + 10713863055114039949*2^128 + 35382096262*2^192,14430856913313307968 + 4750765813757211919*2^64 + 2500794664572681869*2^128 + 24715311448*2^192,14826737044074238016 + 6132648886872402726*2^64 + 12924691388843687396*2^128 + 38197376057*2^192,6438026041747119104 + 11251714855202619138*2^64 + 15518216495605596699*2^128 + 19446969497*2^192,7395893999377633664 + 5307189890670911024*2^64 + 10863452281697526315*2^128 + 32293557209*2^192,11047707289610584192 + 3471835886157326657*2^64 + 18434139556009845205*2^128 + 27837333328*2^192,10828956327669293568 + 2055667072639254075*2^64 + 17262265574181226413*2^128 + 46738471175*2^192,16703859658328965120 + 14973960668501070882*2^64 + 9669390947406043674*2^128 + 19984650180*2^192,15389434246571534848 + 1483548275554960953*2^64 + 2604832414274455826*2^128 + 21337906363*2^192,17244579556570503680 + 17167133311483898552*2^64 + 5971136524577947405*2^128 + 14769910802*2^192,6641851123971518464 + 7008050466434146337*2^64 + 5213562450782341809*2^128 + 66231369611*2^192,8657263412250822528 + 14732217347538559351*2^64 + 7151427059760085417*2^128 + 35115612429*2^192,17009607259417890816 + 8386636253498468917*2^64 + 16782231589707353101*2^128 + 44796826955*2^192,1205915779361923072 + 7383883752045385512*2^64 + 2973944958490759594*2^128 + 21996711306*2^192,1507096762468933632 + 13084371784087179563*2^64 + 17373175708334023014*2^128 + 45730531237*2^192,13042248806222137344 + 10135321424164444345*2^64 + 7716092931559287886*2^128 + 27593063908*2^192,8130681505230848 + 4589353740037902237*2^64 + 6825390184297691468*2^128 + 48416347147*2^192,3446958950529377280 + 11378677248012939185*2^64 + 15715307471970775807*2^128 + 25614700163*2^192,5237473523233261568 + 2238440771748675200*2^64 + 5070173585214634691*2^128 + 38649028352*2^192;\
15347259616269417688 + 764561005985490633*2^64 + 10398226737256299570*2^128 + 25789673410*2^192,11359003531921517328 + 1407972545554295545*2^64 + 5132801044180437164*2^128 + 5127843341*2^192,11902248642117412768 + 12410357468379433116*2^64 + 18213604543388239029*2^128 + 22172840017*2^192,16430832496371276116 + 6547572581464608920*2^64 + 2155504422284807242*2^128 + 34552866060*2^192,15997689141017402016 + 12262861868407159509*2^64 + 9576714134654721136*2^128 + 28197082318*2^192,6740536772143743328 + 5734238457135523991*2^64 + 14573684439039106745*2^128 + 38663123307*2^192,14256771376589317472 + 669261025661114257*2^64 + 17933405350699390706*2^128 + 27653278474*2^192,6320872110565425984 + 12044915165625676541*2^64 + 8966411012433158862*2^128 + 47268997404*2^192,3146859911574973632 + 10018156534834507382*2^64 + 17341565703455082414*2^128 + 13837606290*2^192,8764031104111428416 + 17817393126282617913*2^64 + 1352928055919267549*2^128 + 51957849029*2^192,18375719264509827424 + 18170451801712769249*2^64 + 9729005658232015052*2^128 + 59773275006*2^192,15455135162885175488 + 11672905914102629784*2^64 + 11544849784733817634*2^128 + 21260148748*2^192,11976172327335223072 + 15289569589055836720*2^64 + 7335675037337655977*2^128 + 35945114300*2^192,12378062320292979904 + 14025157335348604994*2^64 + 15557995004104196763*2^128 + 9632484027*2^192,12880915051664743552 + 8596400141554430294*2^64 + 14955241054700880037*2^128 + 16876170839*2^192,1817742656138739904 + 7048460226040464180*2^64 + 13887149175111558696*2^128 + 19140142582*2^192,7408810950608967168 + 6115507945531824868*2^64 + 10973870932746908041*2^128 + 38354309441*2^192,6081191211448079808 + 1298754302474696842*2^64 + 11856225420016088510*2^128 + 13069585657*2^192,1306208240158452672 + 3873958557675426428*2^64 + 2512921240150246234*2^128 + 20210369076*2^192,17252612117875596864 + 18219942528517037799*2^64 + 8087759349313665792*2^128 + 25096349610*2^192;\
6853888689539551488 + 2171961756968684520*2^64 + 12080340305140054964*2^128 + 14349453724*2^192,5456580676901497344 + 8871298521121128064*2^64 + 2150224181172722443*2^128 + 38905342599*2^192,4199117133634058048 + 6861647347125334721*2^64 + 12447803080828866668*2^128 + 10036649963*2^192,17430693470550183936 + 17432038650023892016*2^64 + 3725821575857983208*2^128 + 50474153943*2^192,6521996366179830784 + 2300694228469277675*2^64 + 17189373867452480045*2^128 + 38889122427*2^192,10922171155775369728 + 2087822698097199353*2^64 + 7155339169351666775*2^128 + 58265169113*2^192,5876789312658542848 + 2233870931967558583*2^64 + 7067591583097913350*2^128 + 53176571922*2^192,6283517296188225024 + 13254318802676936610*2^64 + 8668913383777893082*2^128 + 19492462340*2^192,1790111901697779712 + 18294560346447226445*2^64 + 16054983335833672365*2^128 + 42407666455*2^192,12123025488629764608 + 12777909276520949983*2^64 + 15148267595527542719*2^128 + 16602201433*2^192,3094485812315163136 + 15449860676129588607*2^64 + 15819022111306681620*2^128 + 49860321433*2^192,17591387510952555520 + 15058259188336908776*2^64 + 9493569664708722134*2^128 + 48183020640*2^192,1062445594845503872 + 3323203792453921729*2^64 + 6046010252223242036*2^128 + 63072576857*2^192,7275419271306343424 + 8195393472848574684*2^64 + 11361366447430889822*2^128 + 48492317874*2^192,15401483360622385152 + 8126567580683138738*2^64 + 11225454394749494256*2^128 + 40809497446*2^192,3873008630970689536 + 5425038877203577684*2^64 + 5152726125815464821*2^128 + 40991103039*2^192,2426952894368719872 + 5066474999507677895*2^64 + 5101790099074647800*2^128 + 12470909085*2^192,4248046887216375808 + 4304641649304866327*2^64 + 16501946851981817903*2^128 + 29150645483*2^192,11013828500863567872 + 1057529221626045251*2^64 + 11321824151836823878*2^128 + 68087520889*2^192,7547842068642325504 + 9806099033354138757*2^64 + 1600162280804715400*2^128 + 10461355865*2^192;\
12767409096728232332 + 16760296106899070055*2^64 + 10425446797927045428*2^128 + 58537923267*2^192,12877446469887899048 + 7013219133894218422*2^64 + 12131059778423338247*2^128 + 28024867508*2^192,16454702417664414220 + 10915498567513797091*2^64 + 8937530352012068775*2^128 + 36918400178*2^192,13970312202583465090 + 14992732969305417787*2^64 + 15253027499879509751*2^128 + 47578831831*2^192,9252685761802637456 + 8165104806711674895*2^64 + 4272936735656029594*2^128 + 65529192703*2^192,7567469181009762128 + 13144888159968233146*2^64 + 13140553142462008914*2^128 + 25547786626*2^192,6970376542242062976 + 14161775170659885201*2^64 + 9138692511771217727*2^128 + 111757844*2^192,1893543669170459664 + 1139565323934155270*2^64 + 9432095771877838639*2^128 + 19465474783*2^192,7519184437401472896 + 1284460176393913237*2^64 + 16263547074150052733*2^128 + 19528470240*2^192,12610017233161709872 + 15813197212763925526*2^64 + 13447119968583123860*2^128 + 68403681814*2^192,16854427628958402912 + 3196778642829334709*2^64 + 705455143709460422*2^128 + 43807121837*2^192,35464604040679552 + 1246705925736080561*2^64 + 13237773210190219139*2^128 + 16507557022*2^192,8548433117585064560 + 6369751937100565579*2^64 + 7312076796863712123*2^128 + 33260013000*2^192,1606676046170358400 + 17902611529550880713*2^64 + 3558129177111519868*2^128 + 35293784157*2^192,15311254364890481984 + 2789901225600554136*2^64 + 9884868637261917010*2^128 + 5446285303*2^192,15472012146608881952 + 10264953540227605818*2^64 + 9617766620919591816*2^128 + 40008466496*2^192,17312613861656208704 + 8416844606894453439*2^64 + 13874937113242725307*2^128 + 26720832056*2^192,12658690159387209888 + 13111827049777795838*2^64 + 5133375038819697271*2^128 + 10231678308*2^192,16447455956677667744 + 9979816932610167657*2^64 + 1482072040651102048*2^128 + 6443406912*2^192,13382965501539136416 + 8404499861840499644*2^64 + 1527158239086849161*2^128 + 34562914152*2^192;\
16291224059581528630 + 1441288453032007201*2^64 + 7356299140252198669*2^128 + 31169658722*2^192,11037882891202437684 + 12224822573558944020*2^64 + 4602800883750988570*2^128 + 3108256571*2^192,6146536071136888142 + 5432494286478104743*2^64 + 10076369322321178347*2^128 + 29666028773*2^192,16894320660535555529 + 9330829204917922839*2^64 + 3344592544887292130*2^128 + 57597466121*2^192,4665580051868331976 + 3745592417849796011*2^64 + 9280976957019014994*2^128 + 6390084107*2^192,2619855024114132872 + 8523734010351030117*2^64 + 13050825412574189520*2^128 + 39170883191*2^192,6729879582999934016 + 6208021625634857782*2^64 + 13996771351547096896*2^128 + 7457180919*2^192,5157741889559588616 + 11285320252682243229*2^64 + 12339456181804213686*2^128 + 57056002649*2^192,3591332021835940160 + 9924324264906309964*2^64 + 8607118345642040866*2^128 + 19113649365*2^192,2296514080967249240 + 7354825566407280391*2^64 + 7492378214174039225*2^128 + 63683792078*2^192,1283499313928669552 + 8982699351626840262*2^64 + 6559138526506913969*2^128 + 15419035229*2^192,8455785881860131136 + 16696501088938595102*2^64 + 3318600498238433968*2^128 + 66251778060*2^192,2323352533383805752 + 14413216305415043062*2^64 + 7169792691714287414*2^128 + 36724220862*2^192,17555190370844255872 + 10452281762525049885*2^64 + 7562002798375055080*2^128 + 19737538488*2^192,11898962201839210272 + 14261399665071447085*2^64 + 58903783378750626*2^128 + 40661214410*2^192,10354410747458338448 + 10437784994582475729*2^64 + 14062230179518261910*2^128 + 13111847950*2^192,5497066444516525216 + 12368270530707634562*2^64 + 14039511308922355290*2^128 + 4187422959*2^192,10709939134813794128 + 13995652044522414741*2^64 + 15408277304586793737*2^128 + 697897150*2^192,2648612131722620240 + 1665513720808226146*2^64 + 7772768857112970070*2^128 + 21124035067*2^192,2741434779128583376 + 15300473224080995958*2^64 + 4422583293342123523*2^128 + 19935633143*2^192;\
6872221222160022016 + 16990086456122757042*2^64 + 5209204376454163459*2^128 + 23111032059*2^192,14142413797424830464 + 3940402994200262172*2^64 + 5258953782831461150*2^128 + 14401328656*2^192,7908486235353812864 + 13695531696252173766*2^64 + 16114602564128163334*2^128 + 41231562872*2^192,6743987705651136448 + 4874870455930335997*2^64 + 12574695335190973671*2^128 + 64418756933*2^192,15934694360025361408 + 4054262026031469768*2^64 + 10292183253597762053*2^128 + 48758193895*2^192,12216242468003247232 + 15829194302061868129*2^64 + 450666802972314095*2^128 + 21376396867*2^192,6144218385210741888 + 11174937732945654237*2^64 + 12494105346590571195*2^128 + 26741482418*2^192,3138229378874502784 + 10641456700987615334*2^64 + 6313864173934659413*2^128 + 32225134547*2^192,809204826789378048 + 14531447789642899392*2^64 + 1451719061271801629*2^128 + 4954906239*2^192,2184394639445333248 + 11855379017820843627*2^64 + 7985530165298152954*2^128 + 29542499613*2^192,16507284525923986944 + 8630191389535519159*2^64 + 4484532692883815440*2^128 + 11560859732*2^192,4958761135573204992 + 5197311989040398593*2^64 + 2627138249657738131*2^128 + 39104532996*2^192,5888814686542302720 + 13244153117647885398*2^64 + 10107610127002421676*2^128 + 53514469151*2^192,943111942563345408 + 4297797126906778025*2^64 + 10206397379331371585*2^128 + 28361276942*2^192,9365052853488957440 + 5775676395242486646*2^64 + 16104347939539479330*2^128 + 11805204861*2^192,5059827453022754816 + 6406287635087433018*2^64 + 5951129512211813378*2^128 + 2087045587*2^192,6868895205972162560 + 17001407565803029611*2^64 + 14173780934355048376*2^128 + 17025161438*2^192,18375538093420140544 + 13733843401833225626*2^64 + 8496795824229487455*2^128 + 11992630802*2^192,12506135491887555584 + 3329256303913076644*2^64 + 14925248545297668761*2^128 + 46690708251*2^192,13381280367450238976 + 9813794875316812065*2^64 + 2269552335800557406*2^128 + 18106277312*2^192;\
6686716282908433920 + 12540808274085550262*2^64 + 3425903460190685905*2^128 + 4187210302*2^192,12948039338363041920 + 18364683923820835521*2^64 + 1035825810142563127*2^128 + 11762424989*2^192,8298605484241944960 + 5493193035941913078*2^64 + 8469891980280526594*2^128 + 7132888811*2^192,7308176487719003216 + 4403866261263736257*2^64 + 17141031667068509440*2^128 + 40537386529*2^192,2426372636750522816 + 16058140680928668986*2^64 + 17905955599581428951*2^128 + 32487804070*2^192,193793896367440032 + 13609896728535258453*2^64 + 2976992890453457854*2^128 + 57468030247*2^192,3021620191833966176 + 8264522236357351488*2^64 + 14592289366487089406*2^128 + 52886613201*2^192,10577267181312839584 + 15902831974774973342*2^64 + 8569659249676482888*2^128 + 15487335888*2^192,16929345143755935424 + 4778103201133252584*2^64 + 2557058124143719516*2^128 + 35083424340*2^192,13129077285368489760 + 4520361774518510993*2^64 + 5999539218524710321*2^128 + 39204149516*2^192,13642339837339278112 + 8602180631601983147*2^64 + 7958441122907110945*2^128 + 6759598575*2^192,9579782601773911616 + 8073970036440645902*2^64 + 8449859924958808563*2^128 + 19214813485*2^192,2359656600200495360 + 16460737214826614126*2^64 + 8974187682816658392*2^128 + 57262508052*2^192,978610764815894144 + 5361618292411561733*2^64 + 5638786909503410092*2^128 + 44082726882*2^192,5405003859382579072 + 14038537252614624694*2^64 + 2998984492390258153*2^128 + 19886803617*2^192,9623479362637853440 + 14147779952927047072*2^64 + 14361974761433238744*2^128 + 34125527670*2^192,1607874924748435072 + 11390879304642817288*2^64 + 12824926547841554394*2^128 + 24330137796*2^192,17434448135918562304 + 10818041386591164135*2^64 + 13918959570555665105*2^128 + 443178723*2^192,1636429897981063808 + 3074781223988472773*2^64 + 4950217381354658460*2^128 + 40486330796*2^192,9569750223765452672 + 6461914235166685472*2^64 + 4743205428369689283*2^128 + 52420757926*2^192;\
9698146220751532946 + 11200013851479152041*2^64 + 5431321880919112829*2^128 + 52078776390*2^192,1421851624412358588 + 8534518600796131940*2^64 + 10423238605217498096*2^128 + 23493186977*2^192,16126821594569403650 + 3355327140579952995*2^64 + 5554285702030061842*2^128 + 60373746911*2^192,6458158665077547221 + 17818846701638655297*2^64 + 15528674487247543441*2^128 + 5788269620*2^192,5968880552112511640 + 14909605161117295132*2^64 + 9849588533328130279*2^128 + 13839378044*2^192,4274428414822580024 + 1530054139127230914*2^64 + 16118423016674135649*2^128 + 41349975180*2^192,6923628684862691152 + 13741517973495952572*2^64 + 9158433263923922668*2^128 + 54946027381*2^192,17213278961745688872 + 17080284121043512442*2^64 + 14791079413069328723*2^128 + 30570578878*2^192,10393034032906605120 + 14828252604438898996*2^64 + 3241521851765542077*2^128 + 31555720564*2^192,10639523428746838056 + 9961556635695544022*2^64 + 5022480683003160387*2^128 + 27477391937*2^192,15510301921631595920 + 14831881645467043031*2^64 + 3166963179057326329*2^128 + 61549098482*2^192,623623666655152160 + 6380119538972393155*2^64 + 3024636988243263020*2^128 + 3689056010*2^192,16841866738453838968 + 11790162773497452241*2^64 + 4176862736181873287*2^128 + 34116852393*2^192,12244048916149772096 + 10813507431826680555*2^64 + 10643982408759886948*2^128 + 20585426968*2^192,14839849117980689312 + 992863543739427323*2^64 + 14069887775509723608*2^128 + 66947689557*2^192,16923219540851743600 + 9828564488842469781*2^64 + 15945275089939694461*2^128 + 142315801*2^192,17549980024722883584 + 8051580865094501847*2^64 + 3004012801022268241*2^128 + 21030466746*2^192,6646048389444043824 + 17227801280827481163*2^64 + 5483325342975515899*2^128 + 9582253592*2^192,6480943765024820176 + 1701220388784687383*2^64 + 10273574564969928110*2^128 + 45317593545*2^192,13762575922064638960 + 15414950920801493946*2^64 + 17635638217812788785*2^128 + 18447705091*2^192;\
3834905113756936064 + 14861088880884092135*2^64 + 9115614453003118778*2^128 + 941120914*2^192,3784648073911227264 + 4683797573881432745*2^64 + 14202535565870139255*2^128 + 5237317496*2^192,12431400957512011440 + 8132384877635622855*2^64 + 17271704827467139075*2^128 + 68023949979*2^192,10769757702756071960 + 8390021172584549850*2^64 + 16239542614940867743*2^128 + 55889253804*2^192,13077411976884160000 + 7904275351489412331*2^64 + 10439647201437253581*2^128 + 56084922911*2^192,8055774481225257600 + 13201484755164506832*2^64 + 8975167822070242838*2^128 + 30154109040*2^192,11254025575184639744 + 7572746360009416221*2^64 + 5444785347960341725*2^128 + 4718662674*2^192,16369590942840988800 + 3715966735936055814*2^64 + 8708869816752597579*2^128 + 59937008982*2^192,8125886547097904768 + 11258131869954099689*2^64 + 653548212653843835*2^128 + 67108056888*2^192,13687753295231989184 + 9836688647397693970*2^64 + 18127814651174824245*2^128 + 57051394600*2^192,6536276802656444864 + 15531280825855777275*2^64 + 3051291078401772640*2^128 + 60003469981*2^192,3485134640209152256 + 11301315764458512205*2^64 + 6960479818906965572*2^128 + 18631956669*2^192,6853257140927459904 + 8454030265031786590*2^64 + 18167792221469969536*2^128 + 11883771297*2^192,14220125406014176384 + 12818801398091022127*2^64 + 6609572751103805007*2^128 + 34035016911*2^192,12002791013716884736 + 17594109960934172446*2^64 + 174799056952657297*2^128 + 11960452968*2^192,5359912620288499200 + 6362142145653343326*2^64 + 3802508248152954267*2^128 + 19321420903*2^192,8677732285631402880 + 3491130450699891138*2^64 + 4019791943621596750*2^128 + 28262294813*2^192,4145666737762690304 + 1189328038106034116*2^64 + 11743833705077879729*2^128 + 15075267632*2^192,1707739778478508672 + 17481739240029949828*2^64 + 7702602847946368606*2^128 + 38257728087*2^192,11914758265219830784 + 907695371775888222*2^64 + 4233122257291750681*2^128 + 31765815299*2^192;\
8802626868155874192 + 4289125101520595744*2^64 + 4569366303175693455*2^128 + 24924623885*2^192,1805734541369332960 + 3338192276287311922*2^64 + 17502020359681647313*2^128 + 15741741355*2^192,16837230968623862096 + 14267006339875831415*2^64 + 10278296432562074163*2^128 + 6024355140*2^192,2724204628715881752 + 5812408010079916095*2^64 + 4620347723388573942*2^128 + 27721155874*2^192,7685803769526895168 + 16906033590454240844*2^64 + 634915196484527894*2^128 + 66260173555*2^192,8852884237245014784 + 11144403016412970300*2^64 + 15361003546998131110*2^128 + 58377122200*2^192,7681258859030416064 + 12601675815609799721*2^64 + 10018508107766288942*2^128 + 24432004339*2^192,534129800689150464 + 3867001291831343133*2^64 + 6158402663528115086*2^128 + 33370395765*2^192,6556984904560742272 + 6999172709770739367*2^64 + 10032934535853252116*2^128 + 64746677481*2^192,14803475451859151744 + 17241431926995988695*2^64 + 13010553403024068046*2^128 + 13355938524*2^192,15655301982062027200 + 4822185406672077212*2^64 + 4139533925702659902*2^128 + 36033261935*2^192,11063633296163428480 + 17421950265363858473*2^64 + 10709264443425103675*2^128 + 59460200772*2^192,6135513611441025088 + 11108371144347496715*2^64 + 10938512690665110367*2^128 + 47197596795*2^192,15065217568934533376 + 5405794677994178958*2^64 + 9262418657069314143*2^128 + 35005199108*2^192,8630189725667797504 + 14244463760949931297*2^64 + 17406780314262857640*2^128 + 57928388077*2^192,4968969274423011968 + 14522788559879191856*2^64 + 13862137802065939353*2^128 + 7550240543*2^192,970305128129479936 + 14407144246047051277*2^64 + 3830318669445122308*2^128 + 22195757346*2^192,11697706570744852096 + 4069407253236859796*2^64 + 11397418960792368400*2^128 + 52208849403*2^192,6422315866834332032 + 4337439978628825931*2^64 + 11583666062698446490*2^128 + 56178866654*2^192,11899428852645387904 + 8500062085081281906*2^64 + 10705627564517657615*2^128 + 66083676909*2^192;\
386256143749876178 + 645079616648711875*2^64 + 10443252321623937205*2^128 + 19172156388*2^192,17141029869125208892 + 875240711359903310*2^64 + 11957526253072850794*2^128 + 25780568157*2^192,11045079775240661994 + 5123598972474897669*2^64 + 15888563266421638340*2^128 + 32949260692*2^192,14161829806496585815 + 6556136086424610629*2^64 + 989958839765601500*2^128 + 57877630100*2^192,11030944745495178648 + 17920370565039283736*2^64 + 2764607114133435253*2^128 + 45382998341*2^192,11831212618429845016 + 17127978431077131295*2^64 + 8931095194838759252*2^128 + 7530766332*2^192,2733188840288832352 + 7418052789001695000*2^64 + 17030875525683620043*2^128 + 14562077722*2^192,13449651453946923384 + 2486257167583665092*2^64 + 10371661948882072072*2^128 + 50564950096*2^192,9268251317516212416 + 2872815716366470135*2^64 + 7654529731928028807*2^128 + 64381364384*2^192,13943879939219943304 + 8462179948535190622*2^64 + 16918685738600902034*2^128 + 56298867477*2^192,15354556731665154640 + 2250382930903387354*2^64 + 11422233701267955843*2^128 + 22211524598*2^192,3219961070957525888 + 8808863832541596930*2^64 + 3299618005434854182*2^128 + 12087121377*2^192,18194199990987177224 + 3548381529323148184*2^64 + 9168159546568626378*2^128 + 23397106987*2^192,7564143851291947520 + 9440421243624925067*2^64 + 7476047963938792639*2^128 + 2158759379*2^192,15371384363155348192 + 3507162054594488912*2^64 + 14255575740060595228*2^128 + 33169773933*2^192,1582142647158362544 + 10703062270288502820*2^64 + 5947206805395665580*2^128 + 68457937892*2^192,2512248541678155552 + 11771640637514357368*2^64 + 2132693471471364095*2^128 + 22718578466*2^192,10486928428948924912 + 6255112451360623558*2^64 + 17422516727871895924*2^128 + 52299333264*2^192,3734583409825161264 + 6700033660782976953*2^64 + 14542369790089172207*2^128 + 27637415351*2^192,17781183645764519920 + 14833498949876052120*2^64 + 11124720501214511123*2^128 + 33573571263*2^192;\
14655520467845001730 + 11361870334059783421*2^64 + 9555808756388393688*2^128 + 36862199652*2^192,10409282581001339612 + 955825250927811336*2^64 + 16422709963289902536*2^128 + 55246383649*2^192,11580697695965368090 + 10007637920309695891*2^64 + 4601153806932633748*2^128 + 43606542320*2^192,2388291516865674031 + 15799055428782733457*2^64 + 16031005932827258000*2^128 + 58442887898*2^192,2705756593086630488 + 1761540211149787640*2^64 + 17170022649216528486*2^128 + 3866778828*2^192,18253403431385096216 + 9354156355732464320*2^64 + 6945954541447976055*2^128 + 10600119728*2^192,6107417615779459488 + 7991150698637813383*2^64 + 1883141941238480307*2^128 + 60645380672*2^192,12780467321345801336 + 12718406984898384668*2^64 + 16324966863845635370*2^128 + 51175463064*2^192,4833827870342048320 + 12224290740505689273*2^64 + 7644135799441968875*2^128 + 22677383331*2^192,12967629341127361160 + 15674474706410927940*2^64 + 8264012839547379946*2^128 + 31029634273*2^192,3342420170589743888 + 12453897814899717846*2^64 + 18301924733074099204*2^128 + 21157213900*2^192,4438515416156345600 + 11065175471670234265*2^64 + 12875186981737984917*2^128 + 36450361124*2^192,13661785623220614984 + 7265004999215426548*2^64 + 14378116588312124683*2^128 + 11839151381*2^192,10972606637121585152 + 15301233239974017011*2^64 + 1485802875236797868*2^128 + 41273926957*2^192,7881617676956453600 + 15888885602613207251*2^64 + 7496395711647424982*2^128 + 28566194018*2^192,7966172114090738992 + 11261944595399967345*2^64 + 6681124667602695757*2^128 + 49272423171*2^192,1122971115365656864 + 15871492587752998680*2^64 + 11704137885098704067*2^128 + 13586904396*2^192,14042376712839319152 + 2605706216450251905*2^64 + 2723519116960636983*2^128 + 26536321863*2^192,12695974442477066416 + 3497051266306088847*2^64 + 5167861781022557192*2^128 + 10046463475*2^192,14255878552849068400 + 8916162322772094768*2^64 + 909020602870589007*2^128 + 10816794504*2^192;\
14177233990658633376 + 12914303985250738007*2^64 + 6535223183226011883*2^128 + 50229920329*2^192,10950494252228706752 + 7353519715583021033*2^64 + 16581246656041631799*2^128 + 48460461925*2^192,12537109226255391728 + 3845542883985991512*2^64 + 11444486651941027972*2^128 + 14057332805*2^192,5585255822502505776 + 7726149624548002434*2^64 + 2890062330646851921*2^128 + 49245062039*2^192,9633428220030404160 + 5166506123060006304*2^64 + 8227400457179365684*2^128 + 63041054304*2^192,4602912591249585056 + 14427703035168087343*2^64 + 8484847347750316468*2^128 + 8242879081*2^192,13962003583564828640 + 191874439848404326*2^64 + 5224707707261398508*2^128 + 53437962727*2^192,5895834608636356896 + 1758118729871789406*2^64 + 13663185172543359896*2^128 + 30364547174*2^192,6097088147603298752 + 12819688312882717622*2^64 + 5483121554678271728*2^128 + 22161600397*2^192,7782385942556598560 + 1611445045517739824*2^64 + 10287301344858624468*2^128 + 66798485823*2^192,3271710375773057824 + 6189451173392371996*2^64 + 14822148243112783657*2^128 + 62158554262*2^192,2595060680740028224 + 11183769944782260264*2^64 + 1969897338921939497*2^128 + 24361436975*2^192,12992756908025446400 + 17001350526144148162*2^64 + 7057468025157426190*2^128 + 44685833751*2^192,3490667472774492544 + 12850406363473449906*2^64 + 12325764783610341212*2^128 + 56274889362*2^192,7728748800706627456 + 16008261865041060783*2^64 + 10846205963141080352*2^128 + 17556620796*2^192,6655934563966544384 + 11486259906984494370*2^64 + 7767737230249400950*2^128 + 49240987881*2^192,12502936899440421760 + 1129471518254538978*2^64 + 5592779838851180031*2^128 + 48473159060*2^192,11695568257131614976 + 17803064802197728795*2^64 + 6831723346595971550*2^128 + 12101072896*2^192,5643294160964199552 + 3772602281020163172*2^64 + 17495272936473017984*2^128 + 41735465736*2^192,2702745856142452096 + 2559437838155182925*2^64 + 17732311102849568130*2^128 + 24121901351*2^192]
/* 
This matrix times 2^(-6) should be the matrix of frobenius.
*/ 
B = 2^(-6) * A; 
/* Freed 6350 lists. */
The sign is: -1
The characteristic polynomial is: x^20 + x^19 - 10*x^17 - 17*x^16 - 23*x^15 + 28*x^14 + 28*x^13 + 176*x^12 + 224*x^11 - 896*x^9 - 2816*x^8 - 1792*x^7 - 7168*x^6 + 23552*x^5 + 69632*x^4 + 163840*x^3 - 262144*x - 1048576
Its Newton polygon is: [2, 2, 2, 2, 2, 1, 1, 1, 1, 1, 1, 1, 1, 1, 1, 0, 0, 0, 0, 0]
Its factorization is: [x - 2, 3; x + 2, 1; x^2 + x + 4, 2; x^12 + 3*x^11 + 5*x^10 + 9*x^9 + 32*x^8 + 44*x^7 + 64*x^6 + 176*x^5 + 512*x^4 + 576*x^3 + 1280*x^2 + 3072*x + 4096, 1]
The valuation of f-g is: 24
The valuation of subst(g,x,A) is: 18
