/* Comments begin... 
No set up needed.

Please input coefficients below.
Coefficient of   x^23                     = Coefficient of   x^12 * w^2               = Coefficient of   x^6 * y^6 * w^1         = Coefficient of   x^5 * y^5 * z^1 * w^1   = Coefficient of   x^4 * y^4 * z^2 * w^1   = Coefficient of   x^3 * y^3 * z^3 * w^1   = Coefficient of   x^2 * y^2 * z^4 * w^1   = Coefficient of   x^1 * y^1 * z^5 * w^1   = Coefficient of   x^1 * w^4               = Coefficient of   y^12                     = Coefficient of   z^6 * w^1               = 
Here is the polynomial we're using this time:

1 + 0*2^64 + 0*2^128 + 0*2^192*x^23 + 1 + 0*2^64 + 0*2^128 + 0*2^192*x^12*w^2 + 1 + 0*2^64 + 0*2^128 + 0*2^192*x^5*y^5*z^1*w^1 + 1 + 0*2^64 + 0*2^128 + 0*2^192*x^4*y^4*z^2*w^1 + 1 + 0*2^64 + 0*2^128 + 0*2^192*x^3*y^3*z^3*w^1 + 1 + 0*2^64 + 0*2^128 + 0*2^192*x^2*y^2*z^4*w^1 + 1 + 0*2^64 + 0*2^128 + 0*2^192*x^1*w^4 + 1 + 0*2^64 + 0*2^128 + 0*2^192*y^12 + 1 + 0*2^64 + 0*2^128 + 0*2^192*z^6*w^1


Allocate G_len 20 elements and old = 0.
Allocate M_len = 400 elements.
Allocate G_len 40 elements and old = 20.
Allocate M_len = 800 elements.
Allocate G_len 80 elements and old = 40.
Allocate M_len = 1600 elements.
Allocate M_len = 3200 elements.
Allocate G_len 160 elements and old = 80.
Allocate M_len = 6400 elements.
Allocate M_len = 12800 elements.
Allocate G_len 320 elements and old = 160.
Allocate M_len = 25600 elements.
Allocate M_len = 51200 elements.
Allocate G_len 640 elements and old = 320.
Allocate M_len = 102400 elements.
Allocate M_len = 204800 elements.
Allocate G_len 1280 elements and old = 640.
Allocate M_len = 409600 elements.
Allocate M_len = 819200 elements.
Allocate G_len 2560 elements and old = 1280.
The final length of G is 903
[5, 5, 0, 1, 0]  	241	5 
[5, 4, 1, 1, 0]  	253	5 
[22, 0, 0, 0, 0]  	264	7  <--- 1
[12, 0, 0, 2, 0]  	276	3 
[4, 4, 2, 1, 0]  	276	5 
[15, 5, 1, 0, 0]  	330	11 
[10, 10, 1, 0, 0]  	385	10 
[10, 3, 2, 2, 0]  	391	9 
[7, 12, 1, 0, 0]  	395	12 
[9, 11, 1, 0, 0]  	396	15 
[10, 2, 3, 2, 0]  	403	10 
[6, 1, 7, 1, 0]  	406	10 
[11, 12, 0, 0, 0]  	408	3 
[11, 0, 6, 1, 0]  	408	15 
[9, 10, 2, 0, 0]  	408	15 
[8, 9, 3, 0, 0]  	408	15 
[21, 4, 2, 0, 0]  	414	13 
[8, 2, 4, 2, 0]  	414	8 
[5, 14, 1, 0, 0]  	417	8 
[5, 2, 7, 1, 0]  	417	7 
[6, 12, 2, 0, 0]  	418	11 
[21, 3, 3, 0, 0]  	426	13 
[5, 13, 2, 0, 0]  	429	9 
[5, 1, 8, 1, 0]  	429	9 
[7, 0, 8, 1, 0]  	430	12 
[10, 0, 7, 1, 0]  	431	14 
[7, 9, 4, 0, 0]  	431	14 
[18, 2, 5, 0, 0]  	437	13 
[21, 2, 4, 0, 0]  	438	14 
[8, 0, 6, 2, 0]  	438	10 
[5, 12, 3, 0, 0]  	441	10 
[7, 11, 3, 0, 0]  	442	13 
[6, 7, 6, 0, 0]  	443	14 
[20, 3, 2, 1, 0]  	445	20 
[5, 2, 6, 2, 0]  	448	5 
[7, 1, 6, 2, 0]  	449	8 
[6, 0, 7, 2, 0]  	449	9 
[20, 0, 6, 0, 0]  	450	12 
[5, 17, 0, 0, 0]  	451	8 
[4, 16, 1, 0, 0]  	451	9 
[6, 9, 5, 0, 0]  	454	13 
[6, 6, 7, 0, 0]  	455	12 
[20, 2, 3, 1, 0]  	457	20 
[14, 8, 3, 0, 0]  	457	18 
[5, 1, 7, 2, 0]  	460	7 
[4, 0, 8, 2, 0]  	460	7 
[4, 18, 0, 0, 0]  	462	11 
[4, 15, 2, 0, 0]  	463	8 
[4, 3, 8, 1, 0]  	463	6 
[6, 11, 4, 0, 0]  	465	12 
[5, 7, 7, 0, 0]  	466	13 
[18, 2, 4, 1, 0]  	468	19 
[11, 7, 5, 0, 0]  	468	18 
[3, 16, 2, 0, 0]  	474	11 
[3, 4, 8, 1, 0]  	474	7 
[4, 14, 3, 0, 0]  	475	8 
[4, 2, 9, 1, 0]  	475	7 
[5, 0, 10, 1, 0]  	476	10 
[5, 9, 6, 0, 0]  	477	12 
[5, 6, 8, 0, 0]  	478	14 
[4, 5, 9, 0, 0]  	478	14 
[13, 8, 4, 0, 0]  	480	17 
[13, 5, 6, 0, 0]  	481	15 
[3, 3, 9, 1, 0]  	486	7 
[2, 2, 10, 1, 0]  	486	7 
[4, 13, 4, 0, 0]  	487	8 
[4, 1, 10, 1, 0]  	487	8 
[5, 11, 5, 0, 0]  	488	11 
[4, 7, 8, 0, 0]  	489	12 
[4, 4, 10, 0, 0]  	490	13 
[8, 5, 8, 0, 0]  	491	16 
[12, 6, 6, 0, 0]  	492	15 
[11, 5, 7, 0, 0]  	492	16 
[19, 1, 7, 0, 0]  	496	13 
[4, 12, 5, 0, 0]  	499	10 
[8, 4, 9, 0, 0]  	503	16 
[19, 0, 8, 0, 0]  	508	13 
[4, 0, 0, 7, 0]  	510	9 
[3, 0, 10, 2, 0]  	518	7 
[17, 0, 9, 0, 0]  	519	11 
[3, 1, 0, 7, 0]  	521	7 
[4, 10, 7, 0, 0]  	523	10 
[4, 2, 1, 6, 0]  	525	13 
[4, 5, 1, 5, 0]  	528	10 
[3, 17, 1, 1, 0]  	528	7 
[3, 5, 7, 2, 0]  	528	7 
[17, 2, 8, 0, 0]  	530	14 
[4, 0, 12, 1, 0]  	534	9 
[3, 8, 9, 0, 0]  	535	10 
[3, 3, 1, 6, 0]  	536	12 
[16, 3, 8, 0, 0]  	541	16 
[1, 5, 10, 1, 0]  	543	7 
[1, 2, 12, 1, 0]  	544	7 
[3, 10, 8, 0, 0]  	546	9 
[3, 7, 10, 0, 0]  	547	10 
[3, 5, 0, 6, 0]  	547	11 
[3, 2, 2, 6, 0]  	548	12 
[5, 1, 2, 6, 0]  	549	11 
[15, 4, 8, 0, 0]  	552	13 
[2, 0, 0, 8, 0]  	552	7 
[16, 2, 9, 0, 0]  	553	14 
[1, 4, 11, 1, 0]  	555	7 
[3, 6, 11, 0, 0]  	559	13 
[4, 15, 1, 2, 0]  	560	13 
[4, 3, 7, 3, 0]  	560	13 
[2, 16, 3, 1, 0]  	563	9 
[2, 4, 9, 2, 0]  	563	9 
[1, 3, 10, 2, 0]  	563	7 
[15, 3, 9, 0, 0]  	564	15 
[6, 1, 6, 4, 0]  	569	9 
[5, 0, 7, 4, 0]  	569	10 
[2, 7, 11, 0, 0]  	570	9 
[2, 5, 1, 6, 0]  	570	9 
[4, 17, 0, 2, 0]  	571	11 
[3, 16, 1, 2, 0]  	571	10 
[3, 4, 7, 3, 0]  	571	10 
[2, 4, 13, 0, 0]  	571	9 
[2, 2, 3, 6, 0]  	571	9 
[4, 1, 3, 6, 0]  	572	11 
[15, 2, 10, 0, 0]  	576	13 
[16, 0, 11, 0, 0]  	577	13 
[4, 13, 1, 3, 0]  	580	9 
[4, 1, 7, 4, 0]  	580	9 
[3, 13, 7, 0, 0]  	580	9 
[3, 1, 13, 1, 0]  	580	7 
[2, 9, 10, 0, 0]  	581	9 
[2, 7, 0, 6, 0]  	581	9 
[3, 6, 6, 3, 0]  	582	8 
[2, 17, 1, 2, 0]  	582	8 
[2, 5, 7, 3, 0]  	582	8 
[2, 4, 2, 6, 0]  	582	8 
[2, 1, 4, 6, 0]  	583	9 
[15, 1, 11, 0, 0]  	588	14 
[3, 15, 6, 0, 0]  	591	9 
[3, 0, 14, 1, 0]  	592	7 
[2, 11, 9, 0, 0]  	592	7 
[1, 10, 10, 0, 0]  	592	7 
[2, 19, 0, 2, 0]  	593	7 
[2, 7, 6, 3, 0]  	593	7 
[1, 7, 12, 0, 0]  	593	7 
[2, 4, 8, 3, 0]  	594	8 
[1, 4, 14, 0, 0]  	594	7 
[3, 3, 14, 0, 0]  	595	10 
[3, 2, 9, 3, 0]  	595	11 
[2, 1, 10, 3, 0]  	595	10 
[15, 0, 12, 0, 0]  	600	11 
[3, 0, 3, 7, 0]  	603	8 
[1, 20, 0, 2, 0]  	604	6 
[1, 9, 11, 0, 0]  	604	6 
[1, 6, 13, 0, 0]  	605	6 
[1, 5, 8, 3, 0]  	605	6 
[1, 2, 10, 3, 0]  	606	7 
[2, 11, 0, 5, 0]  	607	9 
[4, 10, 0, 5, 0]  	608	12 
[3, 0, 9, 4, 0]  	615	6 
[2, 0, 15, 1, 0]  	615	5 
[1, 9, 0, 6, 0]  	615	5 
[1, 7, 7, 3, 0]  	616	5 
[1, 6, 2, 6, 0]  	616	5 
[1, 4, 9, 3, 0]  	617	6 
[1, 12, 0, 5, 0]  	618	8 
[2, 10, 1, 5, 0]  	619	8 
[1, 3, 6, 5, 0]  	621	8 
[3, 2, 6, 5, 0]  	622	10 
[2, 1, 7, 5, 0]  	622	10 
[14, 0, 13, 0, 0]  	623	12 
[2, 17, 6, 0, 0]  	625	9 
[2, 4, 7, 4, 0]  	625	7 
[1, 16, 7, 0, 0]  	625	6 
[1, 9, 6, 3, 0]  	627	5 
[1, 8, 1, 6, 0]  	627	5 
[1, 18, 2, 2, 0]  	628	4 
[1, 5, 3, 6, 0]  	628	4 
[2, 0, 6, 6, 0]  	630	7 
[1, 12, 6, 2, 0]  	630	8 
[3, 23, 0, 1, 0]  	631	8 
[3, 11, 6, 2, 0]  	631	9 
[2, 10, 7, 2, 0]  	631	8 
[11, 0, 3, 6, 0]  	633	10 
[1, 2, 7, 5, 0]  	633	8 
[2, 19, 5, 0, 0]  	636	9 
[2, 0, 10, 4, 0]  	638	5 
[1, 0, 16, 1, 0]  	638	5 
[0, 19, 2, 2, 0]  	639	3 
[0, 8, 13, 0, 0]  	639	3 
[1, 4, 4, 6, 0]  	640	3 
[0, 16, 4, 2, 0]  	640	3 
[1, 1, 6, 6, 0]  	641	6 
[2, 24, 0, 1, 0]  	642	6 
[2, 0, 12, 3, 0]  	642	6 
[1, 11, 7, 2, 0]  	642	6 
[2, 21, 2, 1, 0]  	643	7 
[2, 9, 8, 2, 0]  	643	5 
[10, 3, 13, 0, 0]  	644	13 
[11, 1, 14, 0, 0]  	645	11 
[13, 0, 14, 0, 0]  	646	13 
[3, 25, 1, 0, 0]  	646	9 
[2, 0, 14, 2, 0]  	646	6 
[2, 21, 4, 0, 0]  	647	8 
[1, 3, 3, 7, 0]  	648	5 
[0, 18, 3, 2, 0]  	651	2 
[0, 7, 14, 0, 0]  	651	2 
[0, 6, 9, 3, 0]  	651	2 
[1, 3, 5, 6, 0]  	652	4 
[1, 2, 0, 9, 0]  	652	3 
[0, 14, 0, 5, 0]  	652	3 
[0, 3, 11, 3, 0]  	652	3 
[1, 25, 0, 1, 0]  	653	5 
[1, 1, 12, 3, 0]  	653	5 
[1, 0, 7, 6, 0]  	653	5 
[2, 23, 1, 1, 0]  	654	7 
[2, 7, 4, 5, 0]  	655	6 
[1, 19, 4, 1, 0]  	655	5 
[1, 5, 0, 8, 0]  	655	5 
[10, 2, 14, 0, 0]  	656	12 
[13, 2, 13, 0, 0]  	657	11 
[2, 23, 3, 0, 0]  	658	8 
[1, 19, 6, 0, 0]  	659	5 
[1, 5, 2, 7, 0]  	659	5 
[2, 16, 2, 3, 0]  	660	6 
[1, 2, 4, 7, 0]  	660	4 
[2, 0, 5, 7, 0]  	661	7 
[0, 6, 15, 0, 0]  	663	1 
[0, 5, 10, 3, 0]  	663	1 
[0, 4, 5, 6, 0]  	663	1 
[0, 3, 0, 9, 0]  	663	1 
[0, 26, 0, 1, 0]  	664	4 
[0, 13, 1, 5, 0]  	664	4 
[0, 2, 12, 3, 0]  	664	3 
[1, 24, 1, 1, 0]  	665	6 
[1, 11, 2, 5, 0]  	665	5 
[1, 0, 13, 3, 0]  	665	5 
[1, 9, 9, 2, 0]  	666	6 
[8, 2, 15, 0, 0]  	667	11 
[12, 0, 15, 0, 0]  	669	12 
[2, 0, 9, 5, 0]  	669	8 
[1, 8, 6, 4, 0]  	670	7 
[0, 17, 8, 0, 0]  	671	5 
[1, 15, 9, 0, 0]  	672	4 
[1, 1, 5, 7, 0]  	672	4 
[0, 12, 0, 6, 0]  	672	4 
[0, 5, 16, 0, 0]  	675	1 
[0, 3, 6, 6, 0]  	675	1 
[0, 2, 1, 9, 0]  	675	1 
[1, 0, 2, 9, 0]  	676	3 
[0, 13, 7, 2, 0]  	676	3 
[0, 12, 2, 5, 0]  	676	3 
[2, 1, 18, 0, 0]  	677	5 
[1, 23, 2, 1, 0]  	677	4 
[6, 2, 16, 0, 0]  	678	7 
[1, 7, 5, 5, 0]  	678	5 
[0, 19, 5, 1, 0]  	678	5 
[8, 1, 16, 0, 0]  	679	8 
[3, 6, 5, 5, 0]  	679	5 
[1, 3, 2, 8, 0]  	679	6 
[3, 28, 0, 0, 0]  	680	8 
[1, 23, 4, 0, 0]  	681	5 
[0, 19, 7, 0, 0]  	682	5 
[0, 16, 9, 0, 0]  	683	3 
[0, 4, 15, 1, 0]  	683	3 
[0, 3, 10, 4, 0]  	683	3 
[1, 0, 6, 7, 0]  	684	4 
[0, 15, 6, 2, 0]  	687	1 
[0, 4, 17, 0, 0]  	687	1 
[0, 2, 7, 6, 0]  	687	1 
[0, 1, 2, 9, 0]  	687	1 
[1, 2, 18, 0, 0]  	688	4 
[0, 24, 2, 1, 0]  	688	3 
[1, 22, 3, 1, 0]  	689	3 
[1, 9, 4, 5, 0]  	689	3 
[0, 21, 4, 1, 0]  	689	3 
[0, 9, 10, 2, 0]  	689	3 
[6, 1, 17, 0, 0]  	690	8 
[2, 16, 1, 4, 0]  	691	6 
[1, 28, 1, 0, 0]  	691	5 
[1, 2, 3, 8, 0]  	691	5 
[11, 0, 16, 0, 0]  	692	10 
[1, 22, 5, 0, 0]  	693	5 
[0, 21, 6, 0, 0]  	693	5 
[0, 6, 14, 1, 0]  	694	3 
[0, 3, 16, 1, 0]  	695	3 
[0, 2, 11, 4, 0]  	695	3 
[1, 0, 12, 4, 0]  	696	4 
[0, 12, 12, 0, 0]  	696	4 
[0, 3, 18, 0, 0]  	699	1 
[0, 1, 8, 6, 0]  	699	1 
[0, 0, 3, 9, 0]  	699	1 
[1, 1, 19, 0, 0]  	700	3 
[0, 23, 3, 1, 0]  	700	3 
[0, 11, 9, 2, 0]  	700	3 
[3, 0, 19, 0, 0]  	701	4 
[0, 8, 11, 2, 0]  	701	3 
[1, 18, 6, 1, 0]  	702	6 
[0, 14, 11, 0, 0]  	707	5 
[0, 2, 19, 0, 0]  	711	1 
[0, 1, 14, 3, 0]  	711	1 
[0, 0, 9, 6, 0]  	711	1 
[0, 31, 0, 0, 0]  	713	3  <--- 2
[0, 7, 12, 2, 0]  	713	3 
[2, 30, 0, 0, 0]  	714	4 
[0, 16, 8, 1, 0]  	714	5 
[10, 0, 17, 0, 0]  	715	12 
[1, 1, 10, 5, 0]  	715	6 
[0, 2, 6, 7, 0]  	718	2 
[0, 11, 2, 6, 0]  	719	3 
[0, 11, 4, 5, 0]  	723	1 
[0, 1, 20, 0, 0]  	723	1 
[0, 0, 15, 3, 0]  	723	1 
[0, 20, 0, 4, 0]  	724	2 
[0, 8, 6, 5, 0]  	724	2 
[0, 30, 1, 0, 0]  	725	3 
[0, 18, 7, 1, 0]  	725	3 
[0, 6, 13, 2, 0]  	725	3 
[1, 0, 11, 5, 0]  	727	7 
[0, 10, 5, 5, 0]  	735	1 
[0, 9, 0, 8, 0]  	735	1 
[0, 0, 21, 0, 0]  	735	1  <--- 3
[0, 29, 2, 0, 0]  	737	3 
[0, 5, 14, 2, 0]  	737	3 
[9, 0, 18, 0, 0]  	738	8 
[1, 0, 0, 11, 0]  	738	6 
[0, 2, 18, 1, 0]  	742	2 
[0, 1, 13, 4, 0]  	742	2 
[0, 8, 1, 8, 0]  	747	1 
[0, 18, 2, 4, 0]  	748	2 
[0, 6, 8, 5, 0]  	748	2 
[0, 28, 3, 0, 0]  	749	3 
[0, 1, 19, 1, 0]  	754	2 
[0, 7, 2, 8, 0]  	759	1 
[0, 6, 3, 8, 0]  	771	1 
[0, 5, 4, 8, 0]  	783	1 
[0, 0, 0, 12, 0]  	792	1  <--- 4
[12, 0, 0, 1, 1]  	210	7 
[4, 3, 3, 1, 1]  	288	6 
[10, 3, 2, 1, 1]  	325	11 
[10, 2, 3, 1, 1]  	337	13 
[8, 2, 4, 1, 1]  	348	10 
[3, 14, 0, 0, 1]  	358	6 
[8, 1, 5, 1, 1]  	360	10 
[7, 13, 0, 0, 1]  	383	10 
[7, 1, 6, 1, 1]  	383	11 
[6, 2, 6, 1, 1]  	394	9 
[11, 0, 0, 4, 1]  	396	16 
[8, 0, 7, 1, 1]  	407	13 
[4, 13, 2, 0, 1]  	417	7 
[8, 11, 2, 0, 1]  	419	14 
[8, 8, 4, 0, 1]  	420	12 
[11, 1, 4, 2, 1]  	427	10 
[10, 0, 5, 2, 1]  	427	12 
[4, 4, 1, 4, 1]  	439	11 
[4, 2, 8, 1, 1]  	440	7 
[3, 13, 3, 0, 1]  	440	7 
[14, 9, 2, 0, 1]  	445	19 
[4, 13, 1, 1, 1]  	448	5 
[2, 14, 3, 0, 1]  	451	7 
[4, 1, 9, 1, 1]  	452	8 
[6, 0, 9, 1, 1]  	453	11 
[3, 7, 0, 4, 1]  	461	8 
[3, 5, 7, 1, 1]  	462	11 
[2, 13, 4, 0, 1]  	463	6 
[4, 12, 4, 0, 1]  	464	9 
[14, 7, 4, 0, 1]  	469	17 
[3, 13, 2, 1, 1]  	471	6 
[3, 10, 4, 1, 1]  	472	7 
[3, 6, 1, 4, 1]  	473	9 
[1, 14, 4, 0, 1]  	474	7 
[11, 6, 6, 0, 1]  	480	17 
[3, 12, 3, 1, 1]  	483	7 
[3, 0, 9, 2, 1]  	483	6 
[3, 5, 2, 4, 1]  	485	9 
[2, 17, 2, 0, 1]  	485	9 
[1, 13, 5, 0, 1]  	486	6 
[3, 12, 5, 0, 1]  	487	8 
[2, 10, 5, 1, 1]  	495	7 
[3, 8, 6, 1, 1]  	496	7 
[2, 19, 1, 0, 1]  	496	8 
[3, 4, 3, 4, 1]  	497	11 
[2, 4, 9, 1, 1]  	497	9 
[3, 0, 0, 7, 1]  	498	6 
[3, 5, 10, 0, 1]  	501	13 
[17, 4, 6, 0, 1]  	506	13 
[2, 12, 4, 1, 1]  	506	6 
[2, 21, 0, 0, 1]  	507	8 
[2, 9, 6, 1, 1]  	507	7 
[2, 6, 8, 1, 1]  	508	8 
[9, 3, 2, 4, 1]  	511	15 
[4, 11, 6, 0, 1]  	511	10 
[3, 7, 9, 0, 1]  	512	11 
[3, 4, 11, 0, 1]  	513	12 
[6, 2, 0, 6, 1]  	514	15 
[17, 3, 7, 0, 1]  	518	14 
[2, 8, 7, 1, 1]  	519	7 
[2, 4, 4, 4, 1]  	520	8 
[1, 4, 10, 1, 1]  	520	7 
[9, 2, 3, 4, 1]  	523	14 
[3, 9, 8, 0, 1]  	523	10 
[3, 4, 0, 6, 1]  	524	12 
[2, 16, 2, 1, 1]  	528	7 
[16, 4, 7, 0, 1]  	529	16 
[2, 1, 10, 2, 1]  	529	6 
[2, 6, 3, 4, 1]  	531	7 
[1, 18, 3, 0, 1]  	531	6 
[2, 2, 0, 7, 1]  	532	7 
[1, 3, 11, 1, 1]  	532	7 
[7, 2, 4, 4, 1]  	534	13 
[2, 0, 11, 2, 1]  	541	6 
[2, 2, 6, 4, 1]  	544	9 
[1, 13, 1, 3, 1]  	544	7 
[7, 1, 5, 4, 1]  	546	12 
[9, 0, 5, 4, 1]  	547	13 
[2, 17, 0, 2, 1]  	547	11 
[1, 15, 0, 3, 1]  	555	7 
[2, 1, 7, 4, 1]  	556	8 
[7, 0, 6, 4, 1]  	558	11 
[2, 8, 10, 0, 1]  	558	9 
[2, 16, 1, 2, 1]  	559	11 
[2, 5, 12, 0, 1]  	559	10 
[1, 24, 0, 0, 1]  	564	6 
[16, 1, 10, 0, 1]  	565	14 
[2, 10, 9, 0, 1]  	569	8 
[3, 7, 5, 3, 1]  	570	10 
[2, 15, 2, 2, 1]  	571	10 
[4, 3, 13, 0, 1]  	572	11 
[3, 2, 14, 0, 1]  	572	10 
[10, 1, 1, 6, 1]  	574	13 
[1, 17, 3, 1, 1]  	574	7 
[1, 2, 11, 2, 1]  	575	6 
[2, 1, 2, 7, 1]  	579	6 
[2, 12, 8, 0, 1]  	580	7 
[3, 9, 4, 3, 1]  	581	8 
[1, 16, 2, 2, 1]  	582	8 
[2, 3, 14, 0, 1]  	583	9 
[14, 3, 10, 0, 1]  	587	12 
[2, 13, 0, 4, 1]  	587	7 
[2, 0, 3, 7, 1]  	591	7 
[3, 11, 3, 3, 1]  	592	8 
[1, 18, 1, 2, 1]  	593	7 
[1, 15, 3, 2, 1]  	594	8 
[1, 14, 0, 4, 1]  	598	9 
[2, 12, 3, 3, 1]  	603	8 
[2, 1, 14, 1, 1]  	603	6 
[2, 0, 9, 4, 1]  	603	7 
[1, 12, 9, 0, 1]  	603	6 
[1, 8, 6, 3, 1]  	604	6 
[2, 3, 9, 3, 1]  	606	8 
[1, 1, 5, 6, 1]  	606	7 
[1, 4, 5, 5, 1]  	609	6 
[14, 1, 12, 0, 1]  	611	15 
[2, 11, 4, 3, 1]  	615	5 
[1, 3, 4, 6, 1]  	617	5 
[0, 15, 4, 2, 1]  	617	5 
[11, 3, 12, 0, 1]  	621	10 
[10, 0, 3, 6, 1]  	621	11 
[1, 2, 1, 8, 1]  	621	6 
[13, 2, 12, 0, 1]  	622	13 
[1, 3, 8, 4, 1]  	625	7 
[1, 2, 3, 7, 1]  	625	6 
[1, 12, 4, 3, 1]  	626	7 
[0, 17, 3, 2, 1]  	628	4 
[0, 14, 5, 2, 1]  	629	5 
[0, 13, 0, 5, 1]  	629	5 
[2, 2, 16, 0, 1]  	630	9 
[10, 1, 14, 0, 1]  	633	9 
[1, 1, 2, 8, 1]  	633	6 
[13, 1, 13, 0, 1]  	634	13 
[1, 5, 7, 4, 1]  	636	7 
[1, 2, 9, 4, 1]  	637	6 
[1, 1, 4, 7, 1]  	637	5 
[0, 14, 9, 0, 1]  	637	5 
[0, 5, 15, 0, 1]  	640	4 
[0, 4, 10, 3, 1]  	640	3 
[1, 3, 16, 0, 1]  	641	7 
[1, 0, 1, 9, 1]  	641	6 
[2, 1, 17, 0, 1]  	642	7 
[1, 23, 1, 1, 1]  	642	6 
[1, 7, 4, 5, 1]  	643	5 
[1, 0, 3, 8, 1]  	645	6 
[1, 7, 6, 4, 1]  	647	6 
[0, 16, 8, 0, 1]  	648	5 
[1, 1, 10, 4, 1]  	649	6 
[1, 0, 5, 7, 1]  	649	5 
[0, 13, 10, 0, 1]  	649	5 
[1, 2, 17, 0, 1]  	653	5 
[1, 22, 2, 1, 1]  	654	6 
[7, 0, 5, 6, 1]  	655	7 
[6, 1, 16, 0, 1]  	655	8 
[0, 18, 5, 1, 1]  	655	5 
[1, 9, 5, 4, 1]  	658	7 
[0, 18, 7, 0, 1]  	659	5 
[0, 14, 4, 3, 1]  	660	4 
[1, 0, 11, 4, 1]  	661	5 
[1, 1, 18, 0, 1]  	665	5 
[0, 17, 6, 1, 1]  	667	5 
[1, 7, 1, 7, 1]  	670	6 
[1, 0, 0, 10, 1]  	672	5 
[0, 13, 5, 3, 1]  	672	4 
[0, 25, 1, 1, 1]  	676	4 
[0, 2, 18, 0, 1]  	676	3 
[1, 10, 3, 5, 1]  	677	4 
[1, 0, 19, 0, 1]  	677	4 
[0, 28, 1, 0, 1]  	679	5 
[0, 16, 7, 1, 1]  	679	5 
[0, 22, 5, 0, 1]  	681	5 
[0, 12, 8, 2, 1]  	688	3 
[0, 30, 0, 0, 1]  	690	5 
[0, 17, 1, 4, 1]  	690	4 
[8, 0, 17, 0, 1]  	691	7 
[0, 27, 2, 0, 1]  	691	6 
[0, 15, 8, 1, 1]  	691	5 
[1, 1, 15, 2, 1]  	692	6 
[0, 19, 0, 4, 1]  	701	3 
[6, 0, 18, 0, 1]  	702	8 
[0, 16, 2, 4, 1]  	702	4 
[0, 26, 3, 0, 1]  	703	6 
[0, 25, 0, 2, 1]  	707	4 
[0, 2, 17, 1, 1]  	707	3 
[0, 9, 5, 5, 1]  	712	2 
[0, 25, 4, 0, 1]  	715	6 
[0, 1, 7, 7, 1]  	730	2 
[0, 7, 7, 5, 1]  	736	2 
[2, 2, 5, 1, 2]  	311	4 
[11, 1, 4, 1, 2]  	361	13 
[10, 0, 5, 1, 2]  	361	14 
[6, 13, 0, 0, 2]  	371	9 
[8, 12, 0, 0, 2]  	372	13 
[9, 0, 6, 1, 2]  	384	14 
[6, 1, 6, 2, 2]  	437	8 
[7, 8, 5, 0, 2]  	443	14 
[4, 6, 0, 4, 2]  	450	11 
[3, 1, 10, 1, 2]  	475	7 
[19, 11, 0, 0, 2]  	481	18 
[2, 20, 0, 0, 2]  	484	7 
[2, 0, 0, 7, 2]  	486	6 
[4, 9, 7, 0, 2]  	500	11 
[1, 13, 0, 3, 2]  	509	7 
[3, 12, 0, 3, 2]  	510	8 
[4, 3, 0, 6, 2]  	513	12 
[12, 4, 8, 0, 2]  	516	14 
[10, 0, 0, 6, 2]  	516	11 
[6, 3, 11, 0, 2]  	526	13 
[9, 1, 0, 6, 2]  	527	12 
[3, 4, 2, 5, 2]  	528	10 
[4, 11, 1, 3, 2]  	534	9 
[3, 7, 4, 3, 2]  	535	10 
[4, 3, 12, 0, 2]  	537	13 
[9, 0, 1, 6, 2]  	539	11 
[2, 11, 0, 4, 2]  	541	7 
[1, 4, 5, 4, 2]  	543	6 
[3, 9, 3, 3, 2]  	546	9 
[10, 1, 4, 4, 2]  	547	12 
[8, 1, 1, 6, 2]  	550	13 
[1, 3, 6, 4, 2]  	555	6 
[5, 1, 6, 4, 2]  	557	12 
[1, 2, 7, 4, 2]  	567	6 
[1, 1, 8, 4, 2]  	579	6 
[1, 19, 0, 2, 2]  	581	8 
[10, 2, 12, 0, 2]  	586	12 
[2, 10, 4, 3, 2]  	592	7 
[1, 3, 9, 3, 2]  	594	7 
[2, 2, 15, 0, 2]  	595	9 
[8, 0, 3, 6, 2]  	597	9 
[7, 1, 14, 0, 2]  	597	11 
[1, 6, 9, 2, 2]  	597	6 
[1, 2, 6, 5, 2]  	598	7 
[1, 3, 15, 0, 2]  	606	7 
[3, 0, 5, 6, 2]  	607	10 
[9, 2, 13, 0, 2]  	609	10 
[1, 3, 0, 8, 2]  	609	6 
[1, 1, 7, 5, 2]  	610	7 
[1, 10, 5, 3, 2]  	615	5 
[1, 2, 16, 0, 2]  	618	7 
[1, 1, 11, 3, 2]  	618	7 
[7, 0, 4, 6, 2]  	620	10 
[0, 27, 0, 0, 2]  	621	6 
[1, 1, 15, 1, 2]  	626	6 
[1, 1, 0, 9, 2]  	629	5 
[1, 11, 1, 5, 2]  	630	7 
[4, 1, 16, 0, 2]  	631	9 
[1, 21, 2, 1, 2]  	631	6 
[0, 26, 1, 0, 2]  	633	6 
[0, 25, 0, 1, 2]  	641	5 
[0, 13, 6, 2, 2]  	641	5 
[7, 0, 16, 0, 2]  	644	9 
[1, 6, 1, 7, 2]  	647	6 
[0, 4, 16, 0, 2]  	652	3 
[0, 24, 1, 1, 2]  	653	5 
[1, 10, 8, 2, 2]  	654	5 
[1, 12, 3, 4, 2]  	657	6 
[1, 1, 14, 2, 2]  	657	6 
[0, 3, 15, 1, 2]  	660	4 
[6, 0, 17, 0, 2]  	667	9 
[0, 20, 6, 0, 2]  	670	5 
[0, 18, 2, 3, 2]  	682	4 
[0, 24, 0, 2, 2]  	684	5 
[5, 0, 18, 0, 2]  	690	6 
[1, 0, 10, 5, 2]  	692	6 
[0, 3, 5, 7, 2]  	706	2 
[0, 15, 3, 4, 2]  	714	4 
[10, 11, 0, 0, 3]  	373	14 
[5, 13, 1, 0, 3]  	394	8 
[10, 1, 4, 2, 3]  	415	10 
[3, 4, 2, 4, 3]  	462	10 
[3, 3, 3, 4, 3]  	474	9 
[2, 9, 0, 4, 3]  	495	6 
[2, 12, 0, 3, 3]  	498	6 
[4, 11, 0, 3, 3]  	499	9 
[11, 4, 8, 0, 3]  	504	16 
[2, 8, 1, 4, 3]  	507	6 
[2, 7, 2, 4, 3]  	519	6 
[11, 3, 10, 0, 3]  	551	12 
[2, 4, 3, 5, 3]  	551	8 
[1, 12, 0, 4, 3]  	552	6 
[3, 3, 13, 0, 3]  	560	11 
[8, 2, 12, 0, 3]  	562	14 
[8, 0, 2, 6, 3]  	562	10 
[7, 2, 13, 0, 3]  	585	14 
[7, 0, 3, 6, 3]  	585	10 
[6, 1, 14, 0, 3]  	585	14 
[2, 0, 5, 6, 3]  	595	9 
[5, 0, 4, 6, 3]  	596	10 
[14, 2, 11, 0, 3]  	599	15 
[5, 1, 15, 0, 3]  	608	11 
[5, 0, 16, 0, 3]  	620	11 
[1, 4, 2, 7, 3]  	636	6 
[4, 0, 17, 0, 3]  	643	8 
[1, 8, 0, 7, 3]  	658	6 
[3, 0, 18, 0, 3]  	666	8 
[1, 11, 4, 4, 3]  	669	6 
[0, 16, 3, 3, 3]  	671	4 
[0, 18, 0, 4, 3]  	678	4 
[0, 12, 6, 3, 3]  	684	4 
[10, 1, 4, 1, 4]  	349	14 
[8, 3, 10, 0, 4]  	515	12 
[9, 1, 4, 4, 4]  	535	13 
[7, 1, 1, 6, 4]  	538	12 
[3, 11, 2, 3, 4]  	557	8 
[3, 1, 3, 6, 4]  	560	11 
[6, 0, 3, 6, 4]  	573	12 
[3, 0, 8, 4, 4]  	580	8 
[1, 12, 3, 3, 4]  	591	6 
[4, 1, 15, 0, 4]  	596	11 
[1, 1, 1, 8, 4]  	598	7 
[3, 1, 16, 0, 4]  	619	9 
[0, 23, 0, 2, 4]  	661	5 
[0, 11, 3, 5, 4]  	688	3 
[0, 5, 9, 5, 4]  	760	2 
[2, 3, 4, 4, 5]  	497	8 
[2, 5, 3, 4, 5]  	508	7 
[5, 2, 13, 0, 5]  	561	11 
[4, 0, 4, 6, 5]  	584	10 
[1, 3, 5, 5, 5]  	586	7 
[2, 1, 16, 0, 5]  	607	9 
[4, 0, 16, 0, 5]  	608	10 
[0, 20, 1, 2, 5]  	627	4 
[0, 3, 17, 0, 5]  	664	3 
[0, 20, 4, 1, 5]  	666	4 
[0, 10, 4, 6, 5]  	766	2 
[3, 0, 17, 0, 6]  	631	7 
[2, 0, 18, 0, 6]  	654	7 
[0, 11, 8, 3, 6]  	731	3 
[7, 2, 12, 0, 7]  	550	14 
[2, 0, 17, 0, 8]  	619	7 
[0, 8, 10, 2, 245]  	666	3 
[1, 20, 2, 1, 248]  	608	5 
[1, 9, 8, 2, 248]  	631	5 
[1, 9, 3, 5, 248]  	654	4 
[1, 19, 2, 1, 249]  	585	6 
[1, 21, 1, 1, 249]  	596	5 
[1, 10, 7, 2, 249]  	619	5 
[2, 18, 1, 1, 250]  	539	5 
[1, 18, 2, 1, 250]  	562	5 
[1, 20, 1, 1, 250]  	573	5 
[1, 22, 0, 1, 250]  	584	6 
[0, 26, 0, 0, 250]  	598	5 
[0, 18, 4, 1, 250]  	620	4 
[0, 9, 12, 0, 250]  	627	3 
[1, 8, 3, 5, 250]  	631	4 
[0, 17, 7, 0, 250]  	636	5 
[0, 7, 10, 2, 250]  	643	2 
[5, 1, 7, 1, 251]  	394	7 
[7, 10, 3, 0, 251]  	419	13 
[2, 15, 2, 1, 251]  	505	5 
[1, 17, 3, 0, 251]  	508	6 
[1, 15, 3, 1, 251]  	528	3 
[1, 17, 2, 1, 251]  	539	4 
[1, 19, 1, 1, 251]  	550	6 
[2, 13, 3, 2, 251]  	560	9 
[1, 21, 0, 1, 251]  	561	6 
[2, 6, 2, 5, 251]  	562	6 
[1, 8, 7, 2, 251]  	573	4 
[1, 7, 8, 2, 251]  	585	3 
[1, 6, 3, 5, 251]  	585	4 
[0, 15, 5, 1, 251]  	586	4 
[1, 5, 4, 5, 251]  	597	4 
[0, 17, 4, 1, 251]  	597	4 
[0, 15, 8, 0, 251]  	625	4 
[0, 2, 10, 4, 251]  	660	3 
[0, 16, 1, 4, 251]  	667	4 
[0, 11, 1, 6, 251]  	684	3 
[0, 1, 19, 0, 251]  	688	1 
[0, 0, 18, 1, 251]  	696	1 
[0, 5, 13, 2, 251]  	702	3 
[0, 4, 4, 8, 251]  	760	1 
[8, 10, 2, 0, 252]  	396	12 
[5, 12, 2, 0, 252]  	406	8 
[5, 0, 7, 2, 252]  	437	7 
[13, 8, 3, 0, 252]  	445	16 
[2, 16, 2, 0, 252]  	462	5 
[1, 3, 10, 1, 252]  	497	6 
[2, 17, 1, 1, 252]  	516	5 
[1, 16, 2, 1, 252]  	516	4 
[1, 19, 2, 0, 252]  	519	5 
[2, 19, 0, 1, 252]  	527	4 
[1, 2, 10, 2, 252]  	540	4 
[2, 12, 7, 0, 252]  	545	5 
[7, 0, 2, 6, 252]  	550	9 
[2, 7, 1, 5, 252]  	550	5 
[1, 4, 9, 2, 252]  	551	3 
[4, 0, 7, 4, 252]  	557	9 
[3, 0, 13, 1, 252]  	557	6 
[2, 3, 2, 6, 252]  	559	9 
[1, 6, 8, 2, 252]  	562	4 
[1, 1, 0, 8, 252]  	563	4 
[1, 12, 8, 0, 252]  	568	4 
[5, 1, 14, 0, 252]  	573	8 
[1, 4, 4, 5, 252]  	574	3 
[0, 13, 8, 0, 252]  	579	4 
[0, 12, 9, 0, 252]  	591	3 
[0, 5, 10, 2, 252]  	597	2 
[0, 4, 11, 2, 252]  	609	2 
[1, 3, 2, 7, 252]  	613	4 
[0, 16, 7, 0, 252]  	613	4 
[1, 0, 12, 3, 252]  	630	3 
[0, 14, 7, 1, 252]  	633	3 
[0, 12, 1, 5, 252]  	641	4 
[0, 11, 0, 6, 252]  	649	1 
[0, 21, 5, 0, 252]  	658	5 
[0, 1, 7, 6, 252]  	664	2 
[0, 0, 2, 9, 252]  	664	1 
[1, 0, 15, 2, 252]  	669	5 
[0, 8, 12, 1, 252]  	670	2 
[0, 1, 12, 4, 252]  	707	2 
[8, 9, 2, 0, 253]  	373	10 
[7, 10, 2, 0, 253]  	384	10 
[1, 16, 1, 0, 253]  	415	4 
[1, 15, 2, 0, 253]  	427	4 
[5, 9, 5, 0, 253]  	442	9 
[5, 6, 7, 0, 253]  	443	6 
[5, 11, 4, 0, 253]  	453	6 
[13, 7, 4, 0, 253]  	457	13 
[12, 5, 6, 0, 253]  	469	14 
[1, 2, 10, 1, 253]  	474	5 
[1, 0, 12, 1, 253]  	498	2 
[4, 0, 11, 1, 253]  	499	5 
[0, 1, 12, 1, 253]  	509	1 
[3, 5, 1, 5, 253]  	516	8 
[0, 15, 5, 0, 253]  	520	2 
[0, 17, 4, 0, 253]  	531	4 
[3, 11, 7, 0, 253]  	534	6 
[2, 7, 10, 0, 253]  	535	9 
[6, 0, 2, 6, 253]  	538	9 
[2, 8, 0, 5, 253]  	538	5 
[1, 0, 2, 7, 253]  	544	3 
[2, 4, 1, 6, 253]  	547	7 
[1, 7, 7, 2, 253]  	550	5 
[0, 12, 8, 0, 253]  	556	2 
[1, 7, 11, 0, 253]  	558	5 
[5, 0, 3, 6, 253]  	561	9 
[0, 14, 7, 0, 253]  	567	2 
[1, 9, 10, 0, 253]  	569	6 
[0, 16, 4, 1, 253]  	574	2 
[0, 25, 0, 0, 253]  	575	2 
[2, 11, 3, 3, 253]  	580	6 
[1, 0, 9, 4, 253]  	591	3 
[0, 0, 15, 1, 253]  	591	1 
[1, 12, 7, 1, 253]  	599	5 
[1, 4, 1, 7, 253]  	601	6 
[0, 2, 11, 3, 253]  	629	3 
[0, 16, 0, 4, 253]  	632	3 
[0, 13, 4, 3, 253]  	637	4 
[0, 2, 0, 9, 253]  	640	1 
[1, 11, 9, 1, 253]  	646	5 
[0, 15, 2, 4, 253]  	679	4 
[0, 1, 6, 7, 253]  	695	1 
[1, 13, 1, 0, 254]  	346	3 
[9, 0, 5, 1, 254]  	349	12 
[7, 10, 1, 0, 254]  	349	6 
[7, 9, 2, 0, 254]  	361	4 
[6, 1, 6, 1, 254]  	371	8 
[5, 12, 1, 0, 254]  	371	6 
[7, 0, 7, 1, 254]  	395	7 
[5, 11, 3, 0, 254]  	418	5 
[5, 5, 7, 0, 254]  	420	5 
[5, 1, 6, 2, 254]  	425	2 
[5, 0, 9, 1, 254]  	441	5 
[0, 12, 5, 0, 254]  	451	2 
[13, 6, 5, 0, 254]  	469	16 
[2, 12, 3, 1, 254]  	471	3 
[1, 8, 6, 1, 254]  	472	2 
[1, 7, 7, 1, 254]  	484	3 
[1, 4, 9, 1, 254]  	485	3 
[0, 0, 12, 1, 254]  	486	1 
[3, 4, 1, 5, 254]  	493	4 
[1, 21, 0, 0, 254]  	495	5 
[2, 6, 2, 4, 254]  	496	5 
[1, 6, 8, 1, 254]  	496	2 
[1, 1, 0, 7, 254]  	497	4 
[2, 2, 1, 6, 254]  	501	7 
[2, 18, 0, 1, 254]  	504	8 
[2, 0, 10, 2, 254]  	506	4 
[1, 4, 4, 4, 254]  	508	2 
[0, 4, 10, 1, 254]  	508	1 
[1, 1, 6, 4, 254]  	509	4 
[4, 1, 7, 3, 254]  	514	3 
[3, 9, 4, 2, 254]  	515	8 
[1, 6, 3, 4, 254]  	519	3 
[2, 8, 9, 0, 254]  	523	6 
[3, 1, 2, 6, 254]  	525	7 
[6, 1, 1, 6, 254]  	526	8 
[2, 6, 1, 5, 254]  	527	7 
[8, 0, 5, 4, 254]  	535	11 
[3, 1, 8, 3, 254]  	537	6 
[2, 5, 2, 5, 254]  	539	5 
[2, 10, 3, 3, 254]  	557	6 
[1, 10, 9, 0, 254]  	557	2 
[1, 18, 0, 2, 254]  	558	8 
[1, 12, 4, 2, 254]  	560	4 
[0, 19, 2, 1, 254]  	573	2 
[1, 5, 13, 0, 254]  	582	6 
[0, 18, 3, 1, 254]  	585	2 
[1, 8, 0, 6, 254]  	592	3 
[0, 2, 10, 3, 254]  	594	2 
[1, 11, 0, 5, 254]  	595	3 
[13, 1, 12, 0, 254]  	599	9 
[1, 11, 4, 3, 254]  	603	4 
[0, 11, 10, 0, 254]  	603	1 
[1, 7, 1, 6, 254]  	604	3 
[0, 15, 0, 4, 254]  	609	3 
[0, 10, 11, 0, 254]  	615	1 
[1, 0, 6, 6, 254]  	618	3 
[0, 14, 1, 4, 254]  	621	3 
[0, 24, 2, 0, 254]  	622	4 
[0, 1, 6, 6, 254]  	629	1 
[0, 13, 2, 4, 254]  	633	3 
[12, 0, 14, 0, 254]  	634	7 
[0, 0, 6, 7, 254]  	672	1 
[0, 8, 0, 8, 254]  	712	1 
[0, 10, 3, 6, 254]  	731	2 
[0, 6, 2, 8, 254]  	736	1 
[5, 5, 1, 0, 255]  	210	5 
[1, 0, 6, 1, 255]  	288	1 
[1, 13, 0, 0, 255]  	311	3 
[1, 12, 3, 0, 255]  	393	2 
[0, 0, 10, 1, 255]  	416	1 
[3, 5, 8, 0, 255]  	431	4 
[0, 13, 4, 0, 255]  	439	2 
[3, 5, 1, 4, 255]  	450	6 
[4, 4, 9, 0, 255]  	455	4 
[0, 20, 0, 0, 255]  	460	1 
[2, 5, 0, 5, 255]  	469	3 
[1, 0, 0, 7, 255]  	474	1 
[2, 1, 1, 6, 255]  	478	3 
[2, 4, 1, 5, 255]  	481	3 
[2, 11, 4, 1, 255]  	483	4 
[2, 7, 1, 4, 255]  	484	4 
[0, 18, 2, 0, 255]  	484	1 
[2, 4, 3, 4, 255]  	485	6 
[4, 10, 6, 0, 255]  	488	6 
[0, 1, 6, 4, 255]  	497	2 
[2, 7, 9, 0, 255]  	500	3 
[9, 0, 0, 6, 255]  	504	9 
[15, 2, 8, 0, 255]  	506	4 
[1, 7, 2, 4, 255]  	507	3 
[4, 10, 1, 3, 255]  	511	6 
[3, 10, 7, 0, 255]  	511	3 
[2, 4, 0, 6, 255]  	512	3 
[7, 0, 1, 6, 255]  	515	10 
[1, 8, 0, 5, 255]  	526	1 
[0, 0, 0, 8, 255]  	528	1 
[0, 7, 7, 2, 255]  	538	2 
[7, 0, 13, 0, 255]  	539	9 
[0, 0, 6, 5, 255]  	540	1 
[0, 7, 11, 0, 255]  	546	3 
[1, 3, 2, 6, 255]  	547	4 
[4, 2, 13, 0, 255]  	549	7 
[0, 9, 6, 2, 255]  	549	2 
[5, 0, 14, 0, 255]  	550	6 
[1, 6, 2, 5, 255]  	550	1 
[1, 12, 2, 3, 255]  	556	4 
[1, 4, 13, 0, 255]  	559	2 
[2, 2, 14, 0, 255]  	560	8 
[0, 5, 9, 2, 255]  	562	2 
[0, 13, 0, 4, 255]  	563	2 
[15, 0, 11, 0, 255]  	565	6 
[0, 11, 0, 5, 255]  	583	1 
[3, 1, 15, 0, 255]  	584	8 
[1, 2, 4, 6, 255]  	594	3 
[0, 4, 5, 5, 255]  	597	1 
[0, 0, 5, 7, 255]  	637	1 
[0, 12, 3, 4, 255]  	645	2 
[0, 15, 3, 3, 255]  	648	4 
[0, 1, 18, 0, 255]  	653	1 
[0, 19, 1, 3, 255]  	670	3 
------
The gap is between 9 and 244.
Lengths: 5 5 10 14 5 14.
For 692 = 3*d-d1-d2-d3-d4 you get 5 in char 0.
1 + 0*2^64 + 0*2^128 + 0*2^192*y^24*z^4
1 + 0*2^64 + 0*2^128 + 0*2^192*y^12*z^10*w^1
1 + 0*2^64 + 0*2^128 + 0*2^192*y^11*z^5*w^4
1 + 0*2^64 + 0*2^128 + 0*2^192*y^10*w^7
1 + 0*2^64 + 0*2^128 + 0*2^192*z^16*w^2

For 416 = 2*d-d1-d2-d3-d4 you get 10 in char 0.
1 + 0*2^64 + 0*2^128 + 0*2^192*x^5*y^4*w^4
1 + 0*2^64 + 0*2^128 + 0*2^192*x^4*y^3*z^1*w^4
1 + 0*2^64 + 0*2^128 + 0*2^192*x^3*y^2*z^2*w^4
1 + 0*2^64 + 0*2^128 + 0*2^192*x^2*y^14*z^2
1 + 0*2^64 + 0*2^128 + 0*2^192*x^2*y^1*z^3*w^4
1 + 0*2^64 + 0*2^128 + 0*2^192*x^1*y^13*z^3
1 + 0*2^64 + 0*2^128 + 0*2^192*x^1*y^1*z^9*w^1
1 + 0*2^64 + 0*2^128 + 0*2^192*x^1*z^4*w^4
1 + 0*2^64 + 0*2^128 + 0*2^192*y^12*z^4
1 + 0*2^64 + 0*2^128 + 0*2^192*z^10*w^1

For 140 = d-d1-d2-d3-d4 you get 5 in char 0.
1 + 0*2^64 + 0*2^128 + 0*2^192*x^4*y^4
1 + 0*2^64 + 0*2^128 + 0*2^192*x^3*y^3*z^1
1 + 0*2^64 + 0*2^128 + 0*2^192*x^2*y^2*z^2
1 + 0*2^64 + 0*2^128 + 0*2^192*x^1*y^1*z^3
1 + 0*2^64 + 0*2^128 + 0*2^192*z^4

Extra powers of p used 9.
The invariant extra is equal to 33.
Start computing 2^4 Delta^1 (x1x2x3x4)^1... Done.
Start computing 2^5 Delta^2 (x1x2x3x4)^1... Done.
Start computing 2^6 Delta^3 (x1x2x3x4)^1... Done.
Start computing 2^7 Delta^4 (x1x2x3x4)^1... Done.
Start computing 2^8 Delta^5 (x1x2x3x4)^1... Done.
Start computing 2^9 Delta^6 (x1x2x3x4)^1... Done.
Start computing 2^10 Delta^7 (x1x2x3x4)^1... Done.
Start computing 2^11 Delta^8 (x1x2x3x4)^1... Done.
Start computing 2^12 Delta^9 (x1x2x3x4)^1... Done.
Start computing 2^13 Delta^10 (x1x2x3x4)^1... Done.
Start computing 2^14 Delta^11 (x1x2x3x4)^1... Done.
Start computing 2^15 Delta^12 (x1x2x3x4)^1... Done.
Start computing 2^16 Delta^13 (x1x2x3x4)^1... Done.
Start computing 2^17 Delta^14 (x1x2x3x4)^1... Done.
Start computing 2^18 Delta^15 (x1x2x3x4)^1... Done.
Start computing 2^19 Delta^16 (x1x2x3x4)^1... Done.
Start computing 2^20 Delta^17 (x1x2x3x4)^1... Done.
Start computing 2^21 Delta^18 (x1x2x3x4)^1... Done.
Start computing 2^22 Delta^19 (x1x2x3x4)^1... Done.
Start computing 2^23 Delta^20 (x1x2x3x4)^1... Done.
Start computing 2^24 Delta^21 (x1x2x3x4)^1... Done.
Start computing 2^25 Delta^22 (x1x2x3x4)^1... Done.
Start computing 2^26 Delta^23 (x1x2x3x4)^1... Done.
Start computing 2^27 Delta^24 (x1x2x3x4)^1... Done.
Start computing 2^28 Delta^25 (x1x2x3x4)^1... Done.
Start computing 2^29 Delta^26 (x1x2x3x4)^1... Done.
Start computing 2^30 Delta^27 (x1x2x3x4)^1... Done.
Start computing 2^31 Delta^28 (x1x2x3x4)^1... Done.
Start computing 2^32 Delta^29 (x1x2x3x4)^1... Done.
Start computing 2^33 Delta^30 (x1x2x3x4)^1... Done.
Start computing 2^34 Delta^31 (x1x2x3x4)^1... Done.
Start computing 2^35 Delta^32 (x1x2x3x4)^1... Done.
Start computing 2^36 Delta^33 (x1x2x3x4)^1... Done.
Start computing 2^37 Delta^34 (x1x2x3x4)^1... Done.
Start computing 2^38 Delta^35 (x1x2x3x4)^1... Done.
Start computing aa.
1 2 3 4 5 6 7 8 9 10 11 12 13 14 15 16 17 18 19 20 
*/
A = \
[6185809112987779520 + 9371654642833366501*2^64 + 5256812628999824021*2^128 + 17988611184*2^192,11444178891966992256 + 2522268395018908741*2^64 + 3452227386141822492*2^128 + 70089651721*2^192,2543973460409480160 + 462546474221942561*2^64 + 14896210840743054299*2^128 + 186536503362*2^192,15918311095027931296 + 177276991478651080*2^64 + 7027785227916713719*2^128 + 173338875707*2^192,17282931005674546944 + 17399105154060778294*2^64 + 13003559315742315186*2^128 + 64884576524*2^192,9020638165216012032 + 12457492341695891179*2^64 + 5140330249205007088*2^128 + 242185279812*2^192,6632295954422188800 + 248296367274214142*2^64 + 16742013489753081759*2^128 + 4852195684*2^192,15122389239390411520 + 14213216813511491498*2^64 + 9834516263916035093*2^128 + 206000129729*2^192,15862389981013869568 + 9924025126183471311*2^64 + 431746471994709315*2^128 + 266852059445*2^192,16699197535153411328 + 15370986723561754833*2^64 + 6750907099930147998*2^128 + 49732866242*2^192,7831838493286158848 + 5686921167238608520*2^64 + 8808007105642949322*2^128 + 248606293038*2^192,10677072011197916160 + 2041301295492494875*2^64 + 9328192166208171122*2^128 + 205797323859*2^192,9941447878098164736 + 10454166931720009845*2^64 + 15716260284725859793*2^128 + 216417989453*2^192,16910640921633207808 + 17461866248797308296*2^64 + 2515416089182128804*2^128 + 127962814849*2^192,7646966454519815168 + 2412928833983802406*2^64 + 6928947055475472443*2^128 + 254482088576*2^192,11147663145465670656 + 10586162325429775967*2^64 + 11440869454098010199*2^128 + 222915023557*2^192,5221768317351172096 + 3420323722904762136*2^64 + 15128605004161207613*2^128 + 79993756489*2^192,9264937207662803968 + 8365867876325201150*2^64 + 10161458720355598410*2^128 + 51939610768*2^192,2102579579348234240 + 1260972987396984335*2^64 + 14989619530578781467*2^128 + 157764775707*2^192,10883870812864718848 + 13998519222320621760*2^64 + 3701684500768234371*2^128 + 146777484198*2^192;\
8757296592912598048 + 10088722013362814543*2^64 + 8390083113779517669*2^128 + 14118812380*2^192,2406031616244749120 + 1090114004464434029*2^64 + 7897608646514044481*2^128 + 180904294703*2^192,10502961228409968960 + 17312461735730185790*2^64 + 2174486678452951174*2^128 + 162474664533*2^192,9529080630931984736 + 5028286037411884111*2^64 + 15783586330722002853*2^128 + 113690541124*2^192,1809627727931187584 + 4453552196202193635*2^64 + 7018488634724134038*2^128 + 216123539868*2^192,536674486551297536 + 5896727590974482340*2^64 + 10970295258367617974*2^128 + 147734274970*2^192,9473017441559110784 + 16477767665282808978*2^64 + 7506232132543127068*2^128 + 80179037648*2^192,15190693129183834880 + 1343952233688590061*2^64 + 3334888906869427133*2^128 + 121814486231*2^192,10153549395563000576 + 17255092805938281608*2^64 + 13759125883000558194*2^128 + 238941130861*2^192,11812283063894590848 + 4749318895916655720*2^64 + 10320874487876618441*2^128 + 61428947192*2^192,3328632768659517952 + 5166557339072976023*2^64 + 3543869367071120281*2^128 + 218766898729*2^192,4503936175099435264 + 2187327920178574110*2^64 + 10337450339379856632*2^128 + 30677639887*2^192,7274836099417105152 + 800211064140044298*2^64 + 8872901415131275956*2^128 + 133030563361*2^192,3758076653017353728 + 7161508357836191767*2^64 + 9616435333654288657*2^128 + 122639883298*2^192,3855864431070164480 + 14399599613646270677*2^64 + 3539789080987580348*2^128 + 239901318340*2^192,16732330791565750528 + 854413985259883833*2^64 + 17493598799123696057*2^128 + 210929528218*2^192,11044449603802904320 + 2042887842245527816*2^64 + 15923112377245464538*2^128 + 55145255467*2^192,14420244866104933632 + 10005181581102999068*2^64 + 3476848481257934805*2^128 + 215083711747*2^192,11585004392271876096 + 1547938589447523806*2^64 + 17631517405427782841*2^128 + 204230159585*2^192,15568880772757493504 + 8474704661739111177*2^64 + 17752364473514038623*2^128 + 101659442*2^192;\
11433704534101786880 + 9669303820959013982*2^64 + 7977450488680173892*2^128 + 160652261992*2^192,11132564857711862272 + 11879969928899501953*2^64 + 2570088637138689588*2^128 + 88544540199*2^192,8034488078334579200 + 1456470548286251487*2^64 + 11384567100178525584*2^128 + 222226958971*2^192,13476329676722126336 + 15477914645218274751*2^64 + 4468722385902459049*2^128 + 150535967774*2^192,14031193556002585600 + 13796559382816293094*2^64 + 3122927840700014039*2^128 + 232572910606*2^192,15700973911717124096 + 6058781882281003721*2^64 + 13982984822200068095*2^128 + 15005499672*2^192,6620470173445264384 + 1445418100264690173*2^64 + 4714974708426509787*2^128 + 239251552859*2^192,7627390940680491008 + 4027780618374863576*2^64 + 14377314916487232108*2^128 + 118914400205*2^192,4587466101243209728 + 17625130234449398551*2^64 + 16385719447185759107*2^128 + 41563701452*2^192,8729615356767681536 + 13560656751792921520*2^64 + 8889017232934730954*2^128 + 185308889175*2^192,15545954770418900992 + 16427020927803621074*2^64 + 6873922771045075747*2^128 + 42206202484*2^192,6002709870345115648 + 11004630853048829727*2^64 + 8905426464956306409*2^128 + 38582838407*2^192,16802811723500034048 + 2312493442330532019*2^64 + 18195867356969515063*2^128 + 252793149640*2^192,8578091769336045568 + 5843191307917573131*2^64 + 4042987137650451717*2^128 + 144770550299*2^192,9362711758674325504 + 14674745970998732530*2^64 + 14544636225129129056*2^128 + 124454397534*2^192,15428488028756793344 + 13030678271840720786*2^64 + 10842699350912680841*2^128 + 264329540823*2^192,17212178322376853504 + 4657505812405524172*2^64 + 963318300078355056*2^128 + 105848281214*2^192,4820065657161447424 + 10645826939734934024*2^64 + 1866278823633943134*2^128 + 87572419840*2^192,16535664506070188032 + 1231214627968812830*2^64 + 14024951258942873757*2^128 + 211757854011*2^192,13262559253769193472 + 10110886452752250147*2^64 + 17870852650588560502*2^128 + 122235645786*2^192;\
11033010614281010432 + 13233140005561641358*2^64 + 13658141251774960317*2^128 + 60669221900*2^192,367896904786473472 + 5629671453530652097*2^64 + 4649160626898147030*2^128 + 113360361870*2^192,5434229381998908032 + 17490872179295592520*2^64 + 7697886637509898010*2^128 + 70330566811*2^192,14496838265969531520 + 16140707314578018231*2^64 + 17110209223361665116*2^128 + 174419605070*2^192,14897607464749007872 + 15310412551728545535*2^64 + 7878311085803372076*2^128 + 212552978656*2^192,6090306520085535744 + 10229038622128906676*2^64 + 16364470741860772330*2^128 + 34251664162*2^192,10439552216391220224 + 13448700818595954930*2^64 + 14687298632822022817*2^128 + 58680402175*2^192,1434169302672260096 + 8424055386033202470*2^64 + 17029493702116198064*2^128 + 92637625965*2^192,18410674515163930624 + 6648570308427784421*2^64 + 6749492929495230705*2^128 + 72719632089*2^192,17502836110928673792 + 3247023134918426640*2^64 + 3271611130280482635*2^128 + 208414952136*2^192,11226905664120502272 + 8940058336167172493*2^64 + 6703329105920094137*2^128 + 6671582752*2^192,14258262650551074816 + 7939948814481318014*2^64 + 17104537528579543822*2^128 + 255234179694*2^192,5490427676647528448 + 8133558854575645392*2^64 + 9160415447364823975*2^128 + 34374230001*2^192,5278452126572251136 + 13193593362088406111*2^64 + 6357982220060438282*2^128 + 114866880177*2^192,12192467859101700096 + 18102710838689130806*2^64 + 10462061568589113783*2^128 + 128782086688*2^192,11013292194526588928 + 14733228543150680473*2^64 + 9023003473799756715*2^128 + 192951025245*2^192,156651354152325120 + 3965744069254852928*2^64 + 14490310035960369825*2^128 + 110963200670*2^192,8099653370912616448 + 7578968987595871614*2^64 + 14296723946261325516*2^128 + 58567274396*2^192,11949427314737115136 + 6164077317592835560*2^64 + 3257007151181736150*2^128 + 268780189026*2^192,12405294036263084032 + 5975198358857202866*2^64 + 2925948070027990680*2^128 + 116072417315*2^192;\
17148803427117350144 + 10319752262562282733*2^64 + 303173787832320842*2^128 + 185874168659*2^192,7928636047727137152 + 1955887519923804472*2^64 + 5482643949743911095*2^128 + 58752571865*2^192,851803745129217448 + 13075004596880694764*2^64 + 5395676273810745083*2^128 + 169940840841*2^192,11970321496611445544 + 4093812528098760619*2^64 + 19186222619168038*2^128 + 232667056308*2^192,1093281707918440832 + 6804517302325348336*2^64 + 18268848923028948684*2^128 + 164667524614*2^192,8950090978254192960 + 7422759318853943061*2^64 + 12937213118599143808*2^128 + 196253071637*2^192,13669796287060528640 + 15830204543869822895*2^64 + 10530498934941928742*2^128 + 11094111324*2^192,2695401887320873920 + 8449688561117305741*2^64 + 14878409480676070241*2^128 + 174632777731*2^192,9419754641153089408 + 1350148371817249913*2^64 + 1766961676359799073*2^128 + 45895711001*2^192,9675663648876246528 + 10608978559145524564*2^64 + 8382728472094533440*2^128 + 110365061177*2^192,10789034604153144960 + 8089979476979897735*2^64 + 9165573248244118990*2^128 + 219510842964*2^192,16548102795677279360 + 6628416301480669858*2^64 + 4490554129900408074*2^128 + 118920856041*2^192,3651813517713027968 + 18293129207792645625*2^64 + 502707946018556048*2^128 + 251797549581*2^192,17495553196577372032 + 17593342112486575618*2^64 + 1045730836337073632*2^128 + 256717415027*2^192,7004238549735932416 + 7797366655225591640*2^64 + 8032276289122707031*2^128 + 256684519981*2^192,1120667012020665984 + 6031986251743467747*2^64 + 4712902774590083327*2^128 + 148297004109*2^192,1710647639181209728 + 17346723047297048822*2^64 + 2940033049562639989*2^128 + 252528604726*2^192,1522798719087260800 + 3287645763513145114*2^64 + 7950700803582940613*2^128 + 120013805304*2^192,17338137320337764352 + 1254197885848050600*2^64 + 7829212212152986590*2^128 + 237892608823*2^192,14705367670498237568 + 8749797895038834102*2^64 + 16199620025059371859*2^128 + 12742878713*2^192;\
4866960901789431296 + 7990053924797867642*2^64 + 17062004945504826138*2^128 + 76454417188*2^192,8920849264612408320 + 17605999619777819586*2^64 + 166753427897255879*2^128 + 89334419973*2^192,5501688185185878784 + 5538204930986323955*2^64 + 5679939394794201216*2^128 + 76073744510*2^192,2181659540310347264 + 2843420067859333625*2^64 + 13177500242211117420*2^128 + 125438520723*2^192,15490275565371213824 + 17827709240673459982*2^64 + 12583835391593677422*2^128 + 256360982277*2^192,4677783931870215680 + 17525162188662854238*2^64 + 16315521515109953811*2^128 + 166150465535*2^192,10789219864194675712 + 8167938833296702599*2^64 + 399585211941253342*2^128 + 85523735892*2^192,16883911832920778752 + 573665415387891181*2^64 + 11451949788838943281*2^128 + 38837945756*2^192,2404177642177138688 + 8525751958405767050*2^64 + 17492869666712192141*2^128 + 64935280296*2^192,16275410851541915648 + 11088164752782201170*2^64 + 14377294122244129402*2^128 + 143031979558*2^192,2657185852960931840 + 8394151902700369203*2^64 + 2699397270885839895*2^128 + 45637121986*2^192,8148045328080457728 + 8286019938584343508*2^64 + 211937145684022613*2^128 + 191648687964*2^192,1009046051971166208 + 17879676676947791071*2^64 + 285634247663026879*2^128 + 121687920686*2^192,2093634178298142720 + 7281513475011303205*2^64 + 3190332684721603798*2^128 + 26231706728*2^192,10996924370707890176 + 6481221067830063471*2^64 + 17383287435304547636*2^128 + 109225793725*2^192,8473993806547980288 + 6873893739207933264*2^64 + 15761004983659422246*2^128 + 245896752787*2^192,6641074948104663040 + 9959409075499427339*2^64 + 15699402029314266998*2^128 + 718125623*2^192,525858426914426880 + 1734106088149470057*2^64 + 8031706005330239139*2^128 + 58394095301*2^192,5059580084499533824 + 12521801896741546959*2^64 + 9296634875254331929*2^128 + 203356231681*2^192,16444068889187966976 + 14214954417319479001*2^64 + 17283937620591522009*2^128 + 89699489085*2^192;\
17005399356619346944 + 1351779733241557923*2^64 + 16719530828099010522*2^128 + 16070725846*2^192,13607402867011352576 + 2255728656650388253*2^64 + 11297257331632905395*2^128 + 124752570870*2^192,12711325979488256 + 11897357641773717565*2^64 + 9782135709080511519*2^128 + 51756621451*2^192,2766733318485205248 + 14185876949984966948*2^64 + 268626171491056117*2^128 + 120006347891*2^192,16895900775575478272 + 9122147017366944404*2^64 + 977681485138126546*2^128 + 235695940777*2^192,14569198359174625792 + 2687986184639769022*2^64 + 8866939653513330591*2^128 + 225148751964*2^192,1459000028663136768 + 16497991698384016274*2^64 + 11117903681739519455*2^128 + 137050468977*2^192,16349432273070274048 + 14622064440625800063*2^64 + 4593722976554008989*2^128 + 61406392067*2^192,11229491758161678336 + 5127427272477038746*2^64 + 13699147832880002298*2^128 + 27748747584*2^192,4480751546034600448 + 14208904946832770432*2^64 + 7583956101769334094*2^128 + 74929519322*2^192,557470106900146176 + 10336804877744987579*2^64 + 7765334843704977084*2^128 + 220865332094*2^192,13576791386928185344 + 11800544724238713422*2^64 + 6329734545440038160*2^128 + 1773969280*2^192,16603645494366583808 + 7319769816004565235*2^64 + 7665132409819334789*2^128 + 32910028110*2^192,15422193463275212800 + 17716704401408617777*2^64 + 10148744173177265823*2^128 + 76213652078*2^192,2301292268861939712 + 1408896838475994198*2^64 + 9803483045792358880*2^128 + 22568932546*2^192,10041865235424231424 + 1479829471288693128*2^64 + 12280033661324409110*2^128 + 232795612004*2^192,11870208050877128704 + 11400176316354705666*2^64 + 1161758966230111339*2^128 + 178950821142*2^192,11407085457632772096 + 17127786797532972642*2^64 + 2949570422691290718*2^128 + 111467671127*2^192,7580002630699503616 + 9085518398180238344*2^64 + 10987420422433860755*2^128 + 235347574346*2^192,15846203331396337664 + 4179663116825155802*2^64 + 12326495509198438882*2^128 + 160665061505*2^192;\
923809442763069440 + 428643283535014883*2^64 + 5419475475314092129*2^128 + 238257542060*2^192,10866453897271351296 + 10807982747088158700*2^64 + 17064437685226259093*2^128 + 83604996594*2^192,12178986118267976960 + 10092715543402660554*2^64 + 14498831413515860548*2^128 + 137850269346*2^192,8392466193783721984 + 10703267760088187311*2^64 + 2031621573266363154*2^128 + 66200538750*2^192,10322414108331282432 + 7336185793697897706*2^64 + 6988045170079301548*2^128 + 122388747624*2^192,13073018352646378496 + 7444533672712788564*2^64 + 12802455280575445873*2^128 + 200281356312*2^192,4127276876047352832 + 10116758078934935709*2^64 + 12969527946515341533*2^128 + 53911795734*2^192,17831726750738834944 + 12196820656600354386*2^64 + 8580606584960407583*2^128 + 249018443330*2^192,6869088360752795648 + 4863582273713025418*2^64 + 6183246675350960029*2^128 + 150131726480*2^192,11986422813132686848 + 13424852584068439052*2^64 + 15908371898370978107*2^128 + 236792811704*2^192,6168256650483687424 + 9551290157310552459*2^64 + 4989878595240677542*2^128 + 70309094756*2^192,2009304551027032064 + 10574076106697222097*2^64 + 11568759138964531657*2^128 + 20734033196*2^192,5847752254938634240 + 8910568389658344888*2^64 + 8236985401359014367*2^128 + 191208357337*2^192,2806666763107336192 + 8095383334428846671*2^64 + 16075581834066404636*2^128 + 59530804924*2^192,13355819578181910528 + 12651813661841453556*2^64 + 16875112498635873535*2^128 + 2236746278*2^192,6866709258842517504 + 15993830234230670587*2^64 + 1048835841013071177*2^128 + 93954152590*2^192,969035500503900160 + 7497603678487344459*2^64 + 6583937979477387588*2^128 + 202600115085*2^192,1382347659533152256 + 17320769896174999069*2^64 + 16563661262454062487*2^128 + 104608623346*2^192,6006715638214201344 + 13494111269464615909*2^64 + 11433047551707066033*2^128 + 76166653606*2^192,1397967889187336192 + 16990806138089276666*2^64 + 1539308297413108537*2^128 + 186023274718*2^192;\
15033364091762503752 + 1213437517912567120*2^64 + 13822453284789475050*2^128 + 74900887893*2^192,9076635356548713680 + 11355571556224654839*2^64 + 608892392983070147*2^128 + 161691971179*2^192,5953489334146421184 + 16238538652769275005*2^64 + 11580403822825076925*2^128 + 21827188947*2^192,8997819287569802504 + 16491247233788691991*2^64 + 15948501053914747972*2^128 + 256846620850*2^192,4692208763630328928 + 8168189815501684553*2^64 + 4584555718904328058*2^128 + 162823119617*2^192,1337097058968967808 + 14808016171826155550*2^64 + 15911387520024056666*2^128 + 29118631985*2^192,15599964694337538976 + 16764328669417576214*2^64 + 11981789047866463118*2^128 + 225375816796*2^192,4674564398605146048 + 17329746930681909229*2^64 + 9679696948039009807*2^128 + 253754037569*2^192,15664074593450619968 + 3490287851028945799*2^64 + 5707767949055285088*2^128 + 215293689950*2^192,2727666335261689312 + 7676984381671045421*2^64 + 8317196578446006427*2^128 + 18485721220*2^192,3026528916891846400 + 5786635435052118223*2^64 + 3506203551580054234*2^128 + 39273988807*2^192,12661303873457599552 + 9608936077377051168*2^64 + 6488840765746595387*2^128 + 133832954640*2^192,2341343119058792384 + 12395240542368324167*2^64 + 6106874730699013240*2^128 + 44278266291*2^192,1452851922439577216 + 17591228275334877383*2^64 + 7186996652345916582*2^128 + 192724332318*2^192,15377938711312977280 + 12343622485127806082*2^64 + 15673414835318415983*2^128 + 49944552011*2^192,5154542971041002816 + 1780694795123435162*2^64 + 12457308832325207320*2^128 + 39363195151*2^192,3187590441229128896 + 15921724048168268616*2^64 + 3783868524155538101*2^128 + 126726600441*2^192,841452631291757632 + 301260658324164455*2^64 + 5620634716253207689*2^128 + 33198928026*2^192,4906906521390417920 + 6009774068162199216*2^64 + 8110835201111195362*2^128 + 27327445975*2^192,15140360314190502080 + 16942361750897827001*2^64 + 4004569359684838565*2^128 + 249987750997*2^192;\
3823167779689005568 + 10076730698347569442*2^64 + 12759326797042183193*2^128 + 215447304453*2^192,13269957599978056704 + 16856777386761409476*2^64 + 13067431119299330629*2^128 + 423129546*2^192,15530902762847007744 + 10064284289144508506*2^64 + 1584592251678426727*2^128 + 236948932942*2^192,9256293422103000832 + 7771414953616942290*2^64 + 2897216397598880967*2^128 + 84475650223*2^192,1614395317749286912 + 4482227691779450490*2^64 + 14092073702477250805*2^128 + 194050829700*2^192,10363901622772680704 + 7802651768721101468*2^64 + 17040152627766918596*2^128 + 87969147346*2^192,3143948073599783936 + 6613371494243290594*2^64 + 2320358193958450396*2^128 + 4358877567*2^192,4534880932876059648 + 8463472677655965746*2^64 + 10703717027144881640*2^128 + 142865372851*2^192,9968551633055092736 + 9344463706901501374*2^64 + 4714555430897034628*2^128 + 198471250693*2^192,10753191271961995264 + 7250520689610194218*2^64 + 8828582691443199777*2^128 + 273784868865*2^192,13371566056020559872 + 7501799060156370329*2^64 + 3744614689646605084*2^128 + 50370261848*2^192,10453516998936006656 + 48433242516280585*2^64 + 2270225056155369547*2^128 + 69738015191*2^192,12666093598671910400 + 5232639243252008669*2^64 + 18134906819129103126*2^128 + 38718606181*2^192,7445983714077159424 + 17167077657773418350*2^64 + 13412878691297050382*2^128 + 166718622974*2^192,8070427772310536192 + 6655593165722388525*2^64 + 8667431398100747274*2^128 + 181886727620*2^192,3387280532074852352 + 12451158665416651451*2^64 + 11075574928807392394*2^128 + 17301981907*2^192,7644359806111813632 + 415074162626122263*2^64 + 17774679114458041722*2^128 + 130013630373*2^192,15881148647301509120 + 12294508401160911400*2^64 + 16185397054327739569*2^128 + 176323404860*2^192,12704364893913219072 + 9086412070657797163*2^64 + 15365292205274481807*2^128 + 100932334333*2^192,17730711451494105088 + 4436614527036844263*2^64 + 1520197107922079479*2^128 + 185398674772*2^192;\
13965869916204144210 + 8670437523360617499*2^64 + 12782689128147887606*2^128 + 170039820757*2^192,17737156674977884084 + 16881763860870881814*2^64 + 8393994403086321593*2^128 + 104512702385*2^192,9696059447122055384 + 13779499255998049466*2^64 + 3804561447780366014*2^128 + 123164351954*2^192,12523358876397720554 + 2112853936005930936*2^64 + 11512238562099520521*2^128 + 234834593984*2^192,1857185701706699928 + 9781741657805400038*2^64 + 6575866839410834737*2^128 + 167514029006*2^192,16382793585736926176 + 18290901283854399280*2^64 + 6651675131824747045*2^128 + 248585918698*2^192,13915420202522521448 + 3935746443498809432*2^64 + 1750829881186497907*2^128 + 237040781711*2^192,676926287704098736 + 9806068021758132001*2^64 + 13555452504118162365*2^128 + 109310073466*2^192,7490036393616734864 + 3321026599267388165*2^64 + 4627725099760756606*2^128 + 185275006231*2^192,5317899355235943032 + 17647712941599253603*2^64 + 271800977795685033*2^128 + 8957182918*2^192,691289335589340736 + 18273691583656414844*2^64 + 15409748031617658599*2^128 + 224828248097*2^192,13815137906337163152 + 5401669008592429270*2^64 + 15947260676759609180*2^128 + 47044291830*2^192,4247809122630365808 + 3708857208977958937*2^64 + 7949214030985007549*2^128 + 150648067201*2^192,2790643443288821280 + 14394219190117310992*2^64 + 13097779711535488682*2^128 + 250041790078*2^192,7483768888068365152 + 18431105412443637330*2^64 + 485094814481087650*2^128 + 246801537183*2^192,1952804130611699152 + 10651416981300270534*2^64 + 13406053006799439034*2^128 + 234075291558*2^192,7676854943218899888 + 1317572382293429591*2^64 + 9602546252753788748*2^128 + 186184677410*2^192,5780138630648968080 + 3757332232491216591*2^64 + 15160214737711987625*2^128 + 94183442221*2^192,16241214063221130752 + 338361171114820080*2^64 + 3480897306369729520*2^128 + 5567388153*2^192,6601668564185241776 + 12066652186440934697*2^64 + 8282817839136786874*2^128 + 241603083479*2^192;\
1412988790341009275 + 6416534179956028520*2^64 + 12084387621786112512*2^128 + 145314325378*2^192,10134417840115281038 + 7604559429111856630*2^64 + 16499711879948073335*2^128 + 17827522899*2^192,3955137445544678052 + 3514029515695919822*2^64 + 14688469373210284436*2^128 + 74468230788*2^192,3366742530991489599 + 3682260397024825151*2^64 + 17432008916115980031*2^128 + 80276244482*2^192,233821108180538340 + 7208943158360695586*2^64 + 6022516549848286114*2^128 + 229436641574*2^192,12965071704868704208 + 15970123069655753860*2^64 + 10445277606226676770*2^128 + 180074449889*2^192,12608227112917778460 + 18263997422089001340*2^64 + 6977763805695724407*2^128 + 159781045186*2^192,5512551706410270088 + 10688857987655701887*2^64 + 8268899792292098939*2^128 + 223634722463*2^192,13623300202893871832 + 5395867874719967184*2^64 + 16076434088091307191*2^128 + 240678580911*2^192,6766138375966135988 + 7520074207928173075*2^64 + 8120244940173800129*2^128 + 211128719434*2^192,15345399204974220384 + 17666106434074438996*2^64 + 7302057147286268552*2^128 + 229978521622*2^192,1475122221827751768 + 1263063708711009096*2^64 + 8398414307689558555*2^128 + 43785170693*2^192,6393937953514685096 + 13229670105455894810*2^64 + 11067828955509197892*2^128 + 199910154967*2^192,13425277587409504304 + 11986354982348540887*2^64 + 12792020683698618874*2^128 + 193623498282*2^192,11750466866094705424 + 15564256534657249308*2^64 + 3701150896808394086*2^128 + 120078770143*2^192,373023040097228472 + 18238593780912633031*2^64 + 9872386239998499326*2^128 + 33937178581*2^192,7980082562197454728 + 5180686215361223215*2^64 + 3820064415670850149*2^128 + 150030458661*2^192,9632054792540546904 + 7424273989781441256*2^64 + 17517092925908217197*2^128 + 267840432048*2^192,15939137120412476672 + 4779687589929251695*2^64 + 7351058987118327051*2^128 + 91258092618*2^192,1252384372935460616 + 16121573660081287124*2^64 + 3212415420632174885*2^128 + 203239928959*2^192;\
11689222773845830144 + 7910600721790102590*2^64 + 8421970967731852429*2^128 + 231688463768*2^192,8390912260088974336 + 1827786888023223304*2^64 + 13008358991393701432*2^128 + 24824791991*2^192,10625824465152560640 + 14731199846692417099*2^64 + 1397873515013317290*2^128 + 169817052547*2^192,10081705778366857216 + 6442397803860360402*2^64 + 11319570743256868615*2^128 + 158783146291*2^192,18078876406020958208 + 11022220442350686757*2^64 + 11176800578307648659*2^128 + 253227745129*2^192,3651200266283395584 + 17328802571101710419*2^64 + 2485919370666211418*2^128 + 243107861975*2^192,10384288071370294784 + 1165799835149113367*2^64 + 9282585038542807520*2^128 + 159086510790*2^192,40735179282901504 + 8102570896449699004*2^64 + 10463328954253378446*2^128 + 28152985022*2^192,10897347650510479360 + 17779593167271727623*2^64 + 12905738999163788133*2^128 + 168406485509*2^192,10317549100266918912 + 11052916362992653324*2^64 + 9860226496296034814*2^128 + 59171079513*2^192,1741816029284978688 + 11723816006276495295*2^64 + 6088435925201886245*2^128 + 30434143748*2^192,14114778977968148480 + 16883422203656839121*2^64 + 10882766498401254229*2^128 + 109743342621*2^192,16009998823293623808 + 5719376467818537160*2^64 + 9153807825638805897*2^128 + 201952490748*2^192,8649567911588978688 + 5126488249374633571*2^64 + 4247560722675209528*2^128 + 233564699985*2^192,17051647747854516224 + 7230952061148998901*2^64 + 11785568291416529894*2^128 + 104824342036*2^192,11311880175244550144 + 12959296797558277224*2^64 + 13263762987800981195*2^128 + 241509937005*2^192,16015835268454305792 + 12981741626348513729*2^64 + 11971456089737886626*2^128 + 133948022859*2^192,11272608032054943744 + 5164087897326770282*2^64 + 10834554593326050006*2^128 + 103745912052*2^192,6897624776806678528 + 11629963363316214709*2^64 + 15254395827103089129*2^128 + 245326118968*2^192,3603700759343665152 + 10562914379290852726*2^64 + 1549760865174128652*2^128 + 45411636241*2^192;\
12929151819035236480 + 10471100941298249107*2^64 + 6551034782522212351*2^128 + 216951529921*2^192,5216282299579960448 + 10102923110612931129*2^64 + 174852481154557589*2^128 + 153922836327*2^192,10290921465121129896 + 9273148342450237736*2^64 + 3620744690218831737*2^128 + 229967187468*2^192,6390939411048725032 + 10103543171201167947*2^64 + 12312190037875834500*2^128 + 210309578482*2^192,18361851531856180608 + 8685333301672731717*2^64 + 4468681104615237692*2^128 + 209234466361*2^192,644171754848893248 + 7643642014315242595*2^64 + 5763274284990547403*2^128 + 96242258729*2^192,10262701271518190592 + 10697141095015077298*2^64 + 2806827005062530696*2^128 + 173418541180*2^192,3431495505956919744 + 8675410135271941187*2^64 + 16386777034546933232*2^128 + 100797980111*2^192,12626874268908397952 + 13636879542923298937*2^64 + 307564909040277019*2^128 + 14137546106*2^192,11753676313105599488 + 8948663901346819528*2^64 + 10759150949550048208*2^128 + 111659585135*2^192,6018316261523893888 + 16777433885653368579*2^64 + 371691635479640439*2^128 + 22672705544*2^192,7745457550429627520 + 16174391892276662460*2^64 + 179013625813140002*2^128 + 77635521352*2^192,698874616169288064 + 9973069082754524866*2^64 + 10867789451893737551*2^128 + 59110832625*2^192,8292782357864827264 + 14924277717109448925*2^64 + 4703186374862807197*2^128 + 223137209086*2^192,8277042923495039488 + 8762367597990773189*2^64 + 7406487242744604600*2^128 + 12836011489*2^192,5821899983766673024 + 8589477711094739287*2^64 + 5031963890418816328*2^128 + 66854662441*2^192,1016334002882402432 + 11354417506429643623*2^64 + 14269907786725239253*2^128 + 30491839592*2^192,8494711632153623680 + 16434510799566841395*2^64 + 14880882230973403144*2^128 + 76214259245*2^192,5286029377655912448 + 1222822420892560097*2^64 + 6858463204135875034*2^128 + 231839842603*2^192,17553279543160345728 + 4175401447972571813*2^64 + 1010774876888996693*2^128 + 247749052673*2^192;\
513078027671478358 + 4707278225354896344*2^64 + 12131803951541048312*2^128 + 137921180594*2^192,14096960085566391772 + 13164990810132319654*2^64 + 12650458454382501980*2^128 + 135634180200*2^192,9359727353285783128 + 11241733075824358458*2^64 + 3000952071072082893*2^128 + 56002826882*2^192,16631383096195817966 + 8457174667416351825*2^64 + 11132440400074599899*2^128 + 230124571834*2^192,9741707525352173896 + 4877948755148798300*2^64 + 13613898250902752644*2^128 + 63595387745*2^192,1537256628030079776 + 16140994622477121581*2^64 + 5991907807799370061*2^128 + 215172724224*2^192,1553377536794139576 + 5575616193283597175*2^64 + 17673911213876869142*2^128 + 75947993585*2^192,853106595183383440 + 6978871445216522410*2^64 + 7970791338043321384*2^128 + 227061484628*2^192,16828705756973436336 + 384026205848360460*2^64 + 838269666613257588*2^128 + 34666534683*2^192,17224788792184407016 + 14960056805798977842*2^64 + 6294448991102675721*2^128 + 192450894837*2^192,14503478002740920768 + 6577580524584856849*2^64 + 15367580353399102693*2^128 + 273119774592*2^192,16094269503536979632 + 7639192629408608448*2^64 + 1821479032034323799*2^128 + 192146074906*2^192,8995057800241762128 + 4484355371806360969*2^64 + 18355926441527873854*2^128 + 87968126108*2^192,11136576550686575456 + 14652718986463239406*2^64 + 3080426431291816003*2^128 + 43593054363*2^192,6287333304354918944 + 5351566709504741071*2^64 + 3138058037290976224*2^128 + 236471537404*2^192,1369466392525839728 + 4694701617381154153*2^64 + 12335696632267343047*2^128 + 167507012502*2^192,3849907424205454608 + 14677729875403517765*2^64 + 459350179136375849*2^128 + 206976162751*2^192,15349317557062100656 + 15288765388571940661*2^64 + 15311860853490966780*2^128 + 175382197331*2^192,11298689804088929792 + 13989778872391804865*2^64 + 9482525440569903276*2^128 + 163636094073*2^192,1556942093181803536 + 6740752862361325243*2^64 + 460096654199973702*2^128 + 238680580658*2^192;\
15694053670101415808 + 6384016345102480575*2^64 + 6858163845453625800*2^128 + 139456555118*2^192,11461409911215680256 + 3804696619807449473*2^64 + 14681933545412949227*2^128 + 3730145986*2^192,15227880881833728704 + 17238309285337720255*2^64 + 12638104240301961230*2^128 + 54463586280*2^192,14466951740398352448 + 12179368516701187568*2^64 + 9215537360387688141*2^128 + 108012149376*2^192,5377413758201179648 + 229723866215641978*2^64 + 13764456891239284103*2^128 + 168850276196*2^192,13897730973919450624 + 4220489159907985883*2^64 + 655819972350294556*2^128 + 41885073684*2^192,11886923668464949760 + 14793946177037990215*2^64 + 14555879203549225297*2^128 + 27586167831*2^192,3199170655503115776 + 12416392743322424777*2^64 + 1171485652889039904*2^128 + 111688972267*2^192,3247517371939479552 + 10616895909764215186*2^64 + 5347889695107568404*2^128 + 192413743263*2^192,16280007260430084608 + 1874520613954467756*2^64 + 12826698852795403422*2^128 + 109224220934*2^192,2048253349186720768 + 16199438689267913066*2^64 + 5239024752894384345*2^128 + 96585985360*2^192,3117647874985486336 + 15675581975990891157*2^64 + 6659987785846418614*2^128 + 119230709173*2^192,2622577282038784000 + 62896530424362841*2^64 + 1947958689604161741*2^128 + 18068816529*2^192,9375021142486369280 + 4826429009760042948*2^64 + 5872431443490833780*2^128 + 183490744931*2^192,9836981572391708672 + 7529523399729864090*2^64 + 6267048743570773828*2^128 + 58506759761*2^192,7777296470271093760 + 8629568798423747681*2^64 + 4165334402369301296*2^128 + 140356562863*2^192,145443271010609152 + 9714097500636129319*2^64 + 658790030605791507*2^128 + 187029271618*2^192,14011993888763107328 + 1340046951841973148*2^64 + 7557207843685513429*2^128 + 215041966989*2^192,1944993398437928960 + 2519530076263681464*2^64 + 13815219615068275344*2^128 + 215557397975*2^192,1145003426796105728 + 15861695125314408137*2^64 + 12418577604884799576*2^128 + 252604617088*2^192;\
17517175571513022096 + 12519885044152870342*2^64 + 7542360845845234696*2^128 + 215296004493*2^192,8023948471164346400 + 458791893086911120*2^64 + 2222922440657489102*2^128 + 269084052979*2^192,7407681652491364792 + 14564697255746968602*2^64 + 5220038007014976435*2^128 + 33843857523*2^192,10045368317699590856 + 18060655657099373194*2^64 + 12773925290345302377*2^128 + 162763676024*2^192,16240488013636275520 + 9103323240024499915*2^64 + 4043943013671751797*2^128 + 235893068299*2^192,14893314956182548672 + 7648613683134631987*2^64 + 15135661577150195336*2^128 + 191752954386*2^192,647966211456138560 + 13909432323913066327*2^64 + 15757354769519428824*2^128 + 89270827570*2^192,3736533861891054784 + 11653443594954024153*2^64 + 14795744222664618817*2^128 + 15879383444*2^192,7602100228845797120 + 14272598059204658027*2^64 + 15490334497272302442*2^128 + 255486718761*2^192,3761352227603924416 + 8503045461487473609*2^64 + 4525381375953893700*2^128 + 126302484659*2^192,5236405003091822976 + 16632962187189749716*2^64 + 11956175333974534699*2^128 + 173800479210*2^192,2842548269020487168 + 14661602113619702992*2^64 + 6058586804351494659*2^128 + 61759345543*2^192,14948101604116214272 + 4002505334224604804*2^64 + 5399080246364164355*2^128 + 158721330095*2^192,576030324093842304 + 14795429556823541638*2^64 + 1190700141382015088*2^128 + 11202551726*2^192,16934755662760226048 + 8501362132107515750*2^64 + 13807850010899372787*2^128 + 214219691725*2^192,4489278175249638912 + 5223566680040825780*2^64 + 5769073790799773075*2^128 + 237360995765*2^192,1608071800794966784 + 13979767529462129497*2^64 + 4607479696085018332*2^128 + 52092787959*2^192,9062693611236355584 + 1934382889490848392*2^64 + 4914006160329452392*2^128 + 72775569122*2^192,1759385085342950400 + 7064362892503383351*2^64 + 17898394940394460618*2^128 + 185133457413*2^192,16410253328301675264 + 8179305791366935872*2^64 + 15037824107104672981*2^128 + 109808985567*2^192;\
6576446671577665720 + 9323796907638239437*2^64 + 7059656277081636322*2^128 + 193264576962*2^192,11755003489946856624 + 7124005446271376507*2^64 + 10323426663823969602*2^128 + 151123222455*2^192,12489170957013110984 + 8052520035767312655*2^64 + 2287259721616558806*2^128 + 105462958536*2^192,13500967984976029952 + 1668643645232448005*2^64 + 12481382418704362518*2^128 + 8790729197*2^192,16944613202739375904 + 10643359155492623824*2^64 + 7399271560718054464*2^128 + 216068629565*2^192,16596050997437416384 + 3356499979274499091*2^64 + 13704362199320047027*2^128 + 261754265420*2^192,5047492376301180000 + 16766288747331439809*2^64 + 4872660155152510119*2^128 + 99873223039*2^192,2890005000967118080 + 6802332152860897684*2^64 + 7866335089107727541*2^128 + 94963318440*2^192,2531428585169498432 + 304252058084124531*2^64 + 9177661066347280487*2^128 + 216444445340*2^192,7033682916276234272 + 16351171534372881912*2^64 + 10707680345847095317*2^128 + 27749765361*2^192,14067294413815240064 + 14397952964521720340*2^64 + 930211053551576093*2^128 + 251322856230*2^192,3316026905855509056 + 9636817838348294438*2^64 + 11082445825381418557*2^128 + 208388608846*2^192,16715046098823964096 + 11147466712804025987*2^64 + 2695207242215448632*2^128 + 172598868463*2^192,16991025642020606720 + 17024439416134531909*2^64 + 6346857226945493686*2^128 + 229919320881*2^192,16668151116834699392 + 4387458737672336607*2^64 + 1630490397796345639*2^128 + 3784471526*2^192,6212304801298427712 + 15785907334932976933*2^64 + 14149898170338425058*2^128 + 161646827146*2^192,5036925167043082688 + 18166521880495991899*2^64 + 7604079849487704132*2^128 + 174972377744*2^192,9091936449519327808 + 2260935447083909438*2^64 + 2878467617691321458*2^128 + 226826520068*2^192,1993271799709385728 + 17336818697495810678*2^64 + 1545686245666846368*2^128 + 4853459286*2^192,18209075350236568000 + 9712716937556168954*2^64 + 8908277742546520151*2^128 + 153223160145*2^192;\
11751988164451587771 + 6131021479046026994*2^64 + 12919710154871839428*2^128 + 84021414516*2^192,7094927836013032590 + 13181774283239006285*2^64 + 15789601944096379804*2^128 + 128850798909*2^192,573083215872393932 + 2233711733454831827*2^64 + 13794070758371096312*2^128 + 195356759887*2^192,3694642974147846439 + 597199258239081410*2^64 + 11176255963478401182*2^128 + 34353066220*2^192,10103726296347314276 + 4512768074649082564*2^64 + 9922519711589779401*2^128 + 32745017870*2^192,824718602630990608 + 5668545936104218019*2^64 + 13255551078442890510*2^128 + 230378735404*2^192,8467045738781033244 + 11679870235753071910*2^64 + 14602633543063922356*2^128 + 207413891277*2^192,7538552107671019336 + 3428591249166666957*2^64 + 3594680041390544742*2^128 + 266479562895*2^192,9454851134991548504 + 11511747167581489041*2^64 + 12497499597260238467*2^128 + 13282829511*2^192,18299209001914474420 + 17995604803580488014*2^64 + 1113775066961500569*2^128 + 65874125287*2^192,8419055984296283872 + 17969796024379088948*2^64 + 4460264281687055499*2^128 + 261281246264*2^192,16157099062869338584 + 1380372539492699793*2^64 + 5133103691633611151*2^128 + 250949281892*2^192,15273139298542905384 + 8119310065345022246*2^64 + 7921748281902994286*2^128 + 87159679480*2^192,8202280180840273840 + 17662936528466250773*2^64 + 11806050293825103208*2^128 + 1529803992*2^192,16322292115394727184 + 3961567949951355302*2^64 + 18262532300186462017*2^128 + 39085064742*2^192,6309767757654679352 + 6647310879760808498*2^64 + 6294271951704594684*2^128 + 238436573444*2^192,17366030415749525000 + 3198238452483811167*2^64 + 11040013956210864693*2^128 + 173634890146*2^192,15178499423979959768 + 17378929879901873467*2^64 + 43968126409874654*2^128 + 42795889088*2^192,10523668419666533632 + 4883829258015516153*2^64 + 8817122163375142410*2^128 + 21133163602*2^192,5471301311131889032 + 1320342909174558230*2^64 + 12332854581012380166*2^128 + 54193421570*2^192;\
346001342411431747 + 6271279863573609982*2^64 + 1016758384819157474*2^128 + 32454029717*2^192,7881831899997874398 + 8974826019909823680*2^64 + 7055023341655433231*2^128 + 113084125897*2^192,18131316040057960796 + 5377718542493011150*2^64 + 12777887752548303766*2^128 + 71187880504*2^192,215178359841886527 + 7684581691236304117*2^64 + 1951370402184414873*2^128 + 264800978085*2^192,4200172455297763012 + 7003600259700706494*2^64 + 6648940708045335911*2^128 + 228314133948*2^192,16963567342619016208 + 4583362046547291445*2^64 + 12490059190907551112*2^128 + 187772998641*2^192,4282377007059724732 + 9357918020763070156*2^64 + 4433796081523941732*2^128 + 159582390223*2^192,6198562092652124296 + 13435773304090499668*2^64 + 8601614129580394312*2^128 + 244293137832*2^192,14436126594333592984 + 4620021091822230831*2^64 + 9555462819207368752*2^128 + 158071641756*2^192,8233316133552037012 + 11499521363902207873*2^64 + 16846356645277762104*2^128 + 58404919897*2^192,25910762281383648 + 6198841411488649683*2^64 + 2983071342288567731*2^128 + 265802258472*2^192,142400821717920024 + 9457692792435386790*2^64 + 15935659702441799365*2^128 + 166311145147*2^192,14420141025098256616 + 7687737146272402530*2^64 + 4303935598612818872*2^128 + 12499374719*2^192,8843738777189434672 + 10653257451395822457*2^64 + 14256313827149959251*2^128 + 9620289798*2^192,3577692786694171280 + 17575474765275120454*2^64 + 17986979298547559288*2^128 + 149166801023*2^192,15914396437968828280 + 10420168963748442394*2^64 + 5260908851537525874*2^128 + 188275351771*2^192,4180721075165521352 + 92230188086554696*2^64 + 12064782302151040072*2^128 + 168394852357*2^192,6506466163659557144 + 13626479230886807625*2^64 + 8291281489827306068*2^128 + 236686174802*2^192,1608424750846127360 + 17156756280934340760*2^64 + 396672377981689091*2^128 + 40059825133*2^192,8177020153880311112 + 6156745487324103851*2^64 + 238283045943212514*2^128 + 128967942353*2^192]
/* 
This matrix times 2^(-8) should be the matrix of frobenius.
*/ 
B = 2^(-8) * A; 
/* Freed 6269 lists. */
The sign is: -1
The characteristic polynomial is: x^20 + 6*x^16 - 7*x^15 - 4*x^14 - 64*x^13 + 32*x^11 - 128*x^9 + 4096*x^7 + 1024*x^6 + 7168*x^5 - 24576*x^4 - 1048576
Its Newton polygon is: [2, 2, 2, 2, 2, 1, 1, 1, 1, 1, 1, 1, 1, 1, 1, 0, 0, 0, 0, 0]
Its factorization is: [x - 2, 1; x + 2, 1; x^18 + 4*x^16 + 22*x^14 - 7*x^13 + 84*x^12 - 92*x^11 + 336*x^10 - 336*x^9 + 1344*x^8 - 1472*x^7 + 5376*x^6 - 1792*x^5 + 22528*x^4 + 65536*x^2 + 262144, 1]
The valuation of f-g is: 21
The valuation of subst(g,x,A) is: 12
