/* Comments begin... 
No set up needed.

Please input coefficients below.
Coefficient of   x^23                     = Coefficient of   x^12 * w^2               = Coefficient of   x^6 * y^6 * w^1         = Coefficient of   x^5 * y^5 * z^1 * w^1   = Coefficient of   x^4 * y^4 * z^2 * w^1   = Coefficient of   x^3 * y^3 * z^3 * w^1   = Coefficient of   x^2 * y^2 * z^4 * w^1   = Coefficient of   x^1 * y^1 * z^5 * w^1   = Coefficient of   x^1 * w^4               = Coefficient of   y^12                     = Coefficient of   z^6 * w^1               = 
Here is the polynomial we're using this time:

1 + 0*2^64 + 0*2^128 + 0*2^192*x^23 + 1 + 0*2^64 + 0*2^128 + 0*2^192*x^12*w^2 + 1 + 0*2^64 + 0*2^128 + 0*2^192*x^6*y^6*w^1 + 1 + 0*2^64 + 0*2^128 + 0*2^192*x^5*y^5*z^1*w^1 + 1 + 0*2^64 + 0*2^128 + 0*2^192*x^4*y^4*z^2*w^1 + 1 + 0*2^64 + 0*2^128 + 0*2^192*x^2*y^2*z^4*w^1 + 1 + 0*2^64 + 0*2^128 + 0*2^192*x^1*w^4 + 1 + 0*2^64 + 0*2^128 + 0*2^192*y^12 + 1 + 0*2^64 + 0*2^128 + 0*2^192*z^6*w^1


Allocate G_len 20 elements and old = 0.
Allocate M_len = 400 elements.
Allocate G_len 40 elements and old = 20.
Allocate M_len = 800 elements.
Allocate G_len 80 elements and old = 40.
Allocate M_len = 1600 elements.
Allocate M_len = 3200 elements.
Allocate G_len 160 elements and old = 80.
Allocate M_len = 6400 elements.
Allocate M_len = 12800 elements.
Allocate G_len 320 elements and old = 160.
Allocate M_len = 25600 elements.
Allocate M_len = 51200 elements.
Allocate G_len 640 elements and old = 320.
Allocate M_len = 102400 elements.
Allocate M_len = 204800 elements.
Allocate G_len 1280 elements and old = 640.
Allocate M_len = 409600 elements.
Allocate M_len = 819200 elements.
Allocate G_len 2560 elements and old = 1280.
The final length of G is 832
[5, 5, 0, 1, 0]  	241	4 
[5, 4, 1, 1, 0]  	253	6 
[22, 0, 0, 0, 0]  	264	8  <--- 1
[12, 0, 0, 2, 0]  	276	3 
[4, 4, 2, 1, 0]  	276	6 
[3, 3, 4, 1, 0]  	311	6 
[3, 2, 5, 1, 0]  	323	6 
[16, 6, 0, 0, 0]  	330	12 
[8, 2, 4, 1, 0]  	348	9 
[6, 13, 0, 0, 0]  	371	8 
[9, 12, 0, 0, 0]  	384	14 
[11, 11, 0, 0, 0]  	385	12 
[10, 10, 1, 0, 0]  	385	12 
[9, 11, 1, 0, 0]  	396	15 
[21, 5, 1, 0, 0]  	402	14 
[8, 12, 1, 0, 0]  	407	13 
[9, 10, 2, 0, 0]  	408	15 
[8, 9, 3, 0, 0]  	408	15 
[21, 4, 2, 0, 0]  	414	13 
[6, 12, 2, 0, 0]  	418	11 
[8, 8, 4, 0, 0]  	420	12 
[19, 4, 3, 0, 0]  	425	15 
[20, 2, 4, 0, 0]  	426	12 
[5, 1, 8, 1, 0]  	429	9 
[7, 11, 3, 0, 0]  	442	13 
[6, 7, 6, 0, 0]  	443	14 
[20, 0, 6, 0, 0]  	450	12 
[5, 17, 0, 0, 0]  	451	6 
[4, 16, 1, 0, 0]  	451	6 
[2, 2, 9, 1, 0]  	451	6 
[4, 1, 9, 1, 0]  	452	8 
[6, 0, 9, 1, 0]  	453	11 
[9, 0, 8, 1, 0]  	454	14 
[7, 10, 4, 0, 0]  	454	14 
[4, 0, 8, 2, 0]  	460	7 
[10, 0, 6, 2, 0]  	462	9 
[4, 18, 0, 0, 0]  	462	11 
[4, 15, 2, 0, 0]  	463	7 
[6, 11, 4, 0, 0]  	465	12 
[11, 7, 5, 0, 0]  	468	19 
[14, 7, 4, 0, 0]  	469	17 
[19, 3, 5, 0, 0]  	472	14 
[3, 16, 2, 0, 0]  	474	10 
[4, 14, 3, 0, 0]  	475	8 
[3, 1, 10, 1, 0]  	475	7 
[6, 10, 5, 0, 0]  	477	12 
[5, 9, 6, 0, 0]  	477	12 
[5, 6, 8, 0, 0]  	478	13 
[4, 5, 9, 0, 0]  	478	13 
[11, 6, 6, 0, 0]  	480	17 
[14, 6, 5, 0, 0]  	481	14 
[17, 0, 8, 0, 0]  	484	12 
[2, 5, 8, 1, 0]  	485	8 
[2, 14, 4, 0, 0]  	486	6 
[2, 0, 0, 7, 0]  	486	6 
[4, 13, 4, 0, 0]  	487	9 
[5, 8, 7, 0, 0]  	489	12 
[4, 7, 8, 0, 0]  	489	12 
[4, 4, 10, 0, 0]  	490	13 
[9, 6, 7, 0, 0]  	491	16 
[8, 5, 8, 0, 0]  	491	16 
[18, 3, 6, 0, 0]  	495	13 
[3, 5, 10, 0, 0]  	501	12 
[12, 5, 7, 0, 0]  	504	18 
[17, 4, 6, 0, 0]  	506	17 
[3, 13, 5, 0, 0]  	510	8 
[4, 11, 6, 0, 0]  	511	10 
[4, 3, 0, 6, 0]  	513	12 
[3, 4, 11, 0, 0]  	513	12 
[16, 5, 6, 0, 0]  	517	15 
[17, 3, 7, 0, 0]  	518	14 
[3, 0, 10, 2, 0]  	518	7 
[4, 10, 7, 0, 0]  	523	11 
[4, 5, 1, 5, 0]  	528	10 
[3, 17, 1, 1, 0]  	528	7 
[16, 4, 7, 0, 0]  	529	17 
[7, 2, 4, 4, 0]  	534	13 
[4, 0, 12, 1, 0]  	534	9 
[4, 14, 1, 2, 0]  	537	13 
[16, 3, 8, 0, 0]  	541	15 
[3, 10, 8, 0, 0]  	546	10 
[3, 5, 0, 6, 0]  	547	10 
[15, 4, 8, 0, 0]  	552	15 
[3, 9, 9, 0, 0]  	558	10 
[3, 4, 1, 6, 0]  	559	10 
[2, 16, 1, 2, 0]  	559	11 
[2, 5, 12, 0, 0]  	559	10 
[2, 3, 4, 5, 0]  	563	8 
[15, 3, 9, 0, 0]  	564	17 
[2, 1, 11, 2, 0]  	564	7 
[15, 0, 11, 0, 0]  	565	16 
[2, 18, 0, 2, 0]  	570	11 
[4, 17, 0, 2, 0]  	571	11 
[2, 4, 13, 0, 0]  	571	10 
[10, 3, 11, 0, 0]  	574	12 
[4, 13, 1, 3, 0]  	580	9 
[2, 8, 5, 3, 0]  	581	10 
[2, 4, 2, 6, 0]  	582	9 
[3, 2, 3, 6, 0]  	583	10 
[2, 1, 4, 6, 0]  	583	9 
[1, 16, 4, 1, 0]  	586	8 
[1, 4, 10, 2, 0]  	586	7 
[14, 3, 10, 0, 0]  	587	12 
[3, 0, 14, 1, 0]  	592	7 
[2, 11, 9, 0, 0]  	592	7 
[2, 10, 4, 3, 0]  	592	7 
[2, 8, 11, 0, 0]  	593	7 
[2, 7, 6, 3, 0]  	593	8 
[2, 6, 1, 6, 0]  	593	8 
[2, 4, 8, 3, 0]  	594	7 
[2, 3, 3, 6, 0]  	594	7 
[3, 3, 14, 0, 0]  	595	11 
[2, 13, 4, 2, 0]  	595	10 
[2, 1, 10, 3, 0]  	595	10 
[1, 3, 11, 2, 0]  	598	7 
[1, 1, 1, 8, 0]  	598	6 
[14, 2, 11, 0, 0]  	599	15 
[2, 13, 8, 0, 0]  	603	6 
[2, 1, 14, 1, 0]  	603	6 
[2, 8, 0, 6, 0]  	604	8 
[1, 9, 11, 0, 0]  	604	7 
[2, 6, 7, 3, 0]  	605	8 
[1, 5, 8, 3, 0]  	605	6 
[2, 12, 5, 2, 0]  	607	10 
[4, 10, 0, 5, 0]  	608	11 
[1, 3, 0, 8, 0]  	609	6 
[1, 26, 0, 0, 0]  	610	8 
[1, 2, 12, 2, 0]  	610	8 
[14, 1, 12, 0, 0]  	611	14 
[2, 0, 15, 1, 0]  	615	6 
[1, 11, 10, 0, 0]  	615	6 
[1, 9, 0, 6, 0]  	615	5 
[1, 19, 1, 2, 0]  	616	5 
[1, 8, 12, 0, 0]  	616	5 
[1, 6, 2, 6, 0]  	616	5 
[1, 16, 3, 2, 0]  	617	5 
[1, 4, 9, 3, 0]  	617	5 
[1, 12, 0, 5, 0]  	618	7 
[3, 11, 0, 5, 0]  	619	8 
[2, 23, 0, 1, 0]  	619	9 
[10, 0, 3, 6, 0]  	621	9 
[13, 2, 12, 0, 0]  	622	13 
[14, 0, 13, 0, 0]  	623	12 
[1, 16, 7, 0, 0]  	625	6 
[1, 4, 13, 1, 0]  	625	6 
[1, 2, 3, 7, 0]  	625	6 
[1, 21, 0, 2, 0]  	627	4 
[1, 8, 1, 6, 0]  	627	4 
[0, 20, 1, 2, 0]  	627	4 
[1, 7, 13, 0, 0]  	628	4 
[1, 5, 3, 6, 0]  	628	4 
[0, 17, 3, 2, 0]  	628	4 
[1, 4, 15, 0, 0]  	629	6 
[1, 3, 10, 3, 0]  	629	5 
[1, 1, 0, 9, 0]  	629	5 
[0, 13, 0, 5, 0]  	629	5 
[2, 2, 16, 0, 0]  	630	9 
[1, 24, 0, 1, 0]  	630	7 
[3, 10, 1, 5, 0]  	631	9 
[9, 3, 13, 0, 0]  	632	12 
[1, 15, 6, 1, 0]  	633	6 
[13, 1, 13, 0, 0]  	634	13 
[1, 6, 12, 1, 0]  	636	6 
[1, 4, 2, 7, 0]  	636	6 
[2, 3, 8, 4, 0]  	637	5 
[1, 15, 8, 0, 0]  	637	5 
[1, 3, 14, 1, 0]  	637	5 
[1, 1, 4, 7, 0]  	637	5 
[2, 0, 10, 4, 0]  	638	6 
[1, 0, 16, 1, 0]  	638	5 
[0, 19, 2, 2, 0]  	639	3 
[0, 8, 13, 0, 0]  	639	3 
[1, 6, 14, 0, 0]  	640	5 
[1, 4, 4, 6, 0]  	640	3 
[0, 4, 10, 3, 0]  	640	3 
[1, 3, 16, 0, 0]  	641	7 
[1, 2, 11, 3, 0]  	641	7 
[1, 0, 1, 9, 0]  	641	6 
[0, 25, 0, 1, 0]  	641	6 
[2, 0, 12, 3, 0]  	642	7 
[3, 9, 2, 5, 0]  	643	7 
[2, 21, 2, 1, 0]  	643	6 
[9, 0, 4, 6, 0]  	644	9 
[10, 0, 15, 0, 0]  	645	8 
[1, 0, 3, 8, 0]  	645	6 
[13, 0, 14, 0, 0]  	646	10 
[3, 25, 1, 0, 0]  	646	9 
[2, 0, 14, 2, 0]  	646	7 
[1, 20, 5, 0, 0]  	647	7 
[1, 8, 11, 1, 0]  	647	6 
[1, 6, 1, 7, 0]  	647	6 
[1, 4, 8, 4, 0]  	648	5 
[0, 16, 8, 0, 0]  	648	5 
[1, 14, 9, 0, 0]  	649	6 
[1, 2, 15, 1, 0]  	649	6 
[1, 0, 5, 7, 0]  	649	6 
[0, 7, 14, 0, 0]  	651	2 
[0, 6, 9, 3, 0]  	651	2 
[0, 4, 16, 0, 0]  	652	4 
[1, 2, 17, 0, 0]  	653	6 
[1, 1, 12, 3, 0]  	653	5 
[2, 10, 2, 5, 0]  	654	7 
[1, 22, 2, 1, 0]  	654	6 
[3, 8, 3, 5, 0]  	655	7 
[2, 20, 3, 1, 0]  	655	6 
[1, 22, 4, 0, 0]  	658	6 
[1, 10, 10, 1, 0]  	658	6 
[1, 8, 0, 7, 0]  	658	6 
[1, 19, 6, 0, 0]  	659	6 
[0, 23, 0, 2, 0]  	661	5 
[0, 6, 15, 0, 0]  	663	1 
[0, 4, 5, 6, 0]  	663	1 
[0, 3, 0, 9, 0]  	663	1 
[1, 2, 6, 6, 0]  	664	4 
[0, 14, 6, 2, 0]  	664	5 
[2, 0, 7, 6, 0]  	665	6 
[1, 11, 2, 5, 0]  	665	6 
[1, 0, 13, 3, 0]  	665	5 
[2, 9, 3, 5, 0]  	666	5 
[1, 21, 3, 1, 0]  	666	4 
[1, 9, 9, 2, 0]  	666	4 
[3, 1, 8, 5, 0]  	669	7 
[2, 0, 9, 5, 0]  	669	8 
[1, 2, 10, 4, 0]  	672	5 
[1, 0, 0, 10, 0]  	672	4 
[0, 14, 10, 0, 0]  	672	5 
[0, 12, 0, 6, 0]  	672	4 
[0, 16, 5, 2, 0]  	675	1 
[0, 3, 6, 6, 0]  	675	1 
[0, 2, 1, 9, 0]  	675	1 
[0, 12, 2, 5, 0]  	676	3 
[0, 2, 18, 0, 0]  	676	3 
[1, 11, 8, 2, 0]  	677	6 
[1, 7, 5, 5, 0]  	678	5 
[0, 19, 5, 1, 0]  	678	4 
[1, 4, 7, 5, 0]  	679	5 
[0, 16, 7, 1, 0]  	679	5 
[0, 19, 7, 0, 0]  	682	4 
[0, 4, 15, 1, 0]  	683	3 
[0, 3, 12, 3, 0]  	687	1 
[0, 2, 7, 6, 0]  	687	1 
[0, 1, 2, 9, 0]  	687	1 
[1, 0, 8, 6, 0]  	688	3 
[0, 24, 2, 1, 0]  	688	3 
[0, 11, 3, 5, 0]  	688	3 
[1, 9, 4, 5, 0]  	689	3 
[0, 21, 4, 1, 0]  	689	3 
[0, 9, 10, 2, 0]  	689	3 
[0, 30, 0, 0, 0]  	690	4  <--- 2
[0, 18, 6, 1, 0]  	690	4 
[0, 6, 14, 1, 0]  	694	3 
[0, 3, 16, 1, 0]  	695	3 
[0, 12, 12, 0, 0]  	696	4 
[0, 2, 13, 3, 0]  	699	1 
[0, 1, 8, 6, 0]  	699	1 
[0, 0, 3, 9, 0]  	699	1 
[1, 1, 19, 0, 0]  	700	3 
[0, 23, 3, 1, 0]  	700	3 
[0, 11, 9, 2, 0]  	700	3 
[0, 8, 11, 2, 0]  	701	3 
[1, 2, 9, 5, 0]  	703	6 
[0, 16, 4, 3, 0]  	706	3 
[0, 2, 17, 1, 0]  	707	3 
[0, 13, 8, 2, 0]  	711	1 
[0, 1, 14, 3, 0]  	711	1 
[0, 0, 9, 6, 0]  	711	1 
[0, 9, 5, 5, 0]  	712	2 
[0, 11, 2, 6, 0]  	719	3 
[0, 1, 20, 0, 0]  	723	1 
[0, 0, 15, 3, 0]  	723	1 
[0, 6, 13, 2, 0]  	725	3 
[8, 0, 18, 0, 0]  	726	7 
[0, 2, 12, 4, 0]  	730	3 
[0, 9, 0, 8, 0]  	735	1 
[0, 0, 21, 0, 0]  	735	1  <--- 3
[0, 19, 1, 4, 0]  	736	2 
[0, 7, 7, 5, 0]  	736	2 
[0, 29, 2, 0, 0]  	737	4 
[0, 5, 14, 2, 0]  	737	3 
[0, 26, 4, 0, 0]  	738	5 
[0, 1, 13, 4, 0]  	742	2 
[0, 21, 0, 4, 0]  	747	1 
[0, 8, 1, 8, 0]  	747	1 
[0, 6, 8, 5, 0]  	748	2 
[0, 28, 3, 0, 0]  	749	4 
[0, 1, 19, 1, 0]  	754	2 
[0, 7, 2, 8, 0]  	759	1 
[0, 5, 9, 5, 0]  	760	2 
[1, 0, 12, 5, 0]  	762	5 
[0, 6, 3, 8, 0]  	771	1 
[0, 5, 4, 8, 0]  	783	1 
[7, 0, 20, 0, 0]  	784	3 
[0, 0, 0, 12, 0]  	792	1  <--- 4
[12, 0, 0, 1, 1]  	210	7 
[2, 14, 0, 0, 1]  	346	6 
[10, 11, 0, 0, 1]  	373	15 
[5, 13, 1, 0, 1]  	394	8 
[7, 12, 1, 0, 1]  	395	12 
[11, 0, 0, 4, 1]  	396	16 
[10, 0, 6, 1, 1]  	396	15 
[6, 1, 7, 1, 1]  	406	10 
[10, 1, 4, 2, 1]  	415	9 
[8, 11, 2, 0, 1]  	419	14 
[10, 0, 5, 2, 1]  	427	10 
[7, 9, 4, 0, 1]  	431	14 
[8, 0, 6, 2, 1]  	438	9 
[4, 4, 1, 4, 1]  	439	11 
[3, 13, 3, 0, 1]  	440	7 
[5, 12, 3, 0, 1]  	441	10 
[8, 0, 8, 1, 1]  	442	13 
[7, 1, 6, 2, 1]  	449	8 
[6, 0, 7, 2, 1]  	449	8 
[4, 6, 0, 4, 1]  	450	10 
[15, 9, 2, 0, 1]  	457	18 
[14, 8, 3, 0, 1]  	457	18 
[5, 1, 7, 2, 1]  	460	7 
[3, 7, 0, 4, 1]  	461	9 
[4, 12, 4, 0, 1]  	464	9 
[5, 7, 7, 0, 1]  	466	13 
[18, 5, 4, 0, 1]  	471	13 
[3, 13, 2, 1, 1]  	471	6 
[3, 6, 1, 4, 1]  	473	9 
[18, 4, 5, 0, 1]  	483	16 
[3, 12, 3, 1, 1]  	483	7 
[3, 12, 5, 0, 1]  	487	8 
[17, 5, 5, 0, 1]  	494	16 
[2, 9, 0, 4, 1]  	495	6 
[3, 4, 3, 4, 1]  	497	9 
[8, 4, 9, 0, 1]  	503	15 
[2, 8, 1, 4, 1]  	507	6 
[2, 5, 3, 4, 1]  	508	7 
[5, 0, 11, 1, 1]  	511	10 
[6, 2, 0, 6, 1]  	514	15 
[2, 7, 2, 4, 1]  	519	6 
[2, 4, 4, 4, 1]  	520	8 
[3, 4, 0, 6, 1]  	524	11 
[4, 2, 1, 6, 1]  	525	12 
[6, 3, 11, 0, 1]  	526	13 
[9, 3, 10, 0, 1]  	527	15 
[9, 1, 4, 4, 1]  	535	12 
[2, 7, 10, 0, 1]  	535	10 
[1, 4, 5, 4, 1]  	543	6 
[2, 2, 6, 4, 1]  	544	9 
[9, 0, 5, 4, 1]  	547	12 
[2, 6, 11, 0, 1]  	547	10 
[1, 12, 0, 4, 1]  	552	6 
[16, 2, 9, 0, 1]  	553	13 
[1, 3, 6, 4, 1]  	555	6 
[7, 0, 6, 4, 1]  	558	11 
[2, 4, 7, 3, 1]  	559	10 
[1, 15, 4, 1, 1]  	563	6 
[1, 2, 7, 4, 1]  	567	6 
[5, 0, 7, 4, 1]  	569	10 
[3, 3, 2, 6, 1]  	571	11 
[2, 3, 8, 3, 1]  	571	10 
[2, 2, 3, 6, 1]  	571	9 
[4, 1, 3, 6, 1]  	572	13 
[1, 17, 3, 1, 1]  	574	7 
[1, 1, 8, 4, 1]  	579	6 
[4, 1, 7, 4, 1]  	580	9 
[2, 12, 8, 0, 1]  	580	7 
[2, 7, 0, 6, 1]  	581	8 
[1, 10, 10, 0, 1]  	592	7 
[1, 7, 12, 0, 1]  	593	7 
[1, 15, 3, 2, 1]  	594	7 
[1, 4, 14, 0, 1]  	594	7 
[8, 0, 3, 6, 1]  	597	9 
[2, 12, 3, 3, 1]  	603	8 
[2, 0, 9, 4, 1]  	603	6 
[1, 12, 9, 0, 1]  	603	6 
[1, 6, 13, 0, 1]  	605	6 
[1, 14, 4, 2, 1]  	606	8 
[1, 3, 15, 0, 1]  	606	8 
[10, 1, 2, 6, 1]  	609	8 
[1, 7, 7, 3, 1]  	616	5 
[1, 3, 4, 6, 1]  	617	5 
[0, 14, 5, 2, 1]  	629	5 
[1, 11, 1, 5, 1]  	630	7 
[2, 10, 7, 2, 1]  	631	7 
[9, 0, 15, 0, 1]  	633	7 
[1, 14, 3, 3, 1]  	637	6 
[0, 14, 9, 0, 1]  	637	5 
[0, 16, 4, 2, 1]  	640	4 
[1, 8, 9, 2, 1]  	643	5 
[1, 7, 4, 5, 1]  	643	5 
[7, 0, 5, 6, 1]  	655	6 
[0, 18, 7, 0, 1]  	659	5 
[0, 14, 4, 3, 1]  	660	4 
[1, 0, 11, 4, 1]  	661	5 
[1, 12, 7, 2, 1]  	665	5 
[0, 20, 4, 1, 1]  	666	4 
[7, 1, 16, 0, 1]  	667	7 
[6, 0, 17, 0, 1]  	667	7 
[0, 29, 0, 0, 1]  	667	6 
[0, 17, 6, 1, 1]  	667	5 
[1, 24, 3, 0, 1]  	669	7 
[1, 11, 4, 4, 1]  	669	6 
[1, 1, 7, 6, 1]  	676	3 
[1, 10, 3, 5, 1]  	677	4 
[5, 1, 17, 0, 1]  	678	5 
[0, 13, 11, 0, 1]  	684	5 
[0, 12, 8, 2, 1]  	688	3 
[0, 15, 8, 1, 1]  	691	5 
[1, 0, 10, 5, 1]  	692	6 
[4, 1, 18, 0, 1]  	701	5 
[0, 19, 0, 4, 1]  	701	3 
[0, 26, 3, 0, 1]  	703	6 
[4, 0, 19, 0, 1]  	713	6 
[0, 15, 3, 4, 1]  	714	4 
[0, 3, 11, 4, 1]  	718	3 
[0, 2, 6, 7, 1]  	718	2 
[2, 0, 20, 0, 1]  	724	4 
[0, 25, 5, 0, 1]  	750	6 
[10, 1, 4, 1, 2]  	349	13 
[10, 0, 5, 1, 2]  	361	13 
[8, 12, 0, 0, 2]  	372	13 
[7, 1, 6, 1, 2]  	383	11 
[9, 0, 6, 1, 2]  	384	14 
[11, 3, 2, 2, 2]  	403	9 
[10, 2, 3, 2, 2]  	403	6 
[8, 0, 7, 1, 2]  	407	13 
[9, 3, 3, 2, 2]  	414	9 
[4, 13, 2, 0, 2]  	417	7 
[6, 1, 6, 2, 2]  	437	8 
[9, 1, 5, 2, 2]  	438	10 
[7, 8, 5, 0, 2]  	443	14 
[14, 9, 2, 0, 2]  	445	20 
[6, 6, 7, 0, 2]  	455	12 
[3, 4, 2, 4, 2]  	462	9 
[2, 13, 4, 0, 2]  	463	6 
[5, 0, 10, 1, 2]  	476	10 
[1, 13, 5, 0, 2]  	486	6 
[14, 5, 6, 0, 2]  	493	16 
[2, 3, 4, 4, 2]  	497	8 
[4, 11, 0, 3, 2]  	499	9 
[11, 4, 8, 0, 2]  	504	15 
[3, 1, 9, 2, 2]  	506	6 
[2, 2, 5, 4, 2]  	509	9 
[10, 0, 0, 6, 2]  	516	11 
[1, 16, 4, 0, 2]  	520	7 
[1, 4, 10, 1, 2]  	520	7 
[9, 2, 3, 4, 2]  	523	13 
[8, 0, 1, 6, 2]  	527	10 
[2, 4, 8, 2, 2]  	528	6 
[2, 1, 10, 2, 2]  	529	6 
[1, 3, 11, 1, 2]  	532	7 
[3, 13, 0, 3, 2]  	533	6 
[3, 8, 9, 0, 2]  	535	10 
[3, 3, 1, 6, 2]  	536	11 
[7, 1, 1, 6, 2]  	538	13 
[2, 12, 5, 1, 2]  	541	7 
[2, 0, 11, 2, 2]  	541	6 
[1, 2, 12, 1, 2]  	544	7 
[5, 3, 12, 0, 2]  	549	12 
[2, 1, 7, 4, 2]  	556	8 
[3, 11, 2, 3, 2]  	557	8 
[3, 3, 13, 0, 2]  	560	11 
[3, 1, 3, 6, 2]  	560	11 
[8, 2, 12, 0, 2]  	562	12 
[1, 3, 10, 2, 2]  	563	6 
[3, 10, 3, 3, 2]  	569	9 
[6, 0, 3, 6, 2]  	573	11 
[1, 2, 11, 2, 2]  	575	6 
[15, 2, 10, 0, 2]  	576	17 
[4, 0, 4, 6, 2]  	584	11 
[5, 0, 15, 0, 2]  	585	11 
[1, 25, 0, 0, 2]  	587	6 
[1, 18, 1, 2, 2]  	593	7 
[1, 20, 0, 2, 2]  	604	7 
[1, 17, 2, 2, 2]  	605	6 
[1, 2, 10, 3, 2]  	606	7 
[1, 2, 16, 0, 2]  	618	7 
[2, 11, 6, 2, 2]  	619	8 
[7, 2, 14, 0, 2]  	620	10 
[0, 27, 0, 0, 2]  	621	6 
[1, 12, 6, 2, 2]  	630	7 
[0, 26, 1, 0, 2]  	633	6 
[1, 17, 1, 3, 2]  	636	6 
[1, 23, 1, 1, 2]  	642	7 
[4, 0, 17, 0, 2]  	643	8 
[0, 3, 11, 3, 2]  	652	3 
[0, 24, 1, 1, 2]  	653	5 
[0, 18, 5, 1, 2]  	655	5 
[0, 3, 15, 1, 2]  	660	4 
[3, 0, 18, 0, 2]  	666	6 
[0, 20, 6, 0, 2]  	670	5 
[0, 13, 7, 2, 2]  	676	3 
[0, 3, 10, 4, 2]  	683	3 
[2, 0, 19, 0, 2]  	689	3 
[1, 1, 15, 2, 2]  	692	6 
[0, 2, 11, 4, 2]  	695	3 
[0, 13, 6, 3, 2]  	707	3 
[1, 0, 20, 0, 2]  	712	2 
[0, 25, 4, 0, 2]  	715	6 
[0, 8, 6, 5, 2]  	724	2 
[0, 24, 5, 0, 2]  	727	5 
[0, 11, 8, 3, 2]  	731	3 
[11, 3, 2, 1, 3]  	337	12 
[10, 2, 3, 1, 3]  	337	12 
[9, 3, 3, 1, 3]  	348	9 
[9, 1, 5, 1, 3]  	372	13 
[10, 3, 2, 2, 3]  	391	10 
[8, 1, 5, 2, 3]  	426	9 
[7, 0, 8, 1, 3]  	430	12 
[4, 13, 1, 1, 3]  	448	6 
[5, 11, 5, 0, 3]  	488	11 
[11, 5, 7, 0, 3]  	492	16 
[2, 12, 0, 3, 3]  	498	6 
[4, 9, 7, 0, 3]  	500	11 
[3, 7, 9, 0, 3]  	512	11 
[1, 14, 0, 3, 3]  	532	7 
[8, 3, 3, 4, 3]  	534	13 
[4, 3, 12, 0, 3]  	537	12 
[1, 13, 1, 3, 3]  	544	8 
[3, 9, 3, 3, 3]  	546	9 
[3, 2, 2, 6, 3]  	548	11 
[2, 4, 3, 5, 3]  	551	8 
[5, 1, 6, 4, 3]  	557	12 
[6, 1, 2, 6, 3]  	561	10 
[5, 2, 13, 0, 3]  	561	12 
[3, 2, 14, 0, 3]  	572	11 
[3, 0, 8, 4, 3]  	580	8 
[1, 16, 2, 2, 3]  	582	8 
[2, 3, 14, 0, 3]  	583	9 
[1, 2, 6, 5, 3]  	598	7 
[3, 0, 5, 6, 3]  	607	10 
[1, 1, 11, 3, 3]  	618	7 
[1, 12, 4, 3, 3]  	626	6 
[1, 9, 6, 3, 3]  	627	4 
[2, 0, 6, 6, 3]  	630	8 
[1, 21, 2, 1, 3]  	631	6 
[0, 5, 15, 0, 3]  	640	3 
[1, 1, 6, 6, 3]  	641	6 
[1, 11, 7, 2, 3]  	642	6 
[1, 10, 8, 2, 3]  	654	5 
[0, 3, 17, 0, 3]  	664	4 
[0, 22, 5, 0, 3]  	681	5 
[0, 12, 7, 3, 3]  	719	3 
[0, 18, 2, 4, 3]  	748	2 
[4, 3, 3, 1, 4]  	288	6 
[10, 3, 2, 1, 4]  	325	10 
[8, 1, 5, 1, 4]  	360	12 
[6, 9, 5, 0, 4]  	454	13 
[2, 9, 5, 1, 4]  	472	7 
[2, 8, 6, 1, 4]  	484	7 
[2, 7, 7, 1, 4]  	496	7 
[2, 12, 4, 1, 4]  	506	6 
[9, 3, 2, 4, 4]  	511	15 
[8, 3, 10, 0, 4]  	515	14 
[7, 1, 5, 4, 4]  	546	11 
[5, 1, 2, 6, 4]  	549	12 
[1, 24, 0, 0, 4]  	564	6 
[2, 10, 9, 0, 4]  	569	8 
[2, 5, 1, 6, 4]  	570	9 
[1, 3, 9, 3, 4]  	594	7 
[2, 2, 15, 0, 4]  	595	10 
[4, 1, 15, 0, 4]  	596	11 
[1, 6, 9, 2, 4]  	597	6 
[1, 1, 5, 6, 4]  	606	7 
[4, 0, 16, 0, 4]  	608	9 
[1, 10, 5, 3, 4]  	615	5 
[3, 1, 16, 0, 4]  	619	9 
[1, 1, 15, 1, 4]  	626	6 
[3, 0, 17, 0, 4]  	631	8 
[0, 13, 6, 2, 4]  	641	5 
[2, 1, 17, 0, 4]  	642	8 
[1, 0, 7, 6, 4]  	653	6 
[1, 1, 14, 2, 4]  	657	6 
[0, 2, 12, 3, 4]  	664	3 
[0, 16, 3, 3, 4]  	671	4 
[0, 13, 5, 3, 4]  	672	4 
[0, 18, 0, 4, 4]  	678	4 
[0, 18, 2, 3, 4]  	682	4 
[0, 17, 1, 4, 4]  	690	4 
[0, 16, 2, 4, 4]  	702	4 
[0, 3, 5, 7, 4]  	706	2 
[3, 0, 9, 2, 5]  	483	6 
[3, 9, 8, 0, 5]  	523	10 
[7, 2, 12, 0, 5]  	550	12 
[2, 7, 5, 3, 5]  	558	9 
[2, 6, 6, 3, 5]  	570	10 
[1, 19, 0, 2, 5]  	581	8 
[1, 3, 5, 5, 5]  	586	7 
[2, 1, 16, 0, 5]  	607	9 
[1, 1, 7, 5, 5]  	610	7 
[0, 15, 4, 2, 5]  	617	5 
[2, 0, 18, 0, 5]  	654	5 
[1, 1, 18, 0, 5]  	665	5 
[1, 0, 19, 0, 5]  	677	4 
[0, 7, 12, 2, 5]  	713	3 
[0, 10, 4, 6, 5]  	766	2 
[3, 3, 3, 4, 6]  	474	9 
[1, 14, 4, 0, 6]  	474	6 
[2, 0, 5, 6, 6]  	595	9 
[0, 13, 10, 0, 6]  	649	5 
[1, 13, 0, 3, 7]  	509	6 
[1, 18, 3, 0, 7]  	531	6 
[1, 8, 6, 3, 7]  	604	6 
[2, 0, 17, 0, 7]  	619	7 
[0, 1, 7, 7, 7]  	730	2 
[0, 12, 6, 3, 8]  	684	4 
[1, 12, 3, 3, 9]  	591	6 
[0, 6, 7, 5, 246]  	713	2 
[1, 5, 1, 7, 247]  	624	6 
[2, 6, 0, 6, 248]  	558	9 
[0, 11, 0, 6, 248]  	649	1 
[0, 0, 2, 9, 248]  	664	1 
[1, 2, 10, 2, 249]  	540	5 
[1, 5, 0, 7, 249]  	589	5 
[1, 5, 4, 5, 249]  	597	3 
[1, 7, 1, 6, 249]  	604	4 
[1, 10, 2, 5, 249]  	642	4 
[1, 3, 10, 1, 250]  	497	5 
[1, 3, 0, 7, 250]  	543	5 
[1, 2, 1, 7, 250]  	555	5 
[1, 1, 2, 7, 250]  	567	5 
[1, 8, 9, 1, 250]  	577	6 
[1, 8, 11, 0, 250]  	581	7 
[1, 2, 0, 8, 250]  	586	3 
[1, 1, 14, 1, 250]  	591	5 
[1, 0, 9, 4, 250]  	591	3 
[1, 7, 3, 5, 250]  	608	3 
[1, 0, 4, 7, 250]  	614	3 
[1, 9, 2, 5, 250]  	619	3 
[0, 11, 2, 5, 250]  	653	2 
[5, 8, 6, 0, 251]  	454	10 
[1, 2, 10, 1, 251]  	474	4 
[1, 2, 0, 7, 251]  	520	3 
[1, 15, 3, 1, 251]  	528	4 
[1, 6, 9, 1, 251]  	531	6 
[1, 5, 4, 4, 251]  	531	3 
[1, 0, 2, 7, 251]  	544	2 
[2, 7, 1, 5, 251]  	550	6 
[3, 0, 13, 1, 251]  	557	5 
[1, 1, 0, 8, 251]  	563	4 
[1, 17, 1, 2, 251]  	570	8 
[1, 7, 2, 5, 251]  	573	3 
[1, 0, 1, 8, 251]  	575	5 
[1, 6, 3, 5, 251]  	585	3 
[1, 9, 8, 2, 251]  	631	4 
[0, 2, 0, 9, 251]  	640	1 
[0, 12, 1, 5, 251]  	641	3 
[0, 22, 2, 1, 251]  	642	2 
[0, 21, 3, 1, 251]  	654	3 
[0, 6, 11, 2, 251]  	655	2 
[0, 5, 14, 1, 251]  	671	3 
[0, 10, 9, 2, 251]  	677	2 
[0, 7, 13, 1, 251]  	682	3 
[0, 5, 13, 2, 251]  	702	2 
[0, 5, 8, 5, 251]  	725	2 
[0, 0, 20, 1, 251]  	766	1 
[3, 2, 4, 1, 252]  	288	5 
[7, 12, 0, 0, 252]  	360	11 
[8, 0, 6, 1, 252]  	372	11 
[6, 11, 3, 0, 252]  	430	7 
[2, 2, 4, 4, 252]  	474	8 
[3, 11, 7, 0, 252]  	534	8 
[0, 21, 0, 1, 252]  	549	2 
[1, 4, 9, 2, 252]  	551	3 
[2, 6, 2, 5, 252]  	562	6 
[1, 11, 1, 4, 252]  	564	4 
[1, 9, 10, 0, 252]  	569	6 
[2, 0, 10, 3, 252]  	572	6 
[1, 8, 7, 2, 252]  	573	4 
[0, 4, 10, 2, 252]  	574	1 
[1, 19, 2, 1, 252]  	585	5 
[1, 7, 8, 2, 252]  	585	4 
[0, 6, 9, 2, 252]  	585	2 
[0, 12, 0, 5, 252]  	606	2 
[0, 5, 13, 1, 252]  	636	3 
[0, 19, 4, 1, 252]  	643	2 
[0, 4, 14, 1, 252]  	648	2 
[0, 2, 16, 1, 252]  	672	2 
[0, 7, 1, 8, 252]  	724	1 
[0, 5, 3, 8, 252]  	748	1 
[9, 10, 1, 0, 253]  	373	10 
[7, 10, 3, 0, 253]  	419	9 
[7, 0, 6, 2, 253]  	426	5 
[4, 5, 8, 0, 253]  	443	11 
[1, 0, 0, 7, 253]  	474	2 
[1, 9, 0, 4, 253]  	483	3 
[2, 7, 1, 4, 253]  	484	5 
[1, 8, 1, 4, 253]  	495	3 
[2, 1, 11, 1, 253]  	498	3 
[1, 14, 3, 1, 253]  	505	4 
[2, 0, 10, 2, 253]  	506	3 
[1, 7, 2, 4, 253]  	507	2 
[4, 1, 7, 3, 253]  	514	6 
[7, 0, 1, 6, 253]  	515	9 
[2, 5, 7, 2, 253]  	516	4 
[1, 6, 3, 4, 253]  	519	2 
[1, 1, 12, 1, 253]  	521	3 
[3, 0, 12, 1, 253]  	522	3 
[3, 8, 3, 3, 253]  	523	10 
[1, 2, 6, 4, 253]  	532	6 
[0, 2, 12, 1, 253]  	532	1 
[2, 8, 0, 5, 253]  	538	7 
[0, 19, 1, 1, 253]  	538	1 
[2, 0, 13, 1, 253]  	545	3 
[6, 0, 6, 4, 253]  	546	10 
[1, 7, 7, 2, 253]  	550	3 
[2, 13, 3, 2, 253]  	560	5 
[1, 18, 2, 1, 253]  	562	5 
[1, 6, 8, 2, 253]  	562	5 
[0, 17, 3, 1, 253]  	562	1 
[0, 5, 9, 2, 253]  	562	2 
[1, 6, 12, 0, 253]  	570	4 
[0, 1, 14, 1, 253]  	579	1 
[1, 5, 13, 0, 253]  	582	7 
[0, 11, 0, 5, 253]  	583	1 
[0, 15, 5, 1, 253]  	586	2 
[0, 0, 15, 1, 253]  	591	1 
[0, 0, 0, 9, 253]  	594	1 
[1, 12, 5, 2, 253]  	595	6 
[0, 26, 0, 0, 253]  	598	4 
[1, 11, 6, 2, 253]  	607	5 
[0, 25, 1, 0, 253]  	610	4 
[0, 4, 15, 0, 253]  	617	4 
[0, 15, 8, 0, 253]  	625	2 
[0, 9, 12, 0, 253]  	627	1 
[0, 14, 7, 1, 253]  	633	2 
[0, 17, 7, 0, 253]  	636	2 
[0, 2, 10, 4, 253]  	660	2 
[0, 4, 7, 5, 253]  	667	1 
[0, 4, 9, 4, 253]  	671	2 
[0, 14, 3, 4, 253]  	691	4 
[0, 24, 4, 0, 253]  	692	5 
[6, 11, 0, 0, 254]  	325	5 
[6, 10, 1, 0, 254]  	337	5 
[4, 1, 8, 1, 254]  	417	5 
[5, 7, 6, 0, 254]  	431	9 
[3, 6, 0, 4, 254]  	438	6 
[2, 3, 8, 1, 254]  	439	3 
[13, 8, 3, 0, 254]  	445	14 
[11, 6, 5, 0, 254]  	445	8 
[4, 1, 7, 2, 254]  	448	4 
[13, 7, 4, 0, 254]  	457	10 
[1, 15, 3, 0, 254]  	462	4 
[2, 1, 10, 1, 254]  	463	2 
[1, 7, 1, 4, 254]  	472	2 
[0, 4, 9, 1, 254]  	473	1 
[3, 10, 6, 0, 254]  	476	4 
[2, 11, 4, 1, 254]  	483	5 
[0, 0, 12, 1, 254]  	486	1 
[10, 4, 8, 0, 254]  	492	12 
[2, 7, 5, 2, 254]  	492	4 
[3, 4, 1, 5, 254]  	493	4 
[2, 6, 2, 4, 254]  	496	5 
[1, 5, 3, 4, 254]  	496	2 
[1, 5, 7, 2, 254]  	504	2 
[4, 10, 1, 3, 254]  	511	7 
[2, 6, 10, 0, 254]  	512	8 
[1, 7, 8, 1, 254]  	519	3 
[2, 10, 4, 2, 254]  	526	3 
[1, 18, 1, 1, 254]  	527	4 
[2, 4, 12, 0, 254]  	536	9 
[3, 1, 8, 3, 254]  	537	5 
[2, 12, 3, 2, 254]  	537	4 
[1, 20, 0, 1, 254]  	538	4 
[1, 17, 2, 1, 254]  	539	3 
[1, 4, 3, 5, 254]  	539	3 
[2, 8, 4, 3, 254]  	546	7 
[2, 1, 3, 6, 254]  	548	4 
[1, 10, 5, 2, 254]  	549	5 
[0, 12, 8, 0, 254]  	556	2 
[2, 11, 8, 0, 254]  	557	2 
[1, 9, 6, 2, 254]  	561	5 
[0, 11, 9, 0, 254]  	568	1 
[14, 1, 11, 0, 254]  	576	11 
[2, 11, 3, 3, 254]  	580	5 
[1, 6, 1, 6, 254]  	581	2 
[0, 9, 11, 0, 254]  	592	1 
[0, 2, 10, 3, 254]  	594	2 
[0, 4, 5, 5, 254]  	597	1 
[0, 17, 6, 0, 254]  	601	3 
[0, 16, 7, 0, 254]  	613	3 
[0, 4, 0, 8, 254]  	620	1 
[0, 24, 3, 0, 254]  	657	2 
[0, 0, 8, 7, 254]  	742	1 
[6, 6, 0, 0, 255]  	210	5 
[9, 2, 3, 1, 255]  	325	9 
[7, 0, 5, 1, 255]  	325	7 
[9, 1, 4, 1, 255]  	337	7 
[0, 0, 8, 1, 255]  	346	1 
[0, 17, 0, 0, 255]  	391	1 
[4, 6, 6, 0, 255]  	396	4 
[0, 16, 1, 0, 255]  	403	1 
[1, 4, 7, 1, 255]  	415	3 
[5, 5, 7, 0, 255]  	420	6 
[0, 14, 3, 0, 255]  	427	2 
[5, 0, 7, 2, 255]  	437	3 
[4, 10, 1, 2, 255]  	445	2 
[3, 3, 10, 0, 255]  	455	5 
[2, 7, 4, 2, 255]  	457	3 
[1, 5, 0, 5, 255]  	457	1 
[3, 5, 9, 0, 255]  	466	8 
[1, 4, 1, 5, 255]  	469	1 
[16, 3, 6, 0, 255]  	471	5 
[2, 8, 0, 4, 255]  	472	5 
[2, 4, 3, 4, 255]  	485	3 
[4, 9, 1, 3, 255]  	488	2 
[2, 7, 9, 0, 255]  	500	8 
[1, 6, 10, 0, 255]  	500	4 
[1, 4, 0, 6, 255]  	500	1 
[3, 3, 0, 6, 255]  	501	6 
[2, 6, 6, 2, 255]  	504	4 
[0, 13, 6, 0, 255]  	509	2 
[2, 12, 6, 0, 255]  	510	3 
[8, 2, 3, 4, 255]  	511	12 
[6, 0, 5, 4, 255]  	511	10 
[1, 3, 5, 4, 255]  	520	6 
[8, 1, 4, 4, 255]  	523	11 
[2, 5, 11, 0, 255]  	524	5 
[0, 0, 0, 8, 255]  	528	1 
[1, 12, 7, 0, 255]  	533	2 
[0, 11, 8, 0, 255]  	533	1 
[2, 6, 5, 3, 255]  	535	8 
[2, 5, 6, 3, 255]  	547	5 
[4, 2, 13, 0, 255]  	549	9 
[4, 0, 3, 6, 255]  	549	7 
[14, 0, 11, 0, 255]  	553	7 
[4, 0, 7, 4, 255]  	557	7 
[1, 15, 2, 2, 255]  	559	5 
[0, 8, 11, 0, 255]  	569	1 
[0, 2, 6, 5, 255]  	586	1 
[1, 2, 4, 6, 255]  	594	3 
[3, 0, 16, 0, 255]  	596	5 
[0, 2, 16, 0, 255]  	606	2 
[0, 15, 0, 4, 255]  	609	2 
[0, 15, 2, 3, 255]  	613	4 
[0, 14, 1, 4, 255]  	621	2 
[0, 0, 5, 7, 255]  	637	1 
------
The gap is between 10 and 245.
Lengths: 5 5 10 13 5 12.
For 692 = 3*d-d1-d2-d3-d4 you get 5 in char 0.
1 + 0*2^64 + 0*2^128 + 0*2^192*y^24*z^4
1 + 0*2^64 + 0*2^128 + 0*2^192*y^12*z^10*w^1
1 + 0*2^64 + 0*2^128 + 0*2^192*y^11*z^5*w^4
1 + 0*2^64 + 0*2^128 + 0*2^192*y^10*w^7
1 + 0*2^64 + 0*2^128 + 0*2^192*z^16*w^2

For 416 = 2*d-d1-d2-d3-d4 you get 10 in char 0.
1 + 0*2^64 + 0*2^128 + 0*2^192*x^5*y^4*w^4
1 + 0*2^64 + 0*2^128 + 0*2^192*x^4*y^3*z^1*w^4
1 + 0*2^64 + 0*2^128 + 0*2^192*x^3*y^2*z^2*w^4
1 + 0*2^64 + 0*2^128 + 0*2^192*x^2*y^2*z^8*w^1
1 + 0*2^64 + 0*2^128 + 0*2^192*x^2*y^1*z^3*w^4
1 + 0*2^64 + 0*2^128 + 0*2^192*x^1*y^13*z^3
1 + 0*2^64 + 0*2^128 + 0*2^192*x^1*y^1*z^9*w^1
1 + 0*2^64 + 0*2^128 + 0*2^192*x^1*z^4*w^4
1 + 0*2^64 + 0*2^128 + 0*2^192*y^12*z^4
1 + 0*2^64 + 0*2^128 + 0*2^192*z^10*w^1

For 140 = d-d1-d2-d3-d4 you get 5 in char 0.
1 + 0*2^64 + 0*2^128 + 0*2^192*x^4*y^4
1 + 0*2^64 + 0*2^128 + 0*2^192*x^3*y^3*z^1
1 + 0*2^64 + 0*2^128 + 0*2^192*x^2*y^2*z^2
1 + 0*2^64 + 0*2^128 + 0*2^192*x^1*y^1*z^3
1 + 0*2^64 + 0*2^128 + 0*2^192*z^4

Extra powers of p used 6.
The invariant extra is equal to 33.
Start computing 2^4 Delta^1 (x1x2x3x4)^1... Done.
Start computing 2^5 Delta^2 (x1x2x3x4)^1... Done.
Start computing 2^6 Delta^3 (x1x2x3x4)^1... Done.
Start computing 2^7 Delta^4 (x1x2x3x4)^1... Done.
Start computing 2^8 Delta^5 (x1x2x3x4)^1... Done.
Start computing 2^9 Delta^6 (x1x2x3x4)^1... Done.
Start computing 2^10 Delta^7 (x1x2x3x4)^1... Done.
Start computing 2^11 Delta^8 (x1x2x3x4)^1... Done.
Start computing 2^12 Delta^9 (x1x2x3x4)^1... Done.
Start computing 2^13 Delta^10 (x1x2x3x4)^1... Done.
Start computing 2^14 Delta^11 (x1x2x3x4)^1... Done.
Start computing 2^15 Delta^12 (x1x2x3x4)^1... Done.
Start computing 2^16 Delta^13 (x1x2x3x4)^1... Done.
Start computing 2^17 Delta^14 (x1x2x3x4)^1... Done.
Start computing 2^18 Delta^15 (x1x2x3x4)^1... Done.
Start computing 2^19 Delta^16 (x1x2x3x4)^1... Done.
Start computing 2^20 Delta^17 (x1x2x3x4)^1... Done.
Start computing 2^21 Delta^18 (x1x2x3x4)^1... Done.
Start computing 2^22 Delta^19 (x1x2x3x4)^1... Done.
Start computing 2^23 Delta^20 (x1x2x3x4)^1... Done.
Start computing 2^24 Delta^21 (x1x2x3x4)^1... Done.
Start computing 2^25 Delta^22 (x1x2x3x4)^1... Done.
Start computing 2^26 Delta^23 (x1x2x3x4)^1... Done.
Start computing 2^27 Delta^24 (x1x2x3x4)^1... Done.
Start computing 2^28 Delta^25 (x1x2x3x4)^1... Done.
Start computing 2^29 Delta^26 (x1x2x3x4)^1... Done.
Start computing 2^30 Delta^27 (x1x2x3x4)^1... Done.
Start computing 2^31 Delta^28 (x1x2x3x4)^1... Done.
Start computing 2^32 Delta^29 (x1x2x3x4)^1... Done.
Start computing 2^33 Delta^30 (x1x2x3x4)^1... Done.
Start computing 2^34 Delta^31 (x1x2x3x4)^1... Done.
Start computing 2^35 Delta^32 (x1x2x3x4)^1... Done.
Start computing 2^36 Delta^33 (x1x2x3x4)^1... Done.
Start computing 2^37 Delta^34 (x1x2x3x4)^1... Done.
Start computing 2^38 Delta^35 (x1x2x3x4)^1... Done.
Start computing aa.
1 2 3 4 5 6 7 8 9 10 11 12 13 14 15 16 17 18 19 20 
*/
A = \
[3803462493265094160 + 16309246854152673407*2^64 + 6260227362946836873*2^128 + 42323603859*2^192,4958518400473170016 + 8579882490848396820*2^64 + 16765803669112485439*2^128 + 48617384541*2^192,11715989990632944536 + 10822102101850927192*2^64 + 16285186501904331290*2^128 + 63752870043*2^192,2029088501493518688 + 2544830834178489887*2^64 + 8116908511523144984*2^128 + 40746611565*2^192,335216156982114112 + 8029479885115004370*2^64 + 17319163499566190588*2^128 + 35487060296*2^192,725074812737191808 + 13589568907470384491*2^64 + 2977678648420143107*2^128 + 59330012289*2^192,13531148536532828736 + 1031292578759497804*2^64 + 5852451714899800543*2^128 + 40886768492*2^192,7723860416485157376 + 5635283624034598939*2^64 + 8868639502995679579*2^128 + 56638547449*2^192,18204225575116619776 + 8585067068888115112*2^64 + 15210288540755908444*2^128 + 24291394478*2^192,1426367065447411264 + 3708159792512367452*2^64 + 5310602505907503619*2^128 + 28172676034*2^192,11671308871773367808 + 1850536482498736489*2^64 + 9772954714624712365*2^128 + 63533271622*2^192,8312322209428389120 + 6721589171775599879*2^64 + 14255295326257164284*2^128 + 37906589978*2^192,11312625431406458816 + 9236389334578127042*2^64 + 69127342681750980*2^128 + 3796540375*2^192,3791719781519824512 + 1718457716957952004*2^64 + 18293906865710768984*2^128 + 64085249451*2^192,12546006281579231488 + 13819894512909171151*2^64 + 11322054941925855689*2^128 + 13121074656*2^192,17218885681635763200 + 12641610690664264702*2^64 + 403503804701044870*2^128 + 66428333775*2^192,6821851445674999808 + 11911605794940869145*2^64 + 5988437030097250176*2^128 + 9670627092*2^192,1683688007997881344 + 6293756333688979102*2^64 + 10206666246797516741*2^128 + 7937729194*2^192,3103074702932000000 + 1190374620393790871*2^64 + 3425911418833695792*2^128 + 67516574896*2^192,2443221136093011456 + 15241763980748540407*2^64 + 5575919417290448881*2^128 + 57855536842*2^192;\
3503704548801462384 + 10919793339136431565*2^64 + 12973688073455372651*2^128 + 67849765637*2^192,6314329055276879648 + 230952295305684765*2^64 + 5606374397630037351*2^128 + 58398564471*2^192,15565673402365855512 + 14313253199378737842*2^64 + 13607758379428840062*2^128 + 61028471189*2^192,17011202136503010512 + 13137403540662144540*2^64 + 2008936826680540519*2^128 + 62123197283*2^192,3057241454699772096 + 3027031707941560184*2^64 + 15963600861918253720*2^128 + 1994997146*2^192,9061222421382195584 + 6182801626006645011*2^64 + 15707864468175039488*2^128 + 59735861570*2^192,2324715226470646080 + 6219546063878135482*2^64 + 11385203404811672227*2^128 + 5812813707*2^192,5193023059887323520 + 12585198040351754736*2^64 + 6327768509407787723*2^128 + 34185556574*2^192,4684915112824016384 + 5132969687731710675*2^64 + 3848253695384968290*2^128 + 58961856157*2^192,4008435017921278528 + 7860824354765153206*2^64 + 17970476424666863902*2^128 + 23017058922*2^192,17792110782236030208 + 9976208813788498339*2^64 + 9668808217733157317*2^128 + 41826580653*2^192,16402776417983142656 + 644774818625212618*2^64 + 7754685993855605482*2^128 + 24074257020*2^192,5868611379978875200 + 3374900127759845118*2^64 + 8286000401586102333*2^128 + 25314684010*2^192,8310456253464096640 + 4578406269029962750*2^64 + 12700136641422937438*2^128 + 1169151545*2^192,12314219931135873280 + 13139015618492179839*2^64 + 3120861618806571059*2^128 + 12372701230*2^192,4722800829812748288 + 3212985747938057107*2^64 + 4090503912277509388*2^128 + 33933347567*2^192,15151983494401905664 + 2541015696649981159*2^64 + 16344035599675557167*2^128 + 24398048144*2^192,662350869438503936 + 1971491296741442777*2^64 + 16078843472283903392*2^128 + 61438093796*2^192,12792336050373472000 + 15232137914618439526*2^64 + 10180684896573283871*2^128 + 13870230071*2^192,8883805612803199488 + 1145011555362591284*2^64 + 4300600310901775488*2^128 + 24238846880*2^192;\
419728833009355712 + 11459663683176193826*2^64 + 5706605418301797653*2^128 + 60088535094*2^192,11177051646271186048 + 9261925044586445519*2^64 + 4660301664758258299*2^128 + 63629101280*2^192,8759589450579739872 + 1654713641069041952*2^64 + 16673885658475726800*2^128 + 34267410239*2^192,7698978880312661248 + 2639930941939566512*2^64 + 10168297459439730023*2^128 + 9350389725*2^192,8224749105538668288 + 15889575563392756431*2^64 + 17325411095742464803*2^128 + 15164854612*2^192,4381792893145895424 + 12182190856358528361*2^64 + 6966288281717744103*2^128 + 48614669339*2^192,13441176676965419776 + 8097773733886688289*2^64 + 8958485489939045829*2^128 + 6679198349*2^192,14712594777794683904 + 15467769714873254878*2^64 + 6930436144067475507*2^128 + 54591696729*2^192,15224370898767355904 + 2935147570483905577*2^64 + 8608282955471311080*2^128 + 54260348490*2^192,8458004800286149376 + 17356479626774362835*2^64 + 1929932691771465116*2^128 + 34246117878*2^192,6768191870933118976 + 12635268748865259115*2^64 + 15135120316888673534*2^128 + 23053813507*2^192,11030810612901305344 + 1727147358108306096*2^64 + 229053575413289687*2^128 + 59675604054*2^192,9725546148236628224 + 9665135702511518665*2^64 + 4550632704537941734*2^128 + 48012560358*2^192,4735946677691258368 + 3305767647974121617*2^64 + 16482661120631390102*2^128 + 13483634798*2^192,9627502012550388736 + 2647107560335703501*2^64 + 13561401456937445546*2^128 + 43416927559*2^192,11264698089199783936 + 10531090355519604744*2^64 + 1460716496516074031*2^128 + 33979786231*2^192,16983690062031454208 + 6660180934264753558*2^64 + 13428699951330774757*2^128 + 17191497456*2^192,17910993624046792704 + 14115821125516380216*2^64 + 11356201269147390215*2^128 + 40497769491*2^192,14064950699367103488 + 9810255785140983260*2^64 + 11756837874090570588*2^128 + 554342919*2^192,4752341689671596032 + 4511670922863085755*2^64 + 49681390487700442*2^128 + 7818314524*2^192;\
3531145014228055872 + 1592057741613840683*2^64 + 49322908241612531*2^128 + 65890242103*2^192,277033659987659136 + 1566657257021722569*2^64 + 11234109296279059551*2^128 + 41985499984*2^192,8978192223000469664 + 12937608334918610222*2^64 + 5322368914660760831*2^128 + 20334628612*2^192,3815769730667314560 + 5466895225032622605*2^64 + 3153048443127189*2^128 + 39864280226*2^192,14738119251988441344 + 1412801978215046052*2^64 + 5961824502051420966*2^128 + 58872174194*2^192,8335388120889779712 + 2211637061107146130*2^64 + 3901766282540929085*2^128 + 13875113353*2^192,8490245706389641472 + 17241737399744445219*2^64 + 17983472075555660392*2^128 + 281895103*2^192,18422555542913765376 + 4617420086859884028*2^64 + 17650076435692210017*2^128 + 23237384219*2^192,17644472010357452800 + 13237202397151055430*2^64 + 7866143329068607812*2^128 + 5440476723*2^192,12509157805550529792 + 14953314749703011850*2^64 + 11901004654307499417*2^128 + 39713127179*2^192,2292545854004172800 + 9727948439792638393*2^64 + 5913272817128323098*2^128 + 67261247207*2^192,13954895159371838464 + 14392231017977583274*2^64 + 1202891727222987222*2^128 + 45894250030*2^192,11200227356861767936 + 12979120298732531405*2^64 + 11892305332256656545*2^128 + 13505904919*2^192,14706892171578533376 + 16789782636240766304*2^64 + 10217304530702878122*2^128 + 27168041920*2^192,55316597368822784 + 8037062913149081041*2^64 + 18031451000703820887*2^128 + 63921104220*2^192,15738395714590732288 + 5270598228250283797*2^64 + 11442402965988783201*2^128 + 44526500931*2^192,17052738802000535552 + 5943529124160258425*2^64 + 2545455147367478042*2^128 + 20786016372*2^192,13929316766578622464 + 9549429857791060944*2^64 + 15077235847159758912*2^128 + 13310902024*2^192,2966259951254561792 + 6955075330228318176*2^64 + 3463465292260339555*2^128 + 6180030005*2^192,9072393737700698112 + 1065350619009883033*2^64 + 2976717551412271648*2^128 + 57514639084*2^192;\
6961697905759316116 + 17922692868930822038*2^64 + 16404776860732814796*2^128 + 44667360427*2^192,4481925521342689368 + 14024244597487850324*2^64 + 14566793144467229008*2^128 + 1623220041*2^192,8341471477017264678 + 8003377873596526063*2^64 + 12882565650359866756*2^128 + 60155164201*2^192,7971868643901851920 + 9809744386967051699*2^64 + 7482934034104100792*2^128 + 39173111211*2^192,6967829211609672208 + 16999599137249396692*2^64 + 9032195725032429190*2^128 + 7818761704*2^192,14719076273831039968 + 14748016310453131177*2^64 + 12828586254230003817*2^128 + 46367001374*2^192,16369342674209861392 + 14139718161102452156*2^64 + 3363827830146457222*2^128 + 19169306447*2^192,15706062851498996672 + 7758447941635502763*2^64 + 17453159542783087792*2^128 + 44345737178*2^192,2582836412992557312 + 13803182833401760364*2^64 + 11240247293863083611*2^128 + 50089169980*2^192,42003398924129808 + 1244526970218861059*2^64 + 5424204713938239539*2^128 + 51234523112*2^192,7909841585994638464 + 5847076808862858472*2^64 + 6664607354101706737*2^128 + 54255982843*2^192,8095000450412976448 + 12845390164703226961*2^64 + 7161493953828929938*2^128 + 42778165014*2^192,1568821461234672880 + 12629627665020825345*2^64 + 5265977069452767078*2^128 + 27723129761*2^192,5015496198863605920 + 11438554327177248304*2^64 + 8193145738712260676*2^128 + 1344930595*2^192,5418504197381645120 + 4705995266860851326*2^64 + 5845433105988496223*2^128 + 839651506*2^192,13132795995661906688 + 2817716757489732403*2^64 + 3865384517836801311*2^128 + 64480848407*2^192,2960704882631390976 + 18218642322211644285*2^64 + 10497412488035212963*2^128 + 23967875465*2^192,8019977913992026880 + 5168205190671040131*2^64 + 14752350459375200441*2^128 + 23641933209*2^192,8573536891292210496 + 10809672602545018366*2^64 + 6791222672188418245*2^128 + 45712877342*2^192,11489812601444547456 + 8802885303832565188*2^64 + 8603995423012028122*2^128 + 65889004675*2^192;\
3255162535065206400 + 10399002014751551227*2^64 + 8751250321132662481*2^128 + 34102046732*2^192,1625808406266715904 + 5534197512427325213*2^64 + 11708132608925723239*2^128 + 2898610673*2^192,10217867473112514176 + 15163924308706467372*2^64 + 18289540995656456552*2^128 + 25117521623*2^192,15667548106126266176 + 15316744883376466999*2^64 + 12648157001122658293*2^128 + 11884866719*2^192,14351026667413835264 + 10161764301108736469*2^64 + 9312005054058558533*2^128 + 13119847912*2^192,17161971539092654976 + 16445736498079359992*2^64 + 3454487291947324416*2^128 + 35137261177*2^192,18437703305536011776 + 6674184906506297262*2^64 + 591679603180566777*2^128 + 17220103709*2^192,8151407661819781632 + 2234280466202535638*2^64 + 129427591269135625*2^128 + 17007819277*2^192,13588967583366287360 + 17825429157622362944*2^64 + 11417179915275623378*2^128 + 33596355094*2^192,8064722398523925120 + 17463157368160977322*2^64 + 11843853630942827183*2^128 + 60581941457*2^192,12512369318544376832 + 17348678692424556338*2^64 + 5749630092890522582*2^128 + 34759582421*2^192,3489062208356683776 + 4642516995380132180*2^64 + 16685672967948028471*2^128 + 19702093736*2^192,4918795717634648704 + 1585084531741369621*2^64 + 16826589385301612877*2^128 + 38605926329*2^192,13300258653526806528 + 10595351015504674355*2^64 + 1819038881628579433*2^128 + 13585574453*2^192,16193838803917649920 + 819681983557404227*2^64 + 7532950093959397061*2^128 + 30705162051*2^192,11801865318847223808 + 8810144724289376087*2^64 + 2288639149186777969*2^128 + 39300469541*2^192,1068944752666328064 + 14065671143469104340*2^64 + 11283583995970960187*2^128 + 13833637574*2^192,17948890381776002048 + 10741288861712327029*2^64 + 15016134480992102344*2^128 + 52235090492*2^192,1282865081668139008 + 6363606830919623554*2^64 + 1025136776972374876*2^128 + 1999899069*2^192,16861783859789238272 + 10649128271353901975*2^64 + 3812793885450548074*2^128 + 26993435872*2^192;\
6731203393336122880 + 5250417071840543276*2^64 + 1888038521235439891*2^128 + 27555604505*2^192,96550847120437760 + 8874670567880973232*2^64 + 5355683267475623092*2^128 + 19785453911*2^192,12611212373049233472 + 16929139974331640229*2^64 + 2450335251442711472*2^128 + 43541345621*2^192,17092399471628034432 + 1144929028236513690*2^64 + 18366049395021686406*2^128 + 54040255822*2^192,15883624068621832192 + 6382720849658427533*2^64 + 889805312697479291*2^128 + 54824968624*2^192,15855417448309576960 + 4125257481442667114*2^64 + 9584738499277734807*2^128 + 40205879849*2^192,7646057395250230016 + 17441841810237215919*2^64 + 9031644416029726314*2^128 + 15684904983*2^192,3083116365222488320 + 628825030181558750*2^64 + 4969550276456216986*2^128 + 9953998986*2^192,11582414636791877632 + 4987921937143640152*2^64 + 2022257503314240980*2^128 + 61755209185*2^192,15976801351841094528 + 16091820784132244722*2^64 + 5927576340964072486*2^128 + 13233610384*2^192,3924888726028521472 + 9957404086607545436*2^64 + 12652497643976422050*2^128 + 2121773280*2^192,17857139246101510144 + 149492947722922395*2^64 + 11763324000056429874*2^128 + 7101292813*2^192,5842694810107773312 + 16599689096697521663*2^64 + 15862204490194460568*2^128 + 2731610278*2^192,10593250327545360384 + 10606781319400350375*2^64 + 2898190008092164074*2^128 + 55171031544*2^192,3283418029695182848 + 9338033197114269220*2^64 + 6339902852826002354*2^128 + 24539833165*2^192,18423545164016087040 + 7748274900330731906*2^64 + 6470391964564211917*2^128 + 43816208492*2^192,14367697923775409152 + 10052684685341164784*2^64 + 16722895831431521624*2^128 + 48580279728*2^192,14232645808294692864 + 17876358842941066072*2^64 + 13466316472652374554*2^128 + 6643317210*2^192,14130370432948081664 + 3960952354057577855*2^64 + 17198985640768629656*2^128 + 63707087419*2^192,8478768119728060416 + 7490232577004286266*2^64 + 381005224605173326*2^128 + 10839670798*2^192;\
1414618687461962496 + 6158320480236249669*2^64 + 11647762486022581484*2^128 + 51330163687*2^192,9222360881597404672 + 6830824034240095567*2^64 + 1338213906094826201*2^128 + 28210545588*2^192,15074449910525219456 + 1134797632102337398*2^64 + 16381647175182806285*2^128 + 4901107971*2^192,14608029123204026368 + 8871126015138168819*2^64 + 10862796085503943595*2^128 + 27369761942*2^192,6571236424363211776 + 16940318355837742043*2^64 + 3404796102193629381*2^128 + 29707205995*2^192,16844785828987182080 + 13761122139796651718*2^64 + 16709881722777405791*2^128 + 28056917989*2^192,880390111749743232 + 16525736005777138840*2^64 + 2677555065548668057*2^128 + 55115959172*2^192,5307072493232894720 + 17119084371537471453*2^64 + 11727510774316913920*2^128 + 6525010519*2^192,11618028982252670976 + 5519918843419427128*2^64 + 4328190980182397926*2^128 + 6784051172*2^192,18442612646707767936 + 2615966266672632823*2^64 + 10712943893047600930*2^128 + 44632290334*2^192,18376415128736685056 + 1266276959068304347*2^64 + 6064132864744822052*2^128 + 357475076*2^192,9663950988214712320 + 12870771972683996892*2^64 + 16820094101436441626*2^128 + 46536880647*2^192,8821190856450142720 + 988515892868914355*2^64 + 6228383012024055897*2^128 + 32300255038*2^192,9534259881012013056 + 1416869489947284638*2^64 + 2691491813828505548*2^128 + 46207961795*2^192,14631151382928138240 + 3050647462071485770*2^64 + 11643053462455858302*2^128 + 54305430744*2^192,10537310098764218368 + 7338898514473654160*2^64 + 4212347054943805203*2^128 + 2450706913*2^192,11452363138134859776 + 18132324839317631070*2^64 + 7073343724417498387*2^128 + 41279859150*2^192,8887521010692198400 + 2043420787149659679*2^64 + 18294510106903780246*2^128 + 2740241894*2^192,2620470398192345088 + 8223327393375573437*2^64 + 14223303011373174909*2^128 + 40458969348*2^192,17843676229361606656 + 8581678586502828651*2^64 + 3495053139735906772*2^128 + 66280601340*2^192;\
2074038655331987866 + 10780324326878228326*2^64 + 8859740063736762471*2^128 + 3786606837*2^192,9967095115823223756 + 17601207369190773779*2^64 + 7801737635240538636*2^128 + 53235319493*2^192,15037424552586978355 + 9597269550580236067*2^64 + 11299674842968957023*2^128 + 66575333095*2^192,3534195141994545056 + 7931006336490956562*2^64 + 7673262316157138235*2^128 + 63444387251*2^192,5480092434490603208 + 4980711800960249953*2^64 + 12569035602470810360*2^128 + 6868690016*2^192,5840000841762096944 + 11940350299444537488*2^64 + 10011660538767171090*2^128 + 50413832722*2^192,4414714315455281416 + 15136626079126370529*2^64 + 14845348418330498547*2^128 + 40776604459*2^192,17344592381665824672 + 17398351993031639537*2^64 + 4261542403776380498*2^128 + 32965592955*2^192,10900325132110697472 + 8906939449280851090*2^64 + 12248075240114934598*2^128 + 37872869015*2^192,13447736921873747784 + 11995214181012997783*2^64 + 15145436069713902693*2^128 + 2977589461*2^192,992640823970290688 + 1020789568771449035*2^64 + 6151334482220056391*2^128 + 62311767065*2^192,10032811435396306208 + 5502545196457655804*2^64 + 12573484647776240316*2^128 + 67999159079*2^192,16572101336278844408 + 13440249738521473523*2^64 + 7868133028590018050*2^128 + 60382907918*2^192,13580802017018058000 + 2273356151536275786*2^64 + 14565301399627299884*2^128 + 10165868914*2^192,7465932171616265248 + 17527504369592021024*2^64 + 17759225363788253577*2^128 + 22860977965*2^192,11127657847541647232 + 14836336664242151418*2^64 + 1949848803190006736*2^128 + 23115610165*2^192,2542584914754133120 + 7732858756201323293*2^64 + 2793739325029017742*2^128 + 42129454289*2^192,7656306823355933568 + 8806520403718377284*2^64 + 819555350986738399*2^128 + 39279560363*2^192,6533228684578756768 + 16275149232511326288*2^64 + 16467474227565433029*2^128 + 42240229473*2^192,2177916328546629568 + 3661823762554706258*2^64 + 5224040429424036295*2^128 + 52135255958*2^192;\
15965828394326843648 + 4843199622938960812*2^64 + 10810907560047034165*2^128 + 34071943300*2^192,14681513589632350208 + 13623068894252561872*2^64 + 5730257709458637284*2^128 + 58706822797*2^192,14311157615795159104 + 16284467305371326755*2^64 + 543151733969525571*2^128 + 10787028430*2^192,10386829040057647232 + 15116415702709770657*2^64 + 5301721151096920101*2^128 + 11387026245*2^192,4732393025961478144 + 13943312578246125369*2^64 + 11584207395358433017*2^128 + 66605536342*2^192,8529196482777240832 + 9412647036288964308*2^64 + 7843324007265936129*2^128 + 59566828692*2^192,14972301739786739456 + 17376165611356927558*2^64 + 9933823814360457640*2^128 + 53896429040*2^192,15343214963434125056 + 12820484960936580206*2^64 + 7785304050103880988*2^128 + 41363774997*2^192,4217932860554326016 + 15086528264539947180*2^64 + 17652334063878405148*2^128 + 20797521530*2^192,14665804410654468096 + 6393627444649149906*2^64 + 13322614059420138838*2^128 + 44651386404*2^192,17877712794885154816 + 13866620962427131727*2^64 + 7977144499781843296*2^128 + 22833809246*2^192,11241760009739423744 + 7770311569786051662*2^64 + 13600115657354986913*2^128 + 1045571093*2^192,17429976313073930624 + 16776844250437646152*2^64 + 10238341167692062403*2^128 + 3264313441*2^192,4859122907950910464 + 11827197065520206274*2^64 + 2926619447044721095*2^128 + 5618131555*2^192,13256247540355215360 + 1582586186096052187*2^64 + 6205837276578088416*2^128 + 51019852923*2^192,5922473143171659776 + 12753655564969955794*2^64 + 6141319179716643470*2^128 + 2258435123*2^192,4931698397832723456 + 17284906788820652371*2^64 + 3576505286442691082*2^128 + 20378015733*2^192,2836355364059869184 + 8466679700705554851*2^64 + 3742430094500759091*2^128 + 1970097087*2^192,13785753422608057344 + 9826761088155346186*2^64 + 414515275115299103*2^128 + 67358967837*2^192,5226366751909099520 + 2918994028493170941*2^64 + 13405800740343565594*2^128 + 27107117512*2^192;\
4297415665669359560 + 17605992236447326654*2^64 + 4917762095022303574*2^128 + 6526690267*2^192,1691432897385965680 + 5230131080262526543*2^64 + 7670727534006254106*2^128 + 36695570633*2^192,3397855255100303772 + 5533640263575476567*2^64 + 16106445298235558031*2^128 + 50219691049*2^192,829360338633457152 + 8076716360749321271*2^64 + 5782052412523764083*2^128 + 57056028284*2^192,3688955817234194080 + 12078216031806870747*2^64 + 12230377880252638466*2^128 + 32910368327*2^192,1391799442739269568 + 1072553561143515369*2^64 + 10741943831246340214*2^128 + 47863913793*2^192,17686095197455278752 + 14106857970747729587*2^64 + 9286620505793074099*2^128 + 27453348479*2^192,10453295438589107328 + 5698959564873724894*2^64 + 6421543075052284964*2^128 + 17220317614*2^192,11829951334897721344 + 12773183123652923598*2^64 + 2825285935448077669*2^128 + 3997113794*2^192,1772554624684678432 + 17393756528875452506*2^64 + 3388699482264759454*2^128 + 21017383096*2^192,16897115871022867584 + 9094758578189700007*2^64 + 3201342691939860932*2^128 + 3054185381*2^192,13800714979938588032 + 2323579091253903968*2^64 + 12061607756386929087*2^128 + 68086066966*2^192,6548579526213038176 + 17374569453574229724*2^64 + 14394320060363195555*2^128 + 49380588049*2^192,7426527546544332608 + 3818956295572860162*2^64 + 4769857927665653024*2^128 + 23577409873*2^192,15853920864860190336 + 6885662790279872649*2^64 + 12400715108059273100*2^128 + 63651403282*2^192,3789518704716959232 + 11056769998838981162*2^64 + 11296559601620212307*2^128 + 42087212891*2^192,2365370545709799936 + 16321577740321217384*2^64 + 8516959638710217144*2^128 + 36657099989*2^192,813903288245060096 + 10461854284049708691*2^64 + 15623568973803834391*2^128 + 25761240374*2^192,18269921820835658880 + 13395602140188279165*2^64 + 12470405238168543654*2^128 + 27840175403*2^192,10201374511078134016 + 12593094160681713930*2^64 + 15686706097532443024*2^128 + 49404700789*2^192;\
7057490152150323348 + 15624643742819452592*2^64 + 2116236910600385506*2^128 + 38695293867*2^192,4675248647015005528 + 9849797993216813138*2^64 + 5561816524695023628*2^128 + 40241053734*2^192,624657680142421126 + 6428312225295758039*2^64 + 14960154718634201249*2^128 + 65692228372*2^192,1929938195516671872 + 10905739169836113484*2^64 + 5938953021309871814*2^128 + 46122418808*2^192,3253998222499592016 + 4940316391647617676*2^64 + 7564054963532732972*2^128 + 20470343055*2^192,15418845347285968864 + 210453427464631487*2^64 + 7723171551904104343*2^128 + 12576098641*2^192,13431759440883018768 + 1820928314488157489*2^64 + 12978186481434430278*2^128 + 46253862838*2^192,7076579161615950784 + 5610375656751766016*2^64 + 1954521291676532460*2^128 + 51718055022*2^192,421791525565041152 + 15508499399442538802*2^64 + 16233982087552817897*2^128 + 64812139172*2^192,12191794546496741456 + 13699586375393562404*2^64 + 12599833907886303751*2^128 + 33294718797*2^192,10301835673088128192 + 2717928909792073303*2^64 + 2104929456422608672*2^128 + 15961389487*2^192,5043014843857989568 + 17937530833887363798*2^64 + 14772708942909290159*2^128 + 24352699631*2^192,5588359350883997488 + 2403140699440780407*2^64 + 4797606387508249125*2^128 + 52211395313*2^192,13640478274011232352 + 2766730065685464623*2^64 + 14007766125002813078*2^128 + 25182141608*2^192,4833820606749318592 + 13760052481047909345*2^64 + 16955573110811771170*2^128 + 48186299250*2^192,1313306301804375296 + 4403007199154150253*2^64 + 18060750668174142048*2^128 + 13453684972*2^192,9760208201214760960 + 6845801317679008142*2^64 + 212626499107408750*2^128 + 15839809499*2^192,9815649694708792576 + 13630657545481596066*2^64 + 12654823794885755746*2^128 + 20064433483*2^192,1226334095832301120 + 924490032417565800*2^64 + 16949920726217097420*2^128 + 56297505877*2^192,8908762043099380608 + 10047957500545762649*2^64 + 11863769408324207708*2^128 + 10960875434*2^192;\
9027540576604229504 + 17287766184503067487*2^64 + 6299137521401749370*2^128 + 32660743641*2^192,141136942042765568 + 18412368885750016828*2^64 + 7369856799991972560*2^128 + 68000730771*2^192,14056530131227992000 + 10466493126120118313*2^64 + 14281728198044741872*2^128 + 9144750346*2^192,12838425649568131584 + 10620415625277607429*2^64 + 5954188971268231689*2^128 + 41488314550*2^192,13771296822470787584 + 467524493834808731*2^64 + 11171044684941072982*2^128 + 21584841219*2^192,17622133422050846720 + 5810626239209928063*2^64 + 1515794574352384811*2^128 + 65370386892*2^192,939228348084921600 + 8841363835118099648*2^64 + 17960074205243272060*2^128 + 16104396861*2^192,6550967606698328448 + 10298726813536954672*2^64 + 5577827393402949029*2^128 + 46459914599*2^192,8506716319844290560 + 5036939283825034150*2^64 + 7949955751556885306*2^128 + 14858462435*2^192,3370994777620315520 + 5235049611359067955*2^64 + 12174277854598862413*2^128 + 53675072576*2^192,17609209484919108096 + 16125954654265059902*2^64 + 4027249357897809816*2^128 + 43562605067*2^192,10937593942937868288 + 15519425156651404347*2^64 + 8902694432132536815*2^128 + 30391969660*2^192,2611599385259280128 + 14743437433392981211*2^64 + 17633110423788194488*2^128 + 56352986484*2^192,13717567027639146496 + 4584964568096761756*2^64 + 5569093073183333809*2^128 + 26367441112*2^192,8593328145327083520 + 271772314110144939*2^64 + 4891192635717372815*2^128 + 4009760257*2^192,11256673822052096000 + 415553372095605314*2^64 + 7981441399663166649*2^128 + 41391413353*2^192,14468204085809930240 + 3801013077518867877*2^64 + 16924932559635436328*2^128 + 16904111073*2^192,17336607384041994240 + 5517964110428664556*2^64 + 1219636271824748297*2^128 + 57334987988*2^192,4695112582578291712 + 6287336144304100538*2^64 + 4716325401291791206*2^128 + 49286042303*2^192,16162277579025309696 + 18360874557888087548*2^64 + 14728413987024963606*2^128 + 10102033601*2^192;\
5423664828744795656 + 728699639217588328*2^64 + 877770327448393700*2^128 + 25112214670*2^192,17992806586100082352 + 11547057089479861629*2^64 + 8022868948248811149*2^128 + 33350943358*2^192,128497303033409244 + 9252430135343361817*2^64 + 11708000774175756604*2^128 + 41811897577*2^192,17260958748298055584 + 11967952796538509359*2^64 + 14237907254999675393*2^128 + 39262294740*2^192,12947173027248968096 + 9382760584589784511*2^64 + 18386788758439652367*2^128 + 56373427792*2^192,12801279233794544960 + 9556943401983627841*2^64 + 11110783759192482969*2^128 + 10497086603*2^192,13871917397741517088 + 11793906597882671819*2^64 + 10495875853082136652*2^128 + 32822027144*2^192,3558547719714889216 + 10317592271185383055*2^64 + 12089600720002186326*2^128 + 63846835343*2^192,5278484698615583232 + 6566243911436098995*2^64 + 3116495135018124369*2^128 + 45256981938*2^192,14884428265137903648 + 4324911900420166204*2^64 + 413631980170908377*2^128 + 41897062869*2^192,16201049904938218368 + 12311810749568898244*2^64 + 8294586313058148070*2^128 + 46575972112*2^192,11462990319051763328 + 15655904589153259533*2^64 + 1001019632510511249*2^128 + 10062666420*2^192,13388668398786171744 + 3571251384383277296*2^64 + 5988894166537413502*2^128 + 23807640634*2^192,9910002240343677632 + 11092652931493066931*2^64 + 8060371466558220372*2^128 + 32626745558*2^192,5916997136237691520 + 3903295399988717194*2^64 + 4915153712352579931*2^128 + 28882016647*2^192,314722395191337472 + 11556111661286845411*2^64 + 16322300879710883122*2^128 + 18307846210*2^192,5818324405827280896 + 6914326852587609116*2^64 + 13298624088304629679*2^128 + 48695417779*2^192,13724382928691320832 + 8616855634520784224*2^64 + 3095318634539745330*2^128 + 24883353473*2^192,5034419205552874112 + 6442991941270449747*2^64 + 15127890604671619308*2^128 + 11788756234*2^192,15016622803364066560 + 9789857376918941481*2^64 + 16239709714347009913*2^128 + 57407332896*2^192;\
6785110047688989366 + 7342751705636139663*2^64 + 15763617064323509951*2^128 + 17905509306*2^192,9242111304523172628 + 7620449449425115781*2^64 + 12955796119883963371*2^128 + 9577416749*2^192,14201587909368703565 + 10343065215751122173*2^64 + 9199552965727662127*2^128 + 4877053240*2^192,16706737388852317128 + 6882080866366062718*2^64 + 16225245982855605530*2^128 + 7222350750*2^192,9987527570542855288 + 9612134452283233109*2^64 + 7331779356524286052*2^128 + 67862283167*2^192,1615354511534150608 + 16110966483969961169*2^64 + 16392834083743308940*2^128 + 47584954008*2^192,13730159365248608824 + 18186536812791267330*2^64 + 6270470052896715940*2^128 + 48537069075*2^192,13735322977606652448 + 17467566223332629696*2^64 + 15747225459630145669*2^128 + 35574311623*2^192,6361862067303806464 + 4479954381908431433*2^64 + 7970297519823040659*2^128 + 66295198137*2^192,4787331110336262008 + 17443740472160127652*2^64 + 9922398958994030116*2^128 + 8201960998*2^192,13826001032459665728 + 4091306147040272940*2^64 + 11332950975140917269*2^128 + 44868584418*2^192,7552982232131062496 + 13866282325471873282*2^64 + 13147782683922533269*2^128 + 134495083*2^192,14963163679926907848 + 16405716618814701878*2^64 + 16192964211062054281*2^128 + 32482205451*2^192,15713641777965216880 + 4451423232451617834*2^64 + 18248634770518160587*2^128 + 46317097061*2^192,5480970864076604384 + 11892678421140746809*2^64 + 16105548173297699430*2^128 + 65065139320*2^192,3532416709503522944 + 936243683665277717*2^64 + 14125600864807924901*2^128 + 16014923471*2^192,4489092046185530496 + 15073811312170341966*2^64 + 15587668088144303344*2^128 + 46576470126*2^192,10053055845691752832 + 4949923447857883517*2^64 + 771829465792084349*2^128 + 25324611935*2^192,1029654829480110944 + 5929115109352722442*2^64 + 15962757064296409247*2^128 + 51964389485*2^192,9615374971289197120 + 5284417671139684206*2^64 + 10662321923091338908*2^128 + 40356933981*2^192;\
10148740855677420484 + 10614285680255463015*2^64 + 17937180144958851866*2^128 + 6828429208*2^192,6460572838131615992 + 17456351434560876089*2^64 + 7430641880321064963*2^128 + 46304881315*2^192,1162333290094834014 + 12787246214965324549*2^64 + 9806544900293711867*2^128 + 4977699174*2^192,4483265999016683088 + 13160804908692946111*2^64 + 2331027750639712850*2^128 + 48907513306*2^192,4531250145825763216 + 12564517525152173288*2^64 + 16931790104879767465*2^128 + 143723481*2^192,1013010635296455264 + 15842929016226702898*2^64 + 6825545071655238557*2^128 + 15515675225*2^192,11036728693047561936 + 15961868490220533476*2^64 + 17500381511917264509*2^128 + 50802561736*2^192,8183634825843492160 + 1058283252368079305*2^64 + 12134358619964860410*2^128 + 1928088398*2^192,5683052590929589760 + 4514174161883021893*2^64 + 5321926414262746482*2^128 + 52516219893*2^192,3786194361506972816 + 17033979789249149145*2^64 + 15247490771499024427*2^128 + 40207703878*2^192,4747964930080760256 + 5918736703106220761*2^64 + 16088430695904728164*2^128 + 67059699921*2^192,17516117419300198336 + 12303323143086940378*2^64 + 3172831674317578145*2^128 + 50342643244*2^192,10865077011344554224 + 7342123717118306064*2^64 + 10030068547863727641*2^128 + 47005290682*2^192,5721614585226395744 + 14226212525752112851*2^64 + 5925779261165068423*2^128 + 10902172591*2^192,1613193469218099648 + 15470050184768334096*2^64 + 15530469315886346613*2^128 + 68584572989*2^192,4915128913917541888 + 616438584574244334*2^64 + 8913669356516360416*2^128 + 9525076542*2^192,15310571396110464000 + 4296959496478734940*2^64 + 5554841401446654208*2^128 + 7296769086*2^192,9298199727659706112 + 7508868490049247362*2^64 + 14330775496047068926*2^128 + 6733061259*2^192,8450242426110701632 + 1162255726909104584*2^64 + 5787581336540777736*2^128 + 19303778416*2^192,8375082719024327808 + 13048573448851518006*2^64 + 17549791026184053453*2^128 + 6930812256*2^192;\
6941226423058158876 + 10709652921895811834*2^64 + 12380782559481413559*2^128 + 17708385212*2^192,4396317079145218888 + 17811779525352524772*2^64 + 5113604513664130327*2^128 + 62702334297*2^192,671893736325939682 + 7723831009902020237*2^64 + 219852623814864149*2^128 + 45751656974*2^192,15206067833722656640 + 15119820383091317361*2^64 + 13370026030337582714*2^128 + 9961802807*2^192,12528175717378005616 + 9067960639062891056*2^64 + 16847615837568959259*2^128 + 9089988328*2^192,16248689472864751520 + 11076034516076549740*2^64 + 15726967147043062287*2^128 + 7066856176*2^192,9475143771344360624 + 2402766035012123737*2^64 + 10284038187970506383*2^128 + 7799390403*2^192,9854051761247870784 + 10149436147507034706*2^64 + 5413688149397589504*2^128 + 30020978572*2^192,1648268194859102720 + 17380857391713640954*2^64 + 10111499800559569971*2^128 + 18136211790*2^192,13202164097902687088 + 1369752259276544918*2^64 + 16148450783366608590*2^128 + 68087772020*2^192,6850712480248232256 + 7606660370035717564*2^64 + 8134653705904408544*2^128 + 65370233985*2^192,9982344210643726400 + 7959827533809994447*2^64 + 3601830950527758989*2^128 + 26730759142*2^192,1755574738522968080 + 6169249056087998716*2^64 + 6529146107834522845*2^128 + 57903497349*2^192,14445652434453156896 + 10929478659746507235*2^64 + 9211478595228619688*2^128 + 39477876318*2^192,16890775880882889024 + 3285150673571989291*2^64 + 12998402735359272583*2^128 + 25160304280*2^192,15258226184856579328 + 12272334526236194942*2^64 + 9997196370444863673*2^128 + 1516806390*2^192,14989498210978891264 + 14915721560067453340*2^64 + 697713371857837202*2^128 + 41221404903*2^192,14716983258155809024 + 13733277325606529374*2^64 + 13259194021129143090*2^128 + 1518700003*2^192,7955373669760679360 + 404523100327453293*2^64 + 3988211845144179256*2^128 + 3462022670*2^192,10694032240999003008 + 1454268782740840*2^64 + 2990384100982197519*2^128 + 34006356253*2^192;\
13006578735523614560 + 14752116118884589205*2^64 + 15937979465694859970*2^128 + 5379595574*2^192,8032069798908618304 + 3483320344861480106*2^64 + 9363642617571119283*2^128 + 48228211754*2^192,4666039641397868896 + 1165970075332429154*2^64 + 17603895831744193786*2^128 + 10742564301*2^192,17380111963593399568 + 9698389554325562996*2^64 + 3796618034748243881*2^128 + 41331720739*2^192,11123538592985342848 + 15288924452414249508*2^64 + 8299111473823896429*2^128 + 21917030758*2^192,300377548695908352 + 13867829766530193867*2^64 + 11348178355754072683*2^128 + 32252247834*2^192,8923931543303050624 + 17866318947236306900*2^64 + 11255649752212086776*2^128 + 37923585839*2^192,18061357064748668288 + 5862673826463523520*2^64 + 11671753875350342983*2^128 + 47467909759*2^192,14818664915943596032 + 6957251063699935141*2^64 + 7366728139597157462*2^128 + 457607277*2^192,7371105510993934464 + 16094716386227341047*2^64 + 5816177969628723414*2^128 + 23781592567*2^192,10452024046114244736 + 15708678571250945778*2^64 + 12756878368478801220*2^128 + 46867582840*2^192,15381782904047958016 + 13505275847159504696*2^64 + 18396065433349311908*2^128 + 67134402296*2^192,12378176361327245952 + 14499472544830032110*2^64 + 9771901134458878380*2^128 + 34234977166*2^192,13612888574037478144 + 12418387136874805673*2^64 + 4374589222144633833*2^128 + 12282218285*2^192,18355101895529105408 + 376756506566667104*2^64 + 7902612852952146460*2^128 + 13367557127*2^192,16631332428475783168 + 11627804129126989645*2^64 + 14775999469553002376*2^128 + 18216916347*2^192,8737253434156664064 + 4494923407403303102*2^64 + 3195900323402015422*2^128 + 24099114510*2^192,426490166578916352 + 4511102976139529792*2^64 + 15611907817850271206*2^128 + 11853854990*2^192,4109590998135168768 + 3010739687427310683*2^64 + 2663876066531334084*2^128 + 14380836532*2^192,987120398145187840 + 16828225788302279051*2^64 + 11700568965177552080*2^128 + 1160155420*2^192;\
18105770914899818252 + 6996618274599193286*2^64 + 18092728175997753409*2^128 + 39697591136*2^192,11228069992685991528 + 5157301819734403283*2^64 + 15458089917693229360*2^128 + 22264017776*2^192,29662250023352938 + 2363027593423858173*2^64 + 380483780775118869*2^128 + 52060188999*2^192,17919303647841252896 + 368871682761220464*2^64 + 14674107487333513120*2^128 + 66650365576*2^192,1147252602459989168 + 8936660460967582622*2^64 + 6700845085008377701*2^128 + 21089655459*2^192,5160951175292004640 + 2427045596995434217*2^64 + 7419391668123514804*2^128 + 41095872395*2^192,709596839941922416 + 1602213569925587681*2^64 + 3735180264467736927*2^128 + 34074954872*2^192,15393282534595230784 + 3286064534701103374*2^64 + 15335710008307522888*2^128 + 28383870489*2^192,17824839689898653184 + 12765986283752879088*2^64 + 14374395037942828469*2^128 + 21755191203*2^192,6985747156528864176 + 1386723832538551687*2^64 + 3355680226261854286*2^128 + 47782060381*2^192,14361449035239687872 + 11850588031221785888*2^64 + 7355296416120403601*2^128 + 9005055774*2^192,249678671128293696 + 11035629884879866893*2^64 + 8823580344562654068*2^128 + 40802637887*2^192,2997194919510731728 + 4644081297874123123*2^64 + 4673254993760718725*2^128 + 32840526062*2^192,914782415258868512 + 15167748922365349563*2^64 + 11562518736000550857*2^128 + 59395538694*2^192,6832425210280507712 + 12706381273299166529*2^64 + 10670910510225246332*2^128 + 41147509535*2^192,9352094274256172288 + 14655601876441260579*2^64 + 4614918599786846102*2^128 + 988086425*2^192,13172060030639917056 + 3819267797705997836*2^64 + 16196925427228131637*2^128 + 17505159641*2^192,481433862424152320 + 7485784515811297903*2^64 + 10090583389580675636*2^128 + 63162057588*2^192,7788354824768184768 + 16457576709372530325*2^64 + 14851556825471166509*2^128 + 23955922617*2^192,7873280799798990208 + 7729112628616160216*2^64 + 10914411336842316062*2^128 + 43831733247*2^192;\
12547670376192316200 + 18079670805144510082*2^64 + 2236324118741857991*2^128 + 51040513459*2^192,1544901123046556592 + 2105648709712700444*2^64 + 2213124649634685077*2^128 + 22004323712*2^192,10189402078303759420 + 4295933604617135857*2^64 + 3336830690133026181*2^128 + 27682663572*2^192,4134793680562936528 + 11482801754526312427*2^64 + 6344124771870386522*2^128 + 63965712112*2^192,746874085084104992 + 8464780188780049712*2^64 + 6151375916758422176*2^128 + 23733279574*2^192,9007402541168041152 + 14208852421205708120*2^64 + 16299087642491120688*2^128 + 67297743038*2^192,18364387402117392928 + 5250331480694100851*2^64 + 15045856034804296909*2^128 + 11915394639*2^192,8009188750164540416 + 14532970789295997810*2^64 + 785751426794084871*2^128 + 49174871135*2^192,10360955693922141184 + 5467760954153477009*2^64 + 7279952143070981142*2^128 + 7874898827*2^192,4519741063792426272 + 11980487560558677694*2^64 + 1343082414959344153*2^128 + 53746187157*2^192,17777551200017346176 + 17502960865530086002*2^64 + 12273409595923547723*2^128 + 36933604108*2^192,6625944651871337856 + 4133731733730219248*2^64 + 2041117464800182291*2^128 + 51000344044*2^192,11200566566263866080 + 1984991904127670476*2^64 + 11995248673728567793*2^128 + 54421770539*2^192,11969299101980210752 + 4711011380888441581*2^64 + 7050507942542831334*2^128 + 15153462612*2^192,2214530809309484160 + 878173457553765857*2^64 + 4209925135017307727*2^128 + 10388368048*2^192,8463078278520401408 + 4304867454848231430*2^64 + 3286793414688691555*2^128 + 48855743169*2^192,7210020538746567168 + 18296506171672275428*2^64 + 3525033442263055337*2^128 + 11209798700*2^192,16631221796388821248 + 13300968273553491081*2^64 + 12790122133623584473*2^128 + 35534401379*2^192,3615933314554334592 + 9551416284521691802*2^64 + 325700445861642720*2^128 + 55406219505*2^192,3819068883913549056 + 12273522900988541824*2^64 + 3405734029970993512*2^128 + 49826262811*2^192]
/* 
This matrix times 2^(-6) should be the matrix of frobenius.
*/ 
B = 2^(-6) * A; 
/* Freed 6346 lists. */
The sign is: -1
The characteristic polynomial is: x^20 + x^19 - x^18 - x^17 + x^16 + 25*x^15 + 32*x^14 - 12*x^13 + 64*x^12 - 112*x^11 + 448*x^9 - 1024*x^8 + 768*x^7 - 8192*x^6 - 25600*x^5 - 4096*x^4 + 16384*x^3 + 65536*x^2 - 262144*x - 1048576
Its Newton polygon is: [2, 2, 2, 2, 2, 1, 1, 1, 1, 1, 1, 1, 1, 1, 1, 0, 0, 0, 0, 0]
Its factorization is: [x - 2, 1; x + 2, 1; x^18 + x^17 + 3*x^16 + 3*x^15 + 13*x^14 + 37*x^13 + 84*x^12 + 136*x^11 + 400*x^10 + 432*x^9 + 1600*x^8 + 2176*x^7 + 5376*x^6 + 9472*x^5 + 13312*x^4 + 12288*x^3 + 49152*x^2 + 65536*x + 262144, 1]
The valuation of f-g is: 24
The valuation of subst(g,x,A) is: 18
