/* Comments begin... 
No set up needed.

Please input coefficients below.
Coefficient of   x^23                     = Coefficient of   x^12 * w^2               = Coefficient of   x^6 * y^6 * w^1         = Coefficient of   x^5 * y^5 * z^1 * w^1   = Coefficient of   x^4 * y^4 * z^2 * w^1   = Coefficient of   x^3 * y^3 * z^3 * w^1   = Coefficient of   x^2 * y^2 * z^4 * w^1   = Coefficient of   x^1 * y^1 * z^5 * w^1   = Coefficient of   x^1 * w^4               = Coefficient of   y^12                     = Coefficient of   z^6 * w^1               = 
Here is the polynomial we're using this time:

1 + 0*2^64 + 0*2^128 + 0*2^192*x^23 + 1 + 0*2^64 + 0*2^128 + 0*2^192*x^12*w^2 + 1 + 0*2^64 + 0*2^128 + 0*2^192*x^5*y^5*z^1*w^1 + 1 + 0*2^64 + 0*2^128 + 0*2^192*x^4*y^4*z^2*w^1 + 1 + 0*2^64 + 0*2^128 + 0*2^192*x^2*y^2*z^4*w^1 + 1 + 0*2^64 + 0*2^128 + 0*2^192*x^1*y^1*z^5*w^1 + 1 + 0*2^64 + 0*2^128 + 0*2^192*x^1*w^4 + 1 + 0*2^64 + 0*2^128 + 0*2^192*y^12 + 1 + 0*2^64 + 0*2^128 + 0*2^192*z^6*w^1


Allocate G_len 20 elements and old = 0.
Allocate M_len = 400 elements.
Allocate G_len 40 elements and old = 20.
Allocate M_len = 800 elements.
Allocate G_len 80 elements and old = 40.
Allocate M_len = 1600 elements.
Allocate M_len = 3200 elements.
Allocate G_len 160 elements and old = 80.
Allocate M_len = 6400 elements.
Allocate M_len = 12800 elements.
Allocate G_len 320 elements and old = 160.
Allocate M_len = 25600 elements.
Allocate M_len = 51200 elements.
Allocate G_len 640 elements and old = 320.
Allocate M_len = 102400 elements.
Allocate M_len = 204800 elements.
Allocate G_len 1280 elements and old = 640.
Allocate M_len = 409600 elements.
Allocate M_len = 819200 elements.
Allocate G_len 2560 elements and old = 1280.
The final length of G is 860
[5, 5, 0, 1, 0]  	241	5 
[5, 4, 1, 1, 0]  	253	5 
[22, 0, 0, 0, 0]  	264	7  <--- 1
[12, 0, 0, 2, 0]  	276	3 
[4, 4, 2, 1, 0]  	276	5 
[3, 3, 4, 1, 0]  	311	6 
[3, 2, 5, 1, 0]  	323	6 
[15, 5, 1, 0, 0]  	330	11 
[11, 2, 4, 1, 0]  	384	15 
[10, 10, 1, 0, 0]  	385	11 
[5, 13, 1, 0, 0]  	394	9 
[9, 11, 1, 0, 0]  	396	15 
[11, 12, 0, 0, 0]  	408	3 
[9, 10, 2, 0, 0]  	408	15 
[21, 4, 2, 0, 0]  	414	14 
[6, 12, 2, 0, 0]  	418	11 
[8, 11, 2, 0, 0]  	419	14 
[9, 9, 3, 0, 0]  	420	11 
[20, 2, 4, 0, 0]  	426	13 
[11, 1, 4, 2, 0]  	427	11 
[10, 0, 5, 2, 0]  	427	11 
[20, 4, 3, 0, 0]  	437	13 
[10, 2, 4, 2, 0]  	438	10 
[9, 1, 5, 2, 0]  	438	10 
[4, 17, 0, 0, 0]  	439	10 
[5, 12, 3, 0, 0]  	441	10 
[7, 11, 3, 0, 0]  	442	13 
[7, 8, 5, 0, 0]  	443	14 
[6, 7, 6, 0, 0]  	443	14 
[18, 1, 4, 1, 0]  	445	21 
[21, 1, 5, 0, 0]  	450	12 
[9, 0, 6, 2, 0]  	450	9 
[4, 16, 1, 0, 0]  	451	6 
[2, 2, 9, 1, 0]  	451	6 
[4, 1, 9, 1, 0]  	452	8 
[9, 0, 8, 1, 0]  	454	14 
[6, 9, 5, 0, 0]  	454	13 
[18, 0, 5, 1, 0]  	457	20 
[8, 1, 6, 2, 0]  	461	8 
[21, 0, 6, 0, 0]  	462	12 
[4, 15, 2, 0, 0]  	463	7 
[7, 0, 9, 1, 0]  	465	12 
[6, 11, 4, 0, 0]  	465	12 
[5, 7, 7, 0, 0]  	466	13 
[19, 0, 7, 0, 0]  	473	13 
[8, 0, 7, 2, 0]  	473	8 
[4, 14, 3, 0, 0]  	475	8 
[3, 1, 10, 1, 0]  	475	7 
[5, 0, 10, 1, 0]  	476	10 
[5, 9, 6, 0, 0]  	477	12 
[4, 5, 9, 0, 0]  	478	13 
[14, 6, 5, 0, 0]  	481	17 
[4, 1, 8, 2, 0]  	483	6 
[3, 0, 9, 2, 0]  	483	6 
[19, 2, 6, 0, 0]  	484	14 
[6, 0, 8, 2, 0]  	484	7 
[2, 5, 8, 1, 0]  	485	8 
[2, 14, 4, 0, 0]  	486	7 
[2, 0, 0, 7, 0]  	486	7 
[3, 12, 5, 0, 0]  	487	8 
[5, 11, 5, 0, 0]  	488	11 
[4, 4, 10, 0, 0]  	490	13 
[13, 7, 5, 0, 0]  	492	17 
[12, 6, 6, 0, 0]  	492	17 
[14, 5, 6, 0, 0]  	493	15 
[18, 3, 6, 0, 0]  	495	13 
[3, 5, 10, 0, 0]  	501	12 
[10, 6, 7, 0, 0]  	503	16 
[8, 4, 9, 0, 0]  	503	15 
[12, 5, 7, 0, 0]  	504	17 
[17, 4, 6, 0, 0]  	506	16 
[18, 2, 7, 0, 0]  	507	13 
[17, 3, 7, 0, 0]  	518	16 
[3, 18, 2, 0, 0]  	520	9 
[1, 4, 10, 1, 0]  	520	7 
[4, 2, 1, 6, 0]  	525	12 
[11, 5, 8, 0, 0]  	527	15 
[4, 5, 1, 5, 0]  	528	10 
[2, 4, 8, 2, 0]  	528	6 
[16, 4, 7, 0, 0]  	529	16 
[2, 1, 10, 2, 0]  	529	6 
[17, 2, 8, 0, 0]  	530	15 
[18, 0, 9, 0, 0]  	531	13 
[1, 3, 11, 1, 0]  	532	7 
[4, 0, 12, 1, 0]  	534	9 
[3, 8, 9, 0, 0]  	535	11 
[3, 3, 1, 6, 0]  	536	11 
[7, 1, 1, 6, 0]  	538	13 
[16, 3, 8, 0, 0]  	541	15 
[2, 0, 11, 2, 0]  	541	6 
[17, 1, 9, 0, 0]  	542	17 
[1, 2, 12, 1, 0]  	544	7 
[10, 1, 4, 4, 0]  	547	13 
[9, 0, 5, 4, 0]  	547	11 
[3, 5, 0, 6, 0]  	547	11 
[3, 4, 12, 0, 0]  	548	11 
[3, 2, 2, 6, 0]  	548	11 
[5, 1, 2, 6, 0]  	549	12 
[3, 18, 1, 1, 0]  	551	9 
[17, 0, 10, 0, 0]  	554	14 
[8, 1, 5, 4, 0]  	558	13 
[2, 5, 12, 0, 0]  	559	10 
[2, 4, 7, 3, 0]  	559	10 
[4, 15, 1, 2, 0]  	560	12 
[3, 1, 3, 6, 0]  	560	11 
[1, 15, 4, 1, 0]  	563	7 
[15, 3, 9, 0, 0]  	564	14 
[2, 10, 9, 0, 0]  	569	8 
[8, 0, 6, 4, 0]  	570	9 
[2, 18, 0, 2, 0]  	570	9 
[2, 7, 11, 0, 0]  	570	9 
[2, 6, 6, 3, 0]  	570	9 
[2, 5, 1, 6, 0]  	570	9 
[2, 4, 13, 0, 0]  	571	9 
[2, 3, 8, 3, 0]  	571	9 
[2, 2, 3, 6, 0]  	571	9 
[16, 0, 11, 0, 0]  	577	16 
[4, 13, 1, 3, 0]  	580	9 
[2, 12, 8, 0, 0]  	580	7 
[2, 9, 10, 0, 0]  	581	9 
[2, 7, 0, 6, 0]  	581	8 
[2, 4, 2, 6, 0]  	582	9 
[2, 3, 14, 0, 0]  	583	10 
[14, 3, 10, 0, 0]  	587	12 
[3, 0, 14, 1, 0]  	592	7 
[2, 10, 4, 3, 0]  	592	8 
[1, 18, 1, 2, 0]  	593	7 
[1, 7, 12, 0, 0]  	593	7 
[2, 13, 4, 2, 0]  	595	10 
[2, 3, 5, 5, 0]  	598	8 
[1, 1, 1, 8, 0]  	598	6 
[14, 2, 11, 0, 0]  	599	14 
[15, 0, 12, 0, 0]  	600	14 
[3, 1, 8, 4, 0]  	603	6 
[2, 1, 14, 1, 0]  	603	6 
[2, 0, 9, 4, 0]  	603	6 
[1, 12, 9, 0, 0]  	603	6 
[2, 9, 5, 3, 0]  	604	7 
[1, 20, 0, 2, 0]  	604	6 
[1, 9, 11, 0, 0]  	604	6 
[1, 6, 13, 0, 0]  	605	6 
[1, 5, 8, 3, 0]  	605	6 
[1, 14, 4, 2, 0]  	606	8 
[1, 3, 15, 0, 0]  	606	9 
[2, 11, 0, 5, 0]  	607	9 
[4, 10, 0, 5, 0]  	608	8 
[2, 5, 4, 5, 0]  	609	6 
[1, 3, 0, 8, 0]  	609	6 
[2, 2, 6, 5, 0]  	610	9 
[14, 1, 12, 0, 0]  	611	13 
[2, 0, 15, 1, 0]  	615	5 
[1, 11, 10, 0, 0]  	615	5 
[1, 9, 0, 6, 0]  	615	5 
[1, 6, 2, 6, 0]  	616	5 
[1, 4, 9, 3, 0]  	617	5 
[1, 3, 4, 6, 0]  	617	6 
[2, 1, 5, 6, 0]  	618	9 
[1, 12, 0, 5, 0]  	618	7 
[2, 23, 0, 1, 0]  	619	8 
[2, 11, 6, 2, 0]  	619	8 
[2, 26, 0, 0, 0]  	622	9 
[14, 0, 13, 0, 0]  	623	12 
[1, 16, 7, 0, 0]  	625	6 
[1, 2, 3, 7, 0]  	625	6 
[1, 8, 1, 6, 0]  	627	5 
[1, 3, 10, 3, 0]  	629	6 
[1, 2, 5, 6, 0]  	629	5 
[1, 1, 0, 9, 0]  	629	5 
[0, 13, 0, 5, 0]  	629	5 
[1, 24, 0, 1, 0]  	630	7 
[3, 10, 1, 5, 0]  	631	8 
[11, 0, 3, 6, 0]  	633	9 
[1, 27, 0, 0, 0]  	633	6 
[1, 18, 6, 0, 0]  	636	6 
[1, 4, 2, 7, 0]  	636	6 
[1, 15, 8, 0, 0]  	637	5 
[1, 2, 9, 4, 0]  	637	5 
[1, 1, 4, 7, 0]  	637	5 
[0, 14, 9, 0, 0]  	637	5 
[1, 0, 16, 1, 0]  	638	5 
[0, 19, 2, 2, 0]  	639	3 
[0, 8, 13, 0, 0]  	639	3 
[0, 16, 4, 2, 0]  	640	4 
[1, 0, 1, 9, 0]  	641	6 
[0, 25, 0, 1, 0]  	641	6 
[3, 0, 6, 6, 0]  	642	8 
[1, 23, 1, 1, 0]  	642	6 
[1, 8, 9, 2, 0]  	643	5 
[13, 0, 14, 0, 0]  	646	10 
[3, 25, 1, 0, 0]  	646	9 
[1, 20, 5, 0, 0]  	647	8 
[1, 4, 8, 4, 0]  	648	5 
[0, 16, 8, 0, 0]  	648	5 
[1, 0, 5, 7, 0]  	649	6 
[0, 18, 3, 2, 0]  	651	2 
[0, 7, 14, 0, 0]  	651	2 
[0, 6, 9, 3, 0]  	651	2 
[0, 15, 5, 2, 0]  	652	4 
[1, 2, 17, 0, 0]  	653	6 
[1, 1, 12, 3, 0]  	653	5 
[7, 0, 5, 6, 0]  	655	7 
[1, 6, 5, 5, 0]  	655	5 
[0, 18, 5, 1, 0]  	655	5 
[10, 0, 4, 6, 0]  	656	10 
[1, 22, 4, 0, 0]  	658	6 
[1, 8, 0, 7, 0]  	658	6 
[0, 6, 15, 0, 0]  	663	1 
[0, 5, 10, 3, 0]  	663	1 
[0, 4, 5, 6, 0]  	663	1 
[0, 3, 0, 9, 0]  	663	1 
[0, 3, 17, 0, 0]  	664	3 
[0, 2, 12, 3, 0]  	664	3 
[2, 0, 7, 6, 0]  	665	6 
[1, 11, 2, 5, 0]  	665	6 
[1, 0, 13, 3, 0]  	665	5 
[6, 0, 17, 0, 0]  	667	6 
[1, 5, 6, 5, 0]  	667	5 
[0, 17, 6, 1, 0]  	667	5 
[10, 1, 15, 0, 0]  	668	8 
[12, 0, 15, 0, 0]  	669	8 
[1, 7, 1, 7, 0]  	670	6 
[1, 0, 0, 10, 0]  	672	5 
[0, 12, 0, 6, 0]  	672	4 
[0, 5, 16, 0, 0]  	675	1 
[0, 4, 11, 3, 0]  	675	1 
[0, 3, 6, 6, 0]  	675	1 
[0, 2, 1, 9, 0]  	675	1 
[0, 12, 2, 5, 0]  	676	4 
[1, 11, 8, 2, 0]  	677	4 
[0, 18, 0, 4, 0]  	678	4 
[9, 2, 15, 0, 0]  	679	8 
[1, 4, 7, 5, 0]  	679	5 
[0, 16, 7, 1, 0]  	679	5 
[10, 0, 16, 0, 0]  	680	10 
[0, 19, 7, 0, 0]  	682	5 
[0, 2, 7, 6, 0]  	687	1 
[0, 1, 2, 9, 0]  	687	1 
[1, 0, 8, 6, 0]  	688	4 
[0, 24, 2, 1, 0]  	688	4 
[0, 11, 3, 5, 0]  	688	3 
[0, 30, 0, 0, 0]  	690	5  <--- 2
[9, 1, 16, 0, 0]  	691	7 
[1, 3, 8, 5, 0]  	691	5 
[0, 15, 8, 1, 0]  	691	5 
[0, 14, 5, 3, 0]  	695	4 
[0, 3, 16, 1, 0]  	695	3 
[1, 0, 12, 4, 0]  	696	4 
[0, 12, 12, 0, 0]  	696	4 
[0, 14, 7, 2, 0]  	699	1 
[0, 1, 8, 6, 0]  	699	1 
[0, 0, 3, 9, 0]  	699	1 
[1, 1, 19, 0, 0]  	700	3 
[0, 23, 3, 1, 0]  	700	3 
[0, 11, 9, 2, 0]  	700	3 
[0, 5, 15, 1, 0]  	706	3 
[0, 13, 8, 2, 0]  	711	1 
[0, 2, 19, 0, 0]  	711	1 
[0, 1, 14, 3, 0]  	711	1 
[0, 0, 9, 6, 0]  	711	1 
[1, 10, 4, 5, 0]  	712	3 
[0, 22, 4, 1, 0]  	712	2 
[0, 10, 10, 2, 0]  	712	2 
[0, 7, 12, 2, 0]  	713	3 
[1, 26, 3, 0, 0]  	715	7 
[0, 11, 2, 6, 0]  	719	3 
[0, 1, 20, 0, 0]  	723	1 
[0, 0, 15, 3, 0]  	723	1 
[0, 9, 11, 2, 0]  	724	2 
[0, 6, 13, 2, 0]  	725	3 
[0, 10, 5, 5, 0]  	735	1 
[0, 9, 0, 8, 0]  	735	1 
[0, 0, 21, 0, 0]  	735	1  <--- 3
[0, 5, 14, 2, 0]  	737	3 
[0, 26, 4, 0, 0]  	738	5 
[0, 2, 18, 1, 0]  	742	2 
[0, 1, 13, 4, 0]  	742	2 
[0, 9, 6, 5, 0]  	747	1 
[0, 8, 1, 8, 0]  	747	1 
[0, 6, 8, 5, 0]  	748	2 
[0, 8, 7, 5, 0]  	759	1 
[0, 7, 2, 8, 0]  	759	1 
[5, 0, 20, 0, 0]  	760	3 
[0, 5, 9, 5, 0]  	760	2 
[0, 6, 3, 8, 0]  	771	1 
[0, 5, 4, 8, 0]  	783	1 
[0, 0, 0, 12, 0]  	792	1  <--- 4
[12, 0, 0, 1, 1]  	210	7 
[2, 14, 0, 0, 1]  	346	5 
[11, 1, 4, 1, 1]  	361	15 
[10, 0, 5, 1, 1]  	361	15 
[10, 2, 4, 1, 1]  	372	13 
[9, 1, 5, 1, 1]  	372	13 
[9, 0, 6, 1, 1]  	384	14 
[8, 1, 6, 1, 1]  	395	12 
[11, 0, 0, 4, 1]  	396	17 
[8, 0, 7, 1, 1]  	407	13 
[10, 1, 4, 2, 1]  	415	9 
[4, 13, 2, 0, 1]  	417	8 
[9, 2, 4, 2, 1]  	426	9 
[8, 1, 5, 2, 1]  	426	9 
[5, 1, 8, 1, 1]  	429	9 
[8, 10, 3, 0, 1]  	431	14 
[8, 9, 4, 0, 1]  	443	14 
[14, 9, 2, 0, 1]  	445	20 
[7, 1, 6, 2, 1]  	449	8 
[4, 6, 0, 4, 1]  	450	10 
[6, 0, 9, 1, 1]  	453	11 
[19, 4, 4, 0, 1]  	460	13 
[5, 1, 7, 2, 1]  	460	7 
[3, 7, 0, 4, 1]  	461	9 
[2, 13, 4, 0, 1]  	463	6 
[4, 12, 4, 0, 1]  	464	9 
[11, 7, 5, 0, 1]  	468	18 
[19, 3, 5, 0, 1]  	472	14 
[5, 0, 8, 2, 1]  	472	8 
[3, 6, 1, 4, 1]  	473	9 
[1, 14, 4, 0, 1]  	474	6 
[11, 6, 6, 0, 1]  	480	17 
[18, 4, 5, 0, 1]  	483	16 
[4, 7, 8, 0, 1]  	489	12 
[6, 6, 8, 0, 1]  	490	13 
[9, 6, 7, 0, 1]  	491	16 
[2, 10, 5, 1, 1]  	495	6 
[2, 9, 0, 4, 1]  	495	6 
[2, 9, 6, 1, 1]  	507	6 
[2, 8, 1, 4, 1]  	507	6 
[2, 2, 5, 4, 1]  	509	9 
[4, 11, 6, 0, 1]  	511	10 
[6, 2, 0, 6, 1]  	514	15 
[18, 1, 8, 0, 1]  	519	16 
[2, 8, 7, 1, 1]  	519	6 
[2, 7, 2, 4, 1]  	519	6 
[2, 4, 4, 4, 1]  	520	8 
[4, 10, 7, 0, 1]  	523	10 
[3, 9, 8, 0, 1]  	523	10 
[3, 4, 0, 6, 1]  	524	11 
[9, 1, 0, 6, 1]  	527	11 
[2, 6, 3, 4, 1]  	531	7 
[9, 1, 4, 4, 1]  	535	13 
[2, 7, 10, 0, 1]  	535	10 
[1, 4, 5, 4, 1]  	543	6 
[7, 1, 5, 4, 1]  	546	11 
[15, 4, 8, 0, 1]  	552	14 
[1, 3, 6, 4, 1]  	555	6 
[16, 1, 10, 0, 1]  	565	15 
[1, 2, 7, 4, 1]  	567	6 
[6, 0, 3, 6, 1]  	573	9 
[1, 13, 0, 4, 1]  	575	6 
[15, 2, 10, 0, 1]  	576	15 
[1, 1, 8, 4, 1]  	579	6 
[4, 1, 7, 4, 1]  	580	9 
[2, 8, 5, 3, 1]  	581	9 
[2, 1, 4, 6, 1]  	583	9 
[4, 2, 14, 0, 1]  	584	10 
[4, 0, 4, 6, 1]  	584	10 
[15, 1, 11, 0, 1]  	588	13 
[7, 0, 7, 4, 1]  	593	7 
[1, 3, 9, 3, 1]  	594	7 
[4, 1, 15, 0, 1]  	596	10 
[1, 6, 9, 2, 1]  	597	6 
[3, 2, 15, 0, 1]  	607	10 
[3, 0, 5, 6, 1]  	607	8 
[1, 26, 0, 0, 1]  	610	9 
[1, 7, 7, 3, 1]  	616	5 
[1, 5, 14, 0, 1]  	617	6 
[3, 1, 16, 0, 1]  	619	9 
[10, 2, 13, 0, 1]  	621	11 
[0, 14, 5, 2, 1]  	629	5 
[2, 2, 16, 0, 1]  	630	10 
[2, 0, 6, 6, 1]  	630	8 
[13, 1, 13, 0, 1]  	634	12 
[1, 2, 11, 3, 1]  	641	7 
[2, 1, 17, 0, 1]  	642	7 
[4, 0, 17, 0, 1]  	643	7 
[1, 20, 3, 1, 1]  	643	6 
[1, 7, 4, 5, 1]  	643	5 
[1, 19, 0, 3, 1]  	647	7 
[0, 4, 16, 0, 1]  	652	4 
[1, 10, 8, 2, 1]  	654	5 
[0, 14, 4, 3, 1]  	660	5 
[1, 0, 11, 4, 1]  	661	5 
[0, 23, 0, 2, 1]  	661	5 
[1, 12, 7, 2, 1]  	665	6 
[9, 0, 16, 0, 1]  	668	7 
[1, 11, 4, 4, 1]  	669	6 
[1, 1, 7, 6, 1]  	676	3 
[1, 10, 3, 5, 1]  	677	4 
[0, 22, 5, 0, 1]  	681	5 
[0, 4, 15, 1, 1]  	683	4 
[0, 13, 11, 0, 1]  	684	5 
[1, 0, 10, 5, 1]  	692	6 
[0, 21, 6, 0, 1]  	693	5 
[0, 6, 14, 1, 1]  	694	3 
[0, 8, 11, 2, 1]  	701	3 
[0, 29, 1, 0, 1]  	702	5 
[0, 4, 10, 4, 1]  	706	3 
[0, 3, 5, 7, 1]  	706	2 
[0, 2, 17, 1, 1]  	707	3 
[0, 9, 5, 5, 1]  	712	2 
[0, 3, 11, 4, 1]  	718	3 
[0, 2, 6, 7, 1]  	718	2 
[0, 8, 6, 5, 1]  	724	2 
[0, 27, 3, 0, 1]  	726	5 
[0, 1, 7, 7, 1]  	730	2 
[3, 0, 20, 0, 1]  	736	3 
[0, 7, 7, 5, 1]  	736	2 
[0, 1, 19, 1, 1]  	754	2 
[4, 3, 3, 1, 2]  	288	6 
[10, 1, 4, 1, 2]  	349	12 
[9, 2, 4, 1, 2]  	360	10 
[8, 1, 5, 1, 2]  	360	12 
[6, 13, 0, 0, 2]  	371	9 
[8, 12, 0, 0, 2]  	372	13 
[7, 1, 6, 1, 2]  	383	11 
[7, 12, 1, 0, 2]  	395	12 
[11, 3, 2, 2, 2]  	403	9 
[10, 2, 3, 2, 2]  	403	7 
[8, 8, 4, 0, 2]  	420	12 
[7, 9, 4, 0, 2]  	431	14 
[6, 1, 6, 2, 2]  	437	8 
[8, 0, 6, 2, 2]  	438	10 
[4, 13, 1, 1, 2]  	448	7 
[6, 6, 7, 0, 2]  	455	12 
[13, 7, 4, 0, 2]  	457	18 
[4, 0, 8, 2, 2]  	460	7 
[4, 5, 1, 4, 2]  	462	9 
[2, 3, 4, 4, 2]  	497	8 
[4, 9, 7, 0, 2]  	500	11 
[21, 11, 0, 0, 2]  	505	10 
[3, 7, 9, 0, 2]  	512	11 
[3, 4, 11, 0, 2]  	513	12 
[10, 5, 8, 0, 2]  	515	15 
[9, 2, 3, 4, 2]  	523	15 
[9, 3, 10, 0, 2]  	527	13 
[3, 13, 0, 3, 2]  	533	7 
[4, 11, 1, 3, 2]  	534	9 
[8, 2, 4, 4, 2]  	546	14 
[8, 3, 11, 0, 2]  	550	11 
[10, 0, 1, 6, 2]  	551	9 
[1, 13, 5, 1, 2]  	552	7 
[2, 1, 7, 4, 2]  	556	8 
[7, 0, 6, 4, 2]  	558	12 
[5, 2, 13, 0, 2]  	561	11 
[3, 4, 3, 5, 2]  	563	10 
[1, 24, 0, 0, 2]  	564	6 
[4, 3, 13, 0, 2]  	572	11 
[3, 13, 3, 2, 2]  	572	12 
[3, 2, 14, 0, 2]  	572	10 
[7, 3, 12, 0, 2]  	573	11 
[1, 2, 11, 2, 2]  	575	6 
[3, 12, 2, 3, 2]  	580	9 
[3, 11, 3, 3, 2]  	592	7 
[1, 15, 3, 2, 2]  	594	8 
[1, 4, 14, 0, 2]  	594	7 
[2, 0, 5, 6, 2]  	595	9 
[11, 2, 12, 0, 2]  	598	11 
[1, 17, 2, 2, 2]  	605	6 
[1, 1, 5, 6, 2]  	606	7 
[1, 10, 5, 3, 2]  	615	5 
[1, 2, 16, 0, 2]  	618	7 
[1, 1, 11, 3, 2]  	618	7 
[0, 27, 0, 0, 2]  	621	6 
[1, 9, 6, 3, 2]  	627	5 
[1, 5, 3, 6, 2]  	628	5 
[1, 12, 6, 2, 2]  	630	8 
[3, 0, 17, 0, 2]  	631	8 
[0, 26, 1, 0, 2]  	633	6 
[0, 5, 15, 0, 2]  	640	4 
[0, 4, 10, 3, 2]  	640	3 
[11, 1, 14, 0, 2]  	645	9 
[1, 0, 3, 8, 2]  	645	6 
[0, 3, 11, 3, 2]  	652	3 
[0, 24, 1, 1, 2]  	653	5 
[2, 0, 18, 0, 2]  	654	6 
[8, 0, 16, 0, 2]  	656	7 
[1, 12, 3, 4, 2]  	657	6 
[1, 1, 14, 2, 2]  	657	6 
[0, 3, 15, 1, 2]  	660	4 
[1, 1, 18, 0, 2]  	665	5 
[0, 13, 7, 2, 2]  	676	4 
[0, 2, 18, 0, 2]  	676	3 
[0, 3, 10, 4, 2]  	683	3 
[0, 25, 4, 0, 2]  	715	6 
[0, 11, 8, 3, 2]  	731	3 
[11, 3, 2, 1, 3]  	337	10 
[10, 2, 3, 1, 3]  	337	12 
[11, 11, 0, 0, 3]  	385	12 
[10, 3, 2, 2, 3]  	391	10 
[6, 1, 7, 1, 3]  	406	10 
[8, 2, 4, 2, 3]  	414	9 
[4, 4, 1, 4, 3]  	439	9 
[3, 13, 3, 0, 3]  	440	7 
[7, 0, 7, 2, 3]  	461	8 
[2, 9, 5, 1, 3]  	472	7 
[3, 3, 3, 4, 3]  	474	9 
[3, 12, 3, 1, 3]  	483	6 
[3, 5, 2, 4, 3]  	485	8 
[8, 5, 8, 0, 3]  	491	16 
[2, 7, 7, 1, 3]  	496	7 
[2, 12, 0, 3, 3]  	498	6 
[4, 11, 0, 3, 3]  	499	9 
[11, 4, 8, 0, 3]  	504	15 
[2, 12, 4, 1, 3]  	506	6 
[2, 5, 3, 4, 3]  	508	7 
[1, 13, 0, 3, 3]  	509	6 
[8, 3, 10, 0, 3]  	515	14 
[10, 0, 0, 6, 3]  	516	11 
[5, 3, 0, 6, 3]  	525	12 
[4, 3, 12, 0, 3]  	537	13 
[7, 2, 12, 0, 3]  	550	12 
[2, 4, 3, 5, 3]  	551	8 
[16, 2, 9, 0, 3]  	553	15 
[5, 1, 6, 4, 3]  	557	11 
[3, 11, 2, 3, 3]  	557	8 
[3, 3, 13, 0, 3]  	560	11 
[3, 10, 3, 3, 3]  	569	8 
[9, 0, 2, 6, 3]  	574	9 
[6, 0, 7, 4, 3]  	581	11 
[1, 13, 8, 0, 3]  	591	6 
[1, 12, 3, 3, 3]  	591	6 
[1, 10, 10, 0, 3]  	592	7 
[2, 2, 15, 0, 3]  	595	10 
[1, 2, 6, 5, 3]  	598	7 
[1, 8, 6, 3, 3]  	604	6 
[2, 1, 16, 0, 3]  	607	8 
[1, 11, 1, 5, 3]  	630	7 
[10, 1, 14, 0, 3]  	633	8 
[7, 0, 16, 0, 3]  	644	7 
[1, 6, 1, 7, 3]  	647	6 
[1, 0, 19, 0, 3]  	677	4 
[0, 12, 8, 2, 3]  	688	3 
[0, 9, 10, 2, 3]  	689	3 
[0, 15, 3, 4, 3]  	714	4 
[0, 17, 2, 4, 3]  	725	3 
[10, 3, 2, 1, 4]  	325	11 
[8, 2, 4, 1, 4]  	348	10 
[10, 11, 0, 0, 4]  	373	15 
[7, 0, 8, 1, 4]  	430	12 
[6, 0, 7, 2, 4]  	449	8 
[3, 13, 2, 1, 4]  	471	6 
[5, 6, 8, 0, 4]  	478	13 
[2, 8, 6, 1, 4]  	484	7 
[1, 13, 5, 0, 4]  	486	6 
[11, 5, 7, 0, 4]  	492	16 
[9, 3, 2, 4, 4]  	511	15 
[3, 4, 2, 5, 4]  	528	9 
[7, 2, 4, 4, 4]  	534	13 
[7, 3, 11, 0, 4]  	538	13 
[9, 0, 1, 6, 4]  	539	10 
[2, 6, 11, 0, 4]  	547	10 
[1, 3, 10, 2, 4]  	563	6 
[5, 0, 7, 4, 4]  	569	9 
[1, 19, 0, 2, 4]  	581	8 
[1, 2, 10, 3, 4]  	606	7 
[0, 15, 4, 2, 4]  	617	5 
[2, 0, 17, 0, 4]  	619	7 
[9, 1, 14, 0, 4]  	621	8 
[1, 1, 15, 1, 4]  	626	6 
[0, 17, 3, 2, 4]  	628	4 
[1, 21, 2, 1, 4]  	631	6 
[6, 0, 16, 0, 4]  	632	7 
[1, 0, 7, 6, 4]  	653	5 
[0, 18, 7, 0, 4]  	659	5 
[0, 16, 3, 3, 4]  	671	4 
[0, 13, 5, 3, 4]  	672	4 
[0, 17, 1, 4, 4]  	690	4 
[0, 2, 11, 4, 4]  	695	3 
[0, 12, 7, 3, 4]  	719	3 
[0, 10, 4, 6, 4]  	766	2 
[3, 4, 2, 4, 5]  	462	9 
[3, 9, 3, 3, 5]  	546	9 
[2, 7, 5, 3, 5]  	558	9 
[8, 0, 2, 6, 5]  	562	10 
[1, 17, 3, 1, 5]  	574	7 
[1, 3, 5, 5, 5]  	586	7 
[8, 1, 14, 0, 5]  	609	8 
[1, 1, 7, 5, 5]  	610	7 
[5, 0, 16, 0, 5]  	620	8 
[0, 13, 6, 2, 5]  	641	5 
[1, 11, 7, 2, 5]  	642	6 
[3, 0, 8, 5, 5]  	646	8 
[0, 21, 4, 1, 5]  	689	4 
[4, 3, 0, 6, 6]  	513	13 
[6, 3, 11, 0, 6]  	526	13 
[1, 18, 3, 0, 6]  	531	6 
[1, 12, 0, 4, 6]  	552	6 
[3, 0, 8, 4, 6]  	580	8 
[1, 16, 2, 2, 6]  	582	8 
[7, 1, 14, 0, 6]  	597	9 
[0, 13, 10, 0, 6]  	649	5 
[0, 20, 4, 1, 6]  	666	4 
[0, 18, 2, 3, 6]  	682	4 
[0, 12, 6, 3, 6]  	684	4 
[8, 9, 3, 0, 7]  	408	15 
[6, 1, 14, 0, 8]  	585	9 
[4, 0, 16, 0, 8]  	608	8 
[0, 20, 1, 2, 8]  	627	4 
[0, 20, 6, 0, 8]  	670	5 
[0, 16, 2, 4, 8]  	702	4 
[0, 8, 5, 5, 245]  	689	2 
[1, 6, 4, 5, 246]  	620	5 
[0, 9, 12, 0, 246]  	627	3 
[2, 6, 2, 5, 247]  	562	7 
[1, 5, 4, 5, 247]  	597	5 
[0, 8, 10, 2, 247]  	666	3 
[0, 8, 12, 1, 247]  	670	3 
[3, 2, 1, 6, 248]  	513	11 
[1, 5, 9, 2, 248]  	574	5 
[1, 8, 11, 0, 248]  	581	7 
[0, 5, 13, 2, 248]  	702	3 
[2, 6, 0, 6, 249]  	558	9 
[1, 1, 0, 8, 249]  	563	5 
[2, 0, 14, 1, 249]  	580	6 
[0, 7, 12, 1, 249]  	647	3 
[7, 8, 4, 0, 250]  	408	14 
[6, 1, 1, 6, 250]  	526	12 
[2, 6, 7, 2, 250]  	539	7 
[2, 9, 9, 0, 250]  	546	8 
[2, 7, 1, 5, 250]  	550	6 
[3, 0, 13, 1, 250]  	557	6 
[1, 7, 8, 2, 250]  	585	5 
[1, 20, 2, 1, 250]  	608	6 
[1, 1, 13, 2, 250]  	622	5 
[1, 9, 4, 4, 250]  	623	4 
[1, 0, 10, 4, 250]  	626	4 
[0, 17, 5, 1, 250]  	632	4 
[1, 7, 0, 7, 250]  	635	4 
[1, 11, 9, 1, 250]  	646	4 
[0, 11, 0, 6, 250]  	649	2 
[1, 9, 3, 5, 250]  	654	4 
[6, 11, 3, 0, 251]  	430	10 
[2, 4, 8, 1, 251]  	462	7 
[3, 4, 10, 0, 251]  	478	10 
[2, 7, 1, 4, 251]  	484	5 
[2, 3, 8, 2, 251]  	505	4 
[2, 0, 10, 2, 251]  	506	5 
[1, 6, 9, 1, 251]  	531	4 
[1, 1, 11, 2, 251]  	552	5 
[1, 19, 2, 1, 251]  	585	6 
[1, 8, 4, 4, 251]  	600	3 
[1, 0, 0, 9, 251]  	606	3 
[0, 16, 5, 1, 251]  	609	3 
[1, 6, 0, 7, 251]  	612	4 
[1, 5, 1, 7, 251]  	624	6 
[0, 12, 1, 5, 251]  	641	4 
[0, 5, 9, 4, 251]  	694	2 
[0, 1, 12, 4, 251]  	707	2 
[7, 1, 5, 1, 252]  	348	8 
[9, 10, 1, 0, 252]  	373	11 
[6, 11, 2, 0, 252]  	395	9 
[10, 6, 6, 0, 252]  	468	14 
[3, 1, 8, 2, 252]  	471	5 
[7, 4, 9, 0, 252]  	491	10 
[10, 4, 8, 0, 252]  	492	14 
[2, 6, 2, 4, 252]  	496	5 
[1, 3, 10, 1, 252]  	497	7 
[1, 5, 4, 4, 252]  	531	3 
[6, 1, 5, 4, 252]  	534	10 
[1, 5, 8, 2, 252]  	539	3 
[1, 0, 0, 8, 252]  	540	3 
[2, 4, 1, 6, 252]  	547	7 
[2, 9, 4, 3, 252]  	569	8 
[1, 4, 8, 3, 252]  	582	3 
[0, 15, 5, 1, 252]  	586	3 
[1, 0, 9, 4, 252]  	591	2 
[1, 8, 0, 6, 252]  	592	2 
[0, 17, 4, 1, 252]  	597	2 
[0, 3, 10, 3, 252]  	617	3 
[0, 6, 12, 1, 252]  	624	1 
[0, 6, 14, 0, 252]  	628	3 
[1, 0, 12, 3, 252]  	630	3 
[0, 2, 0, 9, 252]  	640	1 
[1, 10, 2, 5, 252]  	642	3 
[0, 25, 2, 0, 252]  	645	4 
[0, 11, 2, 5, 252]  	653	2 
[0, 0, 13, 3, 252]  	653	1 
[0, 1, 5, 7, 252]  	660	2 
[0, 5, 14, 1, 252]  	671	3 
[0, 2, 16, 1, 252]  	672	1 
[0, 8, 0, 8, 252]  	712	1 
[0, 0, 20, 1, 252]  	766	1 
[9, 0, 5, 1, 253]  	349	12 
[7, 12, 0, 0, 253]  	360	11 
[9, 9, 2, 0, 253]  	385	8 
[5, 12, 2, 0, 253]  	406	7 
[6, 7, 5, 0, 253]  	408	9 
[5, 8, 5, 0, 253]  	419	9 
[3, 6, 0, 4, 253]  	438	7 
[2, 3, 8, 1, 253]  	439	2 
[3, 1, 9, 1, 253]  	440	5 
[11, 6, 5, 0, 253]  	445	12 
[2, 7, 0, 4, 253]  	449	4 
[5, 11, 4, 0, 253]  	453	7 
[4, 4, 9, 0, 253]  	455	8 
[11, 5, 6, 0, 253]  	457	11 
[10, 5, 7, 0, 253]  	480	14 
[1, 4, 9, 1, 253]  	485	4 
[0, 0, 12, 1, 253]  	486	1 
[4, 5, 0, 5, 253]  	493	6 
[1, 1, 0, 7, 253]  	497	3 
[4, 0, 11, 1, 253]  	499	5 
[7, 1, 0, 6, 253]  	503	7 
[2, 6, 6, 2, 253]  	504	4 
[3, 5, 1, 5, 253]  	516	8 
[1, 4, 8, 2, 253]  	516	2 
[3, 1, 2, 6, 253]  	525	7 
[3, 11, 7, 0, 253]  	534	8 
[8, 0, 5, 4, 253]  	535	11 
[1, 0, 2, 7, 253]  	544	4 
[1, 18, 0, 2, 253]  	558	2 
[2, 1, 9, 3, 253]  	560	5 
[1, 2, 5, 5, 253]  	563	7 
[1, 7, 2, 5, 253]  	573	3 
[0, 16, 4, 1, 253]  	574	3 
[5, 0, 15, 0, 253]  	585	7 
[1, 6, 3, 5, 253]  	585	3 
[0, 24, 1, 0, 253]  	587	3 
[0, 5, 10, 2, 253]  	597	1 
[0, 26, 0, 0, 253]  	598	4 
[1, 7, 1, 6, 253]  	604	2 
[1, 23, 0, 1, 253]  	607	4 
[0, 4, 11, 2, 253]  	609	1 
[0, 1, 0, 9, 253]  	617	1 
[0, 14, 7, 1, 253]  	633	2 
[0, 7, 5, 5, 253]  	666	2 
[0, 10, 9, 2, 253]  	677	2 
[0, 7, 0, 8, 253]  	689	1 
[0, 5, 8, 5, 253]  	725	1 
[0, 3, 4, 8, 253]  	737	1 
[3, 2, 4, 1, 254]  	288	3 
[8, 1, 4, 1, 254]  	325	7 
[8, 0, 5, 1, 254]  	337	9 
[5, 11, 1, 0, 254]  	348	5 
[8, 10, 2, 0, 254]  	396	12 
[5, 7, 5, 0, 254]  	396	5 
[2, 6, 0, 4, 254]  	426	4 
[2, 6, 6, 1, 254]  	438	3 
[5, 0, 9, 1, 254]  	441	3 
[12, 7, 4, 0, 254]  	445	13 
[1, 4, 8, 1, 254]  	450	2 
[2, 10, 4, 1, 254]  	460	3 
[1, 3, 9, 1, 254]  	462	3 
[3, 5, 9, 0, 254]  	466	7 
[2, 2, 4, 4, 254]  	474	5 
[1, 0, 0, 7, 254]  	474	2 
[3, 1, 1, 6, 254]  	490	6 
[1, 18, 0, 1, 254]  	492	2 
[0, 19, 0, 1, 254]  	503	2 
[1, 7, 2, 4, 254]  	507	3 
[0, 4, 10, 1, 254]  	508	1 
[7, 1, 4, 4, 254]  	511	11 
[2, 4, 0, 6, 254]  	512	6 
[4, 1, 7, 3, 254]  	514	5 
[1, 6, 3, 4, 254]  	519	3 
[1, 3, 5, 4, 254]  	520	3 
[7, 0, 5, 4, 254]  	523	10 
[2, 8, 9, 0, 254]  	523	6 
[1, 2, 4, 5, 254]  	528	3 
[2, 0, 9, 3, 254]  	537	3 
[6, 0, 2, 6, 254]  	538	7 
[2, 12, 7, 0, 254]  	545	3 
[2, 8, 4, 3, 254]  	546	4 
[2, 5, 6, 3, 254]  	547	10 
[1, 16, 3, 1, 254]  	551	4 
[0, 15, 4, 1, 254]  	551	1 
[15, 1, 10, 0, 254]  	553	10 
[1, 12, 2, 3, 254]  	556	3 
[1, 10, 9, 0, 254]  	557	2 
[1, 7, 11, 0, 254]  	558	4 
[5, 0, 3, 6, 254]  	561	7 
[1, 12, 8, 0, 254]  	568	2 
[1, 9, 10, 0, 254]  	569	3 
[1, 7, 0, 6, 254]  	569	1 
[0, 13, 8, 0, 254]  	579	1 
[1, 5, 13, 0, 254]  	582	7 
[0, 18, 3, 1, 254]  	585	2 
[14, 0, 12, 0, 254]  	588	9 
[0, 12, 9, 0, 254]  	591	1 
[1, 9, 5, 3, 254]  	592	5 
[0, 14, 4, 2, 254]  	594	2 
[0, 0, 0, 9, 254]  	594	1 
[1, 12, 5, 2, 254]  	595	5 
[0, 11, 10, 0, 254]  	603	1 
[0, 4, 9, 3, 254]  	605	2 
[0, 12, 0, 5, 254]  	606	1 
[0, 10, 11, 0, 254]  	615	1 
[0, 11, 1, 5, 254]  	618	2 
[0, 3, 5, 6, 254]  	640	1 
[0, 18, 1, 3, 254]  	647	4 
[0, 12, 5, 3, 254]  	649	3 
[0, 9, 9, 2, 254]  	654	2 
[0, 21, 5, 0, 254]  	658	3 
[0, 6, 0, 8, 254]  	666	1 
[0, 4, 8, 5, 254]  	702	1 
[0, 3, 9, 5, 254]  	714	2 
[0, 2, 4, 8, 254]  	714	1 
[0, 0, 8, 7, 254]  	742	1 
[5, 5, 1, 0, 255]  	210	5 
[9, 2, 3, 1, 255]  	325	9 
[2, 2, 6, 1, 255]  	346	2 
[1, 0, 8, 1, 255]  	358	1 
[0, 18, 0, 0, 255]  	414	1 
[0, 0, 10, 1, 255]  	416	1 
[7, 0, 6, 2, 255]  	426	6 
[4, 12, 3, 0, 255]  	429	4 
[4, 6, 7, 0, 255]  	431	7 
[2, 9, 4, 1, 255]  	437	3 
[4, 5, 8, 0, 255]  	443	6 
[3, 4, 9, 0, 255]  	443	3 
[4, 1, 7, 2, 255]  	448	3 
[17, 2, 6, 0, 255]  	460	5 
[1, 15, 3, 0, 255]  	462	6 
[0, 14, 4, 0, 255]  	462	1 
[4, 11, 1, 2, 255]  	468	3 
[8, 3, 9, 0, 255]  	480	7 
[7, 0, 0, 6, 255]  	480	4 
[1, 6, 0, 5, 255]  	480	1 
[1, 3, 4, 4, 255]  	485	2 
[1, 12, 0, 3, 255]  	486	3 
[4, 10, 6, 0, 255]  	488	6 
[6, 1, 0, 6, 255]  	491	5 
[3, 8, 8, 0, 255]  	500	7 
[2, 7, 9, 0, 255]  	500	3 
[2, 4, 11, 0, 255]  	501	5 
[8, 2, 3, 4, 255]  	511	13 
[4, 10, 1, 3, 255]  	511	7 
[1, 8, 9, 0, 255]  	511	2 
[2, 6, 10, 0, 255]  	512	10 
[0, 3, 9, 2, 255]  	516	2 
[17, 0, 9, 0, 255]  	519	6 
[1, 7, 10, 0, 255]  	523	3 
[5, 0, 2, 6, 255]  	526	6 
[2, 3, 3, 5, 255]  	528	7 
[0, 0, 0, 8, 255]  	528	1 
[2, 6, 5, 3, 255]  	535	9 
[6, 2, 12, 0, 255]  	538	9 
[6, 0, 6, 4, 255]  	546	9 
[4, 2, 13, 0, 255]  	549	7 
[4, 0, 3, 6, 255]  	549	7 
[5, 0, 14, 0, 255]  	550	6 
[0, 2, 5, 5, 255]  	551	1 
[14, 0, 11, 0, 255]  	553	4 
[0, 12, 8, 0, 255]  	556	1 
[2, 3, 2, 6, 255]  	559	6 
[4, 1, 14, 0, 255]  	561	4 
[7, 1, 13, 0, 255]  	562	9 
[0, 1, 8, 4, 255]  	567	2 
[1, 6, 12, 0, 255]  	570	4 
[3, 0, 4, 6, 255]  	572	2 
[4, 0, 15, 0, 255]  	573	4 
[0, 7, 8, 2, 255]  	573	2 
[0, 11, 0, 5, 255]  	583	1 
[3, 1, 15, 0, 255]  	584	7 
[0, 6, 13, 0, 255]  	593	3 
[3, 0, 16, 0, 255]  	596	6 
[0, 0, 8, 5, 255]  	610	1 
[0, 17, 1, 3, 255]  	624	4 
[1, 1, 17, 0, 255]  	630	5 
[0, 0, 5, 7, 255]  	637	1 
[0, 2, 17, 0, 255]  	641	1 
------
The gap is between 9 and 244.
Lengths: 5 5 10 13 5 11.
For 692 = 3*d-d1-d2-d3-d4 you get 5 in char 0.
1 + 0*2^64 + 0*2^128 + 0*2^192*y^24*z^4
1 + 0*2^64 + 0*2^128 + 0*2^192*y^12*z^10*w^1
1 + 0*2^64 + 0*2^128 + 0*2^192*y^11*z^5*w^4
1 + 0*2^64 + 0*2^128 + 0*2^192*y^10*w^7
1 + 0*2^64 + 0*2^128 + 0*2^192*z^16*w^2

For 416 = 2*d-d1-d2-d3-d4 you get 10 in char 0.
1 + 0*2^64 + 0*2^128 + 0*2^192*x^5*y^4*w^4
1 + 0*2^64 + 0*2^128 + 0*2^192*x^4*y^3*z^1*w^4
1 + 0*2^64 + 0*2^128 + 0*2^192*x^3*y^2*z^2*w^4
1 + 0*2^64 + 0*2^128 + 0*2^192*x^2*y^2*z^8*w^1
1 + 0*2^64 + 0*2^128 + 0*2^192*x^2*y^1*z^3*w^4
1 + 0*2^64 + 0*2^128 + 0*2^192*x^1*y^13*z^3
1 + 0*2^64 + 0*2^128 + 0*2^192*x^1*y^1*z^9*w^1
1 + 0*2^64 + 0*2^128 + 0*2^192*x^1*z^4*w^4
1 + 0*2^64 + 0*2^128 + 0*2^192*y^12*z^4
1 + 0*2^64 + 0*2^128 + 0*2^192*z^10*w^1

For 140 = d-d1-d2-d3-d4 you get 5 in char 0.
1 + 0*2^64 + 0*2^128 + 0*2^192*x^4*y^4
1 + 0*2^64 + 0*2^128 + 0*2^192*x^3*y^3*z^1
1 + 0*2^64 + 0*2^128 + 0*2^192*x^2*y^2*z^2
1 + 0*2^64 + 0*2^128 + 0*2^192*x^1*y^1*z^3
1 + 0*2^64 + 0*2^128 + 0*2^192*z^4

Extra powers of p used 5.
The invariant extra is equal to 33.
Start computing 2^4 Delta^1 (x1x2x3x4)^1... Done.
Start computing 2^5 Delta^2 (x1x2x3x4)^1... Done.
Start computing 2^6 Delta^3 (x1x2x3x4)^1... Done.
Start computing 2^7 Delta^4 (x1x2x3x4)^1... Done.
Start computing 2^8 Delta^5 (x1x2x3x4)^1... Done.
Start computing 2^9 Delta^6 (x1x2x3x4)^1... Done.
Start computing 2^10 Delta^7 (x1x2x3x4)^1... Done.
Start computing 2^11 Delta^8 (x1x2x3x4)^1... Done.
Start computing 2^12 Delta^9 (x1x2x3x4)^1... Done.
Start computing 2^13 Delta^10 (x1x2x3x4)^1... Done.
Start computing 2^14 Delta^11 (x1x2x3x4)^1... Done.
Start computing 2^15 Delta^12 (x1x2x3x4)^1... Done.
Start computing 2^16 Delta^13 (x1x2x3x4)^1... Done.
Start computing 2^17 Delta^14 (x1x2x3x4)^1... Done.
Start computing 2^18 Delta^15 (x1x2x3x4)^1... Done.
Start computing 2^19 Delta^16 (x1x2x3x4)^1... Done.
Start computing 2^20 Delta^17 (x1x2x3x4)^1... Done.
Start computing 2^21 Delta^18 (x1x2x3x4)^1... Done.
Start computing 2^22 Delta^19 (x1x2x3x4)^1... Done.
Start computing 2^23 Delta^20 (x1x2x3x4)^1... Done.
Start computing 2^24 Delta^21 (x1x2x3x4)^1... Done.
Start computing 2^25 Delta^22 (x1x2x3x4)^1... Done.
Start computing 2^26 Delta^23 (x1x2x3x4)^1... Done.
Start computing 2^27 Delta^24 (x1x2x3x4)^1... Done.
Start computing 2^28 Delta^25 (x1x2x3x4)^1... Done.
Start computing 2^29 Delta^26 (x1x2x3x4)^1... Done.
Start computing 2^30 Delta^27 (x1x2x3x4)^1... Done.
Start computing 2^31 Delta^28 (x1x2x3x4)^1... Done.
Start computing 2^32 Delta^29 (x1x2x3x4)^1... Done.
Start computing 2^33 Delta^30 (x1x2x3x4)^1... Done.
Start computing 2^34 Delta^31 (x1x2x3x4)^1... Done.
Start computing 2^35 Delta^32 (x1x2x3x4)^1... Done.
Start computing 2^36 Delta^33 (x1x2x3x4)^1... Done.
Start computing 2^37 Delta^34 (x1x2x3x4)^1... Done.
Start computing 2^38 Delta^35 (x1x2x3x4)^1... Done.
Start computing aa.
1 2 3 4 5 6 7 8 9 10 11 12 13 14 15 16 17 18 19 20 
*/
A = \
[17629724123058840336 + 9919212477836882403*2^64 + 10670613604332170215*2^128 + 30984746539*2^192,17297953796643522016 + 2863867510613847148*2^64 + 12803543838011696388*2^128 + 1096201698*2^192,13370556558040056396 + 1661417203176591100*2^64 + 4380168633452916815*2^128 + 23190144581*2^192,414829913017129928 + 9539762371651448495*2^64 + 16754427845981156003*2^128 + 13787871894*2^192,5004977891125264256 + 9043033451278310394*2^64 + 7430447741097386296*2^128 + 22339478506*2^192,2204200665644336416 + 6189773592319098515*2^64 + 1281347181138712125*2^128 + 7593172843*2^192,13023662141964668480 + 12762909830389751742*2^64 + 8037281324783010435*2^128 + 27352880789*2^192,6500972879644679456 + 12185737014311716293*2^64 + 5919623113740310598*2^128 + 27956421706*2^192,14955727579970132736 + 13973946799762865383*2^64 + 9279830377427350214*2^128 + 12639155212*2^192,3516195783760375808 + 18303190636903938449*2^64 + 11573030907882573906*2^128 + 5505506817*2^192,9360107620308642688 + 4245417273932122006*2^64 + 6629026278949393973*2^128 + 34218941165*2^192,1992476644540824000 + 6723915764339012952*2^64 + 1569932465720602391*2^128 + 33784990133*2^192,5434895015086281952 + 9459444961434576639*2^64 + 6283480067650659510*2^128 + 21775964220*2^192,8406912592213110208 + 8038089068549216744*2^64 + 15264308406811486717*2^128 + 13400248781*2^192,12748272909684347136 + 6610996658196880252*2^64 + 5577071193811944104*2^128 + 25378665187*2^192,16018726888813255040 + 8768208521728580188*2^64 + 13036891569243631159*2^128 + 3775784490*2^192,14735591237789992512 + 4169420738789978337*2^64 + 2359064704817132900*2^128 + 7138558847*2^192,13012569738270741888 + 12825310982255001262*2^64 + 2341938086847289079*2^128 + 21413778480*2^192,4882945117015566528 + 13219081249195800453*2^64 + 11574954202774666268*2^128 + 1546545995*2^192,2587436674872173440 + 8841403885198603804*2^64 + 18414822175948353174*2^128 + 23593344375*2^192;\
11239789248350534800 + 12411593070111189902*2^64 + 2519701747635630362*2^128 + 11397150012*2^192,11454341934052452192 + 5790104844325987455*2^64 + 4213003321811792941*2^128 + 21287272545*2^192,11785499064252746072 + 4899134511081864416*2^64 + 11350880054946460712*2^128 + 12505927855*2^192,5405759051076750384 + 355396418414626845*2^64 + 13910482147352943838*2^128 + 8608390698*2^192,14517421876472153152 + 2205053240630100056*2^64 + 1923176916697567389*2^128 + 24510732186*2^192,10995722511301076544 + 8552680774463522930*2^64 + 7290478926429594836*2^128 + 22820491846*2^192,7803003116957821632 + 12154246093974881695*2^64 + 9597876138715674121*2^128 + 14942825551*2^192,3794856517937956480 + 7445752036791830694*2^64 + 10040590658994022638*2^128 + 5800973669*2^192,13034980639258763264 + 1459455837351539785*2^64 + 1030583201198432367*2^128 + 28295952366*2^192,17919540702369746240 + 5632262313796733112*2^64 + 4876034509375650534*2^128 + 28242004855*2^192,3616398558572699264 + 1313410396344911269*2^64 + 7959935936558880516*2^128 + 13201135905*2^192,1464084886303325568 + 15685914252872863132*2^64 + 7499679174039573182*2^128 + 4675673632*2^192,11744631465152385216 + 14848798143972906946*2^64 + 12360044293158837425*2^128 + 5780893155*2^192,2166265825495159680 + 14321025634561578202*2^64 + 14243127462512287121*2^128 + 20567010733*2^192,18147048784095799296 + 13155667729356437500*2^64 + 12876497307275418385*2^128 + 25880631738*2^192,9489810890931953536 + 11205981406543410428*2^64 + 16710434551445328359*2^128 + 4548040241*2^192,11733295492255393152 + 15069359520380514991*2^64 + 18251321969074805874*2^128 + 7757545881*2^192,819048229281794944 + 3835000646244935588*2^64 + 6156290489025618912*2^128 + 6947594909*2^192,14237758321858189824 + 918412186121536071*2^64 + 3950433339793755567*2^128 + 2855652651*2^192,14323093210764844928 + 14890570649669915194*2^64 + 17656578445415995936*2^128 + 17068840179*2^192;\
3317694894366240192 + 12391799396496308640*2^64 + 5299023049886136389*2^128 + 19628082429*2^192,4381894092572011904 + 7471202151001882262*2^64 + 388994057600644812*2^128 + 25320307923*2^192,17345665023839364256 + 156317299253491603*2^64 + 3839710872916377396*2^128 + 16248082271*2^192,3281566259300794368 + 2546694302288246983*2^64 + 4612866962706054331*2^128 + 3330131781*2^192,6631663225307512064 + 17591046467280897945*2^64 + 39777017188796607*2^128 + 30750781488*2^192,1103944750126384128 + 10518682335498137679*2^64 + 700381152987847560*2^128 + 29857081864*2^192,13397084804090213120 + 16204686775540569872*2^64 + 808826589202548820*2^128 + 4973158797*2^192,3933868846541424128 + 10106666196724682735*2^64 + 17073558131132297422*2^128 + 32228389773*2^192,11155253895218588672 + 16170250636880581131*2^64 + 7964634261406197679*2^128 + 32462394432*2^192,12840567703735800832 + 3261078660856443378*2^64 + 15184264879360919543*2^128 + 17549298311*2^192,3175625837296757760 + 13437570008948239881*2^64 + 15590201215412880081*2^128 + 17792141883*2^192,3993263053195832832 + 10010668251782865633*2^64 + 14564890926741065196*2^128 + 11274635659*2^192,15089067174601354240 + 286277712694193213*2^64 + 11655930825676373727*2^128 + 10878711522*2^192,15026479193897536512 + 15583885715447127134*2^64 + 5952114216025037303*2^128 + 29244337390*2^192,905168574852030464 + 13474445787687134275*2^64 + 8120824379900647515*2^128 + 819856254*2^192,1801191049516599808 + 8365868123504282156*2^64 + 3389058931071812403*2^128 + 28709538858*2^192,18424583028176931328 + 16469611208876416748*2^64 + 5564518626673675032*2^128 + 4334014032*2^192,14286451948454854144 + 14618369216037770891*2^64 + 10374260034430932216*2^128 + 18057058953*2^192,3380235259072591360 + 9965115617001576867*2^64 + 1879991248131371815*2^128 + 15187388441*2^192,8200071206618391040 + 18184397777526897418*2^64 + 12602707651492315399*2^128 + 26577194227*2^192;\
15724234357037681600 + 6082277691338735799*2^64 + 11384789861782329499*2^128 + 5377914209*2^192,16050410701943855232 + 13217635531243404422*2^64 + 2737686399620017589*2^128 + 30133916432*2^192,1226785728493348320 + 16783752358521523769*2^64 + 11021177349556306607*2^128 + 3661575825*2^192,5453247128939098464 + 10364874107391619884*2^64 + 16584311979342005577*2^128 + 17524940690*2^192,9959094664105483008 + 13914322005940002390*2^64 + 10564533984962217504*2^128 + 8110373768*2^192,17788188864099643136 + 17287627855561722524*2^64 + 14143886914466126727*2^128 + 25402178915*2^192,18003838303443832064 + 11822815649222764998*2^64 + 17459484369920647044*2^128 + 30001095063*2^192,16028729551533602560 + 7740373553942775797*2^64 + 12933268418036215688*2^128 + 23120923763*2^192,344285499843249152 + 16477795653676631328*2^64 + 3720096575032048570*2^128 + 873845459*2^192,8797906669332652032 + 17670343517505100650*2^64 + 8685833984641931997*2^128 + 11378336755*2^192,9222191622090501120 + 4677159565519463731*2^64 + 10989245456808460755*2^128 + 17343321084*2^192,5273136457177929728 + 971846102517121642*2^64 + 5963940041673318440*2^128 + 1893817975*2^192,16324723623523599616 + 6072542103618348025*2^64 + 7968256736714797532*2^128 + 30392657510*2^192,15990650697772498432 + 7015873850772209628*2^64 + 4356507035752474175*2^128 + 1313488916*2^192,11444319658510510080 + 13558045725922746221*2^64 + 15079583142059973412*2^128 + 4499642294*2^192,16637290613820034560 + 16248881491510594201*2^64 + 13340726156601623511*2^128 + 21266127913*2^192,10110015882200232960 + 3556260600120946154*2^64 + 16882159458535888519*2^128 + 4696004280*2^192,16077729547266235904 + 14883979728798332835*2^64 + 9793662824808473818*2^128 + 18569634644*2^192,11092380184471958528 + 4291975850002083052*2^64 + 17214708112239416333*2^128 + 22875073440*2^192,1172465932769773056 + 493432896695834812*2^64 + 10508288041923203106*2^128 + 11661172402*2^192;\
9583699111468712076 + 8793226452515635680*2^64 + 6414195790328805700*2^128 + 5593006521*2^192,1794227287992021976 + 17757998826725390735*2^64 + 5886667918454469808*2^128 + 10952106462*2^192,1869991131409419239 + 6838943787809675297*2^64 + 11309280019621349456*2^128 + 9053423565*2^192,9946707148033997318 + 14351515190458471940*2^64 + 8170282899323185113*2^128 + 32956720636*2^192,9780982676392517120 + 8409854103688157729*2^64 + 12555858475545418715*2^128 + 26943633526*2^192,17658658815086722600 + 5029477732507958556*2^64 + 4297317486019973681*2^128 + 14452596677*2^192,16493477400566156720 + 13804135566484325592*2^64 + 15004770794032824209*2^128 + 22537230679*2^192,4693760419795424488 + 5786486817994849272*2^64 + 10220421415427042118*2^128 + 15392075949*2^192,9525275180136817344 + 16769696764612317391*2^64 + 6810322914795453858*2^128 + 15341396318*2^192,13013092258849328288 + 6245288580036239001*2^64 + 12222024587870445762*2^128 + 33283769583*2^192,7924783898466238176 + 6479457985604180637*2^64 + 11000367946511013967*2^128 + 27337670541*2^192,2378768780020977072 + 6537672855298231410*2^64 + 2185374949717662230*2^128 + 13018853990*2^192,5540457281607758680 + 4857387564753598268*2^64 + 10945757737783239470*2^128 + 1415235775*2^192,10229846589830317104 + 13653768969653474656*2^64 + 1753571523447266935*2^128 + 350070790*2^192,5971959295685788608 + 5644315512493940009*2^64 + 811151289908741324*2^128 + 7595932707*2^192,374907763375751456 + 9233943653516947676*2^64 + 6695513325861502261*2^128 + 11739525159*2^192,16832369913627656336 + 11263834412837038999*2^64 + 1665350254246642107*2^128 + 3079062597*2^192,14811154667941779424 + 1755416091379033470*2^64 + 1020419414906919937*2^128 + 16584562623*2^192,5539868712547666352 + 9154839241406334583*2^64 + 11955208060776721860*2^128 + 5116849697*2^192,10576244108338422176 + 5747837840310671448*2^64 + 3203585850970279777*2^128 + 26145657396*2^192;\
2743454864915186816 + 12944235375597582359*2^64 + 16502942791786341908*2^128 + 9654341248*2^192,3647673556891128832 + 4795330421374933092*2^64 + 7473842436385799547*2^128 + 25927881504*2^192,12862579357704743680 + 10870171046580660615*2^64 + 15827343990449480505*2^128 + 2139232906*2^192,10715091664437104928 + 11091416477017749053*2^64 + 17482076547669553925*2^128 + 12704096770*2^192,10488048802994244096 + 2566407295070107443*2^64 + 5958430867563989174*2^128 + 4194868565*2^192,10142596848109825728 + 17648585948978030646*2^64 + 12887368932297332303*2^128 + 18935337873*2^192,4642106492694737536 + 16621137956078141859*2^64 + 16995219086101024860*2^128 + 3176293865*2^192,4727479992659841024 + 5257722476293390223*2^64 + 14196937782204181168*2^128 + 28998635201*2^192,9915139006400044032 + 1458464243729586980*2^64 + 8071782707960760777*2^128 + 30104886619*2^192,17399461143473604864 + 8097163358154266847*2^64 + 5257753021273066154*2^128 + 9006420352*2^192,911045774903228928 + 2234467901169186279*2^64 + 17953076978171494621*2^128 + 14377045761*2^192,1432840155507892736 + 6788156312677114376*2^64 + 7570652050566680512*2^128 + 4698193895*2^192,15217805152529497600 + 7165616098680218590*2^64 + 17223327279214440785*2^128 + 30952293826*2^192,7065906485356729344 + 1252858702369694069*2^64 + 12526910879051341017*2^128 + 8359212479*2^192,17550442180338889728 + 9903895036296132009*2^64 + 7277836484587010234*2^128 + 14043784589*2^192,3838319513059536896 + 8570768927535261187*2^64 + 14061537790688618530*2^128 + 8865613836*2^192,16756512144341201408 + 15340711267539852985*2^64 + 14927246251467667392*2^128 + 13863376271*2^192,9886093817832821248 + 3702731829300059010*2^64 + 14261059710234808292*2^128 + 13501874003*2^192,26467981809030144 + 989705523789972335*2^64 + 18298260716841403820*2^128 + 23119115524*2^192,5297256677406369792 + 11533548277549495131*2^64 + 633628391005835441*2^128 + 1848934707*2^192;\
8496211268946352896 + 6539249062045307913*2^64 + 11425706063912180920*2^128 + 7195699070*2^192,2301925658050995968 + 3674185664667667816*2^64 + 16405853802588392627*2^128 + 29384183659*2^192,16610256889041380064 + 16898930202592631957*2^64 + 16518823308381557529*2^128 + 29307539501*2^192,3665801193138638816 + 15429522790429174780*2^64 + 7856710797770768222*2^128 + 19510987163*2^192,8380148302406387200 + 2897424372865349194*2^64 + 9090781662433525672*2^128 + 21226560805*2^192,1059731783707629376 + 14691726245124096505*2^64 + 13302053821580509903*2^128 + 7525442852*2^192,5121099544738330496 + 18021059180326119540*2^64 + 15978476611045884950*2^128 + 8079667764*2^192,15914282872031077056 + 8201578330059246219*2^64 + 14216399107075727075*2^128 + 23713404179*2^192,12391930444514023424 + 1485559351467401362*2^64 + 16556938405727123813*2^128 + 1704820103*2^192,1888238454524795264 + 14854218129070358498*2^64 + 8742010604821669468*2^128 + 20900771203*2^192,5050400100730861568 + 9614402294431629765*2^64 + 16168166978172887916*2^128 + 22813700311*2^192,3011954698640806912 + 18407819308689369619*2^64 + 2080969782196242183*2^128 + 32908260326*2^192,3403964083129184960 + 3240404716875402886*2^64 + 3019324273189436695*2^128 + 12619678586*2^192,1760654418351184384 + 9254286394460416646*2^64 + 9605574400705595504*2^128 + 27395546383*2^192,15209339106676529152 + 13263631042989174768*2^64 + 5880097959257900945*2^128 + 4730836501*2^192,15621812145065195520 + 4115871932925042061*2^64 + 14567353305559829419*2^128 + 10267322146*2^192,9288082104167077376 + 1454813904359039882*2^64 + 7810542185694331961*2^128 + 10459701330*2^192,16874645507563043328 + 346325814245874351*2^64 + 14584096741676234717*2^128 + 19240520925*2^192,11848077417670984704 + 11901277151163740191*2^64 + 14153470936548128064*2^128 + 22413612417*2^192,16117463903897525248 + 4440501697407485761*2^64 + 13778865074201366864*2^128 + 31893417076*2^192;\
17695943473496709760 + 1509578779549134784*2^64 + 478368834228816932*2^128 + 8498162342*2^192,13211248783322296320 + 16046582383559577335*2^64 + 9267469892336201464*2^128 + 21647901410*2^192,15125544783621236224 + 6858614428144938586*2^64 + 4968066006270294218*2^128 + 27950878816*2^192,3827403587773516320 + 10925644220659061479*2^64 + 16839110271657363930*2^128 + 16691842832*2^192,11213161361681830400 + 8661576532807634184*2^64 + 2401089690624740640*2^128 + 32376476583*2^192,9546897644057192128 + 8928875289979347154*2^64 + 9965127747451080724*2^128 + 26692659509*2^192,9534805865437205184 + 4718460748688929132*2^64 + 17805569951423608645*2^128 + 25388806770*2^192,11663535284606930624 + 3507209804921214117*2^64 + 4501867026575976726*2^128 + 1210153541*2^192,8786562007945075712 + 16788641338931939233*2^64 + 15835293122974294056*2^128 + 30875753471*2^192,11738034710411132800 + 10736917956880708002*2^64 + 2867636895127285407*2^128 + 22832673336*2^192,2746001776689564672 + 12358913107323030312*2^64 + 17321753054173843407*2^128 + 24387242960*2^192,174429236689891840 + 12368766171691932757*2^64 + 539269651515539374*2^128 + 31959334800*2^192,17687047331736595264 + 1420805091613176158*2^64 + 5825215433134234634*2^128 + 22857813227*2^192,5853780199294000128 + 9391662665482696435*2^64 + 14801776778405354901*2^128 + 22954168416*2^192,13406251964093504512 + 17400353830413019739*2^64 + 13155866670215877021*2^128 + 29310130266*2^192,7721449873977535488 + 797219090866342284*2^64 + 1109334712351112592*2^128 + 11608270609*2^192,16443349894861159936 + 9693188915409182963*2^64 + 16570642422803023027*2^128 + 34211627133*2^192,15360590193992090112 + 9404854090119916230*2^64 + 7532191906317991184*2^128 + 33348055865*2^192,2905900419072621568 + 17672009250987121646*2^64 + 9394388023256531994*2^128 + 15445546133*2^192,15199974152377574400 + 10830236770856909330*2^64 + 5108215375022236174*2^128 + 14357638732*2^192;\
1148205824437536412 + 18093897328626439106*2^64 + 10287083200203413391*2^128 + 21193496320*2^192,17301375231966547224 + 6862709208645367895*2^64 + 6752406262076804147*2^128 + 4246868451*2^192,9751673326510015159 + 7429862128783598905*2^64 + 8841893492805176969*2^128 + 9518310339*2^192,5961488141918559918 + 10207738090384433359*2^64 + 7890466785062471895*2^128 + 17748613001*2^192,11577778231036103008 + 4516874473106789989*2^64 + 4125098164798800794*2^128 + 17222971580*2^192,8762715099483278440 + 6403343194713959993*2^64 + 6888706540286465442*2^128 + 21232195440*2^192,10400996636812142992 + 187421508580906503*2^64 + 2951983631040769141*2^128 + 8205579520*2^192,7101090495685615496 + 12423863506412901012*2^64 + 12963635406633433917*2^128 + 25391425766*2^192,8314648246968676672 + 10201182657454928969*2^64 + 3999037014544414359*2^128 + 22730788768*2^192,7076234322227019232 + 17143581929205419107*2^64 + 15736116765555832123*2^128 + 4777070625*2^192,10992330697115887520 + 4605630214784060125*2^64 + 146593084068410584*2^128 + 23294486594*2^192,5200647402902663536 + 9064486431633604207*2^64 + 16815107860221636949*2^128 + 7517491306*2^192,5764416579373509688 + 3164919818258321782*2^64 + 7009936417104621620*2^128 + 22902054887*2^192,140518289852599184 + 2434097496096423135*2^64 + 5176762102549776374*2^128 + 27236130383*2^192,18140201155489125824 + 9037069327819099495*2^64 + 4058528738111519466*2^128 + 24888339453*2^192,6290954623852810528 + 11769145312627548643*2^64 + 7043802074433987871*2^128 + 31762584054*2^192,9540436573283293712 + 10487431255102520386*2^64 + 13385608790268493968*2^128 + 6118497788*2^192,3141801975290340832 + 13539203391915060765*2^64 + 8084963228911319536*2^128 + 13784040188*2^192,2201293418369252272 + 13461363163392032545*2^64 + 1473074116329548060*2^128 + 18436149791*2^192,935105515625149088 + 8695533163237138354*2^64 + 11018947800283022457*2^128 + 27232641328*2^192;\
2136668468861422080 + 10387377571346987391*2^64 + 317949391880329665*2^128 + 10895150442*2^192,10267125756664023296 + 7909144090142702574*2^64 + 8771510888607317849*2^128 + 13306269494*2^192,12547917611183892000 + 13803923515021025197*2^64 + 5284235404910484994*2^128 + 20342676749*2^192,2939290028205936576 + 17411104141273687699*2^64 + 18189431123241687309*2^128 + 17385874882*2^192,5951791777956271616 + 5495049116496451638*2^64 + 3084967466242296600*2^128 + 28537556900*2^192,9124495581895830144 + 17341409171667147904*2^64 + 9251018962344221361*2^128 + 16798782236*2^192,1881307469095398720 + 17938372614735785678*2^64 + 410435899595442685*2^128 + 30781154776*2^192,13778250656340581760 + 1810367326602234347*2^64 + 15155036359413843772*2^128 + 22281509392*2^192,9093298554523857920 + 2339451744677781572*2^64 + 5672840488517466904*2^128 + 26882549313*2^192,14789413142953053376 + 12705799191769027891*2^64 + 16400354911173510760*2^128 + 11509976758*2^192,3591551030659059456 + 891090622064145012*2^64 + 7266533432079799232*2^128 + 23617747815*2^192,8877555347077255680 + 15299454108442709434*2^64 + 2093579622455974918*2^128 + 8501790623*2^192,223310899911128960 + 1565882567677449539*2^64 + 11209443170707795817*2^128 + 16905704707*2^192,3477584421468337664 + 4180038279079261915*2^64 + 3315288839917571472*2^128 + 18909928585*2^192,4412024903097967616 + 2904794770517508542*2^64 + 6816436758484114043*2^128 + 453515708*2^192,12453259226188668928 + 1938968988291702062*2^64 + 3098903912190382944*2^128 + 1718518323*2^192,1552561178378018816 + 444028616644852449*2^64 + 17652234860517960517*2^128 + 14725384672*2^192,12949143563577057280 + 17246211390063443367*2^64 + 18007271158044223635*2^128 + 1469539289*2^192,12583085004844551680 + 7397559544923953057*2^64 + 13844938706322908064*2^128 + 8095863447*2^192,221796076133770240 + 13209857266220777150*2^64 + 970963270966603792*2^128 + 10416462726*2^192;\
2287127847757443280 + 5178983095705702210*2^64 + 6008861528570686624*2^128 + 23390264536*2^192,9886497817501770848 + 6634860991966355798*2^64 + 5999950233034260074*2^128 + 26835625260*2^192,10051744008944549188 + 4063890649308404429*2^64 + 2950584788071420076*2^128 + 1430495071*2^192,12784956390265633832 + 11720178652979657902*2^64 + 2133137967262803550*2^128 + 338335993*2^192,13062126671487059072 + 8983652100254390466*2^64 + 2581437340098535132*2^128 + 21899188964*2^192,9189125697533860320 + 11429098484179839442*2^64 + 17744378276123682473*2^128 + 21456374709*2^192,10025626071480836480 + 1064822087759100779*2^64 + 15147714664081575630*2^128 + 29980544118*2^192,7278677371931067616 + 6091988718591005831*2^64 + 17546802374655336757*2^128 + 18276777459*2^192,18432770363789801984 + 1837746850909727875*2^64 + 11425089180153573950*2^128 + 4408761756*2^192,13725644882697951040 + 8705226690830923063*2^64 + 5015232415917856619*2^128 + 22667462877*2^192,1868944579401807680 + 7935632162476565911*2^64 + 2384472409407002084*2^128 + 5368210020*2^192,7259370335199540160 + 14630163684203373210*2^64 + 4687567399005941541*2^128 + 10348810699*2^192,10018160550364876320 + 14201470095749744625*2^64 + 1837702819800353249*2^128 + 32762669464*2^192,5561399278169387456 + 13541781214353667066*2^64 + 3396133724239201383*2^128 + 15288781130*2^192,9048821282940488704 + 9131319029086317593*2^64 + 7951552848365879926*2^128 + 14566201986*2^192,2328008126161277056 + 5735579985165391400*2^64 + 11453953527156833596*2^128 + 7151200621*2^192,4482381569277849024 + 11272080773610883857*2^64 + 650989783991197011*2^128 + 31585378341*2^192,11064081746164546944 + 10582123433017704271*2^64 + 14114568958374580876*2^128 + 18580894729*2^192,12478364473731575616 + 2227999987276624410*2^64 + 2023556784599215535*2^128 + 6799824855*2^192,15666939015465413760 + 3395511889845418512*2^64 + 12807333812271717664*2^128 + 8509817294*2^192;\
16057189731663701280 + 1254566545337425892*2^64 + 429983524976803660*2^128 + 32702949131*2^192,6219237268903321408 + 6825847445709079070*2^64 + 10242516357472230901*2^128 + 29718561201*2^192,16328591423907040130 + 10927870486059912787*2^64 + 3121418821360307318*2^128 + 27745758615*2^192,12581929628342114340 + 10774091928190765613*2^64 + 2756628972494336875*2^128 + 5459149456*2^192,701290985957795072 + 13596169414141904435*2^64 + 6473036271426196115*2^128 + 2833080845*2^192,18046256638775172816 + 15741981268461055999*2^64 + 10992691303434915018*2^128 + 3565881918*2^192,15498426878366016704 + 9309726358564888153*2^64 + 14572513404857324519*2^128 + 34350394656*2^192,13164006843396815600 + 4560075252067831110*2^64 + 16432400286800083781*2^128 + 24631339153*2^192,16084804505133440192 + 10246011234210816978*2^64 + 18176887355951431392*2^128 + 16346764861*2^192,10002133867752836832 + 14334888593277383247*2^64 + 3802337498935450514*2^128 + 8106273228*2^192,2841438850329116992 + 17783150996543847693*2^64 + 12908647612534182456*2^128 + 13451598989*2^192,4865636025654025376 + 1965327197963477965*2^64 + 3535939902175024938*2^128 + 9627364149*2^192,3799451520639078704 + 5246008804096528828*2^64 + 4505702744313850534*2^128 + 15208042350*2^192,5119068932935165440 + 15078099219023337177*2^64 + 17363642756779615989*2^128 + 33691230512*2^192,7138004696047943488 + 5593905833906473651*2^64 + 13163490630195494524*2^128 + 21297472365*2^192,1352288739445467648 + 2088930139830824978*2^64 + 1612082458925533442*2^128 + 12433704029*2^192,15482334743903885792 + 7799615580347834476*2^64 + 1417100146682136832*2^128 + 6933931380*2^192,11389519808573628288 + 14841558358779490876*2^64 + 17575181447071746393*2^128 + 9237274917*2^192,17824002462000702048 + 9493754888128369448*2^64 + 14648768127702370029*2^128 + 23595304638*2^192,2919680941640152576 + 779834168459848384*2^64 + 5780068551256516874*2^128 + 3210770733*2^192;\
11108628912476158848 + 1605098572207931488*2^64 + 16231194840941406231*2^128 + 1405305272*2^192,12956777418707801600 + 17306445964211716892*2^64 + 9970886484734582888*2^128 + 706150894*2^192,12405680954459352480 + 2413573638249958896*2^64 + 3590588981974441999*2^128 + 11815406846*2^192,17022744986198793536 + 11733822945011671238*2^64 + 46549632604917704*2^128 + 578428756*2^192,15083422303960652800 + 13169125838828454578*2^64 + 1742072711690457461*2^128 + 6945453975*2^192,2536546883508171904 + 4582429349167877366*2^64 + 11346828500414156346*2^128 + 3029435707*2^192,12611336948698535488 + 52242162038445401*2^64 + 13411645271630895929*2^128 + 29629147604*2^192,6655850766174212864 + 1611172581914580929*2^64 + 15486918326271492993*2^128 + 26600371650*2^192,2555510632377091072 + 6477366428596372578*2^64 + 5340962782369537309*2^128 + 18934190195*2^192,6229146188751659968 + 8683818941750004608*2^64 + 11655626676033151147*2^128 + 21362618230*2^192,14546599558566952448 + 14885261555307301134*2^64 + 17095066543707171358*2^128 + 27907341129*2^192,10510459948510561792 + 13208022678354191640*2^64 + 4544271239864615131*2^128 + 16634409634*2^192,15639131598958563008 + 15108692594100046092*2^64 + 4439105144283380610*2^128 + 17044916895*2^192,572861383354618368 + 7668977644222831091*2^64 + 7744179469095055173*2^128 + 14951421629*2^192,4650398584101920768 + 17351977718737379856*2^64 + 16942297208599439088*2^128 + 31532733227*2^192,1852019090036553728 + 13327838280382586005*2^64 + 13169513978287607235*2^128 + 5267525415*2^192,3106451137495076352 + 14101538391816897305*2^64 + 1343136630842281230*2^128 + 32076365130*2^192,1402016000895498752 + 5574362070793304744*2^64 + 3793956734346212995*2^128 + 20621903856*2^192,16643468066052086272 + 7367101265390405947*2^64 + 7655933501585651007*2^128 + 7257370392*2^192,13016088297754993664 + 5489948496493553345*2^64 + 6296049358537892283*2^128 + 14500276626*2^192;\
8244126294027074172 + 849464348829260632*2^64 + 15487317859804852990*2^128 + 26453958542*2^192,7047503452176182360 + 10836035283476898822*2^64 + 8876425490289686097*2^128 + 33390723958*2^192,3083529528986240495 + 14705946508087700138*2^64 + 10714735003178042509*2^128 + 8486749891*2^192,7675237737806877966 + 10009141693591123159*2^64 + 10910388199940399524*2^128 + 28117649021*2^192,2348158875903905216 + 11322689523296943626*2^64 + 7180942968482820999*2^128 + 33459435303*2^192,17558984004593397288 + 5135925471171578295*2^64 + 11778222220194738008*2^128 + 26092288085*2^192,15909507358983016176 + 16178659257460224552*2^64 + 8252105194981195670*2^128 + 9242397838*2^192,11391663780821733224 + 15070018728085469186*2^64 + 3153585536492751320*2^128 + 3243448219*2^192,12370718268051797312 + 6500717139472774436*2^64 + 18260333958328349961*2^128 + 667330782*2^192,777093079057539488 + 1507304848872923351*2^64 + 15183964854089646304*2^128 + 5355329532*2^192,7588457374078478880 + 5986911528384761574*2^64 + 9993755532066328199*2^128 + 10410425535*2^192,14136665011035697200 + 17314360457224496523*2^64 + 4431549144921704004*2^128 + 22094233523*2^192,9618483218448993048 + 185172661572996725*2^64 + 4636086862403869378*2^128 + 33029778032*2^192,4750076662424600880 + 2610431743364203765*2^64 + 4645653485492808099*2^128 + 25752859111*2^192,11319797409965641664 + 1364450756969554330*2^64 + 8839118345999418865*2^128 + 24444121737*2^192,10127137067515869088 + 8650736117441913386*2^64 + 16346763925038915944*2^128 + 9577475145*2^192,3767095790581367184 + 15275408837971196671*2^64 + 18164841997208862687*2^128 + 23146736950*2^192,8088337305674030304 + 8017851030800267226*2^64 + 12298696313342539972*2^128 + 26196813344*2^192,13993330362140460720 + 17022275414154412532*2^64 + 14578946722291921984*2^128 + 33404102947*2^192,10794877276688619040 + 16404211619189490888*2^64 + 6180162830641066943*2^128 + 16783180345*2^192;\
1334005147005219616 + 9277446261978905023*2^64 + 10571954335222507034*2^128 + 27906209504*2^192,1984348076052939712 + 7184168617322839195*2^64 + 5834413742619149654*2^128 + 18661524334*2^192,12808978118862466812 + 14822449578887211332*2^64 + 9609074976294459937*2^128 + 28218954209*2^192,15586593012042025032 + 16462781194293796618*2^64 + 8604939844517069275*2^128 + 12088621086*2^192,18299433572101258464 + 13855638315182000458*2^64 + 16754775325309382835*2^128 + 29237733360*2^192,12945558096489321216 + 8062619181129145032*2^64 + 6953087652796146267*2^128 + 14462828567*2^192,7249553006989785632 + 3960077057457098999*2^64 + 2418216831848747033*2^128 + 19792913790*2^192,15638243866075677184 + 6345897945724192851*2^64 + 5318176970104019208*2^128 + 32784019031*2^192,9212220299464694208 + 5511916181951189846*2^64 + 8437024972068899790*2^128 + 21564204543*2^192,2528116179572555200 + 15281620751370964287*2^64 + 8200972151076075442*2^128 + 7287652605*2^192,8317572601848373824 + 14134056822464017129*2^64 + 455153344041022919*2^128 + 30645374659*2^192,15745445407001668480 + 9571658200847050936*2^64 + 12182537652545716407*2^128 + 498755039*2^192,11203487547080853248 + 16526104193351257099*2^64 + 18227619272044818813*2^128 + 7936994486*2^192,12287138017039456480 + 1374334625760856395*2^64 + 8132974852035832493*2^128 + 9192791056*2^192,12583188746188117184 + 15454102279712637012*2^64 + 5798537224642103686*2^128 + 5037946815*2^192,2138561458278750464 + 14918557530402412053*2^64 + 80439098029363017*2^128 + 26480698229*2^192,17832465824432575936 + 10018398721078161560*2^64 + 17412706770501124673*2^128 + 9736846244*2^192,7418299696769208704 + 13464839172760989195*2^64 + 16444406079922954814*2^128 + 28131794482*2^192,1019781308160541504 + 11141510541698094747*2^64 + 7320403437783723658*2^128 + 19252883589*2^192,1958393149629403136 + 4943883594236353490*2^64 + 5730651396711466288*2^128 + 26445092785*2^192;\
2863294582785318816 + 17518828921248294526*2^64 + 17260550407322123284*2^128 + 33212426739*2^192,5009568341287243840 + 213366320275075517*2^64 + 6428549127089307205*2^128 + 16458463841*2^192,5454424001831997648 + 7943860527470469519*2^64 + 4443919320335598496*2^128 + 6186025234*2^192,695331530728944544 + 10095575629605373744*2^64 + 2502525656652852770*2^128 + 29540064785*2^192,1702837992111957632 + 7808159610360500171*2^64 + 6480048577908099238*2^128 + 28513545337*2^192,14692845421051210880 + 1656358978951161952*2^64 + 18327017415544619455*2^128 + 20459198069*2^192,396925017705321728 + 13536352417187443728*2^64 + 2487589377230916151*2^128 + 11187560373*2^192,18094396218585895168 + 17315738105742932568*2^64 + 6548094501573329014*2^128 + 31446133346*2^192,781051098259929088 + 8383650867449738571*2^64 + 5782369949750689694*2^128 + 22429283757*2^192,754024152080175744 + 11789227094539658966*2^64 + 9717507756826764124*2^128 + 16125397710*2^192,2829736927083336960 + 16823651861489962410*2^64 + 4754253609829577408*2^128 + 33304208416*2^192,13741211703441846528 + 17401921934019718390*2^64 + 10336065738142660403*2^128 + 23779000375*2^192,15336555473083834496 + 11204934684439430563*2^64 + 7488670353446067423*2^128 + 20853619331*2^192,6641717415441554176 + 1647249982111833579*2^64 + 710511210556605707*2^128 + 28629068569*2^192,4049559792068743680 + 3294293782719717285*2^64 + 10026546269873959515*2^128 + 4723106834*2^192,15522871293917189504 + 5407745811851991096*2^64 + 7218969453156816662*2^128 + 30429459091*2^192,18404853211010480640 + 3036677287730584551*2^64 + 8215557129237728809*2^128 + 2145818566*2^192,5877308536733187840 + 4144925995237935451*2^64 + 10681155630746727434*2^128 + 1628910567*2^192,10545686359426453504 + 7313509524672774811*2^64 + 9125797947502568831*2^128 + 14372187714*2^192,16979433993749306112 + 10570254328619619874*2^64 + 15013133603780573540*2^128 + 10363179360*2^192;\
6852289918510503672 + 2783612366174315782*2^64 + 830254474006341407*2^128 + 6941784800*2^192,9148131073970123824 + 2630512801809636187*2^64 + 10575663118621623406*2^128 + 31798350828*2^192,6098573457657385444 + 480213320917188581*2^64 + 14685282385173034932*2^128 + 26106421597*2^192,4516973578738882344 + 11776095023652564471*2^64 + 4710625445338678808*2^128 + 3986824547*2^192,11810734983675090560 + 6524550560407920106*2^64 + 17257316023424599741*2^128 + 29300983294*2^192,9540113018221376512 + 11093576911089296379*2^64 + 4694632889407309825*2^128 + 32289178091*2^192,15928619636758669856 + 14544782817451940063*2^64 + 12667959676917746445*2^128 + 18691284427*2^192,7468691264284956704 + 12902222829144372080*2^64 + 14972344194307729128*2^128 + 465377237*2^192,16748529249093168448 + 14362648579443819401*2^64 + 12855132184380748499*2^128 + 27330773602*2^192,18220793336802463712 + 15347728715947659704*2^64 + 10673964955705240801*2^128 + 14394955370*2^192,13040302686534925952 + 2782243235025474092*2^64 + 1211568579908459689*2^128 + 13873970953*2^192,17143349905669988160 + 17329017732162074541*2^64 + 7155975702618768413*2^128 + 10041652271*2^192,17490268544637850816 + 11378277669995787376*2^64 + 6785479526246133399*2^128 + 25566903856*2^192,8874163383696353376 + 315892824077398621*2^64 + 3268722912077913271*2^128 + 13085344334*2^192,18041748184630685120 + 13612317481428422178*2^64 + 13406076817424805591*2^128 + 5766005088*2^192,5799274653110921408 + 1214174870578543205*2^64 + 1819612976364742076*2^128 + 4965633931*2^192,8257607825979165376 + 10741069392297602315*2^64 + 154193121332601263*2^128 + 24116709754*2^192,1345996313835262144 + 18280649558357688387*2^64 + 17359483856287686931*2^128 + 26121501138*2^192,14536603266041439104 + 1457428046814183818*2^64 + 195807408561064785*2^128 + 15905309729*2^192,17686182918123265728 + 15206247831543703216*2^64 + 4881261502195682084*2^128 + 26207460689*2^192;\
5767593131920593368 + 16719367554314523945*2^64 + 7429530915197774779*2^128 + 19585526699*2^192,4279270500941350640 + 17334199989390953301*2^64 + 2954378597666492362*2^128 + 26464180873*2^192,8449857125292391140 + 10801837332818965630*2^64 + 6403360964116340800*2^128 + 13332785057*2^192,12292938232668251976 + 8880283669726470908*2^64 + 6124531311739585138*2^128 + 31469562595*2^192,17290662609094437696 + 901296006835689985*2^64 + 8432891182360022360*2^128 + 2751408115*2^192,7306369061181836480 + 5240968544021104967*2^64 + 6805979869074864672*2^128 + 13563953476*2^192,5644428765771109600 + 7238082655311575558*2^64 + 15162281232590096735*2^128 + 3817793122*2^192,9151049568973129696 + 5426136973350672914*2^64 + 15844833873714555816*2^128 + 12667170803*2^192,3032343328115897280 + 15459395820664685853*2^64 + 12555082400123412779*2^128 + 23846142545*2^192,6176518534605388640 + 450815149963807968*2^64 + 12975422409592519060*2^128 + 16584255171*2^192,14455033384737378048 + 8270123197019745804*2^64 + 12111284344649504819*2^128 + 11667585486*2^192,5029239900696529728 + 13886954618860629587*2^64 + 6437783993109471037*2^128 + 34038990971*2^192,3299111556338067200 + 4208886723031347095*2^64 + 15694884944140587997*2^128 + 16710830725*2^192,12549881153160129952 + 3468087885233100810*2^64 + 7927992282950357804*2^128 + 33235190382*2^192,9750280291548083264 + 16386246174413700824*2^64 + 8788174368496921627*2^128 + 4504591342*2^192,18354588664498509504 + 583847055885404281*2^64 + 7673053815883996495*2^128 + 34255043310*2^192,6512720196950391104 + 13441172807530376647*2^64 + 1043202553290038415*2^128 + 26388017261*2^192,1503740606243892928 + 7576877861335310291*2^64 + 16955375683060404799*2^128 + 25021241769*2^192,9486962288223111808 + 335558626559416512*2^64 + 1467003126263772407*2^128 + 837846883*2^192,8907127154205480128 + 15461431892106464752*2^64 + 11903727630188438585*2^128 + 18412277625*2^192;\
4290821803690394496 + 4120545447273936741*2^64 + 3612937689786850146*2^128 + 4365456425*2^192,4377574575789127168 + 1595421487295325778*2^64 + 18133878794320151660*2^128 + 32463673457*2^192,15804155388516244816 + 16350589372252952933*2^64 + 17653776627775270087*2^128 + 25267380743*2^192,15906458086855215616 + 5039286305680169617*2^64 + 97397237406277004*2^128 + 23341971492*2^192,12185135679615476096 + 6896022000896948476*2^64 + 1521464199566087307*2^128 + 26542495690*2^192,16359729594853138560 + 8216152606895806896*2^64 + 9619793506581159984*2^128 + 18739801269*2^192,16614730069014958592 + 6348349737892075473*2^64 + 5059647244565434733*2^128 + 8416173949*2^192,1961013656140248576 + 12501739977626543899*2^64 + 18279098335209846438*2^128 + 206445938*2^192,17278594049849266944 + 3661095639186414550*2^64 + 284928138107049526*2^128 + 20316586031*2^192,8138167315774876544 + 1136115330522345746*2^64 + 11735349470633961477*2^128 + 24294578241*2^192,17962411007943317376 + 9969866293017359946*2^64 + 14083606450723240955*2^128 + 390987644*2^192,3414342270584614528 + 5018863511291568107*2^64 + 6399992106242803468*2^128 + 17592290054*2^192,15041393788868952064 + 10413769189163280350*2^64 + 17391815418650212352*2^128 + 18150397077*2^192,14538877051588763776 + 10921808721266427656*2^64 + 12346098272143663492*2^128 + 8672308483*2^192,4979877667913861888 + 6345715696302522480*2^64 + 4556178027783869290*2^128 + 30270112796*2^192,2910226273121047808 + 5240084499753120236*2^64 + 15303940393781041812*2^128 + 3231102024*2^192,1412625422030271616 + 14770858590061476367*2^64 + 18200780548279958669*2^128 + 12267776216*2^192,11354610861138481920 + 1816511514994087647*2^64 + 13538060318089668384*2^128 + 26418236494*2^192,15087002052840370560 + 13960973632620447800*2^64 + 12841319117401732520*2^128 + 10514657646*2^192,5225025069263507200 + 17599704080498648058*2^64 + 7922423934385815142*2^128 + 17790551382*2^192;\
9084136027680997600 + 1861134224881200133*2^64 + 17304423392534217471*2^128 + 28067152745*2^192,5331279786971659520 + 6724114281665564792*2^64 + 14816628576708066753*2^128 + 30300697337*2^192,14707505336343412254 + 17293992097855773935*2^64 + 7408077606478159124*2^128 + 19189309733*2^192,12488681109654943468 + 1678276312041729669*2^64 + 9757433497719737496*2^128 + 16421471810*2^192,3698297263421750464 + 10972708239492681255*2^64 + 13469730717043023465*2^128 + 30303226740*2^192,4824378470705010608 + 10756876990269916259*2^64 + 7051402347150770345*2^128 + 12110706909*2^192,886997626044554112 + 16571759102308616321*2^64 + 17078755554992617972*2^128 + 32290267673*2^192,3782876763060629072 + 10570207694643433169*2^64 + 2347085649397197258*2^128 + 28336540107*2^192,15008492657723324992 + 6065956234293275139*2^64 + 5640062894671734067*2^128 + 20341216810*2^192,9479824184509966112 + 5239849294551831898*2^64 + 4301803897150920717*2^128 + 24561177156*2^192,16028918724896527680 + 13648200697159071356*2^64 + 3169244301058052373*2^128 + 9230579993*2^192,14196926283349723360 + 10642244812011398333*2^64 + 7286311338452296171*2^128 + 32631043100*2^192,8367415676439938320 + 8700516982534520343*2^64 + 7327801704886794668*2^128 + 14136748467*2^192,15637255977485212480 + 108567283285704378*2^64 + 6441775965003417384*2^128 + 10734652592*2^192,2768690622185501120 + 3044912025583288028*2^64 + 7944839567624219801*2^128 + 27153182208*2^192,13840445112384215040 + 4602632159712935790*2^64 + 16453979902652714733*2^128 + 33251780832*2^192,15393243586259486880 + 12754030413965869326*2^64 + 4714104553987098042*2^128 + 4160766895*2^192,6418541221846798208 + 16313255103870561459*2^64 + 15533360056537159101*2^128 + 20623357892*2^192,13919186983890159904 + 2034996450637232278*2^64 + 12545982454046841623*2^128 + 24533583830*2^192,5120670961459041664 + 4443738238415417663*2^64 + 13569060988484426663*2^128 + 24936841301*2^192]
/* 
This matrix times 2^(-5) should be the matrix of frobenius.
*/ 
B = 2^(-5) * A; 
/* Freed 6290 lists. */
The sign is: -1
The characteristic polynomial is: x^20 - 2*x^18 - 2*x^16 + 19*x^15 + 28*x^14 + 8*x^13 - 48*x^12 - 288*x^11 + 1152*x^9 + 768*x^8 - 512*x^7 - 7168*x^6 - 19456*x^5 + 8192*x^4 + 131072*x^2 - 1048576
Its Newton polygon is: [2, 2, 2, 2, 2, 1, 1, 1, 1, 1, 1, 1, 1, 1, 1, 0, 0, 0, 0, 0]
Its factorization is: [x - 2, 1; x + 2, 1; x^18 + 2*x^16 + 6*x^14 + 19*x^13 + 52*x^12 + 84*x^11 + 160*x^10 + 48*x^9 + 640*x^8 + 1344*x^7 + 3328*x^6 + 4864*x^5 + 6144*x^4 + 32768*x^2 + 262144, 1]
The valuation of f-g is: 24
The valuation of subst(g,x,A) is: 19
