/* Comments begin... 
No set up needed.

Please input coefficients below.
Coefficient of   x^23                     = Coefficient of   x^12 * w^2               = Coefficient of   x^6 * y^6 * w^1         = Coefficient of   x^5 * y^5 * z^1 * w^1   = Coefficient of   x^4 * y^4 * z^2 * w^1   = Coefficient of   x^3 * y^3 * z^3 * w^1   = Coefficient of   x^2 * y^2 * z^4 * w^1   = Coefficient of   x^1 * y^1 * z^5 * w^1   = Coefficient of   x^1 * w^4               = Coefficient of   y^12                     = Coefficient of   z^6 * w^1               = 
Here is the polynomial we're using this time:

1 + 0*2^64 + 0*2^128 + 0*2^192*x^23 + 1 + 0*2^64 + 0*2^128 + 0*2^192*x^12*w^2 + 1 + 0*2^64 + 0*2^128 + 0*2^192*x^6*y^6*w^1 + 1 + 0*2^64 + 0*2^128 + 0*2^192*x^5*y^5*z^1*w^1 + 1 + 0*2^64 + 0*2^128 + 0*2^192*x^4*y^4*z^2*w^1 + 1 + 0*2^64 + 0*2^128 + 0*2^192*x^3*y^3*z^3*w^1 + 1 + 0*2^64 + 0*2^128 + 0*2^192*x^1*y^1*z^5*w^1 + 1 + 0*2^64 + 0*2^128 + 0*2^192*x^1*w^4 + 1 + 0*2^64 + 0*2^128 + 0*2^192*y^12 + 1 + 0*2^64 + 0*2^128 + 0*2^192*z^6*w^1


Allocate G_len 20 elements and old = 0.
Allocate M_len = 400 elements.
Allocate G_len 40 elements and old = 20.
Allocate M_len = 800 elements.
Allocate G_len 80 elements and old = 40.
Allocate M_len = 1600 elements.
Allocate M_len = 3200 elements.
Allocate G_len 160 elements and old = 80.
Allocate M_len = 6400 elements.
Allocate M_len = 12800 elements.
Allocate G_len 320 elements and old = 160.
Allocate M_len = 25600 elements.
Allocate M_len = 51200 elements.
Allocate G_len 640 elements and old = 320.
Allocate M_len = 102400 elements.
Allocate M_len = 204800 elements.
Allocate G_len 1280 elements and old = 640.
Allocate M_len = 409600 elements.
Allocate M_len = 819200 elements.
The final length of G is 810
[5, 5, 0, 1, 0]  	241	5 
[5, 4, 1, 1, 0]  	253	6 
[22, 0, 0, 0, 0]  	264	8  <--- 1
[12, 0, 0, 2, 0]  	276	3 
[4, 3, 4, 1, 0]  	323	6 
[3, 2, 5, 1, 0]  	323	6 
[16, 6, 0, 0, 0]  	330	13 
[9, 2, 4, 1, 0]  	360	12 
[6, 13, 0, 0, 0]  	371	9 
[10, 11, 0, 0, 0]  	373	16 
[9, 12, 0, 0, 0]  	384	15 
[10, 10, 1, 0, 0]  	385	12 
[10, 3, 2, 2, 0]  	391	10 
[7, 12, 1, 0, 0]  	395	12 
[21, 5, 1, 0, 0]  	402	15 
[10, 2, 3, 2, 0]  	403	10 
[9, 10, 2, 0, 0]  	408	15 
[8, 9, 3, 0, 0]  	408	15 
[21, 4, 2, 0, 0]  	414	15 
[8, 2, 4, 2, 0]  	414	8 
[10, 1, 4, 2, 0]  	415	11 
[6, 12, 2, 0, 0]  	418	11 
[8, 11, 2, 0, 0]  	419	14 
[8, 8, 4, 0, 0]  	420	12 
[18, 3, 4, 0, 0]  	425	13 
[21, 3, 3, 0, 0]  	426	14 
[10, 0, 5, 2, 0]  	427	11 
[5, 1, 8, 1, 0]  	429	9 
[7, 0, 8, 1, 0]  	430	12 
[6, 1, 6, 2, 0]  	437	8 
[20, 1, 5, 0, 0]  	438	13 
[4, 17, 0, 0, 0]  	439	12 
[7, 8, 5, 0, 0]  	443	15 
[20, 3, 2, 1, 0]  	445	21 
[14, 9, 2, 0, 0]  	445	20 
[6, 0, 7, 2, 0]  	449	9 
[9, 0, 6, 2, 0]  	450	11 
[4, 16, 1, 0, 0]  	451	7 
[2, 2, 9, 1, 0]  	451	6 
[6, 0, 9, 1, 0]  	453	11 
[7, 10, 4, 0, 0]  	454	13 
[6, 9, 5, 0, 0]  	454	13 
[7, 7, 6, 0, 0]  	455	12 
[6, 6, 7, 0, 0]  	455	12 
[20, 2, 3, 1, 0]  	457	21 
[14, 8, 3, 0, 0]  	457	19 
[21, 0, 6, 0, 0]  	462	12 
[2, 13, 4, 0, 0]  	463	6 
[6, 11, 4, 0, 0]  	465	12 
[6, 8, 6, 0, 0]  	466	14 
[5, 7, 7, 0, 0]  	466	14 
[16, 0, 6, 1, 0]  	468	19 
[20, 1, 4, 1, 0]  	469	18 
[14, 7, 4, 0, 0]  	469	19 
[5, 0, 8, 2, 0]  	472	7 
[3, 10, 4, 1, 0]  	472	7 
[2, 9, 5, 1, 0]  	472	7 
[5, 15, 2, 0, 0]  	475	7 
[3, 1, 10, 1, 0]  	475	7 
[5, 0, 10, 1, 0]  	476	10 
[5, 9, 6, 0, 0]  	477	12 
[5, 6, 8, 0, 0]  	478	13 
[4, 5, 9, 0, 0]  	478	14 
[11, 6, 6, 0, 0]  	480	17 
[20, 0, 5, 1, 0]  	481	17 
[14, 6, 5, 0, 0]  	481	17 
[2, 8, 6, 1, 0]  	484	7 
[20, 0, 7, 0, 0]  	485	13 
[2, 5, 8, 1, 0]  	485	8 
[2, 0, 0, 7, 0]  	486	7 
[5, 14, 3, 0, 0]  	487	8 
[4, 7, 8, 0, 0]  	489	12 
[4, 4, 10, 0, 0]  	490	13 
[11, 5, 7, 0, 0]  	492	18 
[2, 3, 4, 4, 0]  	497	8 
[4, 12, 5, 0, 0]  	499	10 
[9, 5, 8, 0, 0]  	503	16 
[8, 4, 9, 0, 0]  	503	15 
[17, 4, 6, 0, 0]  	506	14 
[2, 12, 4, 1, 0]  	506	6 
[19, 0, 8, 0, 0]  	508	11 
[2, 2, 5, 4, 0]  	509	8 
[4, 11, 6, 0, 0]  	511	10 
[4, 3, 0, 6, 0]  	513	14 
[6, 2, 0, 6, 0]  	514	15 
[16, 5, 6, 0, 0]  	517	15 
[17, 3, 7, 0, 0]  	518	17 
[3, 0, 10, 2, 0]  	518	6 
[18, 1, 8, 0, 0]  	519	14 
[1, 16, 4, 0, 0]  	520	7 
[4, 10, 7, 0, 0]  	523	10 
[4, 2, 1, 6, 0]  	525	12 
[4, 5, 1, 5, 0]  	528	10 
[2, 4, 8, 2, 0]  	528	6 
[16, 4, 7, 0, 0]  	529	16 
[17, 2, 8, 0, 0]  	530	15 
[18, 0, 9, 0, 0]  	531	13 
[4, 0, 12, 1, 0]  	534	9 
[3, 8, 9, 0, 0]  	535	11 
[3, 7, 4, 3, 0]  	535	11 
[3, 3, 1, 6, 0]  	536	12 
[4, 14, 1, 2, 0]  	537	13 
[17, 1, 9, 0, 0]  	542	16 
[1, 14, 6, 0, 0]  	544	7 
[3, 10, 8, 0, 0]  	546	9 
[3, 7, 10, 0, 0]  	547	11 
[3, 5, 0, 6, 0]  	547	12 
[3, 2, 2, 6, 0]  	548	12 
[15, 4, 8, 0, 0]  	552	14 
[17, 0, 10, 0, 0]  	554	14 
[3, 12, 7, 0, 0]  	557	9 
[2, 8, 10, 0, 0]  	558	9 
[2, 7, 5, 3, 0]  	558	9 
[3, 6, 11, 0, 0]  	559	10 
[2, 5, 12, 0, 0]  	559	10 
[2, 4, 7, 3, 0]  	559	10 
[3, 17, 2, 1, 0]  	563	6 
[1, 3, 10, 2, 0]  	563	6 
[2, 10, 9, 0, 0]  	569	8 
[8, 0, 6, 4, 0]  	570	11 
[2, 7, 11, 0, 0]  	570	10 
[2, 6, 6, 3, 0]  	570	9 
[2, 3, 8, 3, 0]  	571	9 
[2, 2, 3, 6, 0]  	571	9 
[16, 0, 11, 0, 0]  	577	12 
[4, 13, 1, 3, 0]  	580	11 
[4, 10, 3, 3, 0]  	581	8 
[2, 7, 0, 6, 0]  	581	9 
[2, 4, 2, 6, 0]  	582	8 
[1, 16, 2, 2, 0]  	582	8 
[3, 4, 13, 0, 0]  	583	11 
[4, 1, 9, 3, 0]  	584	11 
[11, 3, 11, 0, 0]  	586	13 
[15, 1, 11, 0, 0]  	588	13 
[4, 12, 2, 3, 0]  	592	9 
[4, 0, 8, 4, 0]  	592	8 
[3, 0, 14, 1, 0]  	592	7 
[2, 10, 4, 3, 0]  	592	8 
[2, 6, 1, 6, 0]  	593	8 
[3, 3, 14, 0, 0]  	595	10 
[2, 2, 15, 0, 0]  	595	9 
[2, 1, 10, 3, 0]  	595	9 
[3, 20, 1, 1, 0]  	597	7 
[15, 0, 12, 0, 0]  	600	14 
[2, 1, 14, 1, 0]  	603	6 
[1, 20, 0, 2, 0]  	604	7 
[1, 9, 11, 0, 0]  	604	6 
[1, 6, 13, 0, 0]  	605	7 
[1, 3, 15, 0, 0]  	606	8 
[1, 2, 10, 3, 0]  	606	7 
[4, 10, 0, 5, 0]  	608	10 
[10, 3, 12, 0, 0]  	609	11 
[1, 3, 0, 8, 0]  	609	6 
[14, 1, 12, 0, 0]  	611	13 
[2, 0, 15, 1, 0]  	615	5 
[1, 11, 10, 0, 0]  	615	5 
[1, 9, 0, 6, 0]  	615	5 
[1, 6, 2, 6, 0]  	616	5 
[1, 5, 14, 0, 0]  	617	7 
[1, 4, 9, 3, 0]  	617	5 
[1, 12, 0, 5, 0]  	618	8 
[1, 2, 16, 0, 0]  	618	8 
[3, 11, 0, 5, 0]  	619	8 
[2, 23, 0, 1, 0]  	619	8 
[10, 2, 13, 0, 0]  	621	10 
[1, 2, 1, 8, 0]  	621	6 
[13, 2, 12, 0, 0]  	622	13 
[2, 26, 0, 0, 0]  	622	10 
[14, 0, 13, 0, 0]  	623	12 
[1, 4, 13, 1, 0]  	625	6 
[1, 2, 3, 7, 0]  	625	6 
[1, 1, 15, 1, 0]  	626	6 
[1, 8, 1, 6, 0]  	627	4 
[0, 20, 1, 2, 0]  	627	4 
[1, 6, 8, 3, 0]  	628	4 
[1, 5, 3, 6, 0]  	628	4 
[0, 17, 3, 2, 0]  	628	4 
[1, 1, 0, 9, 0]  	629	5 
[3, 1, 5, 6, 0]  	630	8 
[1, 11, 1, 5, 0]  	630	7 
[9, 1, 3, 6, 0]  	632	10 
[1, 27, 0, 0, 0]  	633	7 
[1, 1, 2, 8, 0]  	633	6 
[13, 1, 13, 0, 0]  	634	12 
[1, 6, 12, 1, 0]  	636	6 
[1, 4, 2, 7, 0]  	636	6 
[1, 3, 14, 1, 0]  	637	5 
[1, 1, 4, 7, 0]  	637	5 
[2, 0, 10, 4, 0]  	638	5 
[1, 0, 16, 1, 0]  	638	5 
[0, 19, 2, 2, 0]  	639	4 
[1, 4, 4, 6, 0]  	640	3 
[0, 16, 4, 2, 0]  	640	5 
[2, 0, 12, 3, 0]  	642	6 
[1, 23, 1, 1, 0]  	642	7 
[3, 9, 2, 5, 0]  	643	5 
[2, 21, 2, 1, 0]  	643	5 
[13, 0, 14, 0, 0]  	646	9 
[3, 25, 1, 0, 0]  	646	10 
[2, 0, 14, 2, 0]  	646	6 
[3, 22, 3, 0, 0]  	647	6 
[1, 8, 11, 1, 0]  	647	6 
[1, 6, 1, 7, 0]  	647	6 
[1, 0, 5, 7, 0]  	649	5 
[0, 7, 14, 0, 0]  	651	2 
[0, 6, 9, 3, 0]  	651	2 
[0, 14, 0, 5, 0]  	652	3 
[0, 4, 16, 0, 0]  	652	3 
[0, 3, 11, 3, 0]  	652	3 
[1, 25, 0, 1, 0]  	653	6 
[6, 1, 16, 0, 0]  	655	6 
[3, 8, 3, 5, 0]  	655	6 
[2, 20, 3, 1, 0]  	655	6 
[3, 24, 2, 0, 0]  	658	6 
[1, 10, 10, 1, 0]  	658	6 
[1, 8, 0, 7, 0]  	658	6 
[0, 15, 9, 0, 0]  	660	5 
[0, 3, 15, 1, 0]  	660	4 
[0, 23, 0, 2, 0]  	661	5 
[0, 6, 15, 0, 0]  	663	1 
[0, 5, 10, 3, 0]  	663	1 
[0, 4, 5, 6, 0]  	663	1 
[0, 3, 0, 9, 0]  	663	1 
[1, 2, 6, 6, 0]  	664	3 
[0, 26, 0, 1, 0]  	664	3 
[0, 14, 6, 2, 0]  	664	3 
[0, 13, 1, 5, 0]  	664	3 
[0, 2, 12, 3, 0]  	664	3 
[1, 1, 18, 0, 0]  	665	5 
[1, 9, 9, 2, 0]  	666	5 
[0, 20, 4, 1, 0]  	666	4 
[1, 5, 6, 5, 0]  	667	7 
[11, 0, 4, 6, 0]  	668	12 
[12, 0, 15, 0, 0]  	669	8 
[3, 1, 8, 5, 0]  	669	9 
[2, 0, 9, 5, 0]  	669	8 
[1, 5, 8, 4, 0]  	671	5 
[0, 17, 8, 0, 0]  	671	5 
[1, 0, 0, 10, 0]  	672	5 
[0, 14, 10, 0, 0]  	672	4 
[0, 12, 0, 6, 0]  	672	4 
[0, 3, 6, 6, 0]  	675	1 
[0, 2, 1, 9, 0]  	675	1 
[1, 0, 2, 9, 0]  	676	3 
[0, 25, 1, 1, 0]  	676	4 
[0, 12, 2, 5, 0]  	676	4 
[1, 11, 8, 2, 0]  	677	5 
[6, 0, 6, 6, 0]  	678	6 
[0, 19, 5, 1, 0]  	678	5 
[7, 0, 17, 0, 0]  	679	7 
[1, 4, 7, 5, 0]  	679	7 
[11, 1, 15, 0, 0]  	680	13 
[0, 3, 10, 4, 0]  	683	3 
[0, 2, 7, 6, 0]  	687	1 
[0, 1, 2, 9, 0]  	687	1 
[1, 0, 8, 6, 0]  	688	3 
[0, 12, 8, 2, 0]  	688	3 
[1, 9, 4, 5, 0]  	689	3 
[0, 9, 10, 2, 0]  	689	3 
[0, 18, 6, 1, 0]  	690	5 
[1, 3, 8, 5, 0]  	691	6 
[11, 0, 16, 0, 0]  	692	10 
[0, 6, 14, 1, 0]  	694	3 
[0, 2, 11, 4, 0]  	695	3 
[0, 3, 18, 0, 0]  	699	1 
[0, 1, 8, 6, 0]  	699	1 
[0, 0, 3, 9, 0]  	699	1 
[1, 0, 14, 3, 0]  	700	3 
[0, 23, 3, 1, 0]  	700	3 
[0, 11, 9, 2, 0]  	700	3 
[3, 0, 19, 0, 0]  	701	4 
[1, 8, 5, 5, 0]  	701	3 
[0, 8, 11, 2, 0]  	701	3 
[0, 29, 1, 0, 0]  	702	5 
[0, 17, 7, 1, 0]  	702	5 
[1, 2, 9, 5, 0]  	703	7 
[0, 2, 17, 1, 0]  	707	3 
[0, 2, 19, 0, 0]  	711	1 
[0, 1, 14, 3, 0]  	711	1 
[0, 0, 9, 6, 0]  	711	1 
[0, 9, 5, 5, 0]  	712	2 
[0, 7, 12, 2, 0]  	713	3 
[0, 28, 2, 0, 0]  	714	5 
[0, 16, 8, 1, 0]  	714	4 
[1, 26, 3, 0, 0]  	715	5 
[0, 2, 6, 7, 0]  	718	2 
[0, 11, 2, 6, 0]  	719	3 
[0, 11, 4, 5, 0]  	723	1 
[0, 1, 20, 0, 0]  	723	1 
[0, 0, 15, 3, 0]  	723	1 
[0, 20, 0, 4, 0]  	724	2 
[0, 8, 6, 5, 0]  	724	2 
[0, 6, 13, 2, 0]  	725	3 
[0, 9, 0, 8, 0]  	735	1 
[0, 0, 21, 0, 0]  	735	1  <--- 3
[0, 32, 0, 0, 0]  	736	2  <--- 2
[0, 16, 3, 4, 0]  	737	3 
[0, 5, 14, 2, 0]  	737	3 
[0, 26, 4, 0, 0]  	738	4 
[0, 8, 1, 8, 0]  	747	1 
[0, 6, 8, 5, 0]  	748	2 
[0, 1, 19, 1, 0]  	754	2 
[0, 7, 2, 8, 0]  	759	1 
[1, 0, 12, 5, 0]  	762	6 
[0, 6, 3, 8, 0]  	771	1 
[0, 5, 4, 8, 0]  	783	1 
[0, 0, 0, 12, 0]  	792	1  <--- 4
[12, 0, 0, 1, 1]  	210	8 
[10, 3, 2, 1, 1]  	325	11 
[10, 2, 3, 1, 1]  	337	13 
[8, 2, 4, 1, 1]  	348	9 
[10, 1, 4, 1, 1]  	349	14 
[3, 14, 0, 0, 1]  	358	6 
[10, 0, 5, 1, 1]  	361	15 
[5, 13, 1, 0, 1]  	394	8 
[11, 0, 0, 4, 1]  	396	17 
[9, 11, 1, 0, 1]  	396	15 
[4, 13, 2, 0, 1]  	417	8 
[8, 1, 5, 2, 1]  	426	9 
[8, 0, 6, 2, 1]  	438	10 
[3, 13, 3, 0, 1]  	440	7 
[7, 11, 3, 0, 1]  	442	13 
[6, 7, 6, 0, 1]  	443	15 
[2, 14, 3, 0, 1]  	451	6 
[5, 1, 7, 2, 1]  	460	7 
[4, 12, 2, 1, 1]  	460	7 
[11, 7, 5, 0, 1]  	468	18 
[3, 13, 2, 1, 1]  	471	6 
[4, 4, 2, 4, 1]  	474	10 
[1, 14, 4, 0, 1]  	474	6 
[4, 1, 8, 2, 1]  	483	6 
[3, 12, 3, 1, 1]  	483	7 
[3, 0, 9, 2, 1]  	483	6 
[19, 2, 6, 0, 1]  	484	14 
[3, 8, 0, 4, 1]  	484	8 
[3, 5, 2, 4, 1]  	485	9 
[2, 17, 2, 0, 1]  	485	8 
[5, 11, 5, 0, 1]  	488	11 
[17, 5, 5, 0, 1]  	494	14 
[2, 9, 0, 4, 1]  	495	6 
[19, 1, 7, 0, 1]  	496	14 
[2, 7, 7, 1, 1]  	496	7 
[3, 4, 3, 4, 1]  	497	9 
[4, 9, 7, 0, 1]  	500	11 
[18, 2, 7, 0, 1]  	507	15 
[2, 8, 1, 4, 1]  	507	6 
[9, 3, 2, 4, 1]  	511	14 
[3, 7, 9, 0, 1]  	512	12 
[2, 7, 2, 4, 1]  	519	6 
[1, 4, 10, 1, 1]  	520	7 
[9, 2, 3, 4, 1]  	523	15 
[6, 3, 11, 0, 1]  	526	13 
[9, 1, 0, 6, 1]  	527	12 
[3, 4, 2, 5, 1]  	528	10 
[2, 16, 2, 1, 1]  	528	6 
[2, 1, 10, 2, 1]  	529	6 
[2, 6, 3, 4, 1]  	531	7 
[7, 2, 4, 4, 1]  	534	13 
[9, 1, 4, 4, 1]  	535	14 
[3, 5, 11, 0, 1]  	536	11 
[16, 3, 8, 0, 1]  	541	15 
[2, 0, 11, 2, 1]  	541	6 
[1, 4, 5, 4, 1]  	543	6 
[1, 2, 12, 1, 1]  	544	7 
[7, 1, 5, 4, 1]  	546	12 
[9, 0, 5, 4, 1]  	547	12 
[3, 4, 12, 0, 1]  	548	12 
[5, 3, 12, 0, 1]  	549	12 
[5, 1, 2, 6, 1]  	549	13 
[8, 1, 1, 6, 1]  	550	10 
[2, 4, 3, 5, 1]  	551	8 
[1, 3, 6, 4, 1]  	555	6 
[5, 1, 6, 4, 1]  	557	12 
[2, 16, 1, 2, 1]  	559	10 
[3, 3, 13, 0, 1]  	560	11 
[5, 2, 13, 0, 1]  	561	12 
[1, 2, 7, 4, 1]  	567	6 
[5, 0, 7, 4, 1]  	569	11 
[2, 18, 0, 2, 1]  	570	10 
[2, 15, 2, 2, 1]  	571	9 
[2, 4, 13, 0, 1]  	571	9 
[6, 0, 3, 6, 1]  	573	11 
[1, 13, 0, 4, 1]  	575	7 
[1, 1, 8, 4, 1]  	579	6 
[3, 0, 8, 4, 1]  	580	8 
[1, 18, 1, 2, 1]  	593	7 
[1, 7, 12, 0, 1]  	593	7 
[1, 15, 3, 2, 1]  	594	8 
[3, 1, 4, 6, 1]  	595	9 
[5, 0, 4, 6, 1]  	596	10 
[4, 1, 15, 0, 1]  	596	10 
[1, 18, 3, 1, 1]  	597	7 
[1, 2, 6, 5, 1]  	598	7 
[14, 2, 11, 0, 1]  	599	13 
[2, 12, 3, 3, 1]  	603	8 
[2, 0, 9, 4, 1]  	603	6 
[1, 5, 8, 3, 1]  	605	6 
[3, 0, 5, 6, 1]  	607	8 
[2, 1, 5, 6, 1]  	618	9 
[3, 1, 16, 0, 1]  	619	8 
[0, 13, 0, 5, 1]  	629	5 
[1, 24, 0, 1, 1]  	630	7 
[1, 12, 6, 2, 1]  	630	7 
[3, 0, 17, 0, 1]  	631	8 
[1, 14, 3, 3, 1]  	637	6 
[0, 8, 13, 0, 1]  	639	3 
[0, 4, 10, 3, 1]  	640	3 
[1, 1, 6, 6, 1]  	641	7 
[1, 0, 1, 9, 1]  	641	6 
[0, 13, 6, 2, 1]  	641	5 
[2, 1, 17, 0, 1]  	642	6 
[1, 8, 9, 2, 1]  	643	5 
[1, 7, 4, 5, 1]  	643	5 
[1, 0, 3, 8, 1]  	645	6 
[0, 16, 8, 0, 1]  	648	5 
[0, 15, 5, 2, 1]  	652	3 
[1, 1, 12, 3, 1]  	653	6 
[1, 0, 7, 6, 1]  	653	5 
[0, 24, 1, 1, 1]  	653	5 
[1, 22, 2, 1, 1]  	654	6 
[1, 12, 3, 4, 1]  	657	7 
[0, 18, 7, 0, 1]  	659	5 
[1, 0, 11, 4, 1]  	661	5 
[0, 3, 17, 0, 1]  	664	3 
[1, 0, 13, 3, 1]  	665	5 
[0, 29, 0, 0, 1]  	667	6 
[1, 24, 3, 0, 1]  	669	7 
[0, 20, 6, 0, 1]  	670	5 
[1, 10, 3, 5, 1]  	677	4 
[0, 28, 1, 0, 1]  	679	6 
[0, 18, 2, 3, 1]  	682	4 
[0, 15, 4, 3, 1]  	683	3 
[0, 13, 11, 0, 1]  	684	5 
[0, 11, 3, 5, 1]  	688	3 
[2, 0, 19, 0, 1]  	689	4 
[0, 27, 2, 0, 1]  	691	6 
[0, 14, 5, 3, 1]  	695	3 
[0, 19, 0, 4, 1]  	701	3 
[0, 26, 3, 0, 1]  	703	6 
[0, 18, 1, 4, 1]  	713	3 
[0, 17, 2, 4, 1]  	725	3 
[0, 1, 7, 7, 1]  	730	2 
[0, 11, 8, 3, 1]  	731	3 
[0, 7, 7, 5, 1]  	736	2 
[3, 3, 3, 1, 2]  	276	4 
[8, 1, 5, 1, 2]  	360	12 
[8, 12, 0, 0, 2]  	372	13 
[7, 1, 6, 1, 2]  	383	11 
[9, 0, 6, 1, 2]  	384	14 
[6, 1, 7, 1, 2]  	406	10 
[8, 0, 7, 1, 2]  	407	13 
[4, 6, 0, 4, 2]  	450	10 
[3, 7, 0, 4, 2]  	461	9 
[4, 5, 1, 4, 2]  	462	11 
[3, 4, 2, 4, 2]  	462	10 
[4, 12, 4, 0, 2]  	464	9 
[3, 6, 1, 4, 2]  	473	9 
[3, 12, 5, 0, 2]  	487	8 
[3, 5, 10, 0, 2]  	501	13 
[11, 4, 8, 0, 2]  	504	15 
[15, 5, 6, 0, 2]  	505	17 
[2, 5, 3, 4, 2]  	508	7 
[4, 12, 0, 3, 2]  	522	9 
[4, 11, 1, 3, 2]  	534	9 
[2, 7, 10, 0, 2]  	535	10 
[4, 3, 12, 0, 2]  	537	12 
[7, 1, 1, 6, 2]  	538	13 
[4, 10, 2, 3, 2]  	546	9 
[2, 6, 11, 0, 2]  	547	10 
[7, 2, 12, 0, 2]  	550	13 
[10, 0, 1, 6, 2]  	551	10 
[1, 12, 0, 4, 2]  	552	6 
[16, 2, 9, 0, 2]  	553	16 
[7, 0, 6, 4, 2]  	558	11 
[1, 24, 0, 0, 2]  	564	6 
[16, 1, 10, 0, 2]  	565	17 
[4, 1, 3, 6, 2]  	572	10 
[1, 17, 3, 1, 2]  	574	7 
[1, 2, 11, 2, 2]  	575	6 
[15, 2, 10, 0, 2]  	576	16 
[3, 12, 2, 3, 2]  	580	8 
[2, 3, 14, 0, 2]  	583	10 
[4, 2, 14, 0, 2]  	584	9 
[4, 0, 4, 6, 2]  	584	9 
[14, 3, 10, 0, 2]  	587	13 
[1, 10, 10, 0, 2]  	592	7 
[1, 8, 6, 3, 2]  	604	6 
[2, 1, 16, 0, 2]  	607	9 
[1, 7, 7, 3, 2]  	616	5 
[1, 3, 4, 6, 2]  	617	6 
[0, 27, 0, 0, 2]  	621	6 
[1, 2, 5, 6, 2]  	629	6 
[0, 14, 5, 2, 2]  	629	6 
[2, 0, 6, 6, 2]  	630	8 
[2, 22, 1, 1, 2]  	631	7 
[1, 21, 2, 1, 2]  	631	6 
[0, 26, 1, 0, 2]  	633	6 
[0, 5, 15, 0, 2]  	640	4 
[1, 11, 7, 2, 2]  	642	6 
[2, 0, 18, 0, 2]  	654	6 
[1, 1, 14, 2, 2]  	657	6 
[9, 0, 16, 0, 2]  	668	8 
[1, 11, 4, 4, 2]  	669	6 
[0, 16, 3, 3, 2]  	671	4 
[0, 2, 18, 0, 2]  	676	3 
[0, 22, 5, 0, 2]  	681	5 
[1, 0, 10, 5, 2]  	692	6 
[0, 12, 12, 0, 2]  	696	4 
[1, 0, 20, 0, 2]  	712	2 
[0, 25, 4, 0, 2]  	715	6 
[0, 12, 7, 3, 2]  	719	3 
[0, 5, 9, 5, 2]  	760	2 
[4, 4, 1, 4, 3]  	439	10 
[5, 12, 3, 0, 3]  	441	10 
[4, 13, 1, 1, 3]  	448	7 
[4, 1, 9, 1, 3]  	452	8 
[2, 20, 0, 0, 3]  	484	7 
[8, 5, 8, 0, 3]  	491	16 
[14, 5, 6, 0, 3]  	493	17 
[2, 12, 0, 3, 3]  	498	6 
[1, 13, 0, 3, 3]  	509	6 
[10, 0, 0, 6, 3]  	516	12 
[4, 9, 2, 3, 3]  	523	10 
[3, 4, 0, 6, 3]  	524	11 
[1, 18, 3, 0, 3]  	531	6 
[2, 17, 0, 2, 3]  	547	11 
[1, 13, 5, 1, 3]  	552	7 
[3, 1, 3, 6, 3]  	560	11 
[15, 3, 9, 0, 3]  	564	17 
[2, 5, 1, 6, 3]  	570	9 
[3, 2, 14, 0, 3]  	572	10 
[9, 0, 2, 6, 3]  	574	10 
[4, 1, 7, 4, 3]  	580	10 
[1, 19, 0, 2, 3]  	581	8 
[2, 1, 4, 6, 3]  	583	9 
[1, 13, 8, 0, 3]  	591	6 
[1, 12, 3, 3, 3]  	591	6 
[1, 4, 14, 0, 3]  	594	8 
[1, 3, 9, 3, 3]  	594	7 
[2, 0, 5, 6, 3]  	595	9 
[1, 6, 9, 2, 3]  	597	6 
[1, 1, 1, 8, 3]  	598	6 
[1, 1, 5, 6, 3]  	606	7 
[1, 10, 5, 3, 3]  	615	5 
[0, 15, 4, 2, 3]  	617	5 
[0, 14, 9, 0, 3]  	637	5 
[0, 25, 0, 1, 3]  	641	5 
[0, 13, 10, 0, 3]  	649	5 
[1, 10, 8, 2, 3]  	654	5 
[8, 0, 16, 0, 3]  	656	8 
[12, 1, 14, 0, 3]  	657	14 
[0, 14, 4, 3, 3]  	660	4 
[1, 12, 9, 1, 3]  	669	6 
[0, 12, 6, 3, 3]  	684	4 
[0, 15, 8, 1, 3]  	691	5 
[0, 3, 5, 7, 3]  	706	2 
[0, 1, 13, 4, 3]  	742	2 
[1, 13, 5, 0, 4]  	486	6 
[4, 11, 0, 3, 4]  	499	9 
[9, 3, 10, 0, 4]  	527	14 
[1, 3, 11, 1, 4]  	532	7 
[9, 0, 1, 6, 4]  	539	11 
[2, 1, 7, 4, 4]  	556	7 
[3, 11, 2, 3, 4]  	557	8 
[2, 12, 8, 0, 4]  	580	7 
[1, 3, 5, 5, 4]  	586	7 
[1, 12, 9, 0, 4]  	603	6 
[7, 0, 16, 0, 4]  	644	8 
[0, 13, 5, 3, 4]  	672	4 
[0, 18, 0, 4, 4]  	678	4 
[0, 17, 1, 4, 4]  	690	4 
[0, 16, 2, 4, 4]  	702	4 
[0, 15, 3, 4, 4]  	714	4 
[0, 10, 4, 6, 4]  	766	2 
[2, 14, 0, 0, 5]  	346	6 
[7, 9, 4, 0, 5]  	431	14 
[3, 4, 11, 0, 5]  	513	13 
[8, 0, 2, 6, 5]  	562	11 
[2, 0, 17, 0, 5]  	619	7 
[6, 0, 16, 0, 5]  	632	8 
[10, 1, 14, 0, 5]  	633	9 
[0, 18, 5, 1, 5]  	655	5 
[0, 17, 6, 1, 5]  	667	5 
[8, 3, 10, 0, 6]  	515	16 
[1, 1, 7, 5, 6]  	610	7 
[5, 0, 16, 0, 6]  	620	9 
[9, 1, 14, 0, 6]  	621	9 
[1, 0, 19, 0, 6]  	677	4 
[8, 1, 14, 0, 7]  	609	9 
[1, 1, 11, 3, 7]  	618	7 
[0, 16, 7, 1, 7]  	679	5 
[7, 1, 14, 0, 8]  	597	10 
[4, 0, 16, 0, 9]  	608	8 
[6, 1, 14, 0, 10]  	585	11 
[2, 6, 2, 5, 245]  	562	7 
[2, 6, 7, 2, 246]  	539	8 
[2, 3, 8, 2, 247]  	505	5 
[1, 20, 2, 1, 247]  	608	6 
[1, 6, 4, 5, 247]  	620	5 
[2, 4, 8, 1, 248]  	462	6 
[1, 19, 2, 1, 248]  	585	6 
[1, 5, 4, 5, 248]  	597	5 
[2, 3, 8, 1, 249]  	439	5 
[2, 0, 14, 1, 249]  	580	6 
[6, 8, 5, 0, 250]  	431	13 
[2, 6, 6, 1, 250]  	438	6 
[2, 5, 7, 1, 250]  	450	6 
[2, 6, 2, 4, 250]  	496	6 
[1, 2, 6, 4, 250]  	532	7 
[1, 0, 6, 6, 250]  	618	6 
[1, 5, 1, 7, 250]  	624	5 
[1, 0, 15, 2, 250]  	669	5 
[2, 2, 6, 1, 251]  	346	5 
[2, 3, 5, 3, 251]  	466	9 
[2, 7, 5, 2, 251]  	492	6 
[3, 2, 1, 6, 251]  	513	11 
[8, 1, 0, 6, 251]  	515	12 
[3, 0, 13, 1, 251]  	557	8 
[2, 6, 0, 6, 251]  	558	9 
[1, 5, 9, 2, 251]  	574	6 
[1, 0, 2, 8, 251]  	610	4 
[0, 12, 1, 5, 251]  	641	3 
[0, 11, 0, 6, 251]  	649	2 
[1, 9, 3, 5, 251]  	654	4 
[0, 7, 11, 2, 251]  	678	2 
[0, 15, 2, 4, 251]  	679	4 
[0, 5, 13, 2, 251]  	702	3 
[2, 2, 5, 1, 252]  	311	5 
[7, 4, 9, 0, 252]  	491	13 
[4, 0, 11, 1, 252]  	499	7 
[3, 5, 1, 5, 252]  	516	9 
[1, 2, 0, 7, 252]  	520	5 
[3, 0, 12, 1, 252]  	522	6 
[3, 9, 8, 0, 252]  	523	9 
[2, 5, 11, 0, 252]  	524	10 
[1, 5, 4, 4, 252]  	531	5 
[1, 2, 10, 2, 252]  	540	3 
[1, 0, 2, 7, 252]  	544	4 
[1, 2, 15, 0, 252]  	583	6 
[1, 6, 3, 5, 252]  	585	3 
[1, 1, 12, 2, 252]  	587	5 
[1, 0, 9, 4, 252]  	591	3 
[1, 8, 0, 6, 252]  	592	5 
[0, 5, 10, 2, 252]  	597	2 
[1, 0, 15, 1, 252]  	603	3 
[0, 4, 11, 2, 252]  	609	2 
[0, 25, 1, 0, 252]  	610	4 
[0, 3, 12, 2, 252]  	621	2 
[0, 2, 13, 2, 252]  	633	2 
[0, 2, 15, 1, 252]  	637	2 
[0, 2, 0, 9, 252]  	640	1 
[0, 2, 10, 4, 252]  	660	2 
[0, 22, 3, 1, 252]  	677	3 
[0, 10, 9, 2, 252]  	677	2 
[0, 24, 4, 0, 252]  	692	5 
[0, 0, 18, 1, 252]  	696	1 
[0, 0, 8, 7, 252]  	742	1 
[5, 0, 9, 1, 253]  	441	5 
[6, 10, 4, 0, 253]  	442	7 
[4, 5, 0, 5, 253]  	493	10 
[1, 3, 10, 1, 253]  	497	2 
[1, 6, 3, 4, 253]  	519	3 
[1, 12, 1, 3, 253]  	521	5 
[0, 2, 10, 2, 253]  	528	1 
[2, 1, 12, 1, 253]  	533	2 
[2, 0, 13, 1, 253]  	545	3 
[2, 9, 9, 0, 253]  	546	7 
[2, 11, 4, 2, 253]  	549	5 
[2, 7, 1, 5, 253]  	550	6 
[1, 16, 3, 1, 253]  	551	4 
[0, 0, 14, 1, 253]  	556	1 
[1, 6, 8, 2, 253]  	562	1 
[2, 0, 8, 4, 253]  	568	3 
[2, 9, 4, 3, 253]  	569	7 
[1, 6, 12, 0, 253]  	570	6 
[1, 8, 7, 2, 253]  	573	4 
[1, 0, 1, 8, 253]  	575	5 
[5, 0, 15, 0, 253]  	585	7 
[0, 26, 0, 0, 253]  	598	5 
[13, 1, 12, 0, 253]  	599	7 
[1, 11, 2, 4, 253]  	599	4 
[0, 12, 0, 5, 253]  	606	2 
[0, 21, 0, 2, 253]  	615	4 
[1, 0, 8, 5, 253]  	622	4 
[0, 16, 0, 4, 253]  	632	4 
[0, 7, 8, 3, 253]  	639	2 
[1, 11, 9, 1, 253]  	646	6 
[0, 24, 3, 0, 253]  	657	4 
[0, 0, 8, 6, 253]  	676	1 
[0, 8, 5, 5, 253]  	689	2 
[0, 4, 4, 8, 253]  	760	1 
[2, 2, 4, 1, 254]  	276	3 
[6, 12, 0, 0, 254]  	348	7 
[8, 0, 6, 1, 254]  	372	11 
[6, 10, 2, 0, 254]  	372	6 
[5, 0, 8, 1, 254]  	406	4 
[5, 6, 7, 0, 254]  	443	7 
[3, 12, 2, 1, 254]  	448	5 
[3, 12, 4, 0, 254]  	452	7 
[3, 0, 10, 1, 254]  	452	3 
[0, 2, 10, 1, 254]  	462	1 
[10, 6, 6, 0, 254]  	468	10 
[10, 5, 7, 0, 254]  	480	10 
[2, 7, 1, 4, 254]  	484	6 
[2, 4, 3, 4, 254]  	485	6 
[0, 12, 6, 0, 254]  	486	2 
[1, 6, 8, 1, 254]  	496	1 
[3, 3, 0, 6, 254]  	501	10 
[1, 8, 7, 1, 254]  	507	4 
[1, 17, 3, 0, 254]  	508	7 
[1, 5, 9, 1, 254]  	508	3 
[8, 2, 11, 0, 254]  	527	10 
[1, 9, 9, 0, 254]  	534	2 
[2, 8, 0, 5, 254]  	538	7 
[1, 20, 0, 1, 254]  	538	3 
[2, 5, 2, 5, 254]  	539	7 
[1, 17, 2, 1, 254]  	539	4 
[0, 21, 0, 1, 254]  	549	2 
[1, 4, 9, 2, 254]  	551	4 
[1, 1, 11, 2, 254]  	552	4 
[14, 0, 11, 0, 254]  	553	10 
[1, 1, 13, 1, 254]  	556	3 
[1, 0, 8, 4, 254]  	556	2 
[2, 13, 3, 2, 254]  	560	5 
[0, 20, 1, 1, 254]  	561	2 
[1, 1, 0, 8, 254]  	563	5 
[13, 1, 11, 0, 254]  	564	10 
[2, 0, 10, 3, 254]  	572	2 
[0, 19, 2, 1, 254]  	573	2 
[1, 4, 4, 5, 254]  	574	4 
[0, 16, 4, 1, 254]  	574	1 
[0, 25, 0, 0, 254]  	575	3 
[1, 6, 1, 6, 254]  	581	3 
[0, 18, 3, 1, 254]  	585	2 
[0, 15, 5, 1, 254]  	586	5 
[0, 14, 4, 2, 254]  	594	5 
[0, 3, 15, 0, 254]  	594	3 
[1, 11, 0, 5, 254]  	595	5 
[1, 11, 4, 3, 254]  	603	5 
[0, 11, 10, 0, 254]  	603	1 
[1, 4, 3, 6, 254]  	605	4 
[0, 15, 0, 4, 254]  	609	4 
[0, 10, 11, 0, 254]  	615	1 
[0, 7, 13, 0, 254]  	616	3 
[0, 9, 12, 0, 254]  	627	1 
[0, 2, 6, 6, 254]  	652	1 
[0, 9, 9, 2, 254]  	654	2 
[0, 0, 2, 9, 254]  	664	1 
[0, 6, 8, 4, 254]  	682	2 
[0, 1, 19, 0, 254]  	688	1 
[0, 4, 2, 8, 254]  	690	1 
[0, 8, 0, 8, 254]  	712	1 
[6, 6, 0, 0, 255]  	210	6 
[7, 1, 5, 1, 255]  	348	9 
[1, 0, 8, 1, 255]  	358	1 
[4, 6, 6, 0, 255]  	396	7 
[6, 0, 6, 2, 255]  	414	2 
[0, 0, 10, 1, 255]  	416	1 
[5, 5, 7, 0, 255]  	420	6 
[0, 16, 2, 0, 255]  	438	1 
[4, 5, 8, 0, 255]  	443	4 
[4, 4, 9, 0, 255]  	455	4 
[0, 20, 0, 0, 255]  	460	1 
[2, 8, 0, 4, 255]  	472	4 
[2, 5, 2, 4, 255]  	473	6 
[1, 0, 0, 7, 255]  	474	1 
[4, 11, 5, 0, 255]  	476	3 
[3, 2, 0, 6, 255]  	478	4 
[1, 9, 0, 4, 255]  	483	3 
[17, 0, 8, 0, 255]  	484	8 
[1, 19, 1, 0, 255]  	484	4 
[1, 12, 0, 3, 255]  	486	4 
[8, 0, 0, 6, 255]  	492	9 
[16, 4, 6, 0, 255]  	494	7 
[1, 8, 1, 4, 255]  	495	3 
[4, 8, 2, 3, 255]  	500	4 
[2, 2, 1, 6, 255]  	501	5 
[1, 4, 2, 5, 255]  	504	1 
[1, 7, 2, 4, 255]  	507	3 
[1, 4, 4, 4, 255]  	508	2 
[4, 10, 1, 3, 255]  	511	6 
[4, 1, 7, 3, 255]  	514	7 
[1, 8, 0, 5, 255]  	526	1 
[0, 5, 8, 2, 255]  	527	2 
[1, 15, 3, 1, 255]  	528	5 
[0, 0, 0, 8, 255]  	528	1 
[6, 1, 5, 4, 255]  	534	11 
[5, 0, 6, 4, 255]  	534	10 
[3, 11, 7, 0, 255]  	534	8 
[2, 12, 3, 2, 255]  	537	4 
[6, 0, 2, 6, 255]  	538	8 
[13, 0, 11, 0, 255]  	541	6 
[1, 9, 6, 2, 255]  	561	5 
[14, 2, 10, 0, 255]  	564	12 
[0, 1, 8, 4, 255]  	567	2 
[0, 2, 15, 0, 255]  	571	2 
[3, 0, 4, 6, 255]  	572	2 
[2, 1, 15, 0, 255]  	572	3 
[2, 11, 3, 3, 255]  	580	7 
[1, 7, 6, 3, 255]  	581	5 
[1, 5, 13, 0, 255]  	582	4 
[0, 11, 0, 5, 255]  	583	1 
[0, 2, 6, 5, 255]  	586	1 
[0, 4, 5, 5, 255]  	597	1 
[0, 0, 8, 5, 255]  	610	1 
[0, 14, 1, 4, 255]  	621	4 
[1, 1, 17, 0, 255]  	630	6 
[0, 13, 4, 3, 255]  	637	3 
[0, 0, 5, 7, 255]  	637	1 
[0, 1, 18, 0, 255]  	653	1 
------
The gap is between 11 and 244.
Lengths: 5 5 10 13 5 11.
For 692 = 3*d-d1-d2-d3-d4 you get 5 in char 0.
1 + 0*2^64 + 0*2^128 + 0*2^192*y^24*z^4
1 + 0*2^64 + 0*2^128 + 0*2^192*y^12*z^10*w^1
1 + 0*2^64 + 0*2^128 + 0*2^192*y^11*z^5*w^4
1 + 0*2^64 + 0*2^128 + 0*2^192*y^10*w^7
1 + 0*2^64 + 0*2^128 + 0*2^192*z^16*w^2

For 416 = 2*d-d1-d2-d3-d4 you get 10 in char 0.
1 + 0*2^64 + 0*2^128 + 0*2^192*x^5*y^4*w^4
1 + 0*2^64 + 0*2^128 + 0*2^192*x^4*y^3*z^1*w^4
1 + 0*2^64 + 0*2^128 + 0*2^192*x^3*y^2*z^2*w^4
1 + 0*2^64 + 0*2^128 + 0*2^192*x^2*y^2*z^8*w^1
1 + 0*2^64 + 0*2^128 + 0*2^192*x^2*y^1*z^3*w^4
1 + 0*2^64 + 0*2^128 + 0*2^192*x^1*y^13*z^3
1 + 0*2^64 + 0*2^128 + 0*2^192*x^1*y^1*z^9*w^1
1 + 0*2^64 + 0*2^128 + 0*2^192*x^1*z^4*w^4
1 + 0*2^64 + 0*2^128 + 0*2^192*y^12*z^4
1 + 0*2^64 + 0*2^128 + 0*2^192*z^10*w^1

For 140 = d-d1-d2-d3-d4 you get 5 in char 0.
1 + 0*2^64 + 0*2^128 + 0*2^192*x^4*y^4
1 + 0*2^64 + 0*2^128 + 0*2^192*x^3*y^3*z^1
1 + 0*2^64 + 0*2^128 + 0*2^192*x^2*y^2*z^2
1 + 0*2^64 + 0*2^128 + 0*2^192*x^1*y^1*z^3
1 + 0*2^64 + 0*2^128 + 0*2^192*z^4

Extra powers of p used 11.
The invariant extra is equal to 33.
Start computing 2^4 Delta^1 (x1x2x3x4)^1... Done.
Start computing 2^5 Delta^2 (x1x2x3x4)^1... Done.
Start computing 2^6 Delta^3 (x1x2x3x4)^1... Done.
Start computing 2^7 Delta^4 (x1x2x3x4)^1... Done.
Start computing 2^8 Delta^5 (x1x2x3x4)^1... Done.
Start computing 2^9 Delta^6 (x1x2x3x4)^1... Done.
Start computing 2^10 Delta^7 (x1x2x3x4)^1... Done.
Start computing 2^11 Delta^8 (x1x2x3x4)^1... Done.
Start computing 2^12 Delta^9 (x1x2x3x4)^1... Done.
Start computing 2^13 Delta^10 (x1x2x3x4)^1... Done.
Start computing 2^14 Delta^11 (x1x2x3x4)^1... Done.
Start computing 2^15 Delta^12 (x1x2x3x4)^1... Done.
Start computing 2^16 Delta^13 (x1x2x3x4)^1... Done.
Start computing 2^17 Delta^14 (x1x2x3x4)^1... Done.
Start computing 2^18 Delta^15 (x1x2x3x4)^1... Done.
Start computing 2^19 Delta^16 (x1x2x3x4)^1... Done.
Start computing 2^20 Delta^17 (x1x2x3x4)^1... Done.
Start computing 2^21 Delta^18 (x1x2x3x4)^1... Done.
Start computing 2^22 Delta^19 (x1x2x3x4)^1... Done.
Start computing 2^23 Delta^20 (x1x2x3x4)^1... Done.
Start computing 2^24 Delta^21 (x1x2x3x4)^1... Done.
Start computing 2^25 Delta^22 (x1x2x3x4)^1... Done.
Start computing 2^26 Delta^23 (x1x2x3x4)^1... Done.
Start computing 2^27 Delta^24 (x1x2x3x4)^1... Done.
Start computing 2^28 Delta^25 (x1x2x3x4)^1... Done.
Start computing 2^29 Delta^26 (x1x2x3x4)^1... Done.
Start computing 2^30 Delta^27 (x1x2x3x4)^1... Done.
Start computing 2^31 Delta^28 (x1x2x3x4)^1... Done.
Start computing 2^32 Delta^29 (x1x2x3x4)^1... Done.
Start computing 2^33 Delta^30 (x1x2x3x4)^1... Done.
Start computing 2^34 Delta^31 (x1x2x3x4)^1... Done.
Start computing 2^35 Delta^32 (x1x2x3x4)^1... Done.
Start computing 2^36 Delta^33 (x1x2x3x4)^1... Done.
Start computing 2^37 Delta^34 (x1x2x3x4)^1... Done.
Start computing 2^38 Delta^35 (x1x2x3x4)^1... Done.
Start computing aa.
1 2 3 4 5 6 7 8 9 10 11 12 13 14 15 16 17 18 19 20 
*/
A = \
[8244162195217571584 + 15056311824074850877*2^64 + 7218801573732905838*2^128 + 662243450924*2^192,16545993348158104064 + 6538668926514061714*2^64 + 17318759309772887831*2^128 + 1554553209715*2^192,17695072461504240768 + 18292492426158750141*2^64 + 5476420841980818453*2^128 + 1581009363225*2^192,18163071619150431744 + 1701264791425154323*2^64 + 2666821642097542936*2^128 + 1806865879666*2^192,8523169982138331136 + 11193669763685940814*2^64 + 14422384499324197458*2^128 + 1527874876020*2^192,757579897921170432 + 18371857587420045633*2^64 + 14849891159804962732*2^128 + 2022491643098*2^192,7732723092117065728 + 3039393845894489907*2^64 + 17224570343115601414*2^128 + 1418515379582*2^192,4341076074104432640 + 13007189835391628613*2^64 + 10501134290448819853*2^128 + 1058286191008*2^192,1572811458685407232 + 2241341861397193843*2^64 + 10373466623317099898*2^128 + 2124628199611*2^192,16965118111625702400 + 1600832067028057158*2^64 + 3369833946447440333*2^128 + 1529072957898*2^192,6046709616706854912 + 9021845886447934938*2^64 + 16716421551463081099*2^128 + 1726591449284*2^192,4959264035156602880 + 2854285427706776678*2^64 + 5646576256427148648*2^128 + 1764760081099*2^192,12733616475000232960 + 11386841198148580958*2^64 + 16970453843107455010*2^128 + 1752831875785*2^192,4373619542397239296 + 2502252390370948893*2^64 + 18049419990625523031*2^128 + 1052584585300*2^192,11722301366176624640 + 7195609888756415389*2^64 + 12495400915865936633*2^128 + 1546980983329*2^192,5821452994120398848 + 17816086753353873236*2^64 + 17829958250224426744*2^128 + 2013924485457*2^192,13945007628073236480 + 9304247755846683857*2^64 + 9882374934153014205*2^128 + 1125792384120*2^192,16502706367958558720 + 12262943712891490171*2^64 + 5501306875377504507*2^128 + 295655950262*2^192,16132704509572802560 + 11952482889906413672*2^64 + 4965884302184959201*2^128 + 987896029294*2^192,12053597294717710336 + 10481838614740194158*2^64 + 17317550278425374594*2^128 + 81235068538*2^192;\
2284071744128752000 + 10697228093880708157*2^64 + 11245866653451645428*2^128 + 584324154259*2^192,17770806085452018944 + 8519544248794008669*2^64 + 16973543948342992740*2^128 + 285527555072*2^192,6999115891539018560 + 1539898823266106285*2^64 + 8419490261720774276*2^128 + 1508666201440*2^192,11211978101083670784 + 7594943493606800239*2^64 + 15724274759486758964*2^128 + 891188363649*2^192,4188641789503752192 + 10150932403570719628*2^64 + 10506023720320488860*2^128 + 1768382576919*2^192,6870938884180524544 + 3494474123983409459*2^64 + 7945370490106101523*2^128 + 26738465822*2^192,8491380615543453696 + 7025241304736050048*2^64 + 539679658799576169*2^128 + 1974775927562*2^192,2465551893910688768 + 166354706961818534*2^64 + 17812648848665534372*2^128 + 1697388511776*2^192,14472494438952314880 + 15790431372683086626*2^64 + 15146037315914059049*2^128 + 624225591306*2^192,459043236898901504 + 7329994857470968304*2^64 + 2347284324832212299*2^128 + 667031380521*2^192,9208025434723790848 + 5857703906915576886*2^64 + 5923976902619954286*2^128 + 1441560988620*2^192,12600838430032664576 + 16822380131993791728*2^64 + 6762853830820592572*2^128 + 1273738868042*2^192,12838660962891539968 + 7494251589236075620*2^64 + 13190446458724945486*2^128 + 1468740689540*2^192,11932888600655257600 + 1294977555931109162*2^64 + 10147721804118307490*2^128 + 688969932882*2^192,1151057078282663936 + 12675604315470497746*2^64 + 14671106396330724620*2^128 + 1888569228473*2^192,10626725338787793920 + 5296388017376213843*2^64 + 17061273153920160076*2^128 + 1091861056511*2^192,17405888595571796992 + 6339638501262142003*2^64 + 3044109473870688359*2^128 + 1843521757356*2^192,16620549087435392000 + 13426987600879069221*2^64 + 3970366976393161781*2^128 + 1694752426379*2^192,2017768284212397056 + 1157851253965369976*2^64 + 13722619543409935931*2^128 + 584768058210*2^192,2548004582210607104 + 16816289314799727656*2^64 + 13024811620125604449*2^128 + 1023035122513*2^192;\
7675467994860743680 + 8432188897150450885*2^64 + 4377452422035745461*2^128 + 710710628479*2^192,752373017091852288 + 5001937848449472900*2^64 + 16295727210150421898*2^128 + 1612820526001*2^192,14970305479486931456 + 7739736034231292411*2^64 + 1060610067999670763*2^128 + 1488462232962*2^192,12162455232992278528 + 18246258156988150269*2^64 + 9961425682277969771*2^128 + 1816326357707*2^192,2425279807153242112 + 8630257794143541604*2^64 + 18062235047542764859*2^128 + 1739853405701*2^192,14195644377303478272 + 6445999121539959108*2^64 + 13778408925633106754*2^128 + 581919193926*2^192,11862392637456367616 + 9216189279483566236*2^64 + 9215621148072161867*2^128 + 2135832653339*2^192,5361608549510602752 + 12050919216539951970*2^64 + 14361878542021376821*2^128 + 2149013894402*2^192,4959234534398377984 + 8680789827765045840*2^64 + 15192030362005016006*2^128 + 286277591371*2^192,404666496753053696 + 8925875739259144157*2^64 + 3726735773353886635*2^128 + 716213799391*2^192,1098050757877104640 + 4021130231133543049*2^64 + 15171380080845421321*2^128 + 439755779279*2^192,1038656557800603648 + 14273923562186377925*2^64 + 10662391636691533337*2^128 + 1245890233722*2^192,11157155609445330944 + 520027703489430923*2^64 + 13148296534709343317*2^128 + 1217138144598*2^192,547247039432032256 + 13307828215379355382*2^64 + 9466595829121291951*2^128 + 1162550445283*2^192,13825409886504730624 + 11685621168746655839*2^64 + 16567650888511665568*2^128 + 1446325112157*2^192,9257141799952572416 + 10886571190302206621*2^64 + 3498941843805760640*2^128 + 232178849193*2^192,3347968719582683136 + 17882272060014727759*2^64 + 14469741015626309225*2^128 + 12220758754*2^192,345828267757805568 + 8498543439664911514*2^64 + 6716926992197869032*2^128 + 1780754086834*2^192,10799652468127309824 + 11308898893234273264*2^64 + 6699544370243919361*2^128 + 896806742172*2^192,11826384386938716160 + 9270262655532658487*2^64 + 11150409930061432951*2^128 + 1674658791446*2^192;\
15066346925450876928 + 11769856277244875920*2^64 + 1637334648351822233*2^128 + 63071464033*2^192,4082014026936987648 + 4115720001328699486*2^64 + 1523429723205300284*2^128 + 716378739*2^192,6594903656799241216 + 17019318443508178982*2^64 + 3809865490268286488*2^128 + 137778675988*2^192,8866418024675538944 + 14064884234588464780*2^64 + 46424873764576269*2^128 + 976193471184*2^192,5414637426949668864 + 11477721089444737347*2^64 + 11112246645876367098*2^128 + 1187039102467*2^192,11412250515954524160 + 16484137308647212361*2^64 + 17465776726820508968*2^128 + 1835845504557*2^192,15558179390551392256 + 11054347105391867542*2^64 + 17472664287695480454*2^128 + 266388940074*2^192,16590318491297906688 + 16946555353398460491*2^64 + 18133940856866311962*2^128 + 802036328848*2^192,15645117447397539840 + 11318987190910167360*2^64 + 6915766341981368185*2^128 + 1930409507534*2^192,9355055396988461056 + 9415327395032772916*2^64 + 4487889466086329820*2^128 + 360951942579*2^192,4954462560645513216 + 8336578185798691732*2^64 + 3300159961132861395*2^128 + 991504273351*2^192,5883481535797166080 + 203793220544293300*2^64 + 15696899910528991748*2^128 + 1986099188309*2^192,16554909706014334976 + 624693589843762879*2^64 + 4579546044503456319*2^128 + 1949286730738*2^192,3163366712402575360 + 6984460438545803030*2^64 + 4946177145895658936*2^128 + 239827382750*2^192,14303444582619381760 + 4748892340735428597*2^64 + 295850223994303958*2^128 + 1938308828797*2^192,15845082478495940608 + 13774959532851073054*2^64 + 12546958348253571250*2^128 + 1104497536934*2^192,1215288809160949760 + 17891718774957642049*2^64 + 14442416842193880327*2^128 + 629004516389*2^192,10151637565470687232 + 6686687330095624929*2^64 + 7011543347952277444*2^128 + 803078621720*2^192,13139849873573101568 + 15449451998308702368*2^64 + 11077055838384895793*2^128 + 1288251197393*2^192,3582538976839598080 + 4588974150411648103*2^64 + 470837562364580215*2^128 + 1208021265427*2^192;\
18403351845872645184 + 8225446639341360677*2^64 + 14733622354389016171*2^128 + 1454243579176*2^192,9342372508016339840 + 8964322460930443328*2^64 + 272957266592848211*2^128 + 1725484686538*2^192,2676397576796922848 + 2925627943899846299*2^64 + 16244775127231926379*2^128 + 1156865727332*2^192,15043128834368793728 + 9856170648522061395*2^64 + 12582976665419920850*2^128 + 789471943180*2^192,8150709524086844416 + 3538638855599123396*2^64 + 7403602030193124197*2^128 + 1682033401384*2^192,4022683932495666432 + 12528622662130040432*2^64 + 4801797270763749549*2^128 + 1854316240818*2^192,14783499816782267392 + 9431004456231827537*2^64 + 13431022743405433527*2^128 + 1743961619619*2^192,6489796409992080896 + 12523719051248506070*2^64 + 17440572876812268058*2^128 + 2165039015051*2^192,3480170915315350528 + 13942420606618184365*2^64 + 14426617652183337804*2^128 + 1872847126314*2^192,18156656251267194112 + 1123790097565666955*2^64 + 7534376001878796526*2^128 + 70152881370*2^192,13458521894260295680 + 5373564711511159636*2^64 + 366210528530042665*2^128 + 1359632639610*2^192,16852329045007582208 + 9448646747687964040*2^64 + 12138362771446390682*2^128 + 1782216297813*2^192,7609455070190450944 + 10084727477058027267*2^64 + 10508342590529886108*2^128 + 801706412746*2^192,14898223433126830080 + 12156000262937466499*2^64 + 12849305281260858799*2^128 + 1183195769432*2^192,11799220392352527360 + 6988700183369181417*2^64 + 10918120018671735670*2^128 + 1962149526925*2^192,14947884687548162560 + 339719413470658830*2^64 + 10565879449206641391*2^128 + 251625809159*2^192,6859111450890310144 + 14204034902575265364*2^64 + 1453521481622920063*2^128 + 342650863713*2^192,11673215927451563520 + 11633561401265820202*2^64 + 6924794426318351757*2^128 + 1100637933450*2^192,12679984393473148416 + 461052826358276143*2^64 + 13377317682278793051*2^128 + 522906938726*2^192,6876255389146760192 + 1908505797419465840*2^64 + 1686482276545981483*2^128 + 842839557646*2^192;\
5160987363373801472 + 13847143450732580806*2^64 + 17053354211057378111*2^128 + 2121219481724*2^192,1796510857684074496 + 15864036222335089127*2^64 + 6892534749590195955*2^128 + 1493196755663*2^192,16672338145874329600 + 909265955397553389*2^64 + 12829928654013236909*2^128 + 587731633190*2^192,2832067223513178112 + 15734809970005742679*2^64 + 14887662978058346652*2^128 + 771922468047*2^192,13688629239784996864 + 14978396598754195833*2^64 + 11511706694933849146*2^128 + 369954046310*2^192,17104063672634720256 + 18259071035796752164*2^64 + 18434833606306313863*2^128 + 1689918293674*2^192,17995367195426705408 + 16386619176539137510*2^64 + 6997577195636002707*2^128 + 1605359559894*2^192,14112489154146811904 + 3942313286141622405*2^64 + 2817056831643189081*2^128 + 1675563516237*2^192,8770814064366845952 + 2135729707161457026*2^64 + 8895032539777938807*2^128 + 1005025406084*2^192,1374351697022398464 + 16204883102829070395*2^64 + 9855052270800174149*2^128 + 201164043039*2^192,58894957738180608 + 16512365198605782972*2^64 + 14365481597932570043*2^128 + 565084564806*2^192,16052406626717040640 + 17284184867679810920*2^64 + 2805552987653052414*2^128 + 2019093038934*2^192,16356916372642066432 + 2453903577243910186*2^64 + 8885780739792008391*2^128 + 590838195098*2^192,3935048397821280256 + 1687865968553428060*2^64 + 1002130320664963800*2^128 + 488172438922*2^192,14847558646417391616 + 2443378694158276773*2^64 + 8255295530048198994*2^128 + 1168926165382*2^192,16606299038360207360 + 3948225093020865580*2^64 + 16722870058637915451*2^128 + 311153920341*2^192,1597210111066243072 + 8317916352497158607*2^64 + 1068088675504477290*2^128 + 1117967272718*2^192,13575683553551384576 + 14235169007563334632*2^64 + 14207341511514996004*2^128 + 967085920617*2^192,15903257301540175872 + 1171075318440711980*2^64 + 10749999961256115234*2^128 + 1575674232317*2^192,2193937596369731584 + 17397592656057110303*2^64 + 5431134046438205149*2^128 + 1080358799459*2^192;\
13168578952489385984 + 13316747404350595291*2^64 + 6186615018522398326*2^128 + 198604764582*2^192,6505318124668387328 + 15393690454451482083*2^64 + 11901797905659582364*2^128 + 845800319598*2^192,16593273486817501184 + 10222039429851976614*2^64 + 4464014662002577173*2^128 + 1490619511519*2^192,18181802121085278208 + 7843747854763329124*2^64 + 2067753750565647183*2^128 + 590515733861*2^192,4272885770600808448 + 9931263545727207685*2^64 + 15824600471270077107*2^128 + 1296879926312*2^192,6548991214802817024 + 3546260931267571966*2^64 + 3734956035591926824*2^128 + 1155335265115*2^192,1784225154123296768 + 10886077849324625538*2^64 + 8675838869411656997*2^128 + 2088195442609*2^192,16278782576978714624 + 17299068328902258165*2^64 + 6265209149081620016*2^128 + 1010593126069*2^192,16511930236004401152 + 13030601319836211235*2^64 + 2125539171301009673*2^128 + 1687848183523*2^192,8739875871757111296 + 4467476750313284771*2^64 + 4196529011077286988*2^128 + 715591762858*2^192,15986781252940890112 + 2495223997682302789*2^64 + 5785223919233036129*2^128 + 542639525517*2^192,10943411941224153088 + 6205431822063342105*2^64 + 8628758246869790187*2^128 + 2184056509474*2^192,17152013088539275264 + 13030009449043204991*2^64 + 726246265943148420*2^128 + 1547901589145*2^192,13031734008635031552 + 6246809032728487378*2^64 + 7711503096603762004*2^128 + 1410954680134*2^192,512524824490999808 + 2364309655488311712*2^64 + 15804462282049165354*2^128 + 1780392667307*2^192,16712759671314415616 + 18007094645866810014*2^64 + 7416176224306997513*2^128 + 51537040850*2^192,7442949805822148608 + 17417538573399954677*2^64 + 12791025815056519228*2^128 + 2090136014118*2^192,15022137549847199744 + 8660336520541479224*2^64 + 17936859073154446113*2^128 + 1319603031581*2^192,11221083135576702976 + 8836720073397197572*2^64 + 1243675985936642501*2^128 + 2178246454887*2^192,6174601214719655936 + 1470273344319348943*2^64 + 14899319870365436783*2^128 + 951360986120*2^192;\
13446460421504925696 + 15270193350149725344*2^64 + 6011909805520297040*2^128 + 788203997226*2^192,18271004538262192128 + 14151144036899605254*2^64 + 3055063140005160477*2^128 + 685385125178*2^192,7833678197647810560 + 661771069643731371*2^64 + 5039325082366746341*2^128 + 1349330873348*2^192,13849393247784390656 + 14390912092805972784*2^64 + 915195202497875494*2^128 + 1375472102334*2^192,6819522781517053952 + 8140509300204350691*2^64 + 14878658732036425519*2^128 + 1685909452694*2^192,9385336339150462976 + 15524692170877361855*2^64 + 15912809290721846509*2^128 + 597538806404*2^192,12224428879927898112 + 11292551987408107795*2^64 + 6840344179636867976*2^128 + 2115711822399*2^192,5222476912574205952 + 16752647754412461264*2^64 + 16607998683407722500*2^128 + 1447592445175*2^192,903452270216609792 + 10209050198037248625*2^64 + 12641124184593473634*2^128 + 283659811087*2^192,10799451248689213440 + 10628098884114421640*2^64 + 13617406445576732903*2^128 + 1382377021500*2^192,13019788812194119680 + 534728651194274197*2^64 + 1801689906623928955*2^128 + 1143455701045*2^192,12181704819735789568 + 17143585880459807160*2^64 + 10155143775486191809*2^128 + 1046705342247*2^192,15789920782305091584 + 12544875051223897495*2^64 + 13103476137306092077*2^128 + 1437305616375*2^192,8996038593460830208 + 1226258789192544145*2^64 + 11483423097009915194*2^128 + 896305850458*2^192,17763718522852605952 + 10558187597794499641*2^64 + 18011188936397004933*2^128 + 639549559232*2^192,7234275506674073600 + 11553949977026043196*2^64 + 17461596616854545734*2^128 + 2166685168508*2^192,2475758208557121536 + 9191764123429628780*2^64 + 16627069259512207841*2^128 + 1478928712950*2^192,3839965350820184064 + 9081388212521653542*2^64 + 10913229141538169865*2^128 + 556165618065*2^192,8483284338470682624 + 339526547359703923*2^64 + 7323808774023109090*2^128 + 1048794768862*2^192,17739394980449222656 + 17485066427262513239*2^64 + 9053844348701603719*2^128 + 1630374953762*2^192;\
8058331249422650714 + 15999610422222924323*2^64 + 6964661764650379277*2^128 + 1574397237157*2^192,696794391778733420 + 8281911894739939439*2^64 + 4310701231180404039*2^128 + 1528468765041*2^192,15504699448584311331 + 15079328512743670343*2^64 + 14138802865315245278*2^128 + 737535959854*2^192,9231569571801739524 + 7587820701101864162*2^64 + 13572603380631680819*2^128 + 400328206879*2^192,10601068859471630432 + 8855396603834263465*2^64 + 8032811169046949827*2^128 + 1253998215560*2^192,7756724376771720648 + 17802787636101394927*2^64 + 11644063190259406395*2^128 + 1261549515763*2^192,15548926886562433312 + 6418989749657698606*2^64 + 5708944347767837168*2^128 + 1679056134122*2^192,942627798978324272 + 5838777335673854845*2^64 + 572826330272627603*2^128 + 1964458872658*2^192,7730244886040329824 + 1008494352720162441*2^64 + 3514732944691243213*2^128 + 103725577473*2^192,17324244471124469448 + 15986456730934845280*2^64 + 10686229462601642555*2^128 + 612730785193*2^192,12965637335627748032 + 13111349993082581625*2^64 + 11264230131966750968*2^128 + 1348984702464*2^192,8430311806292809888 + 2392742030517582928*2^64 + 4366539104805743566*2^128 + 1584970597056*2^192,2468004602208813096 + 14980036029725949811*2^64 + 9601823539509454539*2^128 + 872685139794*2^192,8597696798712214528 + 2857497906477205879*2^64 + 3756172098512719972*2^128 + 769243056408*2^192,1408447168890233632 + 8354668434432340130*2^64 + 15318824930070052175*2^128 + 785964988888*2^192,9367136677211798224 + 18260266805790353261*2^64 + 15952879975423693027*2^128 + 892576129527*2^192,7129259412599410768 + 12776899259882531928*2^64 + 4368776504151107563*2^128 + 263757517584*2^192,5101103671760784624 + 18069376738469349349*2^64 + 526105807728802926*2^128 + 1107996782982*2^192,9753332615935098992 + 5440643664143948802*2^64 + 16831134237886116868*2^128 + 1234140951266*2^192,6836822843915041696 + 16587085208171758849*2^64 + 2688467051098215538*2^128 + 1107388837219*2^192;\
11921083969829011456 + 8728330527843860905*2^64 + 2667632831703194340*2^128 + 892775714029*2^192,11569608908206620672 + 1695260142204901635*2^64 + 4063325371937033243*2^128 + 1841191203808*2^192,1991995420605702144 + 2730239399093717049*2^64 + 2228897164496565776*2^128 + 728909117883*2^192,8792795592323565568 + 2843261813399391435*2^64 + 5254892055404301390*2^128 + 14266192688*2^192,10848752127078465536 + 18086231716463928835*2^64 + 15813790886784613919*2^128 + 1827947074963*2^192,1397497384147824640 + 17360929256993575790*2^64 + 2464550839368508047*2^128 + 1200685519365*2^192,3326811356257894400 + 15098587857747727381*2^64 + 7265737497799000447*2^128 + 551450263526*2^192,13794048608498176000 + 3921162680203461135*2^64 + 105954987538728738*2^128 + 1865673326438*2^192,15301135389460267008 + 9348846241729559365*2^64 + 7663078065870449784*2^128 + 1350953302138*2^192,9345003035031334912 + 8661384784246261916*2^64 + 2977583806921324163*2^128 + 309024601975*2^192,2189400905355657216 + 2211824179522617784*2^64 + 13037377035614491752*2^128 + 1839339657451*2^192,15749238554077429760 + 12581158558663863779*2^64 + 1709606653597012601*2^128 + 1882596694881*2^192,1501723024083804160 + 9686659180795633359*2^64 + 3010609179723395039*2^128 + 444627760498*2^192,13899909434051264512 + 4604899913174057501*2^64 + 14842615125796535531*2^128 + 1217255610217*2^192,1881667678878760960 + 2165700685641945044*2^64 + 8473743823716317294*2^128 + 110116331802*2^192,15743200726881337344 + 9329547117838185407*2^64 + 7504016339718326806*2^128 + 170896562787*2^192,17322891010150629376 + 14155682668979660335*2^64 + 15651608176485046863*2^128 + 2162574114325*2^192,13197694906398638080 + 2385385470775880124*2^64 + 12484335901445985132*2^128 + 1748302842629*2^192,18179985122043658240 + 14161719551693085702*2^64 + 17852217216654435904*2^128 + 76471428019*2^192,2786004360967782400 + 9374161658193785189*2^64 + 15648684811855563107*2^128 + 309969689829*2^192;\
17440658370167092528 + 7799711640902561532*2^64 + 17660940288686516629*2^128 + 997105441969*2^192,16857242647123190944 + 17921994580932254892*2^64 + 10382322449620391606*2^128 + 740916440050*2^192,6163413494912684776 + 5482145709553041842*2^64 + 16063348493982031515*2^128 + 1602067661530*2^192,2202779612888048096 + 16309051100687100893*2^64 + 4884027018182649074*2^128 + 2170810003902*2^192,13370015020135714048 + 8276244544231507269*2^64 + 7960899120172876081*2^128 + 660851931149*2^192,9830255129688994240 + 14620584746083612594*2^64 + 1859620673600524724*2^128 + 1385123131156*2^192,13670060124214859520 + 11231660506741171978*2^64 + 1674582599859944529*2^128 + 1449323716796*2^192,11625574639183885952 + 4027650133040433717*2^64 + 13735292375938310366*2^128 + 187453397306*2^192,4579287657016765696 + 1501734517780255161*2^64 + 17256739691425427553*2^128 + 2192682631758*2^192,1157615098749376960 + 8016342246602699411*2^64 + 7624752827972012841*2^128 + 932425754255*2^192,13291678492251052544 + 1015694110112010408*2^64 + 11430433211772129083*2^128 + 1589523200272*2^192,10766053029974506240 + 8537462429665969520*2^64 + 3944247900621894870*2^128 + 441191168618*2^192,6372151045544832704 + 10413290453715107581*2^64 + 16503544790717552770*2^128 + 319332604655*2^192,2824977704305147904 + 15055026526185277721*2^64 + 13294293507706161262*2^128 + 105915055899*2^192,932169417101641472 + 18057843650291172842*2^64 + 14313632612802873317*2^128 + 211141459745*2^192,661075058370029952 + 9469716082176512502*2^64 + 8468534097063460080*2^128 + 1898782575443*2^192,1356914285631241600 + 13315798081996892656*2^64 + 16239934931907065588*2^128 + 458179287306*2^192,6738104978161473664 + 9292163919131673433*2^64 + 10264802031218975947*2^128 + 629118819307*2^192,7526620521168428160 + 14899622887897119690*2^64 + 11877092659383596537*2^128 + 611091443992*2^192,622129369859810048 + 15411664494402194922*2^64 + 1588127427354673409*2^128 + 491450172965*2^192;\
15415133265001292392 + 15619623044154137693*2^64 + 11990005219875640586*2^128 + 1205853532860*2^192,9657386168493790128 + 527381977529518956*2^64 + 15763433333175451268*2^128 + 211155239*2^192,14914897945886429708 + 3715741616273926044*2^64 + 4014363544166229600*2^128 + 1528973183888*2^192,3309799801878756112 + 6180401440620783120*2^64 + 11728394512007792350*2^128 + 1190437227136*2^192,17427375078614993280 + 12187701896863094356*2^64 + 13095099532713657790*2^128 + 1861660903966*2^192,6215254235376831264 + 14683162193499349571*2^64 + 12545595639878660117*2^128 + 1151529954687*2^192,9464445256474868864 + 9422398477896441598*2^64 + 4317198969676813398*2^128 + 384055319724*2^192,4249290225012184256 + 667186213932681554*2^64 + 11981873676438282076*2^128 + 2099536739909*2^192,6431532988663929216 + 11966985920598053324*2^64 + 2286878339671640495*2^128 + 1934830407670*2^192,6302825862414374688 + 7384435825394207678*2^64 + 11622303163368468906*2^128 + 2034710069223*2^192,1211664967549338368 + 16026972850623263047*2^64 + 5884585258827960498*2^128 + 9628377383*2^192,7574487294512988800 + 769596475686123912*2^64 + 2557995473209633518*2^128 + 1094851114901*2^192,13716219994438775968 + 16628517316741065729*2^64 + 15082588674154665727*2^128 + 289474713410*2^192,13500261294953650176 + 15467897598464115013*2^64 + 7669421337589307641*2^128 + 1485136464502*2^192,534206170067565696 + 5621632167309075762*2^64 + 7221293274672784586*2^128 + 1603867621044*2^192,5403726528950063936 + 8509015955347605868*2^64 + 6777882583066856621*2^128 + 1091669914239*2^192,1741143678410770752 + 1984747656217569893*2^64 + 16163382110280379846*2^128 + 1030650565242*2^192,6382649505537018816 + 7281794409965464004*2^64 + 12552479962470091432*2^128 + 201490520010*2^192,6330266570371656128 + 13685374585188056301*2^64 + 5612333325632628765*2^128 + 1645217041918*2^192,10851197200898883200 + 7149271092251716840*2^64 + 4647960884900445756*2^128 + 1177740412915*2^192;\
10138884212533604352 + 4767305533905023240*2^64 + 14478030756922270041*2^128 + 167886867489*2^192,18387657965398794240 + 8471966562685353069*2^64 + 17483800097196034069*2^128 + 355034740406*2^192,494195514828615680 + 2268746931247501577*2^64 + 7126255734425690105*2^128 + 620087703502*2^192,4950235778749511680 + 10340304895601536310*2^64 + 7173540210649997431*2^128 + 1401987761565*2^192,4845784802935603200 + 18348471812394268587*2^64 + 5505694720562964083*2^128 + 934747634944*2^192,17503826376766902272 + 799098815210740184*2^64 + 16292873809594554841*2^128 + 1102677965528*2^192,16740512077961486336 + 3468270893302538650*2^64 + 14339467855604358968*2^128 + 2074968119064*2^192,9021687518754459648 + 9503558277338382635*2^64 + 10958577187078590663*2^128 + 1717909414251*2^192,4268817738440769536 + 14119124553416072956*2^64 + 10995216126459542567*2^128 + 2038863853973*2^192,4098427420814249984 + 1623855689109836370*2^64 + 14989459143604576380*2^128 + 1337710661818*2^192,243845256479211520 + 14119186598111877483*2^64 + 8324717089842925357*2^128 + 1922937905756*2^192,10417297692340977664 + 4233399651596437177*2^64 + 112201712309455140*2^128 + 162861207377*2^192,133141296596381696 + 9717807430879558193*2^64 + 11009535908982830626*2^128 + 1840542130662*2^192,2769213949740515328 + 14338430975015546667*2^64 + 6654367092476588539*2^128 + 1618082772620*2^192,13628377211167375360 + 17709268224111504509*2^64 + 3376920939480765652*2^128 + 776866546427*2^192,9038083813997379584 + 8054589183596133068*2^64 + 4555166085822184*2^128 + 642731065275*2^192,14627718637894762496 + 6488709566085859157*2^64 + 14245766201908853535*2^128 + 1625250807950*2^192,4212921227218386944 + 7261807226651593686*2^64 + 11886136606689066713*2^128 + 91642575356*2^192,12163538514046189568 + 16597730513638389265*2^64 + 16570088639928093009*2^128 + 1655792174509*2^192,3525677199934259200 + 16336903079836093400*2^64 + 17839433334349059011*2^128 + 287483363317*2^192;\
5787472201527604316 + 4595939101927299981*2^64 + 4741319597152555519*2^128 + 1619981423740*2^192,10672110899782984712 + 4111255567937264113*2^64 + 4311130134712540650*2^128 + 1324477114532*2^192,16309639026515113650 + 16140546162699650662*2^64 + 3216982647330835866*2^128 + 1857624775406*2^192,13445884989557068952 + 14363633080130781255*2^64 + 3871364492785690421*2^128 + 662522697765*2^192,8049069080740408896 + 8179647996858859287*2^64 + 16132307502651157439*2^128 + 1065229274687*2^192,9752280535335849904 + 13695282483999323183*2^64 + 2165313733662616903*2^128 + 1600392989343*2^192,1878584603110816448 + 14129836987920352241*2^64 + 1611299628046467694*2^128 + 1542562572934*2^192,17913161445588474144 + 5099357530177891089*2^64 + 11322649226453447897*2^128 + 1246079476731*2^192,16464325485839946304 + 8118587067772350359*2^64 + 7372675329261904679*2^128 + 1736531803657*2^192,17394528160147928496 + 10709380519302534974*2^64 + 10012137283900382190*2^128 + 436349867653*2^192,5082521677884774528 + 4514550756932397817*2^64 + 17614530388109095035*2^128 + 154576152568*2^192,4832021856330864576 + 7440981938049468719*2^64 + 1862366431381052655*2^128 + 1780672968854*2^192,11650928144491473392 + 8359467300400335985*2^64 + 15165332415809550185*2^128 + 801340950945*2^192,12990876468144273408 + 13899336810994942352*2^64 + 6236765049616276017*2^128 + 312386269240*2^192,4413809721790490304 + 9750600982084108095*2^64 + 12587466629537641168*2^128 + 1123419673235*2^192,11535259719330849504 + 1338706758800426377*2^64 + 6938356527573174075*2^128 + 334923242906*2^192,5898380834354697184 + 17689858940367266640*2^64 + 13578740475504427974*2^128 + 1703221200689*2^192,11250785922988491680 + 1769488486026658581*2^64 + 6157820043209630274*2^128 + 1415092901711*2^192,11025559232806889632 + 4447232515882255221*2^64 + 7820106671576410680*2^128 + 1471088349664*2^192,13600213608977549760 + 6925068464695242495*2^64 + 5744716625454221235*2^128 + 1711829489760*2^192;\
13708943352450897826 + 1533169308045794877*2^64 + 3980811506559171223*2^128 + 2069047181341*2^192,18098169981080299356 + 16652119578201411126*2^64 + 5557805629044621975*2^128 + 1315955186019*2^192,1008190207743064895 + 4720588858279695942*2^64 + 16402179755889931141*2^128 + 1585092657014*2^192,15724708397739061716 + 18054998608444766709*2^64 + 1412434022811800564*2^128 + 643522269822*2^192,6922914204231756768 + 2307835227024219230*2^64 + 6245707849683361326*2^128 + 1190972965173*2^192,14554831633391563368 + 11154413067730985616*2^64 + 15043839021501187701*2^128 + 1113285311462*2^192,17158021855867218848 + 8065697402360880804*2^64 + 3390209103338192096*2^128 + 1462530123580*2^192,12362063177339346160 + 8326598095768961869*2^64 + 476327020135445994*2^128 + 1901204347568*2^192,11559658238745176544 + 692418659232173040*2^64 + 124011656103296658*2^128 + 1290443296296*2^192,2938583793432637288 + 14967902423937212600*2^64 + 5705644907457291037*2^128 + 1150676008840*2^192,5825094256967735744 + 11083443980712556992*2^64 + 14721428323458358968*2^128 + 1877332786663*2^192,17611504373676656928 + 574749551957638000*2^64 + 9119178802169319167*2^128 + 2178287673189*2^192,17965124852686774344 + 7134826091937194949*2^64 + 10569854120085506569*2^128 + 865163709570*2^192,9069642023567973376 + 12947247938651709859*2^64 + 1183502079873098653*2^128 + 1827908459*2^192,9721145568178877856 + 1051709778061617855*2^64 + 2923769574453193209*2^128 + 359553674594*2^192,14886492308658998544 + 5815033174013376817*2^64 + 14848144345253426436*2^128 + 612901543481*2^192,448139099430174864 + 7990428160069710507*2^64 + 9489334984431178809*2^128 + 1121484977753*2^192,7465156152037526960 + 6897222888641968337*2^64 + 8577174088205377956*2^128 + 1810274313678*2^192,9912351652683716400 + 14979911123620704778*2^64 + 13097925149047405621*2^128 + 542158109845*2^192,15218803187010377760 + 17187928394946696566*2^64 + 5873579261047995193*2^128 + 117301214516*2^192;\
147053338923807104 + 3045797214871199379*2^64 + 8000925835115568634*2^128 + 374668572982*2^192,6115718857893002496 + 6855205353154782609*2^64 + 2011218810685986322*2^128 + 1544717230513*2^192,6531735457161146176 + 18322689340695421135*2^64 + 6661669109517292252*2^128 + 254041567906*2^192,14732970875837296128 + 16553316876052113138*2^64 + 6806489355907650320*2^128 + 449893849873*2^192,12546245197934809088 + 3781190451942937882*2^64 + 11821260999991620352*2^128 + 2037947264617*2^192,7500343296438025728 + 6956187789954029673*2^64 + 5065345637864250618*2^128 + 1735807661972*2^192,9590018190283771904 + 8332576410351583744*2^64 + 6243080985081281592*2^128 + 1983670370382*2^192,14067459076661212160 + 3134120154619146636*2^64 + 3788014659135945627*2^128 + 729628765935*2^192,14315344616100378624 + 12414783610407158599*2^64 + 13312286338032538910*2^128 + 1358346928098*2^192,3763034368841954816 + 6236396275934775114*2^64 + 10050648204361737050*2^128 + 200230134487*2^192,1861866469616498688 + 10885988833752873093*2^64 + 10687670675827131206*2^128 + 1087495015418*2^192,5943561660047706112 + 6360331592775937374*2^64 + 17765420203656188029*2^128 + 1798040821115*2^192,16246325622683563520 + 5453405845735257720*2^64 + 6668045792070594372*2^128 + 1613212432622*2^192,16826827671265056768 + 14508792141994817580*2^64 + 11771820747463081155*2^128 + 225003225671*2^192,16161781038419089408 + 4119363274668973437*2^64 + 10241979465031995593*2^128 + 1721386186844*2^192,4216964369466543104 + 8438131194652532133*2^64 + 8701251136611788977*2^128 + 1240117920418*2^192,3331237396320971776 + 6899695417785531079*2^64 + 2081412261375172803*2^128 + 1497891961652*2^192,10251201450142163968 + 5915119239937925982*2^64 + 12485199090098014194*2^128 + 2009202475294*2^192,12425456242477585408 + 15348965980252339126*2^64 + 16722239754884181468*2^128 + 1419790484808*2^192,30780553158866944 + 16288428431831790661*2^64 + 1610688066867926863*2^128 + 1768736916018*2^192;\
6339138585836774272 + 954835636418790390*2^64 + 9017985836872809703*2^128 + 1476674908023*2^192,4776125015935662336 + 10577095178916820842*2^64 + 2259792533013299056*2^128 + 341409841453*2^192,13232060161171244608 + 10796212099325963410*2^64 + 7417342905837046823*2^128 + 1453154070839*2^192,3931556655343404032 + 3159181887895518297*2^64 + 835044886396035881*2^128 + 144769351860*2^192,4582706038745337856 + 12623776911086432638*2^64 + 4680365924501329028*2^128 + 2168090911344*2^192,2137420553941964288 + 6054617313785742555*2^64 + 6582764760231806428*2^128 + 2145554923526*2^192,14256153616724537344 + 10327965088219523288*2^64 + 11104254316881580812*2^128 + 966218710034*2^192,10427405671148336128 + 9983205955827590216*2^64 + 4851558970808659449*2^128 + 1275530129524*2^192,14618517803095087104 + 15272408258888000380*2^64 + 11094564311271208529*2^128 + 1939229196785*2^192,7054683114938826240 + 1421547121129028874*2^64 + 11683220893059726424*2^128 + 1444144252507*2^192,9549551322260871168 + 3905383236980903369*2^64 + 12075232935996215268*2^128 + 2009482914495*2^192,10252398738194221056 + 6100443535283200494*2^64 + 11221534425978009941*2^128 + 83526061433*2^192,18362720684367371776 + 12758216324664324332*2^64 + 6155630126354693163*2^128 + 1172687527790*2^192,5520043271293880320 + 2017664389254208731*2^64 + 3686359266760326656*2^128 + 590649975473*2^192,6416452991456729088 + 3793207596707348587*2^64 + 4863930280823870521*2^128 + 1781732136824*2^192,11450397854095735808 + 8266069136850652003*2^64 + 15396617779804930605*2^128 + 517842214952*2^192,3542524847238380544 + 16038767842131186954*2^64 + 16746795201412266941*2^128 + 886824915187*2^192,14232040674241074176 + 18151110668340553943*2^64 + 7829073274358656260*2^128 + 34706228772*2^192,18160672966597108736 + 11552770576950285946*2^64 + 7115640190413127445*2^128 + 600032412554*2^192,2417191556428027904 + 11114209990529034697*2^64 + 5696222074634122963*2^128 + 506455611044*2^192;\
7266569723011456456 + 9862030474848459402*2^64 + 87501789177714046*2^128 + 529446206450*2^192,12343793418085049072 + 3358940108742196540*2^64 + 4602248131462350451*2^128 + 485343371457*2^192,12555514769230048092 + 1960036180897532364*2^64 + 9122576817316817967*2^128 + 1717996373589*2^192,6704285472804037584 + 9432849544561002524*2^64 + 1321782781374492868*2^128 + 2019000231092*2^192,3844845945469217664 + 8824896372188828572*2^64 + 363032096774303059*2^128 + 684863427937*2^192,6651999812045431456 + 17219891863673188700*2^64 + 13282586626448416354*2^128 + 123192949311*2^192,5228506161130578560 + 14245063333281955000*2^64 + 15075530192521395233*2^128 + 1441602107479*2^192,23099773087427008 + 9351563799805979912*2^64 + 10866229682070823903*2^128 + 476823317156*2^192,4496664588489118592 + 11550853436130306929*2^64 + 3052818215119105178*2^128 + 983085810835*2^192,3774286205944370848 + 17326703766335933468*2^64 + 8846242694655181543*2^128 + 758506939443*2^192,16020859718984290048 + 1715433501626896897*2^64 + 11476394831864643041*2^128 + 167227025428*2^192,15244561443560749184 + 6792384865902725976*2^64 + 7511594022075682080*2^128 + 1813122217747*2^192,11573891216417166880 + 6030449552238681723*2^64 + 15217870840718042894*2^128 + 2134895032887*2^192,2312942462354378752 + 16606924444177596833*2^64 + 1989603047537450759*2^128 + 854867393686*2^192,11817359932108839552 + 5946102142145467871*2^64 + 10090043177965999210*2^128 + 1562205559167*2^192,696369513442635328 + 15454312122663592458*2^64 + 3689662464356556454*2^128 + 363619177400*2^192,9528990573653625920 + 3350589788303717620*2^64 + 2329573707324811695*2^128 + 1560864167734*2^192,15282396274097575104 + 11997268885845101279*2^64 + 6374548881585533671*2^128 + 2113214693916*2^192,1590843013114915520 + 13405634809815202179*2^64 + 150535282682417199*2^128 + 57892781058*2^192,8269393682100098176 + 16260801309196041253*2^64 + 3226354442976570525*2^128 + 1759257761532*2^192;\
16953828225574894784 + 3844685480072025853*2^64 + 13097460926739781404*2^128 + 1743854483815*2^192,17347777784314208896 + 9385410649561249425*2^64 + 6874376988239775068*2^128 + 2118794237622*2^192,13180928057270483872 + 18277667183908544068*2^64 + 1785344607237770635*2^128 + 1192431115145*2^192,12203108402046496640 + 11487004176638081625*2^64 + 5272398337528935255*2^128 + 1856807948998*2^192,10313483659136140288 + 8025952879688281138*2^64 + 10262265352496492737*2^128 + 406438486777*2^192,14997265258858370816 + 17377962024730225917*2^64 + 14960213814143105581*2^128 + 1459595037041*2^192,3627070785798917120 + 12084117516806091374*2^64 + 4322282029057759503*2^128 + 1876462760521*2^192,4265269526761458176 + 16641199321555098294*2^64 + 12502752004441412101*2^128 + 913815755807*2^192,14812785229279335424 + 2080392429489172130*2^64 + 15183462585410120324*2^128 + 852328010011*2^192,13505447292758849280 + 8016961867075651794*2^64 + 1910453630104205705*2^128 + 2175802244606*2^192,4312088316130588672 + 7217262486275793922*2^64 + 12964959738223533855*2^128 + 1382461933824*2^192,10376246789718961152 + 14270820815728652106*2^64 + 13904260468486834096*2^128 + 1050578772333*2^192,15256344509988289280 + 5789766439004740263*2^64 + 15329432167326454985*2^128 + 766974446641*2^192,15300010547620339712 + 1945791942413170014*2^64 + 981220666354807482*2^128 + 1891824009545*2^192,16755223814392183808 + 17841977441883894766*2^64 + 10962055620802086196*2^128 + 1979828254496*2^192,5287846021793023488 + 4249117096375358280*2^64 + 133617757390417713*2^128 + 2043979270616*2^192,6417588580757566976 + 10013731212983340154*2^64 + 8211406293000330445*2^128 + 1208596583777*2^192,10888652198847398400 + 5341727965836076845*2^64 + 10539402384666103270*2^128 + 476400098365*2^192,16475245983494541824 + 17489333109900437914*2^64 + 12854709858388658369*2^128 + 2117163018303*2^192,16624092830679632896 + 18259691316974749084*2^64 + 1141397531466348416*2^128 + 1968559434557*2^192;\
18357555651281847212 + 15101840457176734107*2^64 + 11446768393818572907*2^128 + 183607181644*2^192,8066673403231288936 + 17035114428292073902*2^64 + 8379761288934702305*2^128 + 1629779060160*2^192,4344846053911097226 + 5584970876301961117*2^64 + 6835947423303121132*2^128 + 2174806601531*2^192,10602280518917824184 + 5767165132333661540*2^64 + 6265372471643039398*2^128 + 1014150945605*2^192,1685965910308692288 + 1410377104431049341*2^64 + 10800784513087801681*2^128 + 1555220264777*2^192,7917197466664728560 + 3405366156371115479*2^64 + 6883414746856352218*2^128 + 1487811179780*2^192,6596577897063830464 + 6686078006154576079*2^64 + 18006100196226374652*2^128 + 1653964180690*2^192,16442191354536091296 + 5255916677701886931*2^64 + 13954617322099046207*2^128 + 1591996039612*2^192,996648310946385216 + 1086167730824112488*2^64 + 2006269732570252029*2^128 + 1348087160237*2^192,264113631145360880 + 6200775801568465051*2^64 + 7635437172912339738*2^128 + 928333677500*2^192,472288601772693120 + 9796256053070582201*2^64 + 11142668835553971138*2^128 + 2029277453568*2^192,3799669797888160960 + 6207916141345326358*2^64 + 15667691702012982253*2^128 + 761515678284*2^192,15828518518301187376 + 3874009209919873154*2^64 + 7007296559355771779*2^128 + 917672545699*2^192,10381771832119103488 + 11537140006734401068*2^64 + 233437387031894238*2^128 + 1305165644608*2^192,9830071537322608576 + 12399665496932384573*2^64 + 6991319664389710526*2^128 + 12073731282*2^192,14399132295621041504 + 10578274728612217881*2^64 + 16175016233087348258*2^128 + 673590978296*2^192,11323566638264195680 + 706613997795135729*2^64 + 817350549134277499*2^128 + 2111623403847*2^192,3328722209499543328 + 5654941673912432227*2^64 + 5328025394474112723*2^128 + 626903412804*2^192,2451589784445052960 + 12238588498297330803*2^64 + 13092508297504443759*2^128 + 608297645664*2^192,4127676115507113664 + 3534054275167748029*2^64 + 1783217122153069515*2^128 + 13794675481*2^192]
/* 
This matrix times 2^(-11) should be the matrix of frobenius.
*/ 
B = 2^(-11) * A; 
/* Freed 6404 lists. */
The sign is: -1
The characteristic polynomial is: x^20 - 18*x^16 + x^15 - 20*x^14 + 256*x^12 - 96*x^11 + 384*x^9 - 4096*x^8 + 5120*x^6 - 1024*x^5 + 73728*x^4 - 1048576
Its Newton polygon is: [2, 2, 2, 2, 2, 1, 1, 1, 1, 1, 1, 1, 1, 1, 1, 0, 0, 0, 0, 0]
Its factorization is: [x - 2, 1; x + 2, 1; x^18 + 4*x^16 - 2*x^14 + x^13 - 28*x^12 + 4*x^11 + 144*x^10 - 80*x^9 + 576*x^8 + 64*x^7 - 1792*x^6 + 256*x^5 - 2048*x^4 + 65536*x^2 + 262144, 1]
The valuation of f-g is: 19
The valuation of subst(g,x,A) is: 8
