/* Comments begin... 
No set up needed.

Please input coefficients below.
Coefficient of   x^23                     = Coefficient of   x^12 * w^2               = Coefficient of   x^6 * y^6 * w^1         = Coefficient of   x^5 * y^5 * z^1 * w^1   = Coefficient of   x^4 * y^4 * z^2 * w^1   = Coefficient of   x^3 * y^3 * z^3 * w^1   = Coefficient of   x^2 * y^2 * z^4 * w^1   = Coefficient of   x^1 * y^1 * z^5 * w^1   = Coefficient of   x^1 * w^4               = Coefficient of   y^12                     = Coefficient of   z^6 * w^1               = 
Here is the polynomial we're using this time:

1 + 0*2^64 + 0*2^128 + 0*2^192*x^23 + 1 + 0*2^64 + 0*2^128 + 0*2^192*x^12*w^2 + 1 + 0*2^64 + 0*2^128 + 0*2^192*x^5*y^5*z^1*w^1 + 1 + 0*2^64 + 0*2^128 + 0*2^192*x^2*y^2*z^4*w^1 + 1 + 0*2^64 + 0*2^128 + 0*2^192*x^1*w^4 + 1 + 0*2^64 + 0*2^128 + 0*2^192*y^12 + 1 + 0*2^64 + 0*2^128 + 0*2^192*z^6*w^1


Allocate G_len 20 elements and old = 0.
Allocate M_len = 400 elements.
Allocate G_len 40 elements and old = 20.
Allocate M_len = 800 elements.
Allocate G_len 80 elements and old = 40.
Allocate M_len = 1600 elements.
Allocate M_len = 3200 elements.
Allocate G_len 160 elements and old = 80.
Allocate M_len = 6400 elements.
Allocate M_len = 12800 elements.
Allocate G_len 320 elements and old = 160.
Allocate M_len = 25600 elements.
Allocate M_len = 51200 elements.
Allocate G_len 640 elements and old = 320.
Allocate M_len = 102400 elements.
Allocate M_len = 204800 elements.
Allocate G_len 1280 elements and old = 640.
Allocate M_len = 409600 elements.
Allocate M_len = 819200 elements.
The final length of G is 793
[5, 5, 0, 1, 0]  	241	3 
[5, 4, 1, 1, 0]  	253	3 
[22, 0, 0, 0, 0]  	264	5  <--- 1
[12, 0, 0, 2, 0]  	276	3 
[2, 2, 4, 1, 0]  	276	3 
[15, 5, 1, 0, 0]  	330	7 
[8, 11, 1, 0, 0]  	384	10 
[10, 10, 1, 0, 0]  	385	6 
[5, 13, 1, 0, 0]  	394	7 
[11, 12, 0, 0, 0]  	408	3 
[9, 10, 2, 0, 0]  	408	7 
[8, 9, 3, 0, 0]  	408	9 
[19, 2, 4, 0, 0]  	414	8 
[6, 12, 2, 0, 0]  	418	11 
[7, 7, 5, 0, 0]  	420	7 
[7, 9, 4, 0, 0]  	431	10 
[5, 12, 3, 0, 0]  	441	10 
[7, 11, 3, 0, 0]  	442	11 
[6, 7, 6, 0, 0]  	443	13 
[20, 0, 6, 0, 0]  	450	9 
[5, 17, 0, 0, 0]  	451	6 
[4, 16, 1, 0, 0]  	451	6 
[9, 0, 8, 1, 0]  	454	13 
[6, 9, 5, 0, 0]  	454	13 
[6, 6, 7, 0, 0]  	455	12 
[10, 0, 6, 2, 0]  	462	5 
[4, 18, 0, 0, 0]  	462	8 
[2, 13, 4, 0, 0]  	463	6 
[5, 1, 9, 1, 0]  	464	9 
[5, 7, 7, 0, 0]  	466	13 
[5, 0, 8, 2, 0]  	472	7 
[3, 1, 10, 1, 0]  	475	7 
[5, 0, 10, 1, 0]  	476	10 
[8, 0, 9, 1, 0]  	477	12 
[5, 9, 6, 0, 0]  	477	12 
[5, 6, 8, 0, 0]  	478	13 
[10, 5, 7, 0, 0]  	480	9 
[13, 5, 6, 0, 0]  	481	10 
[17, 3, 6, 0, 0]  	483	12 
[2, 0, 0, 7, 0]  	486	6 
[5, 11, 5, 0, 0]  	488	11 
[5, 5, 9, 0, 0]  	490	13 
[4, 4, 10, 0, 0]  	490	13 
[8, 5, 8, 0, 0]  	491	16 
[12, 6, 6, 0, 0]  	492	15 
[18, 0, 8, 0, 0]  	496	11 
[18, 2, 7, 0, 0]  	507	14 
[4, 11, 6, 0, 0]  	511	10 
[3, 4, 11, 0, 0]  	513	12 
[1, 16, 4, 0, 0]  	520	7 
[4, 10, 7, 0, 0]  	523	10 
[4, 2, 1, 6, 0]  	525	12 
[6, 3, 11, 0, 0]  	526	14 
[4, 5, 1, 5, 0]  	528	8 
[3, 17, 1, 1, 0]  	528	7 
[16, 4, 7, 0, 0]  	529	12 
[4, 0, 10, 2, 0]  	530	7 
[4, 0, 12, 1, 0]  	534	9 
[4, 14, 1, 2, 0]  	537	13 
[16, 3, 8, 0, 0]  	541	15 
[17, 1, 9, 0, 0]  	542	16 
[1, 14, 6, 0, 0]  	544	7 
[3, 10, 8, 0, 0]  	546	9 
[3, 7, 10, 0, 0]  	547	10 
[3, 5, 0, 6, 0]  	547	11 
[5, 3, 12, 0, 0]  	549	13 
[16, 2, 9, 0, 0]  	553	15 
[3, 0, 11, 2, 0]  	553	7 
[17, 0, 10, 0, 0]  	554	12 
[3, 12, 7, 0, 0]  	557	9 
[3, 4, 1, 6, 0]  	559	10 
[2, 16, 1, 2, 0]  	559	10 
[2, 5, 12, 0, 0]  	559	10 
[3, 3, 13, 0, 0]  	560	11 
[16, 1, 10, 0, 0]  	565	14 
[2, 18, 0, 2, 0]  	570	10 
[2, 7, 11, 0, 0]  	570	9 
[4, 17, 0, 2, 0]  	571	10 
[3, 3, 2, 6, 0]  	571	10 
[2, 4, 13, 0, 0]  	571	10 
[15, 2, 10, 0, 0]  	576	13 
[16, 0, 11, 0, 0]  	577	13 
[4, 13, 1, 3, 0]  	580	10 
[4, 10, 3, 3, 0]  	581	9 
[2, 9, 10, 0, 0]  	581	9 
[2, 7, 0, 6, 0]  	581	9 
[2, 4, 2, 6, 0]  	582	9 
[3, 2, 3, 6, 0]  	583	10 
[2, 3, 14, 0, 0]  	583	10 
[4, 1, 9, 3, 0]  	584	12 
[1, 4, 10, 2, 0]  	586	7 
[4, 12, 2, 3, 0]  	592	7 
[4, 0, 8, 4, 0]  	592	8 
[3, 0, 14, 1, 0]  	592	7 
[2, 11, 9, 0, 0]  	592	7 
[2, 6, 1, 6, 0]  	593	7 
[3, 1, 4, 6, 0]  	595	10 
[2, 1, 10, 3, 0]  	595	10 
[1, 3, 11, 2, 0]  	598	8 
[14, 2, 11, 0, 0]  	599	13 
[15, 0, 12, 0, 0]  	600	14 
[2, 1, 14, 1, 0]  	603	6 
[1, 3, 15, 0, 0]  	606	9 
[2, 11, 0, 5, 0]  	607	10 
[4, 10, 0, 5, 0]  	608	12 
[1, 3, 0, 8, 0]  	609	6 
[14, 1, 12, 0, 0]  	611	13 
[2, 0, 15, 1, 0]  	615	6 
[1, 11, 10, 0, 0]  	615	6 
[1, 9, 0, 6, 0]  	615	5 
[1, 19, 1, 2, 0]  	616	5 
[1, 8, 12, 0, 0]  	616	5 
[1, 6, 2, 6, 0]  	616	5 
[1, 16, 3, 2, 0]  	617	5 
[1, 4, 9, 3, 0]  	617	5 
[1, 12, 0, 5, 0]  	618	7 
[2, 23, 0, 1, 0]  	619	8 
[11, 1, 2, 6, 0]  	621	9 
[1, 2, 1, 8, 0]  	621	6 
[13, 2, 12, 0, 0]  	622	10 
[2, 26, 0, 0, 0]  	622	8 
[14, 0, 13, 0, 0]  	623	12 
[1, 4, 13, 1, 0]  	625	6 
[1, 2, 3, 7, 0]  	625	6 
[1, 21, 0, 2, 0]  	627	4 
[1, 10, 11, 0, 0]  	627	4 
[1, 8, 1, 6, 0]  	627	4 
[0, 20, 1, 2, 0]  	627	4 
[1, 7, 13, 0, 0]  	628	4 
[1, 6, 8, 3, 0]  	628	4 
[1, 5, 3, 6, 0]  	628	4 
[0, 17, 3, 2, 0]  	628	4 
[1, 1, 0, 9, 0]  	629	7 
[2, 2, 16, 0, 0]  	630	9 
[1, 24, 0, 1, 0]  	630	8 
[9, 0, 15, 0, 0]  	633	9 
[1, 27, 0, 0, 0]  	633	6 
[1, 1, 2, 8, 0]  	633	6 
[13, 1, 13, 0, 0]  	634	14 
[1, 6, 12, 1, 0]  	636	6 
[1, 4, 2, 7, 0]  	636	6 
[1, 3, 14, 1, 0]  	637	5 
[1, 1, 4, 7, 0]  	637	5 
[2, 0, 10, 4, 0]  	638	6 
[1, 0, 16, 1, 0]  	638	5 
[0, 19, 2, 2, 0]  	639	3 
[0, 8, 13, 0, 0]  	639	3 
[1, 6, 14, 0, 0]  	640	5 
[1, 4, 4, 6, 0]  	640	3 
[0, 5, 15, 0, 0]  	640	4 
[0, 25, 0, 1, 0]  	641	5 
[2, 0, 12, 3, 0]  	642	7 
[1, 23, 1, 1, 0]  	642	7 
[3, 9, 2, 5, 0]  	643	6 
[2, 21, 2, 1, 0]  	643	6 
[10, 1, 3, 6, 0]  	644	10 
[1, 0, 3, 8, 0]  	645	6 
[13, 0, 14, 0, 0]  	646	10 
[3, 25, 1, 0, 0]  	646	9 
[2, 0, 14, 2, 0]  	646	7 
[3, 22, 3, 0, 0]  	647	7 
[1, 8, 11, 1, 0]  	647	6 
[1, 6, 1, 7, 0]  	647	6 
[1, 4, 8, 4, 0]  	648	5 
[0, 16, 8, 0, 0]  	648	5 
[1, 2, 15, 1, 0]  	649	6 
[1, 0, 5, 7, 0]  	649	6 
[0, 7, 14, 0, 0]  	651	2 
[0, 6, 9, 3, 0]  	651	2 
[0, 14, 0, 5, 0]  	652	3 
[0, 4, 16, 0, 0]  	652	4 
[2, 1, 6, 6, 0]  	653	7 
[1, 2, 17, 0, 0]  	653	6 
[1, 1, 12, 3, 0]  	653	5 
[0, 24, 1, 1, 0]  	653	5 
[2, 10, 2, 5, 0]  	654	7 
[1, 22, 2, 1, 0]  	654	6 
[3, 8, 3, 5, 0]  	655	7 
[2, 20, 3, 1, 0]  	655	6 
[3, 24, 2, 0, 0]  	658	6 
[1, 10, 10, 1, 0]  	658	6 
[1, 8, 0, 7, 0]  	658	6 
[0, 15, 9, 0, 0]  	660	5 
[0, 23, 0, 2, 0]  	661	5 
[0, 5, 10, 3, 0]  	663	1 
[0, 4, 5, 6, 0]  	663	1 
[0, 3, 0, 9, 0]  	663	1 
[1, 2, 6, 6, 0]  	664	3 
[0, 13, 1, 5, 0]  	664	4 
[0, 3, 17, 0, 0]  	664	4 
[1, 11, 2, 5, 0]  	665	6 
[1, 0, 13, 3, 0]  	665	5 
[2, 9, 3, 5, 0]  	666	5 
[1, 21, 3, 1, 0]  	666	4 
[1, 9, 9, 2, 0]  	666	4 
[0, 17, 6, 1, 0]  	667	5 
[3, 1, 8, 5, 0]  	669	8 
[2, 0, 9, 5, 0]  	669	7 
[0, 16, 3, 3, 0]  	671	4 
[1, 2, 10, 4, 0]  	672	5 
[1, 0, 0, 10, 0]  	672	4 
[0, 14, 10, 0, 0]  	672	5 
[0, 12, 0, 6, 0]  	672	4 
[0, 16, 5, 2, 0]  	675	1 
[0, 4, 11, 3, 0]  	675	1 
[0, 3, 6, 6, 0]  	675	1 
[0, 2, 1, 9, 0]  	675	1 
[1, 1, 7, 6, 0]  	676	5 
[1, 0, 2, 9, 0]  	676	3 
[0, 12, 2, 5, 0]  	676	3 
[2, 1, 18, 0, 0]  	677	5 
[1, 11, 8, 2, 0]  	677	4 
[1, 10, 3, 5, 0]  	677	5 
[1, 7, 5, 5, 0]  	678	5 
[0, 19, 5, 1, 0]  	678	5 
[1, 4, 7, 5, 0]  	679	5 
[0, 16, 7, 1, 0]  	679	5 
[0, 19, 7, 0, 0]  	682	5 
[0, 4, 15, 1, 0]  	683	3 
[0, 15, 6, 2, 0]  	687	1 
[0, 3, 12, 3, 0]  	687	1 
[0, 2, 7, 6, 0]  	687	1 
[0, 1, 2, 9, 0]  	687	1 
[1, 0, 8, 6, 0]  	688	3 
[0, 11, 3, 5, 0]  	688	3 
[1, 9, 4, 5, 0]  	689	3 
[0, 21, 4, 1, 0]  	689	3 
[0, 9, 10, 2, 0]  	689	3 
[0, 30, 0, 0, 0]  	690	4  <--- 2
[0, 15, 8, 1, 0]  	691	5 
[0, 6, 14, 1, 0]  	694	3 
[0, 3, 16, 1, 0]  	695	3 
[0, 12, 12, 0, 0]  	696	4 
[0, 14, 7, 2, 0]  	699	1 
[0, 2, 13, 3, 0]  	699	1 
[0, 1, 8, 6, 0]  	699	1 
[0, 0, 3, 9, 0]  	699	1 
[1, 1, 19, 0, 0]  	700	3 
[0, 23, 3, 1, 0]  	700	3 
[0, 11, 9, 2, 0]  	700	3 
[0, 8, 11, 2, 0]  	701	3 
[1, 2, 9, 5, 0]  	703	6 
[0, 4, 10, 4, 0]  	706	3 
[0, 2, 17, 1, 0]  	707	3 
[0, 13, 8, 2, 0]  	711	1 
[0, 2, 19, 0, 0]  	711	1 
[0, 1, 14, 3, 0]  	711	1 
[0, 0, 9, 6, 0]  	711	1 
[0, 9, 5, 5, 0]  	712	2 
[0, 7, 12, 2, 0]  	713	3 
[9, 0, 6, 6, 0]  	714	7 
[1, 26, 3, 0, 0]  	715	7 
[0, 11, 2, 6, 0]  	719	3 
[0, 1, 20, 0, 0]  	723	1 
[0, 0, 15, 3, 0]  	723	1 
[0, 6, 13, 2, 0]  	725	3 
[0, 14, 6, 3, 0]  	730	3 
[0, 2, 12, 4, 0]  	730	3 
[0, 9, 0, 8, 0]  	735	1 
[0, 0, 21, 0, 0]  	735	1  <--- 3
[0, 19, 1, 4, 0]  	736	2 
[0, 7, 7, 5, 0]  	736	2 
[0, 26, 4, 0, 0]  	738	4 
[0, 1, 13, 4, 0]  	742	2 
[0, 21, 0, 4, 0]  	747	1 
[0, 8, 1, 8, 0]  	747	1 
[0, 6, 8, 5, 0]  	748	2 
[0, 28, 3, 0, 0]  	749	4 
[0, 1, 19, 1, 0]  	754	2 
[0, 7, 2, 8, 0]  	759	1 
[0, 5, 9, 5, 0]  	760	2 
[8, 0, 19, 0, 0]  	761	6 
[1, 0, 12, 5, 0]  	762	5 
[0, 6, 3, 8, 0]  	771	1 
[0, 5, 4, 8, 0]  	783	1 
[7, 0, 20, 0, 0]  	784	4 
[0, 0, 0, 12, 0]  	792	1  <--- 4
[12, 0, 0, 1, 1]  	210	5 
[3, 14, 0, 0, 1]  	358	5 
[11, 0, 0, 4, 1]  	396	5 
[9, 1, 4, 2, 1]  	403	5 
[11, 0, 6, 1, 1]  	408	7 
[7, 0, 6, 2, 1]  	426	5 
[10, 0, 5, 2, 1]  	427	5 
[5, 1, 8, 1, 1]  	429	9 
[10, 0, 7, 1, 1]  	431	13 
[4, 4, 1, 4, 1]  	439	8 
[3, 13, 3, 0, 1]  	440	7 
[12, 7, 4, 0, 1]  	445	10 
[4, 1, 7, 2, 1]  	448	5 
[6, 0, 7, 2, 1]  	449	8 
[4, 6, 0, 4, 1]  	450	8 
[2, 14, 3, 0, 1]  	451	6 
[4, 1, 9, 1, 1]  	452	8 
[6, 0, 9, 1, 1]  	453	11 
[4, 12, 2, 1, 1]  	460	7 
[3, 7, 0, 4, 1]  	461	8 
[4, 12, 4, 0, 1]  	464	9 
[6, 11, 4, 0, 1]  	465	12 
[3, 13, 2, 1, 1]  	471	4 
[3, 6, 1, 4, 1]  	473	7 
[4, 5, 9, 0, 1]  	478	13 
[3, 12, 5, 0, 1]  	487	8 
[2, 9, 0, 4, 1]  	495	6 
[3, 4, 3, 4, 1]  	497	8 
[3, 5, 10, 0, 1]  	501	12 
[8, 4, 9, 0, 1]  	503	16 
[2, 8, 1, 4, 1]  	507	6 
[2, 18, 2, 0, 1]  	508	7 
[2, 5, 3, 4, 1]  	508	7 
[3, 0, 10, 2, 1]  	518	6 
[2, 7, 2, 4, 1]  	519	6 
[3, 4, 0, 6, 1]  	524	11 
[17, 2, 8, 0, 1]  	530	16 
[1, 15, 5, 0, 1]  	532	7 
[4, 9, 8, 0, 1]  	535	10 
[3, 8, 9, 0, 1]  	535	10 
[1, 4, 5, 4, 1]  	543	6 
[9, 0, 5, 4, 1]  	547	12 
[14, 3, 9, 0, 1]  	552	12 
[1, 12, 0, 4, 1]  	552	6 
[1, 3, 6, 4, 1]  	555	6 
[2, 8, 10, 0, 1]  	558	9 
[1, 15, 4, 1, 1]  	563	6 
[2, 1, 11, 2, 1]  	564	7 
[1, 2, 7, 4, 1]  	567	6 
[5, 0, 7, 4, 1]  	569	10 
[2, 15, 2, 2, 1]  	571	10 
[1, 17, 3, 1, 1]  	574	7 
[1, 1, 8, 4, 1]  	579	6 
[2, 12, 8, 0, 1]  	580	7 
[15, 1, 11, 0, 1]  	588	14 
[1, 10, 10, 0, 1]  	592	7 
[1, 18, 1, 2, 1]  	593	7 
[1, 7, 12, 0, 1]  	593	7 
[1, 15, 3, 2, 1]  	594	7 
[2, 12, 3, 3, 1]  	603	7 
[2, 0, 9, 4, 1]  	603	6 
[1, 12, 9, 0, 1]  	603	6 
[1, 20, 0, 2, 1]  	604	6 
[1, 9, 11, 0, 1]  	604	7 
[1, 6, 13, 0, 1]  	605	7 
[1, 14, 4, 2, 1]  	606	8 
[10, 1, 2, 6, 1]  	609	7 
[1, 2, 12, 2, 1]  	610	8 
[1, 7, 7, 3, 1]  	616	5 
[1, 5, 14, 0, 1]  	617	6 
[0, 15, 4, 2, 1]  	617	5 
[1, 2, 16, 0, 1]  	618	8 
[8, 0, 15, 0, 1]  	621	8 
[1, 3, 10, 3, 1]  	629	7 
[1, 2, 5, 6, 1]  	629	7 
[1, 11, 1, 5, 1]  	630	7 
[9, 1, 3, 6, 1]  	632	10 
[1, 14, 3, 3, 1]  	637	6 
[0, 14, 9, 0, 1]  	637	5 
[1, 2, 11, 3, 1]  	641	7 
[1, 1, 6, 6, 1]  	641	6 
[1, 0, 1, 9, 1]  	641	5 
[1, 7, 4, 5, 1]  	643	5 
[7, 0, 5, 6, 1]  	655	6 
[1, 0, 11, 4, 1]  	661	5 
[1, 12, 7, 2, 1]  	665	5 
[1, 1, 18, 0, 1]  	665	5 
[0, 20, 4, 1, 1]  	666	4 
[7, 1, 16, 0, 1]  	667	7 
[1, 24, 3, 0, 1]  	669	7 
[1, 11, 4, 4, 1]  	669	6 
[0, 2, 18, 0, 1]  	676	3 
[6, 0, 6, 6, 1]  	678	6 
[7, 0, 17, 0, 1]  	679	7 
[0, 13, 11, 0, 1]  	684	5 
[0, 12, 8, 2, 1]  	688	3 
[5, 0, 18, 0, 1]  	690	7 
[1, 0, 10, 5, 1]  	692	6 
[0, 14, 5, 3, 1]  	695	4 
[0, 19, 0, 4, 1]  	701	3 
[0, 26, 3, 0, 1]  	703	6 
[4, 0, 19, 0, 1]  	713	5 
[0, 15, 3, 4, 1]  	714	4 
[0, 3, 11, 4, 1]  	718	3 
[0, 2, 6, 7, 1]  	718	2 
[2, 0, 20, 0, 1]  	724	3 
[0, 8, 6, 5, 1]  	724	2 
[0, 25, 5, 0, 1]  	750	6 
[9, 1, 4, 1, 2]  	337	6 
[10, 0, 5, 1, 2]  	361	8 
[9, 2, 3, 2, 2]  	391	4 
[10, 12, 0, 0, 2]  	396	6 
[8, 0, 7, 1, 2]  	407	10 
[7, 1, 7, 1, 2]  	418	11 
[7, 0, 8, 1, 2]  	430	12 
[17, 11, 0, 0, 2]  	457	9 
[3, 4, 2, 4, 2]  	462	7 
[3, 12, 3, 1, 2]  	483	6 
[1, 13, 5, 0, 2]  	486	6 
[4, 0, 9, 2, 2]  	495	6 
[4, 11, 0, 3, 2]  	499	9 
[4, 8, 8, 0, 2]  	512	11 
[4, 7, 3, 3, 2]  	512	11 
[4, 3, 0, 6, 2]  	513	12 
[6, 2, 0, 6, 2]  	514	14 
[10, 0, 0, 6, 2]  	516	8 
[1, 4, 10, 1, 2]  	520	7 
[8, 1, 4, 4, 2]  	523	12 
[8, 0, 1, 6, 2]  	527	10 
[2, 1, 10, 2, 2]  	529	6 
[1, 3, 11, 1, 2]  	532	7 
[4, 3, 12, 0, 2]  	537	12 
[7, 1, 1, 6, 2]  	538	13 
[2, 0, 11, 2, 2]  	541	6 
[1, 2, 12, 1, 2]  	544	7 
[6, 0, 6, 4, 2]  	546	11 
[3, 2, 2, 6, 2]  	548	11 
[2, 1, 7, 4, 2]  	556	8 
[6, 1, 2, 6, 2]  	561	12 
[8, 2, 12, 0, 2]  	562	12 
[1, 3, 10, 2, 2]  	563	6 
[1, 2, 11, 2, 2]  	575	6 
[2, 24, 0, 0, 2]  	576	7 
[3, 12, 2, 3, 2]  	580	8 
[5, 1, 3, 6, 2]  	584	11 
[7, 0, 3, 6, 2]  	585	10 
[5, 0, 15, 0, 2]  	585	11 
[1, 25, 0, 0, 2]  	587	6 
[3, 11, 3, 3, 2]  	592	8 
[1, 4, 14, 0, 2]  	594	7 
[4, 1, 15, 0, 2]  	596	11 
[1, 1, 1, 8, 2]  	598	6 
[1, 5, 8, 3, 2]  	605	6 
[1, 2, 10, 3, 2]  	606	7 
[2, 1, 5, 6, 2]  	618	9 
[7, 2, 14, 0, 2]  	620	9 
[0, 27, 0, 0, 2]  	621	6 
[1, 12, 6, 2, 2]  	630	7 
[2, 22, 1, 1, 2]  	631	7 
[1, 21, 2, 1, 2]  	631	6 
[0, 26, 1, 0, 2]  	633	6 
[0, 4, 10, 3, 2]  	640	3 
[0, 13, 6, 2, 2]  	641	5 
[6, 0, 5, 6, 2]  	643	6 
[4, 0, 17, 0, 2]  	643	7 
[1, 8, 9, 2, 2]  	643	5 
[0, 3, 11, 3, 2]  	652	3 
[4, 0, 6, 6, 2]  	654	8 
[0, 14, 4, 3, 2]  	660	4 
[0, 2, 12, 3, 2]  	664	3 
[3, 0, 18, 0, 2]  	666	4 
[0, 20, 6, 0, 2]  	670	5 
[0, 3, 10, 4, 2]  	683	3 
[2, 0, 19, 0, 2]  	689	3 
[0, 2, 11, 4, 2]  	695	3 
[1, 0, 20, 0, 2]  	712	2 
[0, 25, 4, 0, 2]  	715	6 
[0, 24, 5, 0, 2]  	727	5 
[0, 11, 8, 3, 2]  	731	3 
[0, 5, 14, 2, 2]  	737	3 
[0, 18, 2, 4, 2]  	748	2 
[9, 2, 3, 1, 3]  	325	6 
[10, 11, 0, 0, 3]  	373	8 
[6, 1, 6, 2, 3]  	437	6 
[4, 11, 3, 1, 3]  	472	7 
[4, 7, 8, 0, 3]  	489	12 
[2, 12, 0, 3, 3]  	498	6 
[10, 3, 9, 0, 3]  	504	14 
[8, 2, 3, 4, 3]  	511	12 
[9, 3, 10, 0, 3]  	527	13 
[1, 14, 0, 3, 3]  	532	8 
[3, 3, 1, 6, 3]  	536	11 
[1, 13, 1, 3, 3]  	544	8 
[2, 17, 0, 2, 3]  	547	10 
[5, 1, 2, 6, 3]  	549	12 
[2, 4, 3, 5, 3]  	551	7 
[3, 11, 2, 3, 3]  	557	8 
[5, 2, 13, 0, 3]  	561	12 
[1, 24, 0, 0, 3]  	564	6 
[3, 10, 3, 3, 3]  	569	8 
[4, 1, 3, 6, 3]  	572	11 
[6, 0, 3, 6, 3]  	573	11 
[3, 0, 8, 4, 3]  	580	9 
[2, 1, 4, 6, 3]  	583	9 
[4, 2, 14, 0, 3]  	584	9 
[2, 3, 3, 6, 3]  	594	8 
[5, 0, 4, 6, 3]  	596	9 
[1, 2, 6, 5, 3]  	598	7 
[1, 17, 2, 2, 3]  	605	8 
[3, 2, 15, 0, 3]  	607	11 
[4, 0, 16, 0, 3]  	608	9 
[4, 0, 5, 6, 3]  	619	10 
[1, 12, 4, 3, 3]  	626	6 
[1, 9, 6, 3, 3]  	627	4 
[0, 14, 5, 2, 3]  	629	6 
[0, 13, 0, 5, 3]  	629	5 
[3, 0, 6, 6, 3]  	642	8 
[0, 18, 5, 1, 3]  	655	5 
[0, 22, 5, 0, 3]  	681	5 
[0, 3, 5, 7, 3]  	706	2 
[0, 18, 1, 4, 3]  	713	3 
[0, 12, 7, 3, 3]  	719	3 
[7, 12, 0, 0, 4]  	360	6 
[6, 1, 6, 1, 4]  	371	7 
[2, 19, 1, 0, 4]  	496	7 
[2, 21, 0, 0, 4]  	507	6 
[4, 9, 2, 3, 4]  	523	10 
[7, 2, 12, 0, 4]  	550	12 
[5, 1, 6, 4, 4]  	557	11 
[3, 1, 3, 6, 4]  	560	11 
[2, 5, 1, 6, 4]  	570	9 
[3, 2, 14, 0, 4]  	572	11 
[1, 19, 0, 2, 4]  	581	8 
[1, 16, 2, 2, 4]  	582	8 
[4, 0, 4, 6, 4]  	584	10 
[1, 3, 9, 3, 4]  	594	7 
[2, 2, 15, 0, 4]  	595	10 
[1, 8, 6, 3, 4]  	604	6 
[3, 0, 5, 6, 4]  	607	9 
[2, 1, 16, 0, 4]  	607	9 
[1, 10, 5, 3, 4]  	615	5 
[1, 3, 4, 6, 4]  	617	5 
[1, 1, 15, 1, 4]  	626	6 
[2, 0, 6, 6, 4]  	630	8 
[3, 0, 17, 0, 4]  	631	8 
[1, 0, 7, 6, 4]  	653	5 
[1, 1, 14, 2, 4]  	657	6 
[0, 13, 5, 3, 4]  	672	4 
[0, 18, 0, 4, 4]  	678	4 
[0, 18, 2, 3, 4]  	682	4 
[0, 17, 1, 4, 4]  	690	4 
[0, 16, 2, 4, 4]  	702	4 
[0, 1, 7, 7, 4]  	730	2 
[0, 10, 4, 6, 4]  	766	2 
[1, 14, 4, 0, 5]  	474	6 
[4, 9, 7, 0, 5]  	500	11 
[3, 1, 9, 2, 5]  	506	6 
[8, 3, 10, 0, 5]  	515	14 
[1, 18, 3, 0, 5]  	531	6 
[1, 3, 5, 5, 5]  	586	7 
[1, 1, 5, 6, 5]  	606	7 
[1, 1, 7, 5, 5]  	610	7 
[1, 1, 11, 3, 5]  	618	7 
[2, 0, 18, 0, 5]  	654	6 
[1, 10, 8, 2, 5]  	654	5 
[0, 3, 15, 1, 5]  	660	4 
[1, 0, 19, 0, 5]  	677	4 
[1, 13, 0, 3, 6]  	509	6 
[2, 0, 5, 6, 6]  	595	9 
[1, 6, 9, 2, 6]  	597	6 
[1, 11, 7, 2, 6]  	642	6 
[0, 13, 10, 0, 6]  	649	5 
[0, 18, 7, 0, 6]  	659	5 
[4, 13, 2, 0, 7]  	417	7 
[2, 20, 0, 0, 7]  	484	7 
[2, 17, 2, 0, 7]  	485	7 
[1, 12, 3, 3, 7]  	591	6 
[0, 12, 6, 3, 8]  	684	4 
[2, 16, 2, 1, 9]  	528	6 
[2, 2, 3, 6, 9]  	571	9 
[2, 0, 17, 0, 10]  	619	7 
[1, 15, 3, 1, 247]  	528	5 
[2, 7, 1, 5, 247]  	550	6 
[1, 14, 3, 2, 247]  	571	7 
[1, 5, 4, 5, 247]  	597	5 
[1, 9, 3, 5, 247]  	654	4 
[7, 0, 7, 1, 248]  	395	11 
[0, 11, 0, 6, 248]  	649	1 
[2, 7, 1, 4, 249]  	484	6 
[2, 4, 3, 4, 249]  	485	6 
[1, 7, 2, 5, 249]  	573	4 
[1, 7, 4, 4, 249]  	577	5 
[1, 4, 3, 6, 249]  	605	4 
[1, 5, 1, 7, 249]  	624	5 
[6, 12, 1, 0, 250]  	383	9 
[4, 1, 8, 1, 250]  	417	6 
[1, 5, 4, 4, 250]  	531	5 
[1, 2, 10, 2, 250]  	540	4 
[2, 6, 0, 6, 250]  	558	8 
[2, 0, 10, 3, 250]  	572	5 
[1, 6, 3, 5, 250]  	585	3 
[1, 2, 0, 8, 250]  	586	3 
[1, 5, 0, 7, 250]  	589	6 
[1, 0, 9, 4, 250]  	591	3 
[1, 3, 2, 7, 250]  	613	3 
[0, 2, 10, 4, 250]  	660	3 
[0, 4, 9, 5, 250]  	737	2 
[5, 10, 5, 0, 251]  	465	8 
[1, 3, 10, 1, 251]  	497	5 
[1, 2, 0, 7, 251]  	520	5 
[3, 9, 8, 0, 251]  	523	9 
[1, 0, 2, 7, 251]  	544	2 
[3, 0, 13, 1, 251]  	557	4 
[2, 6, 2, 5, 251]  	562	5 
[1, 1, 0, 8, 251]  	563	4 
[1, 4, 8, 3, 251]  	582	2 
[0, 26, 0, 0, 251]  	598	5 
[1, 9, 8, 2, 251]  	631	2 
[0, 22, 2, 1, 251]  	642	2 
[0, 19, 4, 1, 251]  	643	3 
[0, 21, 3, 1, 251]  	654	3 
[0, 6, 11, 2, 251]  	655	2 
[0, 6, 13, 1, 251]  	659	3 
[0, 0, 2, 9, 251]  	664	1 
[0, 24, 4, 0, 251]  	692	5 
[0, 4, 8, 5, 251]  	702	2 
[5, 12, 1, 0, 252]  	371	5 
[8, 10, 2, 0, 252]  	396	8 
[7, 11, 2, 0, 252]  	407	7 
[6, 9, 4, 0, 252]  	419	10 
[1, 2, 10, 1, 252]  	474	3 
[3, 8, 8, 0, 252]  	500	9 
[2, 0, 10, 2, 252]  	506	4 
[1, 7, 2, 4, 252]  	507	3 
[1, 4, 8, 2, 252]  	516	2 
[1, 6, 3, 4, 252]  	519	3 
[3, 11, 7, 0, 252]  	534	6 
[2, 6, 11, 0, 252]  	547	7 
[0, 21, 0, 1, 252]  	549	3 
[2, 10, 9, 0, 252]  	569	8 
[1, 6, 12, 0, 252]  	570	5 
[1, 6, 1, 6, 252]  	581	3 
[1, 19, 2, 1, 252]  	585	3 
[1, 1, 14, 1, 252]  	591	5 
[1, 2, 4, 6, 252]  	594	6 
[1, 11, 0, 5, 252]  	595	3 
[0, 5, 10, 2, 252]  	597	1 
[1, 0, 0, 9, 252]  	606	4 
[0, 12, 0, 5, 252]  	606	2 
[0, 4, 11, 2, 252]  	609	1 
[1, 10, 7, 2, 252]  	619	5 
[0, 3, 16, 0, 252]  	629	4 
[0, 2, 0, 9, 252]  	640	1 
[0, 4, 14, 1, 252]  	648	2 
[0, 11, 2, 5, 252]  	653	1 
[0, 17, 2, 3, 252]  	659	4 
[0, 2, 16, 1, 252]  	672	2 
[0, 6, 7, 5, 252]  	713	1 
[0, 0, 20, 1, 252]  	766	1 
[7, 11, 1, 0, 253]  	372	7 
[8, 9, 2, 0, 253]  	373	6 
[5, 10, 4, 0, 253]  	430	4 
[1, 0, 0, 7, 253]  	474	2 
[2, 6, 2, 4, 253]  	496	5 
[1, 14, 3, 1, 253]  	505	4 
[2, 0, 12, 1, 253]  	510	2 
[1, 1, 12, 1, 253]  	521	3 
[2, 5, 11, 0, 253]  	524	10 
[4, 0, 8, 3, 253]  	526	5 
[2, 19, 0, 1, 253]  	527	2 
[1, 3, 9, 2, 253]  	528	3 
[0, 2, 12, 1, 253]  	532	1 
[2, 7, 10, 0, 253]  	535	7 
[2, 4, 12, 0, 253]  	536	7 
[3, 1, 8, 3, 253]  	537	4 
[2, 8, 0, 5, 253]  	538	6 
[2, 18, 1, 1, 253]  	539	2 
[3, 9, 3, 3, 253]  	546	9 
[1, 9, 0, 5, 253]  	549	1 
[1, 19, 1, 1, 253]  	550	2 
[0, 15, 4, 1, 253]  	551	2 
[2, 13, 3, 2, 253]  	560	5 
[1, 8, 1, 5, 253]  	561	4 
[0, 20, 1, 1, 253]  	561	1 
[1, 18, 2, 1, 253]  	562	5 
[1, 0, 14, 1, 253]  	568	2 
[1, 7, 0, 6, 253]  	569	3 
[0, 19, 2, 1, 253]  	573	1 
[0, 25, 0, 0, 253]  	575	4 
[0, 1, 14, 1, 253]  	579	1 
[0, 11, 0, 5, 253]  	583	1 
[0, 18, 3, 1, 253]  	585	1 
[0, 0, 15, 1, 253]  	591	1 
[0, 0, 0, 9, 253]  	594	1 
[0, 15, 8, 0, 253]  	625	2 
[0, 9, 12, 0, 253]  	627	1 
[0, 14, 7, 1, 253]  	633	2 
[0, 4, 7, 5, 253]  	667	2 
[0, 10, 9, 2, 253]  	677	2 
[0, 7, 1, 8, 253]  	724	1 
[0, 5, 3, 8, 253]  	748	1 
[5, 10, 1, 0, 254]  	325	3 
[5, 9, 2, 0, 254]  	337	3 
[7, 0, 6, 1, 254]  	360	5 
[5, 0, 7, 2, 254]  	437	3 
[5, 0, 9, 1, 254]  	441	3 
[10, 5, 6, 0, 254]  	445	6 
[1, 4, 8, 1, 254]  	450	2 
[12, 6, 5, 0, 254]  	457	6 
[1, 15, 3, 0, 254]  	462	3 
[1, 9, 0, 4, 254]  	483	2 
[0, 0, 12, 1, 254]  	486	1 
[4, 6, 3, 3, 254]  	489	12 
[4, 9, 3, 2, 254]  	492	4 
[3, 4, 1, 5, 254]  	493	3 
[1, 8, 1, 4, 254]  	495	2 
[2, 1, 11, 1, 254]  	498	4 
[3, 11, 6, 0, 254]  	499	3 
[2, 4, 11, 0, 254]  	501	6 
[3, 6, 0, 5, 254]  	504	2 
[2, 18, 0, 1, 254]  	504	2 
[0, 4, 10, 1, 254]  	508	1 
[4, 10, 1, 3, 254]  	511	5 
[3, 7, 9, 0, 254]  	512	11 
[2, 3, 12, 0, 254]  	513	6 
[5, 3, 11, 0, 254]  	514	9 
[7, 0, 1, 6, 254]  	515	7 
[2, 6, 1, 5, 254]  	527	4 
[1, 2, 6, 4, 254]  	532	6 
[1, 20, 0, 1, 254]  	538	2 
[1, 7, 1, 5, 254]  	538	1 
[0, 19, 1, 1, 254]  	538	1 
[9, 2, 11, 0, 254]  	539	10 
[1, 4, 3, 5, 254]  	539	3 
[2, 12, 7, 0, 254]  	545	3 
[1, 6, 0, 6, 254]  	546	2 
[2, 4, 1, 6, 254]  	547	5 
[3, 0, 9, 3, 254]  	549	5 
[0, 12, 8, 0, 254]  	556	2 
[4, 0, 7, 4, 254]  	557	8 
[1, 10, 9, 0, 254]  	557	2 
[0, 17, 3, 1, 254]  	562	1 
[1, 17, 1, 2, 254]  	570	6 
[2, 11, 3, 3, 254]  	580	7 
[0, 6, 9, 2, 254]  	585	2 
[0, 2, 10, 3, 254]  	594	2 
[1, 12, 5, 2, 254]  	595	6 
[0, 4, 5, 5, 254]  	597	1 
[0, 17, 6, 0, 254]  	601	3 
[0, 11, 10, 0, 254]  	603	1 
[1, 11, 6, 2, 254]  	607	5 
[0, 16, 7, 0, 254]  	613	3 
[0, 10, 11, 0, 254]  	615	1 
[0, 4, 15, 0, 254]  	617	4 
[1, 0, 6, 6, 254]  	618	5 
[0, 4, 0, 8, 254]  	620	1 
[0, 17, 0, 4, 254]  	655	3 
[0, 24, 3, 0, 254]  	657	2 
[0, 14, 3, 4, 254]  	691	3 
[0, 5, 9, 4, 254]  	694	2 
[0, 0, 8, 7, 254]  	742	1 
[5, 5, 1, 0, 255]  	210	3 
[7, 0, 5, 1, 255]  	325	5 
[1, 0, 8, 1, 255]  	358	1 
[0, 17, 0, 0, 255]  	391	1 
[0, 16, 1, 0, 255]  	403	1 
[0, 0, 10, 1, 255]  	416	1 
[3, 12, 3, 0, 255]  	417	4 
[1, 15, 2, 0, 255]  	427	3 
[4, 6, 7, 0, 255]  	431	4 
[3, 6, 0, 4, 255]  	438	4 
[1, 14, 3, 0, 255]  	439	2 
[2, 3, 10, 0, 255]  	443	4 
[4, 10, 1, 2, 255]  	445	2 
[4, 9, 2, 2, 255]  	457	2 
[1, 5, 0, 5, 255]  	457	1 
[0, 14, 4, 0, 255]  	462	2 
[1, 4, 1, 5, 255]  	469	1 
[2, 8, 0, 4, 255]  	472	4 
[1, 7, 1, 4, 255]  	472	2 
[4, 9, 1, 3, 255]  	488	2 
[3, 6, 9, 0, 255]  	489	6 
[1, 5, 3, 4, 255]  	496	2 
[1, 4, 0, 6, 255]  	500	1 
[3, 3, 0, 6, 255]  	501	11 
[9, 2, 10, 0, 255]  	504	7 
[0, 13, 6, 0, 255]  	509	2 
[6, 0, 5, 4, 255]  	511	8 
[8, 1, 0, 6, 255]  	515	12 
[7, 2, 11, 0, 255]  	515	10 
[0, 5, 8, 2, 255]  	527	2 
[0, 0, 0, 8, 255]  	528	1 
[16, 1, 9, 0, 255]  	530	6 
[1, 12, 7, 0, 255]  	533	3 
[2, 15, 1, 2, 255]  	536	10 
[2, 12, 3, 2, 255]  	537	3 
[2, 9, 9, 0, 255]  	546	5 
[1, 7, 7, 2, 255]  	550	3 
[2, 3, 2, 6, 255]  	559	5 
[1, 9, 6, 2, 255]  	561	5 
[1, 12, 6, 1, 255]  	564	5 
[0, 1, 8, 4, 255]  	567	2 
[4, 0, 15, 0, 255]  	573	6 
[1, 7, 6, 3, 255]  	581	5 
[1, 5, 13, 0, 255]  	582	4 
[0, 2, 6, 5, 255]  	586	1 
[14, 0, 12, 0, 255]  	588	6 
[1, 6, 7, 3, 255]  	593	5 
[0, 3, 15, 0, 255]  	594	1 
[0, 8, 12, 0, 255]  	604	1 
[0, 15, 0, 4, 255]  	609	2 
[0, 0, 8, 5, 255]  	610	1 
[0, 14, 1, 4, 255]  	621	2 
[0, 6, 14, 0, 255]  	628	3 
[1, 1, 17, 0, 255]  	630	6 
[0, 0, 5, 7, 255]  	637	1 
------
The gap is between 11 and 246.
Lengths: 5 5 10 12 5 12.
For 692 = 3*d-d1-d2-d3-d4 you get 5 in char 0.
1 + 0*2^64 + 0*2^128 + 0*2^192*y^24*z^4
1 + 0*2^64 + 0*2^128 + 0*2^192*y^12*z^10*w^1
1 + 0*2^64 + 0*2^128 + 0*2^192*y^11*z^5*w^4
1 + 0*2^64 + 0*2^128 + 0*2^192*y^10*w^7
1 + 0*2^64 + 0*2^128 + 0*2^192*z^16*w^2

For 416 = 2*d-d1-d2-d3-d4 you get 10 in char 0.
1 + 0*2^64 + 0*2^128 + 0*2^192*x^5*y^4*w^4
1 + 0*2^64 + 0*2^128 + 0*2^192*x^4*y^3*z^1*w^4
1 + 0*2^64 + 0*2^128 + 0*2^192*x^3*y^2*z^2*w^4
1 + 0*2^64 + 0*2^128 + 0*2^192*x^2*y^14*z^2
1 + 0*2^64 + 0*2^128 + 0*2^192*x^2*y^1*z^3*w^4
1 + 0*2^64 + 0*2^128 + 0*2^192*x^1*y^13*z^3
1 + 0*2^64 + 0*2^128 + 0*2^192*x^1*y^1*z^9*w^1
1 + 0*2^64 + 0*2^128 + 0*2^192*x^1*z^4*w^4
1 + 0*2^64 + 0*2^128 + 0*2^192*y^12*z^4
1 + 0*2^64 + 0*2^128 + 0*2^192*z^10*w^1

For 140 = d-d1-d2-d3-d4 you get 5 in char 0.
1 + 0*2^64 + 0*2^128 + 0*2^192*x^4*y^4
1 + 0*2^64 + 0*2^128 + 0*2^192*x^3*y^3*z^1
1 + 0*2^64 + 0*2^128 + 0*2^192*x^2*y^2*z^2
1 + 0*2^64 + 0*2^128 + 0*2^192*x^1*y^1*z^3
1 + 0*2^64 + 0*2^128 + 0*2^192*z^4

Extra powers of p used 8.
The invariant extra is equal to 33.
Start computing 2^4 Delta^1 (x1x2x3x4)^1... Done.
Start computing 2^5 Delta^2 (x1x2x3x4)^1... Done.
Start computing 2^6 Delta^3 (x1x2x3x4)^1... Done.
Start computing 2^7 Delta^4 (x1x2x3x4)^1... Done.
Start computing 2^8 Delta^5 (x1x2x3x4)^1... Done.
Start computing 2^9 Delta^6 (x1x2x3x4)^1... Done.
Start computing 2^10 Delta^7 (x1x2x3x4)^1... Done.
Start computing 2^11 Delta^8 (x1x2x3x4)^1... Done.
Start computing 2^12 Delta^9 (x1x2x3x4)^1... Done.
Start computing 2^13 Delta^10 (x1x2x3x4)^1... Done.
Start computing 2^14 Delta^11 (x1x2x3x4)^1... Done.
Start computing 2^15 Delta^12 (x1x2x3x4)^1... Done.
Start computing 2^16 Delta^13 (x1x2x3x4)^1... Done.
Start computing 2^17 Delta^14 (x1x2x3x4)^1... Done.
Start computing 2^18 Delta^15 (x1x2x3x4)^1... Done.
Start computing 2^19 Delta^16 (x1x2x3x4)^1... Done.
Start computing 2^20 Delta^17 (x1x2x3x4)^1... Done.
Start computing 2^21 Delta^18 (x1x2x3x4)^1... Done.
Start computing 2^22 Delta^19 (x1x2x3x4)^1... Done.
Start computing 2^23 Delta^20 (x1x2x3x4)^1... Done.
Start computing 2^24 Delta^21 (x1x2x3x4)^1... Done.
Start computing 2^25 Delta^22 (x1x2x3x4)^1... Done.
Start computing 2^26 Delta^23 (x1x2x3x4)^1... Done.
Start computing 2^27 Delta^24 (x1x2x3x4)^1... Done.
Start computing 2^28 Delta^25 (x1x2x3x4)^1... Done.
Start computing 2^29 Delta^26 (x1x2x3x4)^1... Done.
Start computing 2^30 Delta^27 (x1x2x3x4)^1... Done.
Start computing 2^31 Delta^28 (x1x2x3x4)^1... Done.
Start computing 2^32 Delta^29 (x1x2x3x4)^1... Done.
Start computing 2^33 Delta^30 (x1x2x3x4)^1... Done.
Start computing 2^34 Delta^31 (x1x2x3x4)^1... Done.
Start computing 2^35 Delta^32 (x1x2x3x4)^1... Done.
Start computing 2^36 Delta^33 (x1x2x3x4)^1... Done.
Start computing 2^37 Delta^34 (x1x2x3x4)^1... Done.
Start computing 2^38 Delta^35 (x1x2x3x4)^1... Done.
Start computing aa.
1 2 3 4 5 6 7 8 9 10 11 12 13 14 15 16 17 18 19 20 
*/
A = \
[14058612346383000432 + 10820793934321580136*2^64 + 18139312472709712450*2^128 + 272360406023*2^192,563648190129688800 + 12324735201246719099*2^64 + 9808378866552256877*2^128 + 83857150140*2^192,6464993580854005976 + 8181916197832696044*2^64 + 10902441260311300832*2^128 + 93837068003*2^192,10945858855029476512 + 17589825759562855175*2^64 + 12860880679759234150*2^128 + 41722721357*2^192,14592878600240279488 + 520251191303986067*2^64 + 4214870247095793708*2^128 + 142298671994*2^192,17854093242771530240 + 8630823806043894374*2^64 + 3613623353057328592*2^128 + 189163509102*2^192,8277200666501274176 + 17585230464919505673*2^64 + 17269816427626728809*2^128 + 57044837994*2^192,69979861639603840 + 15070983484097645888*2^64 + 1301830941557493662*2^128 + 205182879556*2^192,7542269629172329472 + 12814895997659104185*2^64 + 14462064390359408318*2^128 + 224147375407*2^192,8512749687845003392 + 5228225217160913715*2^64 + 2691707327627413762*2^128 + 31454348813*2^192,2889406107913285248 + 7971677070547073923*2^64 + 12754035008836715405*2^128 + 229985558862*2^192,15912610858802655744 + 3170227159702232316*2^64 + 15080436197201683285*2^128 + 241370656465*2^192,1571347774994023232 + 3535349089788289023*2^64 + 4992912106215812434*2^128 + 203397478035*2^192,9667509530464372864 + 2553538315081972671*2^64 + 5311554881626851342*2^128 + 158527938636*2^192,9588266834184768768 + 14586294015179702193*2^64 + 3441187957559317405*2^128 + 91675795950*2^192,233024907959567360 + 285353167498293737*2^64 + 7702587723434796831*2^128 + 62275772032*2^192,8652419120276763136 + 11725863388494853668*2^64 + 14652420477357627530*2^128 + 174623584905*2^192,5838045881554859008 + 4644951815106252801*2^64 + 7810746307954712381*2^128 + 248454796948*2^192,15474129446265374976 + 3020255164918526590*2^64 + 1424238734975540041*2^128 + 22457401737*2^192,7112793994807839744 + 11877241034224799240*2^64 + 14109463271576426560*2^128 + 62306891512*2^192;\
3375120992100520304 + 7359930168113032988*2^64 + 14175305642298442323*2^128 + 219359306674*2^192,14423407441026430688 + 90827246097251020*2^64 + 6019590846095982212*2^128 + 181917397728*2^192,1625348552768411992 + 17583666326994679685*2^64 + 3149419506675107450*2^128 + 106796416644*2^192,11627280170183619168 + 17995877653589206825*2^64 + 16105944402788103263*2^128 + 245468627283*2^192,1265557946682795968 + 9887949366908546031*2^64 + 6925277937226148159*2^128 + 42198088792*2^192,17252110784812804608 + 5203161044904383614*2^64 + 8661850097043092648*2^128 + 193425541542*2^192,3516659854996763712 + 13152982723003222493*2^64 + 3344451153304043411*2^128 + 123277462520*2^192,6650352602975687808 + 11467832803947623845*2^64 + 9903040252127811057*2^128 + 76255917032*2^192,3796311778092328960 + 16445590963571391203*2^64 + 14317805164413252871*2^128 + 38497437947*2^192,10063687324280132224 + 5751361994927290226*2^64 + 11538090496827067226*2^128 + 31917664047*2^192,15665415705991277184 + 17589632461457748938*2^64 + 8965535569120298568*2^128 + 148079144781*2^192,18127626808032940544 + 4215460618634735047*2^64 + 13371566540284738266*2^128 + 105076468722*2^192,17091063477174106432 + 2352232852812562419*2^64 + 10929336388361093562*2^128 + 152333201836*2^192,2440640117201353856 + 3888123274998444656*2^64 + 10306645606488470629*2^128 + 19322222913*2^192,7352692398602837248 + 16199099780315381737*2^64 + 16940206706605836924*2^128 + 200390025385*2^192,12415727438787044352 + 15844856910907047366*2^64 + 6772396178483438782*2^128 + 230334639370*2^192,16243222302218031616 + 2800372136961818211*2^64 + 11923834510981757080*2^128 + 20292185122*2^192,1923881624752628736 + 17942901910123460301*2^64 + 1268265741017644153*2^128 + 52193710101*2^192,1744793017166543104 + 13385176271822868715*2^64 + 17472606358176807643*2^128 + 51147956005*2^192,9356209132649733120 + 12240617889992884808*2^64 + 9391871408974702969*2^128 + 192858129658*2^192;\
11646479833049645120 + 533906457541336826*2^64 + 16605196422080821337*2^128 + 54518519750*2^192,16062298008259098752 + 2366556871017197781*2^64 + 14446922840126167866*2^128 + 615037108*2^192,2269466591251268768 + 8003813202531284030*2^64 + 5870742920253996999*2^128 + 20288385819*2^192,12048306328806008192 + 238628856465621454*2^64 + 15022975069641480655*2^128 + 113473944484*2^192,650396334059612416 + 6582647119552373692*2^64 + 18196298697333346548*2^128 + 200451446509*2^192,15848799054150236160 + 15047165762387577410*2^64 + 2984349141498476019*2^128 + 207224921345*2^192,11714694240270757632 + 3274565519670582423*2^64 + 11997788792038293331*2^128 + 89861062495*2^192,4967970068547282432 + 17541556193667081658*2^64 + 17263839812552400749*2^128 + 273191254270*2^192,12332047739212828672 + 5176746570664357892*2^64 + 9837757894346564516*2^128 + 223490387572*2^192,2823156603077844480 + 1695069734909342414*2^64 + 4174128416799633976*2^128 + 264391938442*2^192,8882619246028953088 + 668735438859336795*2^64 + 10953284248959223748*2^128 + 44860032885*2^192,9477291746572056576 + 11546324554859511855*2^64 + 8275799959687075200*2^128 + 174033192743*2^192,1715894855187991296 + 18048143535987172979*2^64 + 4539563852463892269*2^128 + 69578914928*2^192,15254410708943212032 + 10718504245234095343*2^64 + 1296755987835793983*2^128 + 32387097053*2^192,9965568688425872384 + 18083153528216018935*2^64 + 11011230177309163515*2^128 + 87600512887*2^192,17932898586950135808 + 16187740445773634697*2^64 + 9620345716477018962*2^128 + 215751800554*2^192,7666957295854614528 + 14760582954347692899*2^64 + 7393460020031516665*2^128 + 175496334912*2^192,11729898789790232576 + 7235986207583743471*2^64 + 12139763697573606820*2^128 + 13674913049*2^192,9661043192247335936 + 14757748431694340541*2^64 + 10001692082508840183*2^128 + 66373859569*2^192,15787046463700422656 + 7885935076564908089*2^64 + 14411026774205968329*2^128 + 11980569144*2^192;\
17668836072776724800 + 4724890280931698696*2^64 + 1225899901450631065*2^128 + 88445419464*2^192,8316534359294888576 + 7876886036648749741*2^64 + 8744569377837522489*2^128 + 264111588161*2^192,6410309085478429728 + 15342934546925562272*2^64 + 441357348257116775*2^128 + 47745679425*2^192,12270669530769289600 + 15428196365748490344*2^64 + 1911004946865861750*2^128 + 43259262365*2^192,13582372943111154944 + 14239906757109958717*2^64 + 17522253274016174469*2^128 + 40330066371*2^192,2171618441087051776 + 1258896225318019520*2^64 + 4731343304692533817*2^128 + 10030343675*2^192,11184925222547790592 + 13273864171154548699*2^64 + 2111193108953667176*2^128 + 232243057475*2^192,2191196818156592640 + 7725950540409207840*2^64 + 8184873355395544424*2^128 + 258646463370*2^192,314565034889007104 + 7508651228918696261*2^64 + 4592160172992940702*2^128 + 212591760953*2^192,5443316653844137472 + 4648321197999270419*2^64 + 10458740195252826194*2^128 + 72547823488*2^192,8291601218355580416 + 9278230701589951818*2^64 + 13718872510791146183*2^128 + 59247525595*2^192,13977585144282961920 + 14991154292267475607*2^64 + 17718534172295300893*2^128 + 120985542664*2^192,5188656049109151488 + 16352553494242358655*2^64 + 2561933010838739817*2^128 + 32364142595*2^192,17462709616710653440 + 16052167267033212332*2^64 + 15248622383007077273*2^128 + 236726421680*2^192,13575002237739924480 + 10038518046547355397*2^64 + 10393911885416981720*2^128 + 249419962860*2^192,5775650309097304064 + 16348965284763915192*2^64 + 9459534243591723107*2^128 + 121652156589*2^192,542172725834487808 + 14305993694902769129*2^64 + 10399594107721007588*2^128 + 62372518052*2^192,5765987752994336768 + 14065497663798724974*2^64 + 5257875359224901818*2^128 + 116944695026*2^192,10174756522628787200 + 2577047861224708471*2^64 + 12112108760403576784*2^128 + 219944159165*2^192,12309776831352442880 + 11964548325398904994*2^64 + 174638012301322032*2^128 + 237653190712*2^192;\
5323265355727950300 + 5303398918137156382*2^64 + 17069455086860337607*2^128 + 88145472996*2^192,4162590916538992312 + 3312644449196489258*2^64 + 13074372146526933195*2^128 + 126733691890*2^192,2592384949862217910 + 3213846846495093718*2^64 + 6345273172535448993*2^128 + 253420990384*2^192,10249231800985306888 + 14245839204273332864*2^64 + 10104216037438584150*2^128 + 77411180180*2^192,9373983598613232624 + 12535143124395585819*2^64 + 8171165227233998736*2^128 + 118800058127*2^192,6574301596847953024 + 1324598157835294647*2^64 + 2324057715431371476*2^128 + 4608009280*2^192,14894287825017105040 + 14015172318462390786*2^64 + 821532659898462804*2^128 + 74066809685*2^192,16623725040854902432 + 15102042382956981350*2^64 + 1959332107946574536*2^128 + 82779542635*2^192,4605258584672059648 + 9441733904003349667*2^64 + 14932905698315881775*2^128 + 232854362548*2^192,7913841325964120608 + 2271075388110532959*2^64 + 10552259005637422041*2^128 + 197063262088*2^192,15508497861363678624 + 13052833413777433668*2^64 + 12444035678670312061*2^128 + 44813525785*2^192,2716910829458262144 + 7611899653626400720*2^64 + 8766810198086583832*2^128 + 143498746561*2^192,12861401630969759952 + 3957280104528564484*2^64 + 2010964448751234856*2^128 + 87758504926*2^192,13082169804667590176 + 16296459407923214526*2^64 + 2294293624981077712*2^128 + 108140704343*2^192,11608413681746915136 + 16824347954573664619*2^64 + 3770603007868950883*2^128 + 60228791122*2^192,13144165732793291008 + 5647673116108062806*2^64 + 8993886938480512064*2^128 + 208604339987*2^192,3318446054227929216 + 6194965271219351644*2^64 + 13755852512695549515*2^128 + 271147865251*2^192,6500055514117369088 + 14995775457456499517*2^64 + 12627660923651916746*2^128 + 255555970985*2^192,13032215920819932736 + 18276994332434820570*2^64 + 9163734006780566816*2^128 + 258437029884*2^192,10524951195439786752 + 9748266923648689785*2^64 + 4687061370920760539*2^128 + 235979930231*2^192;\
212596586656345088 + 9378347704425346086*2^64 + 2266697356509570602*2^128 + 45940030169*2^192,4580290051146665984 + 17015517758316600265*2^64 + 3977241145410759917*2^128 + 120254278338*2^192,2019895466927155200 + 17359174005628311330*2^64 + 18340085953590858377*2^128 + 48866159243*2^192,13509193457678841088 + 18131146960331118858*2^64 + 8567054528822576711*2^128 + 227000603245*2^192,3942722864820301824 + 16418495084995845099*2^64 + 4380242791388387519*2^128 + 72679084947*2^192,6492761341696499200 + 6993578607924579639*2^64 + 7096652629562992032*2^128 + 229779685714*2^192,14807832776218774528 + 11908410094710304354*2^64 + 12442742639838471236*2^128 + 127238488834*2^192,10046295721379950592 + 1341945917071753727*2^64 + 3216717676842770758*2^128 + 270843444142*2^192,8653863774871302144 + 7973270063402425048*2^64 + 17104487731819061213*2^128 + 198980317921*2^192,17670063055907432448 + 6901294744592297429*2^64 + 13087406050002738647*2^128 + 146829952970*2^192,15151133475120467968 + 5883285464404005233*2^64 + 10911179340811149373*2^128 + 217163155928*2^192,10744283710975410176 + 9203480863990562774*2^64 + 10077416774170469591*2^128 + 21333946323*2^192,14768332960047222784 + 3783496379902011886*2^64 + 13650296605135486348*2^128 + 126565828533*2^192,18043120085816434688 + 7652766890789045645*2^64 + 12880287210027129353*2^128 + 153303344702*2^192,15720649692154757120 + 18362217790156476520*2^64 + 15820065274219719919*2^128 + 133623957293*2^192,11487447492769071104 + 10022267360158544029*2^64 + 2889329664890239513*2^128 + 185830415618*2^192,13228986264153313280 + 8977702778923099276*2^64 + 5850178401574415168*2^128 + 42620418558*2^192,12414783998608035840 + 2539918806911718432*2^64 + 8225384189298496590*2^128 + 215427925708*2^192,11277584108154478592 + 8286671180091818232*2^64 + 2007527541825893763*2^128 + 120115903896*2^192,15609075874111651840 + 11605185462178931102*2^64 + 16478342480901927556*2^128 + 65692132081*2^192;\
6576427846956972544 + 983094055606044749*2^64 + 12751392449230103906*2^128 + 187545966525*2^192,294200891518948352 + 11123369614145562380*2^64 + 15270926507035290977*2^128 + 45680757955*2^192,6195418648242972160 + 16894945456296911491*2^64 + 4328001620703170073*2^128 + 148318602363*2^192,16223809283674954240 + 14575235313692399869*2^64 + 3175915637896352*2^128 + 208009371284*2^192,10477980904144242688 + 1166427683654324938*2^64 + 9471678531005752536*2^128 + 48625261674*2^192,9448177338987928576 + 13174649416058387928*2^64 + 12062437221559395660*2^128 + 228731193560*2^192,12887066712385507328 + 1981530433096855735*2^64 + 4355734578766609531*2^128 + 150582900446*2^192,6505510205908904960 + 3092640121738418817*2^64 + 13590439043805041483*2^128 + 27164728961*2^192,9434588948527067136 + 4501297670694706464*2^64 + 1619052380647508556*2^128 + 95495256778*2^192,17098480542923206144 + 8369259063933189776*2^64 + 13709148906161364409*2^128 + 8700937411*2^192,11251148700612014080 + 16823926870207801323*2^64 + 5465983150568260425*2^128 + 224958430232*2^192,1812943520619732992 + 3106477320591021235*2^64 + 4669241729428768105*2^128 + 251188594404*2^192,10455380119722587648 + 4772640885129811924*2^64 + 13870425227205888036*2^128 + 236212163296*2^192,13561554930666786816 + 8398964016413812443*2^64 + 5838278567678025039*2^128 + 15694689390*2^192,14351499763064414208 + 2694717882823873121*2^64 + 9213138406800851646*2^128 + 31343204495*2^192,9286444406574014464 + 1216863555839050655*2^64 + 9946490617614153389*2^128 + 122836912131*2^192,2784426826126118912 + 3978507669000127927*2^64 + 16418988397913027017*2^128 + 134111551528*2^192,9976930573335576576 + 10369648072146710485*2^64 + 17352541037171601678*2^128 + 89055283565*2^192,2682606019294711808 + 7852054080090309237*2^64 + 6588042715041507465*2^128 + 24053661743*2^192,3113180419563798528 + 8795463022852563012*2^64 + 16730990796139250292*2^128 + 201843689820*2^192;\
1947237918226764032 + 11117042467218385042*2^64 + 12275359966670248882*2^128 + 187104720263*2^192,8055939423236780544 + 15498137401879792197*2^64 + 18183074589225739826*2^128 + 44382056785*2^192,4119687320378395264 + 7643987706486745120*2^64 + 13688680746817598603*2^128 + 97072272610*2^192,18085821415615750656 + 17907570980722001972*2^64 + 13423819111823444341*2^128 + 174586695762*2^192,2938962598438458368 + 18196896533707240473*2^64 + 11697582754282044709*2^128 + 218513039125*2^192,2847463103336292352 + 12813614663625130220*2^64 + 15059561633343524460*2^128 + 212346709184*2^192,1081165719471345152 + 5042821431672696695*2^64 + 10542415127674469083*2^128 + 72662813162*2^192,5409413437338590208 + 12426064045929234767*2^64 + 796632075614014308*2^128 + 215085771987*2^192,11261183605349113856 + 10650799948711946603*2^64 + 17740435282449632324*2^128 + 161452557493*2^192,4831513402857674752 + 17880850752530221709*2^64 + 9912359424665072957*2^128 + 246919447573*2^192,491289795463342080 + 10512606096698633957*2^64 + 7817119128217684717*2^128 + 273269243629*2^192,7361188691235979264 + 13856679437679011114*2^64 + 8178872304564121725*2^128 + 182792396235*2^192,2383412224154218496 + 10982207397222198101*2^64 + 6924514319324715035*2^128 + 176051301032*2^192,18113942273403914240 + 8803370780550613773*2^64 + 9798102226869284579*2^128 + 232204362718*2^192,13892842131878973440 + 12688849038930755394*2^64 + 6020713748349435599*2^128 + 234442705102*2^192,3288151736066088960 + 14717848500783696751*2^64 + 6055088185620330526*2^128 + 103301516007*2^192,8017355801807388672 + 1458867763831285474*2^64 + 12506541501884861352*2^128 + 101365445577*2^192,3554591514073980928 + 10523094662802932389*2^64 + 10475824611818713863*2^128 + 23673935227*2^192,3632564288107220992 + 1969626268100073704*2^64 + 9891474850215904799*2^128 + 227008858054*2^192,4696798696822669312 + 3918657986217987757*2^64 + 14553347697848000727*2^128 + 29314544594*2^192;\
2488164871325651644 + 3528673953846966431*2^64 + 8572517741165475682*2^128 + 258772066057*2^192,15146529664020972152 + 11842221793952067462*2^64 + 6486426726520086411*2^128 + 32856387287*2^192,8426783255559374054 + 14618043681986853458*2^64 + 4661762982809110709*2^128 + 111233451177*2^192,15625928489510932488 + 7706578919204533651*2^64 + 16384486277315905634*2^128 + 186782496853*2^192,14643395701814162800 + 4071601491271480456*2^64 + 2109009347837702551*2^128 + 228208243783*2^192,11851537984320040576 + 7612041056147337788*2^64 + 9056987135390937051*2^128 + 42325716809*2^192,12111754438642915088 + 7708349312011957274*2^64 + 11403238766952409303*2^128 + 215805986769*2^192,6087467552645176736 + 3895708109851871465*2^64 + 13796771589596460862*2^128 + 32705104921*2^192,5372803099583158528 + 5733549097272499977*2^64 + 16700573308616543898*2^128 + 82343010219*2^192,5246126494378922272 + 17693929387246069436*2^64 + 7023368405434955149*2^128 + 111814177122*2^192,3482156130316920480 + 3436695133335717328*2^64 + 14475817827909926333*2^128 + 200103110865*2^192,13735539072211378304 + 3060545943955455959*2^64 + 10211245280806973745*2^128 + 42500315786*2^192,7490631519158123856 + 15836885687407298942*2^64 + 10395300762465489936*2^128 + 44082645748*2^192,16254594205538948896 + 10163641740498352736*2^64 + 111720920739518160*2^128 + 195637649918*2^192,10135954034491022656 + 9304807156221296562*2^64 + 3749830856887620915*2^128 + 7267716681*2^192,8505903964789709056 + 17098476000257901365*2^64 + 4758740967436125404*2^128 + 55623035290*2^192,8654992641208390784 + 14891078719212039133*2^64 + 12490468931451821973*2^128 + 143008088743*2^192,10713659190584759552 + 3939505948570914969*2^64 + 12377232573174107354*2^128 + 13100316924*2^192,11014582403695380544 + 15141524971557623222*2^64 + 14233148492405364817*2^128 + 87554937212*2^192,15093893017677490944 + 9589217953978630789*2^64 + 1485477293214141568*2^128 + 16545116451*2^192;\
13760343581301959168 + 6713245428724953776*2^64 + 8932160061208468485*2^128 + 203805980604*2^192,16909789225843209216 + 12481768054197751131*2^64 + 9145262529494756833*2^128 + 44778757525*2^192,6940652623310912512 + 150287370323329944*2^64 + 11199542187494369688*2^128 + 223686149913*2^192,9967878864953567744 + 12265783156306387546*2^64 + 5499195526837208936*2^128 + 196472442274*2^192,7780876233357588480 + 15720689460368224757*2^64 + 9443896062955440335*2^128 + 80372939466*2^192,11167340109139637248 + 7722555255280869979*2^64 + 15815285463971355406*2^128 + 77459096582*2^192,7957021238484082688 + 4547072330569841479*2^64 + 13735289691181208831*2^128 + 165975078991*2^192,5694125182846372864 + 18033051666513557832*2^64 + 11189393754795107217*2^128 + 214361759189*2^192,2975844355945353216 + 11271009467237476196*2^64 + 8138956599794855352*2^128 + 70434633069*2^192,2548557048799887360 + 16210819317200422925*2^64 + 5063283691446473124*2^128 + 209870516467*2^192,17979886108076724224 + 826809833122665704*2^64 + 3378933730228627872*2^128 + 216724653203*2^192,8341083350294355968 + 14706144696536114704*2^64 + 15038758343489246668*2^128 + 57030497998*2^192,7847368911051968000 + 17925070403195828518*2^64 + 3304202574247850814*2^128 + 134223496473*2^192,11769397235912581120 + 5451906769126143240*2^64 + 15689763180650191333*2^128 + 3733514913*2^192,6387948998400147456 + 12234051558967053062*2^64 + 8244791296642662405*2^128 + 118837576813*2^192,16467836213902475264 + 59881146178479623*2^64 + 3450538745686120573*2^128 + 211734677848*2^192,5931727310047842304 + 6087794607069891237*2^64 + 5428458626623179883*2^128 + 152470993610*2^192,5399783500287975424 + 7677086125429971070*2^64 + 15877570243445518109*2^128 + 97381423009*2^192,13857965091355807744 + 10404106288848211187*2^64 + 637457985917667575*2^128 + 242299368661*2^192,8830287660369575936 + 282646645931673173*2^64 + 12381208790929744573*2^128 + 63142169162*2^192;\
3398312942771226424 + 4932937993297472763*2^64 + 7505147689176906318*2^128 + 143891447839*2^192,3269945141729120880 + 14894656368795544730*2^64 + 9673610229229046966*2^128 + 158370912501*2^192,8517825868371772204 + 3271890590803826266*2^64 + 15980019964177332236*2^128 + 135262409391*2^192,17215385855926492048 + 9863434863463817745*2^64 + 3476708635220829863*2^128 + 213378296526*2^192,16800470482781371872 + 7379925824553019881*2^64 + 13860371198686134828*2^128 + 240011967972*2^192,8497633070451013888 + 18304657297984783749*2^64 + 5976300100076286505*2^128 + 207289930210*2^192,9600979419779025696 + 14400026244658015511*2^64 + 11428954557920017461*2^128 + 61875157289*2^192,13893941302104712512 + 9905392823028162490*2^64 + 3749994992185204256*2^128 + 32545591244*2^192,4535344061932050944 + 12664835438511389097*2^64 + 5384510381655710178*2^128 + 103902758572*2^192,11430054141164141120 + 12730568915173945286*2^64 + 13489052543521897171*2^128 + 163570549877*2^192,11179286342877279552 + 15983610562842581219*2^64 + 10545531589167154001*2^128 + 29682741798*2^192,5045262287981389056 + 13827062167766755496*2^64 + 7782460709919268589*2^128 + 55928165806*2^192,7553301180040578976 + 15751883522391042191*2^64 + 11010585729844365765*2^128 + 266315908444*2^192,9105520467383511104 + 8824866732219168763*2^64 + 4684264594744592972*2^128 + 272710437446*2^192,10222356659628609152 + 9224012234621162318*2^64 + 7021808494992489690*2^128 + 255094044386*2^192,2068008972219855360 + 10487570416669991450*2^64 + 18430170869032781843*2^128 + 165577266588*2^192,17120948865340842240 + 18291171328221833861*2^64 + 3972057507453169741*2^128 + 30380620193*2^192,16154795213550524928 + 1677353773618089210*2^64 + 16525766342331952774*2^128 + 267209199086*2^192,11315399705960481920 + 9833182750736231266*2^64 + 15516504774101649060*2^128 + 212268167825*2^192,1727363176920604160 + 12522235290342990314*2^64 + 14696538455504825164*2^128 + 259073391045*2^192;\
10212204120957422840 + 13992309102405151804*2^64 + 11738356818325532619*2^128 + 184250844055*2^192,17864426747418719984 + 12302078465596161591*2^64 + 16592047318572385472*2^128 + 124764238499*2^192,7222811383332435980 + 3575143762938659065*2^64 + 9541724415522194324*2^128 + 80355796550*2^192,2787605743824246960 + 2089260164286089793*2^64 + 14439235587959022666*2^128 + 128485198009*2^192,4305456683908070368 + 2929178002733167769*2^64 + 10564557169851527917*2^128 + 108608306933*2^192,3371021987401548032 + 3454086681673966623*2^64 + 241778012126011288*2^128 + 53686236128*2^192,17034187802589041440 + 14526967037886238696*2^64 + 17667317069452122457*2^128 + 94529070218*2^192,4234550699170489920 + 10622843824971976467*2^64 + 4198711114314002707*2^128 + 231898163807*2^192,8817003289730211328 + 11150071089855959299*2^64 + 2579926543397174375*2^128 + 236904663317*2^192,11543397506672285760 + 13777166799827951697*2^64 + 15200345944921269553*2^128 + 152448413460*2^192,13030879651901099072 + 6359532793148022803*2^64 + 5726973917312961421*2^128 + 11273900442*2^192,6830496257212201728 + 16674965254695180444*2^64 + 12520899033707674914*2^128 + 112495544713*2^192,6960624752370821792 + 14213925675998031541*2^64 + 4402558266143058809*2^128 + 63007498048*2^192,11332306446953453888 + 5766435702465126928*2^64 + 10417015333718403430*2^128 + 245407734125*2^192,8942858123122793600 + 3305823221625183107*2^64 + 5662387056904872562*2^128 + 4597262655*2^192,840872964462823936 + 10834546399558127116*2^64 + 12337489055360417877*2^128 + 1672836778*2^192,1054158392280100096 + 14541971101711211669*2^64 + 4386587677284444914*2^128 + 23890105257*2^192,8260201927890778624 + 16623585749437535861*2^64 + 13533920990060746935*2^128 + 14254761654*2^192,18316096986148108416 + 8592481225593580941*2^64 + 3120738899277151881*2^128 + 189710837134*2^192,8311496006636051968 + 4318196672233029505*2^64 + 11422594183923870286*2^128 + 235413018199*2^192;\
2959429386461790080 + 4007719208958970463*2^64 + 4216046889290852007*2^128 + 142292126522*2^192,1115528627311922944 + 17883754226987471583*2^64 + 17678400198915929750*2^128 + 89874014991*2^192,733799370470904768 + 15931232932235889753*2^64 + 11477264234625451215*2^128 + 73325341078*2^192,4511241020949138176 + 3102633213005034795*2^64 + 16185086504760010908*2^128 + 155135473930*2^192,1169230263636397568 + 2594172447917040450*2^64 + 6850736789514433711*2^128 + 196327218330*2^192,254281466583944192 + 3189486439258720725*2^64 + 16902414441133047017*2^128 + 51626910246*2^192,8381933158256841216 + 18093682155607241613*2^64 + 16261113829485943135*2^128 + 246434041387*2^192,5114879651696320000 + 1132729215758606885*2^64 + 16038353310967599630*2^128 + 93698733715*2^192,6344817750982807552 + 8858549890974434721*2^64 + 5241710955774186733*2^128 + 93689749850*2^192,1720849127679964672 + 13534772075533650953*2^64 + 8430655560840491136*2^128 + 246418686333*2^192,15469429735452916736 + 5960286705031326727*2^64 + 3078755584768149878*2^128 + 3664694116*2^192,3593519755828080640 + 11400131679695125475*2^64 + 9181321729934375899*2^128 + 241750261041*2^192,12366068641372295168 + 9299859843216957782*2^64 + 12398008031516705315*2^128 + 218835692730*2^192,16670494303708349440 + 13519768625535309536*2^64 + 12760039892850898305*2^128 + 149265223430*2^192,18289486802404927488 + 16594145243535201731*2^64 + 1480855764493457331*2^128 + 21382623600*2^192,12419625128748466176 + 2650746904952960081*2^64 + 8415709221635116050*2^128 + 110589892162*2^192,8499927342969618432 + 15708105506877589995*2^64 + 16546584086388579902*2^128 + 3349233082*2^192,11821544832777904128 + 16712626738431731521*2^64 + 11875745770847629438*2^128 + 267293055227*2^192,7817034386375518208 + 7863598993022077615*2^64 + 14630458574039414088*2^128 + 207345020045*2^192,8425665958980804608 + 15915108192887638852*2^64 + 13402106104891708401*2^128 + 132417778704*2^192;\
9963665873648292704 + 16395313311577414105*2^64 + 701834075979729759*2^128 + 186179904499*2^192,15267030521202637760 + 14410630512012497835*2^64 + 5289221920059128090*2^128 + 33101220720*2^192,2262397362352896240 + 4950043572315183316*2^64 + 12994499162488925005*2^128 + 142526269514*2^192,6864562327021223872 + 16484018381539969765*2^64 + 542013471349379001*2^128 + 187410231725*2^192,1576353897411256704 + 9085718900825153504*2^64 + 3894611453308840179*2^128 + 88366532418*2^192,751455748113327616 + 15281348188375838055*2^64 + 17946647604865189652*2^128 + 216219833875*2^192,9300584634956273792 + 12609106426484473903*2^64 + 12447973421809659158*2^128 + 224859230652*2^192,9480049728591329024 + 10055149605982164059*2^64 + 1737336774725124849*2^128 + 36844169473*2^192,15184985149813589504 + 8849846624141103898*2^64 + 17811110380989724775*2^128 + 152657173924*2^192,9208843343825913088 + 74006690492128458*2^64 + 8327521547935095244*2^128 + 105593017200*2^192,1788053560754536192 + 988760414047012887*2^64 + 14010479996323213892*2^128 + 246458336422*2^192,17691386925082578944 + 9535464398584256792*2^64 + 1892829275092073542*2^128 + 266985524637*2^192,7265105296199756928 + 1190054983483549157*2^64 + 10629759656911978477*2^128 + 221913365093*2^192,14420750726003475200 + 6561916141064517964*2^64 + 8771395205477603818*2^128 + 98986991640*2^192,8894155492961740288 + 3693451394789364039*2^64 + 1202869161918239809*2^128 + 205818219535*2^192,13963913442882668544 + 16910362132343149580*2^64 + 3327213020599549162*2^128 + 65487093776*2^192,11918766174174399488 + 12817254663426701951*2^64 + 3526720282092354670*2^128 + 234004012197*2^192,5158048051544363008 + 12486816053404659225*2^64 + 17179063633681753579*2^128 + 107159972279*2^192,2351499591894751744 + 13070953119370283276*2^64 + 4527992347363813345*2^128 + 172852805907*2^192,15535136405089355776 + 16565551939233885658*2^64 + 16384683287439622280*2^128 + 68085562189*2^192;\
18198417124317621238 + 9039422400568064315*2^64 + 4760142925422936136*2^128 + 112905289314*2^192,6871478135706097004 + 8737910191003374493*2^64 + 15513638482643937179*2^128 + 264139898033*2^192,7165927968692922063 + 12118621093164389650*2^64 + 14885006472778436962*2^128 + 105385112374*2^192,15474796808300898228 + 13198089149978265280*2^64 + 4308147733053500860*2^128 + 66900406077*2^192,16215173330174498328 + 12182041873339287502*2^64 + 2479661811048711968*2^128 + 46993148972*2^192,9719673914799379008 + 4935341854816703393*2^64 + 2820768138935577123*2^128 + 53440659109*2^192,10267705986238456104 + 15143346770961664814*2^64 + 12259487228221220076*2^128 + 121924337302*2^192,15350622533901900304 + 15534719943277999285*2^64 + 17390547176176334153*2^128 + 154591657376*2^192,8071866772125081216 + 14658146176358394080*2^64 + 18367473137122010206*2^128 + 126658799415*2^192,5578359873530697424 + 16928929641953029090*2^64 + 11660692237201301770*2^128 + 54242935178*2^192,11230546289600573328 + 13510495452042513092*2^64 + 13635319407092786298*2^128 + 96509122236*2^192,6125342660152106816 + 10554783446435383010*2^64 + 17810927476756691421*2^128 + 116576752153*2^192,2894292657901219784 + 3311332398971993710*2^64 + 8260405378556640549*2^128 + 99653024620*2^192,984287728002307792 + 3172397438232904599*2^64 + 16344008276359341675*2^128 + 199055922311*2^192,7768336472400876320 + 15856272834871583415*2^64 + 15406569010824146869*2^128 + 44766560924*2^192,15316864233235682944 + 1422095331106512180*2^64 + 942933981701809347*2^128 + 68406283508*2^192,16058017352565158720 + 13460560830794853606*2^64 + 4756906105082451304*2^128 + 67690551956*2^192,5382628368139622528 + 22834007527548904*2^64 + 16451373178163440413*2^128 + 241538137295*2^192,2686097395367591584 + 11695298096633089395*2^64 + 2919776381500602804*2^128 + 266271480473*2^192,14776731306898196352 + 1820851054655605661*2^64 + 3097754722558294401*2^128 + 76346850530*2^192;\
12530487005440401408 + 1765048460938102396*2^64 + 1723268954867098813*2^128 + 16591826548*2^192,1069188076561122304 + 11369634898918594988*2^64 + 2728340491419604104*2^128 + 102580556243*2^192,13676027994420141824 + 7804269796128378384*2^64 + 166992715413287889*2^128 + 127206074347*2^192,903456923206506368 + 15270376647298812073*2^64 + 11130573849795799956*2^128 + 25405974413*2^192,677191633737158656 + 16687640061194486673*2^64 + 2455944950553835813*2^128 + 119072309491*2^192,14078981337065869312 + 11905628014711383322*2^64 + 5233871834780967470*2^128 + 68223942592*2^192,3204113488671500288 + 12942869706349962888*2^64 + 10028634904164264379*2^128 + 42794160290*2^192,9624936325723792384 + 16787462709114525550*2^64 + 5831708789157651572*2^128 + 61395228233*2^192,13073431890974982144 + 16710073777112322053*2^64 + 11987754479482955206*2^128 + 44311020897*2^192,13495757433694653440 + 8577874656426484021*2^64 + 11151154064039212696*2^128 + 32938999829*2^192,6728100219870533632 + 5928268988483219207*2^64 + 2727108954141752849*2^128 + 92322083239*2^192,1491217478661545984 + 6199007538363916806*2^64 + 1943229457127087100*2^128 + 9030123269*2^192,4094639215305067520 + 10365072220565865482*2^64 + 2547065962484122628*2^128 + 87519066230*2^192,13597556975620673536 + 847046919728472367*2^64 + 8823008932781518796*2^128 + 35344092284*2^192,8263619572314521600 + 1634294014756250104*2^64 + 247023795293835629*2^128 + 133287177807*2^192,8027538620227601408 + 7166452886953121899*2^64 + 369307571817637363*2^128 + 63128075081*2^192,1140456915719772160 + 4005753853033415582*2^64 + 6058142190211088612*2^128 + 132155110963*2^192,2369566915156901888 + 10037663154214649597*2^64 + 17723004592621715568*2^128 + 89415607317*2^192,6667857486061129728 + 8939561731224872655*2^64 + 14721688022241454340*2^128 + 55322937247*2^192,7229637846262792192 + 6598810421519652085*2^64 + 8754392624288534155*2^128 + 117353616152*2^192;\
12837715255124920068 + 1837872969102885074*2^64 + 4538781436244586631*2^128 + 235924388491*2^192,14845004747168840712 + 1243433795505121830*2^64 + 3970080557620523529*2^128 + 187564712936*2^192,1599251360035214202 + 3129202078525892253*2^64 + 5596485020875754766*2^128 + 164045491470*2^192,12149162396305042072 + 17485839950320782083*2^64 + 2129185834753066988*2^128 + 118533772613*2^192,6919284942635034256 + 18158282272061560107*2^64 + 13697424140055737821*2^128 + 96474481246*2^192,975840470492287360 + 9976215359483462238*2^64 + 7127176002329387244*2^128 + 112281933250*2^192,1312427867831324400 + 11171546361950195765*2^64 + 1000743582469058245*2^128 + 226807375753*2^192,1219871415225509728 + 11488552410821003130*2^64 + 1087375213369590271*2^128 + 6483701263*2^192,4824040895926248192 + 9275332262448417069*2^64 + 15399846244012955956*2^128 + 51318167990*2^192,17408194128736100576 + 4830613735208477154*2^64 + 9000322010818595726*2^128 + 125071684545*2^192,9493392669449740384 + 7953783102448377652*2^64 + 12840694302160038475*2^128 + 192324299238*2^192,11341623897582993792 + 3182091158464881428*2^64 + 7052096266248751890*2^128 + 247515242526*2^192,6256757969010574256 + 5281255226563028257*2^64 + 6315890992970810945*2^128 + 4102098078*2^192,16666261501225834464 + 17735674173827321134*2^64 + 4133556855659672802*2^128 + 153263632876*2^192,17726643557132997824 + 4902854074146700736*2^64 + 14982947629681221522*2^128 + 170570211992*2^192,13066534380442511104 + 1227102613063586515*2^64 + 16901031657584531221*2^128 + 114174910106*2^192,17869219174690527104 + 7267311116612186994*2^64 + 937613023200669259*2^128 + 23826015047*2^192,15742057564164680448 + 11179418029947761999*2^64 + 7064556784986932297*2^128 + 37117258157*2^192,14658726055272536000 + 3055348908401517385*2^64 + 6211449125484220995*2^128 + 184978548426*2^192,5531635741941115136 + 406226961251187847*2^64 + 15170460210408236751*2^128 + 128764484591*2^192;\
14897376251249654140 + 8314052329186231656*2^64 + 12739033367281184252*2^128 + 151831439194*2^192,7478118893405550072 + 5413147500200339384*2^64 + 17759223304793113047*2^128 + 248602205849*2^192,9487109488140599622 + 16282859626643135210*2^64 + 14664689291930188483*2^128 + 272599863557*2^192,14001101772585160392 + 12439625977487100913*2^64 + 1208740185322474748*2^128 + 16189490365*2^192,5706161811123265648 + 10951440222913464593*2^64 + 17806753303679225286*2^128 + 123864101584*2^192,16130110155234504320 + 12398505609593591331*2^64 + 14122460279534980214*2^128 + 178783901715*2^192,469231325951602704 + 16272230934538182530*2^64 + 408289302734784164*2^128 + 112706231231*2^192,13927671526212179360 + 208360217268343030*2^64 + 4257106848283360979*2^128 + 69271469102*2^192,11491620626955962624 + 7879374222012550068*2^64 + 7034265770610895202*2^128 + 258120751311*2^192,6777151110099774752 + 8575705512604629260*2^64 + 5281029626738130630*2^128 + 144976876151*2^192,12930461204948847776 + 18376663126134980164*2^64 + 18367314558562876382*2^128 + 219218283145*2^192,15637387073474082944 + 16243060176426593390*2^64 + 3817691307132995274*2^128 + 151152886581*2^192,3424481409614596176 + 13836919756413467733*2^64 + 720748737855247499*2^128 + 204607698090*2^192,858517763090880800 + 3839527427109692992*2^64 + 7315253042570966194*2^128 + 195168649557*2^192,2225929621745795392 + 15770777015788392036*2^64 + 627551489406013595*2^128 + 8416025966*2^192,2957568258949892352 + 2099659582516234867*2^64 + 12325596839518973519*2^128 + 25273714240*2^192,1588334872250978432 + 7052557855191823832*2^64 + 8087468262761203082*2^128 + 214590195553*2^192,3075476383882462464 + 9169118694484762565*2^64 + 327829606698741893*2^128 + 87170186039*2^192,5052732506917377088 + 16920755181235088506*2^64 + 1074896465062650763*2^128 + 179207454011*2^192,12098511522784140032 + 9192942552638627859*2^64 + 15105681540301214503*2^128 + 158797006658*2^192;\
11693179272400647732 + 6430242125826980506*2^64 + 13136197436664440727*2^128 + 92254569241*2^192,3882574755343417448 + 17187692298487919287*2^64 + 13419545232385862605*2^128 + 141499428963*2^192,9833031527225598898 + 6639859467595851025*2^64 + 9260246561722743144*2^128 + 242862798413*2^192,951000992241485048 + 12833197982944299982*2^64 + 5499975328742284065*2^128 + 44893095880*2^192,11702353247516760912 + 15749842670642837586*2^64 + 8572910159270998205*2^128 + 78728532768*2^192,17191466687297245056 + 3460466233554822773*2^64 + 3493806283545794864*2^128 + 151377939725*2^192,17237377572577168432 + 1368944478882116667*2^64 + 17381338338790192002*2^128 + 28015777635*2^192,3286626582120777184 + 1714367322380696123*2^64 + 12152283291589786700*2^128 + 166512470183*2^192,9774999823615737600 + 11909859076228003787*2^64 + 14414345946737754585*2^128 + 122644455503*2^192,16167851583483985760 + 5814794021104063653*2^64 + 701479820751698382*2^128 + 172570070317*2^192,11390868818088598240 + 10466010949006354554*2^64 + 2345992207627297433*2^128 + 152868596889*2^192,10564403819302701952 + 8385042835791217190*2^64 + 8061800778590270682*2^128 + 114112401093*2^192,3492335565414170608 + 5624149501982397408*2^64 + 5686735456825226261*2^128 + 241592423048*2^192,11079186671912762464 + 7403699685698324131*2^64 + 13007536184769026194*2^128 + 236945457976*2^192,1146471883764437440 + 2151387638262985770*2^64 + 9922031932452306229*2^128 + 104526724449*2^192,17183406515021437696 + 9937748815432697102*2^64 + 6735303869489098652*2^128 + 157501008970*2^192,10750134944756709760 + 15259695031323408460*2^64 + 17723198417825487769*2^128 + 13054509281*2^192,13963520999581138688 + 7645612703644765867*2^64 + 14175278320995629145*2^128 + 173214499450*2^192,11189232940555997376 + 6728360574260906029*2^64 + 1656111587651560968*2^128 + 151430998207*2^192,9560069075991381248 + 3735605436804916644*2^64 + 16156171940121403967*2^128 + 144221937920*2^192;\
9494041053571874372 + 3222732983273772152*2^64 + 4391344778618833570*2^128 + 75996252803*2^192,1524972709744326280 + 712719132931621303*2^64 + 15405159792939515452*2^128 + 38752526923*2^192,17804795569926021786 + 13413429245693032326*2^64 + 10925139661912597570*2^128 + 59836387657*2^192,16704220941072568344 + 9415274044867799921*2^64 + 17203538758667748003*2^128 + 153127979858*2^192,4710813645354344336 + 7482463016171934993*2^64 + 13294789686160816030*2^128 + 166544406257*2^192,10106757236879758720 + 11116173461887050493*2^64 + 5535182541763284578*2^128 + 97703206867*2^192,3244668999930739184 + 17266388838483498184*2^64 + 12246185809904555684*2^128 + 142268433948*2^192,13521610192987268448 + 2140094582617286325*2^64 + 14983481311218761184*2^128 + 14607250990*2^192,17309280997495661312 + 16434440213072032977*2^64 + 9816673819969704877*2^128 + 36146940613*2^192,10421482767724450528 + 10744699050918397891*2^64 + 12233388569750252891*2^128 + 222611884673*2^192,15390978157668239968 + 11605500537184199912*2^64 + 6679794538509360775*2^128 + 101968125745*2^192,17098569852951271808 + 7813647197801924386*2^64 + 11434524225237776602*2^128 + 77891455435*2^192,1307389094817852080 + 11634049323789259893*2^64 + 14335393955807600872*2^128 + 15887356290*2^192,8102861273954371040 + 14200472365017672575*2^64 + 3034643512665475606*2^128 + 215883824554*2^192,2967601404298199232 + 3141243931520488937*2^64 + 18433092215075000701*2^128 + 95647709199*2^192,14135467897135077120 + 6475928593853286328*2^64 + 16873107388333174251*2^128 + 77212116159*2^192,6053414839808892800 + 5599408350467951297*2^64 + 8132100686528866286*2^128 + 103043011214*2^192,4297398786309590784 + 283381221702506491*2^64 + 14736746743572736895*2^128 + 66840021483*2^192,15169189870885645248 + 1489167495102640845*2^64 + 10431325507900765211*2^128 + 25263237795*2^192,3693622803269994752 + 10653801340198678768*2^64 + 9017361850938490053*2^128 + 204850026235*2^192]
/* 
This matrix times 2^(-8) should be the matrix of frobenius.
*/ 
B = 2^(-8) * A; 
/* Freed 6179 lists. */
The sign is: -1
The characteristic polynomial is: x^20 - 2*x^18 - 6*x^17 + 12*x^16 + 3*x^15 - 8*x^14 - 144*x^13 + 96*x^12 + 512*x^11 - 2048*x^9 - 1536*x^8 + 9216*x^7 + 2048*x^6 - 3072*x^5 - 49152*x^4 + 98304*x^3 + 131072*x^2 - 1048576
Its Newton polygon is: [2, 2, 2, 2, 2, 1, 1, 1, 1, 1, 1, 1, 1, 1, 1, 0, 0, 0, 0, 0]
Its factorization is: [x - 2, 1; x + 2, 1; x^18 + 2*x^16 - 6*x^15 + 20*x^14 - 21*x^13 + 72*x^12 - 228*x^11 + 384*x^10 - 400*x^9 + 1536*x^8 - 3648*x^7 + 4608*x^6 - 5376*x^5 + 20480*x^4 - 24576*x^3 + 32768*x^2 + 262144, 1]
The valuation of f-g is: 22
The valuation of subst(g,x,A) is: 15
