/* Comments begin... 
No set up needed.

Please input coefficients below.
Coefficient of   x^23                     = Coefficient of   x^12 * w^2               = Coefficient of   x^6 * y^6 * w^1         = Coefficient of   x^5 * y^5 * z^1 * w^1   = Coefficient of   x^4 * y^4 * z^2 * w^1   = Coefficient of   x^3 * y^3 * z^3 * w^1   = Coefficient of   x^2 * y^2 * z^4 * w^1   = Coefficient of   x^1 * y^1 * z^5 * w^1   = Coefficient of   x^1 * w^4               = Coefficient of   y^12                     = Coefficient of   z^6 * w^1               = 
Here is the polynomial we're using this time:

1 + 0*2^64 + 0*2^128 + 0*2^192*x^23 + 1 + 0*2^64 + 0*2^128 + 0*2^192*x^12*w^2 + 1 + 0*2^64 + 0*2^128 + 0*2^192*x^6*y^6*w^1 + 1 + 0*2^64 + 0*2^128 + 0*2^192*x^4*y^4*z^2*w^1 + 1 + 0*2^64 + 0*2^128 + 0*2^192*x^2*y^2*z^4*w^1 + 1 + 0*2^64 + 0*2^128 + 0*2^192*x^1*y^1*z^5*w^1 + 1 + 0*2^64 + 0*2^128 + 0*2^192*x^1*w^4 + 1 + 0*2^64 + 0*2^128 + 0*2^192*y^12 + 1 + 0*2^64 + 0*2^128 + 0*2^192*z^6*w^1


Allocate G_len 20 elements and old = 0.
Allocate M_len = 400 elements.
Allocate G_len 40 elements and old = 20.
Allocate M_len = 800 elements.
Allocate G_len 80 elements and old = 40.
Allocate M_len = 1600 elements.
Allocate M_len = 3200 elements.
Allocate G_len 160 elements and old = 80.
Allocate M_len = 6400 elements.
Allocate M_len = 12800 elements.
Allocate G_len 320 elements and old = 160.
Allocate M_len = 25600 elements.
Allocate M_len = 51200 elements.
Allocate G_len 640 elements and old = 320.
Allocate M_len = 102400 elements.
Allocate M_len = 204800 elements.
Allocate G_len 1280 elements and old = 640.
Allocate M_len = 409600 elements.
Allocate M_len = 819200 elements.
The final length of G is 831
[22, 0, 0, 0, 0]  	264	7  <--- 1
[12, 0, 0, 2, 0]  	276	3 
[6, 6, 0, 1, 0]  	276	6 
[3, 3, 4, 1, 0]  	311	4 
[3, 2, 5, 1, 0]  	323	5 
[16, 6, 0, 0, 0]  	330	11 
[9, 2, 4, 1, 0]  	360	12 
[8, 1, 5, 1, 0]  	360	12 
[11, 1, 4, 1, 0]  	361	15 
[10, 0, 5, 1, 0]  	361	15 
[6, 13, 0, 0, 0]  	371	9 
[8, 12, 0, 0, 0]  	372	13 
[7, 1, 6, 1, 0]  	383	9 
[9, 0, 6, 1, 0]  	384	13 
[20, 4, 2, 0, 0]  	402	13 
[6, 1, 7, 1, 0]  	406	8 
[8, 0, 7, 1, 0]  	407	12 
[10, 4, 2, 2, 0]  	414	9 
[6, 12, 2, 0, 0]  	418	10 
[8, 8, 4, 0, 0]  	420	12 
[20, 2, 4, 0, 0]  	426	13 
[7, 0, 8, 1, 0]  	430	11 
[7, 8, 5, 0, 0]  	443	14 
[6, 7, 6, 0, 0]  	443	14 
[17, 3, 5, 0, 0]  	448	12 
[4, 1, 7, 2, 0]  	448	6 
[6, 0, 7, 2, 0]  	449	8 
[21, 1, 5, 0, 0]  	450	14 
[4, 1, 9, 1, 0]  	452	7 
[6, 0, 9, 1, 0]  	453	10 
[6, 9, 5, 0, 0]  	454	13 
[6, 6, 7, 0, 0]  	455	12 
[4, 0, 8, 2, 0]  	460	7 
[21, 0, 6, 0, 0]  	462	14 
[6, 11, 4, 0, 0]  	465	11 
[14, 10, 2, 0, 0]  	468	17 
[11, 7, 5, 0, 0]  	468	18 
[19, 0, 7, 0, 0]  	473	15 
[5, 18, 0, 0, 0]  	474	11 
[2, 3, 9, 1, 0]  	474	8 
[3, 1, 10, 1, 0]  	475	6 
[5, 0, 10, 1, 0]  	476	9 
[5, 6, 8, 0, 0]  	478	14 
[15, 7, 4, 0, 0]  	481	17 
[14, 6, 5, 0, 0]  	481	16 
[19, 2, 6, 0, 0]  	484	16 
[3, 18, 1, 0, 0]  	485	8 
[2, 5, 8, 1, 0]  	485	8 
[2, 14, 4, 0, 0]  	486	5 
[2, 2, 10, 1, 0]  	486	5 
[2, 0, 0, 7, 0]  	486	7 
[4, 4, 10, 0, 0]  	490	13 
[8, 5, 8, 0, 0]  	491	16 
[12, 6, 6, 0, 0]  	492	16 
[5, 13, 4, 0, 0]  	499	8 
[4, 12, 5, 0, 0]  	499	8 
[4, 0, 11, 1, 0]  	499	8 
[4, 6, 9, 0, 0]  	501	12 
[3, 5, 10, 0, 0]  	501	12 
[8, 4, 9, 0, 0]  	503	15 
[1, 2, 11, 1, 0]  	509	5 
[3, 13, 5, 0, 0]  	510	7 
[4, 11, 6, 0, 0]  	511	9 
[3, 7, 9, 0, 0]  	512	11 
[4, 3, 0, 6, 0]  	513	14 
[3, 4, 11, 0, 0]  	513	12 
[13, 11, 3, 0, 0]  	514	14 
[7, 5, 9, 0, 0]  	514	14 
[6, 2, 0, 6, 0]  	514	14 
[3, 0, 10, 2, 0]  	518	5 
[1, 4, 10, 1, 0]  	520	7 
[3, 12, 6, 0, 0]  	522	8 
[4, 10, 7, 0, 0]  	523	10 
[3, 9, 8, 0, 0]  	523	10 
[4, 2, 1, 6, 0]  	525	13 
[4, 18, 0, 1, 0]  	528	12 
[2, 1, 10, 2, 0]  	529	6 
[18, 0, 9, 0, 0]  	531	13 
[2, 7, 10, 0, 0]  	535	10 
[16, 3, 8, 0, 0]  	541	14 
[2, 0, 11, 2, 0]  	541	5 
[17, 1, 9, 0, 0]  	542	17 
[8, 2, 4, 4, 0]  	546	11 
[7, 1, 5, 4, 0]  	546	11 
[10, 1, 4, 4, 0]  	547	12 
[9, 0, 5, 4, 0]  	547	11 
[16, 2, 9, 0, 0]  	553	15 
[17, 0, 10, 0, 0]  	554	14 
[3, 4, 1, 6, 0]  	559	10 
[2, 5, 12, 0, 0]  	559	9 
[2, 3, 4, 5, 0]  	563	9 
[1, 3, 10, 2, 0]  	563	6 
[15, 3, 9, 0, 0]  	564	15 
[16, 1, 10, 0, 0]  	565	15 
[1, 15, 6, 0, 0]  	567	8 
[6, 1, 6, 4, 0]  	569	10 
[5, 0, 7, 4, 0]  	569	10 
[2, 10, 9, 0, 0]  	569	8 
[8, 0, 6, 4, 0]  	570	9 
[3, 6, 0, 6, 0]  	570	9 
[2, 18, 0, 2, 0]  	570	9 
[2, 5, 1, 6, 0]  	570	8 
[3, 3, 2, 6, 0]  	571	10 
[2, 3, 8, 3, 0]  	571	10 
[15, 2, 10, 0, 0]  	576	16 
[16, 0, 11, 0, 0]  	577	14 
[1, 14, 7, 0, 0]  	579	8 
[2, 12, 8, 0, 0]  	580	7 
[2, 8, 5, 3, 0]  	581	9 
[2, 7, 0, 6, 0]  	581	8 
[2, 5, 7, 3, 0]  	582	8 
[2, 4, 2, 6, 0]  	582	8 
[11, 3, 11, 0, 0]  	586	14 
[14, 3, 10, 0, 0]  	587	12 
[1, 1, 12, 2, 0]  	587	5 
[15, 1, 11, 0, 0]  	588	15 
[3, 0, 14, 1, 0]  	592	7 
[2, 10, 4, 3, 0]  	592	8 
[2, 7, 6, 3, 0]  	593	9 
[3, 1, 4, 6, 0]  	595	9 
[2, 13, 4, 2, 0]  	595	10 
[1, 15, 5, 1, 0]  	598	7 
[1, 1, 1, 8, 0]  	598	5 
[15, 0, 12, 0, 0]  	600	15 
[2, 1, 14, 1, 0]  	603	5 
[1, 20, 0, 2, 0]  	604	6 
[1, 9, 11, 0, 0]  	604	6 
[1, 6, 13, 0, 0]  	605	6 
[1, 5, 8, 3, 0]  	605	6 
[2, 2, 4, 6, 0]  	606	7 
[1, 2, 10, 3, 0]  	606	7 
[3, 0, 5, 6, 0]  	607	10 
[10, 3, 12, 0, 0]  	609	10 
[1, 17, 4, 1, 0]  	609	5 
[1, 3, 0, 8, 0]  	609	6 
[1, 0, 2, 8, 0]  	610	5 
[2, 0, 15, 1, 0]  	615	5 
[1, 11, 10, 0, 0]  	615	5 
[1, 9, 0, 6, 0]  	615	5 
[1, 7, 7, 3, 0]  	616	6 
[1, 4, 9, 3, 0]  	617	6 
[1, 3, 4, 6, 0]  	617	6 
[1, 12, 0, 5, 0]  	618	7 
[1, 1, 11, 3, 0]  	618	7 
[3, 11, 0, 5, 0]  	619	11 
[5, 10, 0, 5, 0]  	620	10 
[11, 1, 2, 6, 0]  	621	13 
[2, 1, 7, 5, 0]  	622	8 
[14, 0, 13, 0, 0]  	623	15 
[1, 8, 1, 6, 0]  	627	5 
[1, 18, 2, 2, 0]  	628	5 
[1, 1, 0, 9, 0]  	629	7 
[3, 3, 15, 0, 0]  	630	9 
[1, 24, 0, 1, 0]  	630	8 
[9, 3, 13, 0, 0]  	632	15 
[11, 2, 13, 0, 0]  	633	12 
[1, 2, 7, 5, 0]  	633	7 
[13, 1, 13, 0, 0]  	634	16 
[1, 1, 4, 7, 0]  	637	6 
[2, 0, 10, 4, 0]  	638	5 
[1, 0, 16, 1, 0]  	638	5 
[1, 7, 2, 6, 0]  	639	3 
[0, 19, 2, 2, 0]  	639	3 
[0, 8, 13, 0, 0]  	639	3 
[1, 0, 1, 9, 0]  	641	6 
[0, 25, 0, 1, 0]  	641	6 
[2, 11, 1, 5, 0]  	642	8 
[4, 10, 1, 5, 0]  	643	7 
[2, 21, 2, 1, 0]  	643	7 
[9, 2, 14, 0, 0]  	644	11 
[13, 0, 14, 0, 0]  	646	13 
[4, 26, 0, 0, 0]  	646	8 
[1, 20, 5, 0, 0]  	647	7 
[1, 3, 3, 7, 0]  	648	6 
[1, 6, 3, 6, 0]  	651	2 
[0, 18, 3, 2, 0]  	651	2 
[0, 7, 14, 0, 0]  	651	2 
[0, 6, 9, 3, 0]  	651	2 
[1, 5, 15, 0, 0]  	652	4 
[0, 15, 5, 2, 0]  	652	3 
[0, 14, 0, 5, 0]  	652	3 
[0, 3, 11, 3, 0]  	652	3 
[1, 2, 17, 0, 0]  	653	5 
[1, 0, 7, 6, 0]  	653	5 
[2, 23, 1, 1, 0]  	654	7 
[2, 11, 7, 2, 0]  	654	5 
[2, 10, 2, 5, 0]  	654	6 
[7, 2, 15, 0, 0]  	655	9 
[2, 20, 3, 1, 0]  	655	6 
[12, 1, 14, 0, 0]  	657	12 
[1, 22, 4, 0, 0]  	658	6 
[1, 8, 0, 7, 0]  	658	6 
[1, 5, 2, 7, 0]  	659	6 
[0, 15, 9, 0, 0]  	660	4 
[0, 3, 15, 1, 0]  	660	4 
[0, 17, 4, 2, 0]  	663	1 
[0, 6, 15, 0, 0]  	663	1 
[0, 5, 10, 3, 0]  	663	1 
[0, 4, 5, 6, 0]  	663	1 
[0, 3, 0, 9, 0]  	663	1 
[0, 13, 1, 5, 0]  	664	4 
[0, 2, 12, 3, 0]  	664	3 
[1, 12, 7, 2, 0]  	665	5 
[1, 11, 2, 5, 0]  	665	6 
[1, 0, 13, 3, 0]  	665	5 
[0, 20, 4, 1, 0]  	666	4 
[5, 9, 2, 5, 0]  	667	7 
[9, 0, 16, 0, 0]  	668	11 
[12, 0, 15, 0, 0]  	669	9 
[2, 0, 9, 5, 0]  	669	8 
[1, 7, 1, 7, 0]  	670	6 
[0, 17, 8, 0, 0]  	671	5 
[1, 0, 0, 10, 0]  	672	6 
[0, 14, 10, 0, 0]  	672	4 
[0, 5, 16, 0, 0]  	675	1 
[0, 3, 6, 6, 0]  	675	1 
[0, 2, 1, 9, 0]  	675	1 
[0, 13, 7, 2, 0]  	676	3 
[0, 12, 2, 5, 0]  	676	3 
[1, 11, 8, 2, 0]  	677	4 
[1, 10, 3, 5, 0]  	677	5 
[4, 0, 18, 0, 0]  	678	6 
[1, 7, 5, 5, 0]  	678	5 
[0, 19, 5, 1, 0]  	678	5 
[8, 1, 16, 0, 0]  	679	11 
[5, 8, 3, 5, 0]  	679	7 
[0, 22, 5, 0, 0]  	681	5 
[0, 19, 7, 0, 0]  	682	5 
[0, 3, 10, 4, 0]  	683	3 
[1, 0, 6, 7, 0]  	684	5 
[0, 4, 17, 0, 0]  	687	1 
[0, 2, 7, 6, 0]  	687	1 
[0, 1, 2, 9, 0]  	687	1 
[0, 24, 2, 1, 0]  	688	3 
[0, 11, 3, 5, 0]  	688	3 
[1, 9, 4, 5, 0]  	689	4 
[0, 30, 0, 0, 0]  	690	5  <--- 2
[0, 18, 6, 1, 0]  	690	5 
[8, 0, 17, 0, 0]  	691	10 
[0, 21, 6, 0, 0]  	693	5 
[0, 6, 14, 1, 0]  	694	3 
[0, 13, 0, 6, 0]  	695	3 
[0, 2, 11, 4, 0]  	695	3 
[1, 0, 12, 4, 0]  	696	4 
[0, 12, 12, 0, 0]  	696	4 
[0, 3, 18, 0, 0]  	699	1 
[0, 1, 8, 6, 0]  	699	1 
[0, 0, 3, 9, 0]  	699	1 
[0, 8, 11, 2, 0]  	701	3 
[0, 17, 7, 1, 0]  	702	5 
[2, 28, 1, 0, 0]  	703	7 
[0, 2, 17, 1, 0]  	707	3 
[0, 2, 19, 0, 0]  	711	1 
[0, 1, 14, 3, 0]  	711	1 
[0, 0, 9, 6, 0]  	711	1 
[1, 23, 3, 1, 0]  	712	2 
[1, 0, 20, 0, 0]  	712	2 
[0, 10, 10, 2, 0]  	712	2 
[0, 9, 5, 5, 0]  	712	2 
[0, 7, 12, 2, 0]  	713	3 
[0, 16, 8, 1, 0]  	714	5 
[0, 2, 6, 7, 0]  	718	2 
[0, 12, 9, 2, 0]  	723	1 
[0, 1, 20, 0, 0]  	723	1 
[0, 0, 15, 3, 0]  	723	1 
[0, 20, 0, 4, 0]  	724	2 
[0, 8, 6, 5, 0]  	724	2 
[0, 6, 13, 2, 0]  	725	3 
[0, 1, 7, 7, 0]  	730	2 
[0, 9, 0, 8, 0]  	735	1 
[0, 0, 21, 0, 0]  	735	1  <--- 3
[0, 7, 7, 5, 0]  	736	2 
[0, 5, 14, 2, 0]  	737	3 
[0, 26, 4, 0, 0]  	738	6 
[0, 1, 13, 4, 0]  	742	2 
[0, 8, 1, 8, 0]  	747	1 
[0, 18, 2, 4, 0]  	748	2 
[0, 6, 8, 5, 0]  	748	2 
[0, 28, 3, 0, 0]  	749	4 
[0, 1, 19, 1, 0]  	754	2 
[0, 7, 2, 8, 0]  	759	1 
[0, 5, 9, 5, 0]  	760	2 
[0, 6, 3, 8, 0]  	771	1 
[0, 5, 4, 8, 0]  	783	1 
[0, 0, 0, 12, 0]  	792	1  <--- 4
[12, 0, 0, 1, 1]  	210	7 
[4, 4, 1, 1, 1]  	241	4 
[6, 5, 0, 1, 1]  	253	5 
[2, 2, 6, 1, 1]  	346	4 
[8, 2, 4, 1, 1]  	348	9 
[10, 1, 4, 1, 1]  	349	11 
[11, 11, 0, 0, 1]  	385	11 
[10, 10, 1, 0, 1]  	385	10 
[7, 12, 1, 0, 1]  	395	11 
[11, 0, 0, 4, 1]  	396	16 
[9, 11, 1, 0, 1]  	396	14 
[9, 10, 2, 0, 1]  	408	13 
[8, 10, 3, 0, 1]  	431	13 
[7, 9, 4, 0, 1]  	431	14 
[6, 1, 6, 2, 1]  	437	8 
[7, 11, 3, 0, 1]  	442	12 
[4, 6, 0, 4, 1]  	450	10 
[5, 17, 0, 0, 1]  	451	7 
[4, 16, 1, 0, 1]  	451	6 
[3, 7, 0, 4, 1]  	461	8 
[3, 17, 1, 0, 1]  	462	11 
[4, 15, 2, 0, 1]  	463	6 
[5, 7, 7, 0, 1]  	466	13 
[14, 7, 4, 0, 1]  	469	17 
[2, 9, 5, 1, 1]  	472	7 
[3, 6, 1, 4, 1]  	473	8 
[3, 16, 2, 0, 1]  	474	7 
[4, 14, 3, 0, 1]  	475	7 
[5, 12, 4, 0, 1]  	476	9 
[3, 0, 9, 2, 1]  	483	6 
[4, 13, 4, 0, 1]  	487	7 
[3, 12, 5, 0, 1]  	487	7 
[4, 7, 8, 0, 1]  	489	12 
[5, 5, 9, 0, 1]  	490	14 
[11, 5, 7, 0, 1]  	492	16 
[2, 9, 0, 4, 1]  	495	6 
[2, 6, 2, 4, 1]  	496	6 
[5, 10, 6, 0, 1]  	500	11 
[4, 9, 7, 0, 1]  	500	11 
[18, 2, 7, 0, 1]  	507	14 
[2, 8, 1, 4, 1]  	507	6 
[15, 4, 7, 0, 1]  	517	14 
[18, 1, 8, 0, 1]  	519	15 
[6, 3, 11, 0, 1]  	526	13 
[9, 1, 0, 6, 1]  	527	11 
[2, 13, 4, 1, 1]  	529	6 
[17, 2, 8, 0, 1]  	530	15 
[1, 6, 9, 1, 1]  	531	5 
[2, 3, 5, 4, 1]  	532	7 
[1, 15, 5, 0, 1]  	532	7 
[2, 13, 6, 0, 1]  	533	7 
[7, 2, 4, 4, 1]  	534	13 
[9, 1, 4, 4, 1]  	535	12 
[3, 3, 1, 6, 1]  	536	11 
[5, 15, 0, 2, 1]  	537	12 
[2, 5, 4, 4, 1]  	543	7 
[1, 17, 4, 0, 1]  	543	6 
[1, 4, 5, 4, 1]  	543	6 
[1, 1, 7, 4, 1]  	544	6 
[3, 5, 0, 6, 1]  	547	11 
[5, 3, 12, 0, 1]  	549	12 
[8, 1, 1, 6, 1]  	550	13 
[1, 13, 5, 1, 1]  	552	7 
[1, 3, 6, 4, 1]  	555	6 
[5, 13, 0, 3, 1]  	557	12 
[6, 1, 2, 6, 1]  	561	11 
[5, 2, 13, 0, 1]  	561	11 
[3, 16, 1, 2, 1]  	571	10 
[4, 3, 13, 0, 1]  	572	11 
[4, 1, 3, 6, 1]  	572	11 
[6, 0, 3, 6, 1]  	573	11 
[3, 2, 3, 6, 1]  	583	11 
[2, 3, 14, 0, 1]  	583	10 
[2, 1, 4, 6, 1]  	583	9 
[4, 2, 14, 0, 1]  	584	10 
[4, 0, 4, 6, 1]  	584	9 
[1, 1, 14, 1, 1]  	591	5 
[1, 10, 10, 0, 1]  	592	7 
[2, 3, 3, 6, 1]  	594	9 
[1, 4, 14, 0, 1]  	594	7 
[2, 2, 15, 0, 1]  	595	10 
[1, 14, 0, 4, 1]  	598	8 
[14, 2, 11, 0, 1]  	599	16 
[2, 0, 9, 4, 1]  	603	6 
[1, 1, 5, 6, 1]  	606	7 
[1, 10, 5, 3, 1]  	615	5 
[1, 19, 1, 2, 1]  	616	6 
[1, 8, 12, 0, 1]  	616	6 
[1, 6, 2, 6, 1]  	616	5 
[1, 16, 3, 2, 1]  	617	6 
[1, 2, 16, 0, 1]  	618	7 
[2, 23, 0, 1, 1]  	619	9 
[5, 1, 6, 5, 1]  	623	10 
[1, 9, 6, 3, 1]  	627	5 
[1, 5, 3, 6, 1]  	628	4 
[1, 15, 4, 2, 1]  	629	5 
[2, 0, 6, 6, 1]  	630	8 
[1, 12, 6, 2, 1]  	630	8 
[1, 11, 7, 2, 1]  	642	6 
[5, 1, 16, 0, 1]  	643	9 
[1, 7, 4, 5, 1]  	643	5 
[1, 13, 2, 4, 1]  	645	6 
[0, 4, 16, 0, 1]  	652	3 
[0, 24, 1, 1, 1]  	653	5 
[1, 10, 8, 2, 1]  	654	5 
[5, 0, 17, 0, 1]  	655	7 
[8, 0, 16, 0, 1]  	656	8 
[1, 0, 9, 5, 1]  	657	5 
[1, 0, 11, 4, 1]  	661	5 
[0, 3, 17, 0, 1]  	664	3 
[3, 0, 18, 0, 1]  	666	7 
[1, 14, 4, 3, 1]  	672	5 
[0, 12, 0, 6, 1]  	672	4 
[0, 2, 18, 0, 1]  	676	3 
[1, 23, 2, 1, 1]  	677	4 
[2, 27, 1, 0, 1]  	680	8 
[0, 13, 11, 0, 1]  	684	5 
[0, 12, 8, 2, 1]  	688	3 
[0, 9, 10, 2, 1]  	689	3 
[0, 11, 9, 2, 1]  	700	3 
[3, 29, 0, 0, 1]  	703	6 
[1, 29, 1, 0, 1]  	714	6 
[1, 28, 2, 0, 1]  	726	5 
[10, 3, 2, 1, 2]  	325	9 
[10, 2, 3, 1, 2]  	337	9 
[10, 11, 0, 0, 2]  	373	15 
[3, 15, 1, 0, 2]  	416	5 
[8, 11, 2, 0, 2]  	419	13 
[5, 1, 8, 1, 2]  	429	8 
[8, 0, 6, 2, 2]  	438	9 
[14, 9, 2, 0, 2]  	445	17 
[4, 13, 3, 0, 2]  	452	7 
[14, 8, 3, 0, 2]  	457	17 
[3, 1, 8, 2, 2]  	471	5 
[3, 13, 4, 0, 2]  	475	6 
[4, 5, 9, 0, 2]  	478	13 
[11, 6, 6, 0, 2]  	480	17 
[2, 7, 1, 4, 2]  	484	6 
[5, 11, 5, 0, 2]  	488	10 
[3, 4, 3, 4, 2]  	497	11 
[2, 3, 4, 4, 2]  	497	9 
[2, 1, 11, 1, 2]  	498	5 
[2, 12, 4, 1, 2]  	506	6 
[2, 5, 3, 4, 2]  	508	6 
[2, 2, 5, 4, 2]  	509	7 
[1, 14, 5, 0, 2]  	509	6 
[9, 3, 2, 4, 2]  	511	13 
[1, 16, 4, 0, 2]  	520	7 
[1, 13, 6, 0, 2]  	521	6 
[9, 2, 3, 4, 2]  	523	13 
[3, 4, 0, 6, 2]  	524	11 
[9, 3, 10, 0, 2]  	527	14 
[7, 1, 1, 6, 2]  	538	13 
[2, 6, 11, 0, 2]  	547	9 
[5, 1, 2, 6, 2]  	549	12 
[10, 0, 1, 6, 2]  	551	11 
[2, 7, 5, 3, 2]  	558	9 
[4, 17, 0, 2, 2]  	571	11 
[2, 4, 13, 0, 2]  	571	9 
[3, 2, 14, 0, 2]  	572	10 
[1, 13, 0, 4, 2]  	575	6 
[2, 17, 1, 2, 2]  	582	8 
[1, 3, 5, 5, 2]  	586	7 
[1, 12, 1, 4, 2]  	587	5 
[1, 18, 1, 2, 2]  	593	8 
[1, 7, 12, 0, 2]  	593	7 
[2, 16, 2, 2, 2]  	594	8 
[1, 3, 9, 3, 2]  	594	7 
[2, 0, 5, 6, 2]  	595	9 
[1, 8, 6, 3, 2]  	604	6 
[1, 14, 4, 2, 2]  	606	9 
[1, 3, 15, 0, 2]  	606	7 
[2, 1, 16, 0, 2]  	607	8 
[14, 1, 12, 0, 2]  	611	16 
[0, 13, 0, 5, 2]  	629	5 
[10, 1, 14, 0, 2]  	633	10 
[4, 0, 17, 0, 2]  	643	6 
[7, 0, 16, 0, 2]  	644	9 
[1, 0, 5, 7, 2]  	649	6 
[2, 0, 18, 0, 2]  	654	6 
[2, 26, 1, 0, 2]  	657	7 
[1, 1, 18, 0, 2]  	665	5 
[1, 27, 1, 0, 2]  	668	6 
[1, 0, 19, 0, 2]  	677	4 
[2, 29, 0, 0, 2]  	691	7 
[0, 17, 3, 3, 2]  	694	3 
[0, 23, 3, 1, 2]  	700	4 
[0, 11, 2, 6, 2]  	719	3 
[0, 19, 1, 4, 2]  	736	2 
[0, 29, 2, 0, 2]  	737	4 
[4, 3, 3, 1, 3]  	288	5 
[2, 13, 1, 0, 3]  	358	5 
[5, 5, 0, 4, 3]  	439	11 
[5, 9, 6, 0, 3]  	477	12 
[3, 12, 3, 1, 3]  	483	5 
[3, 5, 2, 4, 3]  	485	9 
[1, 13, 5, 0, 3]  	486	5 
[11, 4, 8, 0, 3]  	504	15 
[14, 4, 7, 0, 3]  	505	14 
[1, 20, 1, 0, 3]  	507	5 
[1, 17, 3, 0, 3]  	508	6 
[10, 0, 0, 6, 3]  	516	11 
[1, 19, 2, 0, 3]  	519	5 
[3, 11, 7, 0, 3]  	534	8 
[1, 12, 0, 4, 3]  	552	6 
[3, 0, 13, 1, 3]  	557	7 
[7, 0, 6, 4, 3]  	558	11 
[3, 17, 0, 2, 3]  	559	11 
[3, 3, 13, 0, 3]  	560	10 
[1, 15, 4, 1, 3]  	563	6 
[2, 2, 3, 6, 3]  	571	9 
[9, 0, 2, 6, 3]  	574	12 
[1, 19, 0, 2, 3]  	581	8 
[1, 16, 2, 2, 3]  	582	8 
[1, 15, 3, 2, 3]  	594	8 
[4, 1, 15, 0, 3]  	596	11 
[2, 12, 3, 3, 3]  	603	7 
[9, 1, 14, 0, 3]  	621	9 
[0, 17, 3, 2, 3]  	628	4 
[6, 0, 16, 0, 3]  	632	9 
[0, 26, 1, 0, 3]  	633	5 
[1, 14, 3, 3, 3]  	637	7 
[0, 16, 4, 2, 3]  	640	5 
[0, 4, 10, 3, 3]  	640	3 
[0, 13, 10, 0, 3]  	649	5 
[0, 18, 5, 1, 3]  	655	5 
[0, 14, 6, 2, 3]  	664	3 
[0, 15, 4, 3, 3]  	683	3 
[0, 24, 0, 2, 3]  	684	5 
[0, 19, 0, 4, 3]  	701	3 
[0, 17, 2, 4, 3]  	725	3 
[3, 4, 2, 4, 4]  	462	8 
[4, 12, 4, 0, 4]  	464	8 
[2, 4, 3, 4, 4]  	485	7 
[13, 4, 7, 0, 4]  	493	15 
[9, 0, 1, 6, 4]  	539	10 
[1, 13, 1, 3, 4]  	544	6 
[3, 12, 1, 3, 4]  	545	7 
[3, 9, 3, 3, 4]  	546	9 
[1, 2, 1, 7, 4]  	555	5 
[1, 1, 2, 7, 4]  	567	5 
[1, 0, 3, 7, 4]  	579	5 
[8, 1, 14, 0, 4]  	609	11 
[13, 2, 12, 0, 4]  	622	13 
[0, 14, 5, 2, 4]  	629	5 
[0, 18, 7, 0, 4]  	659	5 
[0, 14, 4, 3, 4]  	660	4 
[0, 23, 0, 2, 4]  	661	5 
[1, 29, 0, 0, 4]  	679	6 
[0, 3, 5, 7, 4]  	706	2 
[0, 18, 1, 4, 4]  	713	3 
[0, 12, 7, 3, 4]  	719	4 
[0, 11, 8, 3, 4]  	731	3 
[0, 16, 3, 4, 4]  	737	3 
[0, 10, 4, 6, 4]  	766	2 
[3, 3, 3, 4, 5]  	474	10 
[1, 14, 4, 0, 5]  	474	6 
[2, 12, 6, 0, 5]  	510	6 
[1, 2, 6, 4, 5]  	532	6 
[8, 0, 2, 6, 5]  	562	9 
[7, 1, 14, 0, 5]  	597	12 
[1, 12, 9, 0, 5]  	603	5 
[5, 0, 16, 0, 5]  	620	8 
[1, 11, 1, 5, 5]  	630	7 
[0, 29, 0, 0, 5]  	667	6 
[1, 11, 4, 4, 5]  	669	5 
[0, 13, 5, 3, 5]  	672	5 
[0, 25, 4, 0, 5]  	715	6 
[8, 9, 3, 0, 6]  	408	15 
[8, 3, 10, 0, 6]  	515	14 
[1, 12, 1, 3, 6]  	521	5 
[3, 11, 1, 3, 6]  	522	7 
[3, 2, 2, 6, 6]  	548	10 
[7, 2, 12, 0, 6]  	550	11 
[2, 11, 3, 3, 6]  	580	6 
[4, 0, 16, 0, 6]  	608	10 
[0, 15, 6, 1, 6]  	621	5 
[0, 14, 7, 1, 6]  	633	5 
[0, 14, 9, 0, 6]  	637	5 
[0, 20, 6, 0, 6]  	670	5 
[0, 16, 3, 3, 6]  	671	4 
[0, 18, 0, 4, 6]  	678	4 
[0, 12, 6, 3, 6]  	684	4 
[0, 17, 1, 4, 6]  	690	4 
[0, 16, 2, 4, 6]  	702	4 
[0, 15, 3, 4, 6]  	714	4 
[5, 12, 3, 0, 7]  	441	9 
[1, 12, 6, 1, 7]  	564	5 
[6, 1, 14, 0, 7]  	585	11 
[0, 15, 4, 2, 7]  	617	5 
[0, 20, 1, 2, 7]  	627	4 
[3, 0, 17, 0, 7]  	631	9 
[0, 5, 15, 0, 7]  	640	4 
[0, 13, 6, 2, 7]  	641	5 
[0, 25, 2, 0, 7]  	645	5 
[0, 18, 2, 3, 8]  	682	4 
[0, 16, 8, 0, 9]  	648	5 
[1, 9, 8, 2, 244]  	631	5 
[1, 8, 8, 2, 245]  	608	5 
[1, 7, 8, 2, 246]  	585	5 
[2, 11, 8, 0, 247]  	557	5 
[1, 6, 4, 5, 247]  	620	4 
[0, 9, 12, 0, 247]  	627	3 
[1, 0, 14, 2, 247]  	634	3 
[0, 7, 13, 1, 247]  	682	3 
[1, 5, 4, 5, 248]  	597	4 
[0, 3, 10, 3, 248]  	617	2 
[0, 2, 0, 10, 248]  	706	1 
[0, 1, 18, 1, 248]  	719	2 
[7, 7, 5, 0, 249]  	420	11 
[5, 0, 9, 1, 249]  	441	7 
[1, 1, 13, 1, 249]  	556	2 
[2, 6, 0, 6, 249]  	558	9 
[1, 18, 2, 1, 249]  	562	6 
[1, 5, 9, 2, 249]  	574	4 
[1, 0, 9, 4, 249]  	591	3 
[1, 0, 15, 1, 249]  	603	2 
[0, 1, 15, 1, 249]  	614	2 
[0, 3, 5, 6, 249]  	640	2 
[0, 2, 0, 9, 249]  	640	1 
[0, 12, 1, 5, 249]  	641	4 
[0, 15, 3, 3, 249]  	648	4 
[0, 3, 13, 2, 249]  	656	1 
[0, 5, 14, 1, 249]  	671	3 
[0, 8, 5, 5, 249]  	689	2 
[0, 1, 12, 4, 249]  	707	2 
[7, 8, 4, 0, 250]  	408	13 
[1, 2, 10, 1, 250]  	474	5 
[1, 0, 12, 1, 250]  	498	2 
[0, 3, 10, 2, 250]  	551	1 
[0, 3, 12, 1, 250]  	555	2 
[0, 2, 13, 1, 250]  	567	2 
[0, 1, 14, 1, 250]  	579	2 
[1, 11, 2, 4, 250]  	599	4 
[0, 17, 5, 1, 250]  	632	4 
[1, 10, 2, 5, 250]  	642	5 
[0, 11, 0, 6, 250]  	649	2 
[0, 16, 1, 4, 250]  	667	4 
[4, 0, 9, 1, 251]  	429	5 
[10, 6, 6, 0, 251]  	468	17 
[2, 0, 10, 2, 251]  	506	5 
[8, 1, 0, 6, 251]  	515	9 
[0, 2, 10, 2, 251]  	528	1 
[0, 2, 12, 1, 251]  	532	2 
[7, 0, 2, 6, 251]  	550	10 
[1, 4, 9, 2, 251]  	551	2 
[1, 6, 8, 2, 251]  	562	4 
[1, 8, 7, 2, 251]  	573	5 
[1, 6, 3, 5, 251]  	585	4 
[1, 2, 0, 8, 251]  	586	4 
[0, 16, 5, 1, 251]  	609	4 
[0, 12, 10, 0, 251]  	626	2 
[0, 15, 1, 4, 251]  	644	4 
[0, 1, 6, 7, 251]  	695	2 
[0, 4, 9, 5, 251]  	737	2 
[7, 1, 5, 1, 252]  	348	9 
[1, 1, 10, 1, 252]  	451	2 
[0, 2, 10, 1, 252]  	462	2 
[13, 6, 5, 0, 252]  	469	11 
[3, 4, 10, 0, 252]  	478	12 
[10, 5, 7, 0, 252]  	480	13 
[1, 4, 9, 1, 252]  	485	2 
[1, 6, 8, 1, 252]  	496	2 
[1, 8, 7, 1, 252]  	507	4 
[1, 6, 3, 4, 252]  	519	3 
[1, 3, 9, 2, 252]  	528	3 
[1, 5, 4, 4, 252]  	531	3 
[1, 12, 7, 0, 252]  	533	4 
[6, 1, 5, 4, 252]  	534	11 
[2, 10, 8, 0, 252]  	534	4 
[1, 0, 0, 8, 252]  	540	3 
[1, 0, 2, 7, 252]  	544	4 
[2, 4, 1, 6, 252]  	547	9 
[0, 12, 8, 0, 252]  	556	2 
[7, 1, 13, 0, 252]  	562	9 
[0, 14, 7, 0, 252]  	567	4 
[1, 11, 9, 0, 252]  	580	3 
[0, 0, 15, 1, 252]  	591	1 
[0, 11, 10, 0, 252]  	603	2 
[0, 13, 7, 1, 252]  	610	2 
[0, 10, 11, 0, 252]  	615	2 
[0, 14, 1, 4, 252]  	621	4 
[1, 18, 0, 3, 252]  	624	6 
[0, 14, 3, 3, 252]  	625	4 
[0, 13, 2, 4, 252]  	633	4 
[0, 13, 4, 3, 252]  	637	4 
[0, 1, 5, 7, 252]  	660	2 
[0, 0, 2, 9, 252]  	664	1 
[0, 0, 20, 0, 252]  	700	1 
[0, 6, 7, 5, 252]  	713	1 
[3, 2, 4, 1, 253]  	288	3 
[9, 0, 5, 1, 253]  	349	10 
[2, 1, 7, 1, 253]  	358	1 
[1, 1, 8, 1, 253]  	381	2 
[1, 0, 9, 1, 253]  	393	2 
[6, 7, 5, 0, 253]  	408	9 
[3, 6, 0, 4, 253]  	438	8 
[0, 1, 10, 1, 253]  	439	1 
[11, 6, 5, 0, 253]  	445	7 
[13, 7, 4, 0, 253]  	457	7 
[9, 5, 7, 0, 253]  	468	11 
[2, 2, 4, 4, 253]  	474	4 
[1, 0, 0, 7, 253]  	474	4 
[4, 8, 7, 0, 253]  	477	11 
[2, 11, 4, 1, 253]  	483	5 
[3, 6, 9, 0, 253]  	489	9 
[4, 2, 0, 6, 253]  	490	12 
[3, 5, 1, 5, 253]  	516	6 
[8, 0, 5, 4, 253]  	535	8 
[2, 5, 2, 5, 253]  	539	7 
[1, 17, 2, 1, 253]  	539	4 
[0, 13, 7, 0, 253]  	544	2 
[2, 11, 2, 3, 253]  	545	5 
[2, 9, 9, 0, 253]  	546	8 
[2, 3, 13, 0, 253]  	548	8 
[1, 11, 1, 4, 253]  	564	4 
[1, 11, 3, 3, 253]  	568	3 
[1, 7, 0, 6, 253]  	569	4 
[0, 12, 3, 3, 253]  	579	3 
[0, 15, 5, 1, 253]  	586	1 
[0, 17, 4, 1, 253]  	597	1 
[0, 1, 7, 5, 253]  	598	1 
[0, 7, 13, 0, 253]  	616	3 
[0, 6, 14, 0, 253]  	628	3 
[0, 3, 16, 0, 253]  	629	3 
[0, 7, 5, 5, 253]  	666	2 
[0, 10, 9, 2, 253]  	677	2 
[7, 0, 5, 1, 254]  	325	6 
[9, 1, 4, 1, 254]  	337	6 
[1, 1, 7, 1, 254]  	346	2 
[9, 10, 1, 0, 254]  	373	9 
[6, 7, 4, 0, 254]  	373	5 
[6, 6, 5, 0, 254]  	385	5 
[7, 10, 3, 0, 254]  	419	8 
[5, 0, 7, 2, 254]  	437	2 
[3, 4, 9, 0, 254]  	443	7 
[0, 0, 11, 1, 254]  	451	1 
[4, 7, 7, 0, 254]  	454	8 
[5, 5, 8, 0, 254]  	455	8 
[4, 6, 8, 0, 254]  	466	9 
[2, 12, 3, 1, 254]  	471	3 
[1, 17, 2, 0, 254]  	473	3 
[4, 10, 6, 0, 254]  	488	7 
[10, 3, 9, 0, 254]  	504	10 
[2, 18, 0, 1, 254]  	504	3 
[4, 17, 0, 1, 254]  	505	4 
[6, 0, 5, 4, 254]  	511	6 
[2, 6, 10, 0, 254]  	512	6 
[1, 3, 5, 4, 254]  	520	2 
[0, 15, 5, 0, 254]  	520	1 
[0, 12, 7, 0, 254]  	521	2 
[8, 1, 4, 4, 254]  	523	7 
[2, 5, 11, 0, 254]  	524	9 
[0, 17, 4, 0, 254]  	531	1 
[0, 14, 6, 0, 254]  	532	3 
[1, 20, 0, 1, 254]  	538	2 
[0, 21, 0, 1, 254]  	549	2 
[1, 19, 1, 1, 254]  	550	6 
[1, 16, 3, 1, 254]  	551	4 
[2, 3, 2, 6, 254]  	559	8 
[0, 20, 1, 1, 254]  	561	2 
[0, 14, 5, 1, 254]  	563	2 
[2, 9, 4, 3, 254]  	569	7 
[0, 19, 2, 1, 254]  	573	2 
[0, 3, 5, 5, 254]  	574	1 
[1, 8, 11, 0, 254]  	581	5 
[1, 6, 1, 6, 254]  	581	5 
[0, 18, 3, 1, 254]  	585	2 
[0, 6, 9, 2, 254]  	585	2 
[1, 9, 5, 3, 254]  	592	5 
[0, 9, 11, 0, 254]  	592	3 
[0, 6, 13, 0, 254]  	593	1 
[0, 0, 0, 9, 254]  	594	1 
[1, 12, 5, 2, 254]  	595	5 
[3, 0, 16, 0, 254]  	596	7 
[1, 4, 3, 6, 254]  	605	4 
[0, 12, 0, 5, 254]  	606	1 
[1, 10, 1, 5, 254]  	607	2 
[13, 0, 13, 0, 254]  	611	9 
[0, 11, 1, 5, 254]  	618	2 
[2, 0, 17, 0, 254]  	619	6 
[0, 24, 2, 0, 254]  	622	3 
[4, 25, 0, 0, 254]  	623	4 
[0, 2, 9, 4, 254]  	625	2 
[0, 0, 5, 7, 254]  	637	1 
[0, 2, 17, 0, 254]  	641	2 
[0, 0, 9, 5, 254]  	645	1 
[0, 0, 4, 8, 254]  	668	1 
[0, 19, 1, 3, 254]  	670	4 
[0, 11, 7, 3, 254]  	696	2 
[0, 8, 0, 8, 254]  	712	1 
[0, 6, 2, 8, 254]  	736	1 
[6, 6, 0, 0, 255]  	210	5 
[1, 1, 4, 1, 255]  	241	1 
[1, 0, 5, 1, 255]  	253	1 
[1, 13, 2, 0, 255]  	381	3 
[5, 7, 5, 0, 255]  	396	5 
[4, 5, 7, 0, 255]  	408	7 
[3, 4, 8, 0, 255]  	408	5 
[0, 12, 4, 0, 255]  	416	2 
[0, 0, 10, 1, 255]  	416	1 
[2, 18, 0, 0, 255]  	438	2 
[4, 17, 0, 0, 255]  	439	4 
[0, 20, 0, 0, 255]  	460	1 
[0, 1, 5, 4, 255]  	462	2 
[2, 8, 0, 4, 255]  	472	3 
[1, 9, 0, 4, 255]  	483	3 
[1, 19, 1, 0, 255]  	484	4 
[0, 18, 2, 0, 255]  	484	1 
[9, 3, 9, 0, 255]  	492	11 
[8, 0, 0, 6, 255]  	492	5 
[2, 6, 0, 5, 255]  	492	3 
[12, 3, 8, 0, 255]  	493	11 
[4, 5, 0, 5, 255]  	493	5 
[3, 4, 1, 5, 255]  	493	3 
[0, 2, 9, 2, 255]  	493	2 
[1, 8, 1, 4, 255]  	495	3 
[1, 6, 10, 0, 255]  	500	3 
[3, 3, 0, 6, 255]  	501	6 
[0, 0, 5, 5, 255]  	505	1 
[16, 0, 9, 0, 255]  	507	4 
[1, 7, 2, 4, 255]  	507	3 
[3, 10, 7, 0, 255]  	511	4 
[0, 9, 5, 2, 255]  	514	2 
[1, 8, 0, 5, 255]  	526	1 
[0, 0, 0, 8, 255]  	528	1 
[0, 1, 9, 3, 255]  	536	2 
[6, 0, 2, 6, 255]  	538	6 
[0, 7, 7, 2, 255]  	538	2 
[1, 4, 3, 5, 255]  	539	3 
[1, 6, 0, 6, 255]  	546	2 
[1, 2, 14, 0, 255]  	548	4 
[1, 0, 4, 6, 255]  	548	1 
[4, 2, 13, 0, 255]  	549	4 
[1, 6, 2, 5, 255]  	550	1 
[0, 14, 1, 3, 255]  	555	3 
[1, 10, 9, 0, 255]  	557	4 
[0, 13, 2, 3, 255]  	567	3 
[1, 5, 13, 0, 255]  	582	4 
[0, 11, 0, 5, 255]  	583	1 
[0, 11, 4, 3, 255]  	591	2 
[1, 5, 2, 6, 255]  	593	4 
[12, 0, 13, 0, 255]  	599	7 
[0, 10, 0, 6, 255]  	626	2 
[1, 1, 17, 0, 255]  	630	4 
[0, 10, 4, 5, 255]  	700	2 
------
The gap is between 10 and 243.
Lengths: 5 5 10 13 5 14.
For 692 = 3*d-d1-d2-d3-d4 you get 5 in char 0.
1 + 0*2^64 + 0*2^128 + 0*2^192*y^24*z^4
1 + 0*2^64 + 0*2^128 + 0*2^192*y^12*z^10*w^1
1 + 0*2^64 + 0*2^128 + 0*2^192*y^11*z^5*w^4
1 + 0*2^64 + 0*2^128 + 0*2^192*y^10*w^7
1 + 0*2^64 + 0*2^128 + 0*2^192*z^16*w^2

For 416 = 2*d-d1-d2-d3-d4 you get 10 in char 0.
1 + 0*2^64 + 0*2^128 + 0*2^192*x^5*y^4*w^4
1 + 0*2^64 + 0*2^128 + 0*2^192*x^4*y^16
1 + 0*2^64 + 0*2^128 + 0*2^192*x^4*y^3*z^1*w^4
1 + 0*2^64 + 0*2^128 + 0*2^192*x^3*y^2*z^2*w^4
1 + 0*2^64 + 0*2^128 + 0*2^192*x^2*y^1*z^3*w^4
1 + 0*2^64 + 0*2^128 + 0*2^192*x^1*y^13*z^3
1 + 0*2^64 + 0*2^128 + 0*2^192*x^1*y^1*z^9*w^1
1 + 0*2^64 + 0*2^128 + 0*2^192*x^1*z^4*w^4
1 + 0*2^64 + 0*2^128 + 0*2^192*y^12*z^4
1 + 0*2^64 + 0*2^128 + 0*2^192*z^10*w^1

For 140 = d-d1-d2-d3-d4 you get 5 in char 0.
1 + 0*2^64 + 0*2^128 + 0*2^192*x^4*y^4
1 + 0*2^64 + 0*2^128 + 0*2^192*x^3*y^3*z^1
1 + 0*2^64 + 0*2^128 + 0*2^192*x^2*y^2*z^2
1 + 0*2^64 + 0*2^128 + 0*2^192*x^1*y^1*z^3
1 + 0*2^64 + 0*2^128 + 0*2^192*z^4

Extra powers of p used 9.
The invariant extra is equal to 33.
Start computing 2^4 Delta^1 (x1x2x3x4)^1... Done.
Start computing 2^5 Delta^2 (x1x2x3x4)^1... Done.
Start computing 2^6 Delta^3 (x1x2x3x4)^1... Done.
Start computing 2^7 Delta^4 (x1x2x3x4)^1... Done.
Start computing 2^8 Delta^5 (x1x2x3x4)^1... Done.
Start computing 2^9 Delta^6 (x1x2x3x4)^1... Done.
Start computing 2^10 Delta^7 (x1x2x3x4)^1... Done.
Start computing 2^11 Delta^8 (x1x2x3x4)^1... Done.
Start computing 2^12 Delta^9 (x1x2x3x4)^1... Done.
Start computing 2^13 Delta^10 (x1x2x3x4)^1... Done.
Start computing 2^14 Delta^11 (x1x2x3x4)^1... Done.
Start computing 2^15 Delta^12 (x1x2x3x4)^1... Done.
Start computing 2^16 Delta^13 (x1x2x3x4)^1... Done.
Start computing 2^17 Delta^14 (x1x2x3x4)^1... Done.
Start computing 2^18 Delta^15 (x1x2x3x4)^1... Done.
Start computing 2^19 Delta^16 (x1x2x3x4)^1... Done.
Start computing 2^20 Delta^17 (x1x2x3x4)^1... Done.
Start computing 2^21 Delta^18 (x1x2x3x4)^1... Done.
Start computing 2^22 Delta^19 (x1x2x3x4)^1... Done.
Start computing 2^23 Delta^20 (x1x2x3x4)^1... Done.
Start computing 2^24 Delta^21 (x1x2x3x4)^1... Done.
Start computing 2^25 Delta^22 (x1x2x3x4)^1... Done.
Start computing 2^26 Delta^23 (x1x2x3x4)^1... Done.
Start computing 2^27 Delta^24 (x1x2x3x4)^1... Done.
Start computing 2^28 Delta^25 (x1x2x3x4)^1... Done.
Start computing 2^29 Delta^26 (x1x2x3x4)^1... Done.
Start computing 2^30 Delta^27 (x1x2x3x4)^1... Done.
Start computing 2^31 Delta^28 (x1x2x3x4)^1... Done.
Start computing 2^32 Delta^29 (x1x2x3x4)^1... Done.
Start computing 2^33 Delta^30 (x1x2x3x4)^1... Done.
Start computing 2^34 Delta^31 (x1x2x3x4)^1... Done.
Start computing 2^35 Delta^32 (x1x2x3x4)^1... Done.
Start computing 2^36 Delta^33 (x1x2x3x4)^1... Done.
Start computing 2^37 Delta^34 (x1x2x3x4)^1... Done.
Start computing 2^38 Delta^35 (x1x2x3x4)^1... Done.
Start computing aa.
1 2 3 4 5 6 7 8 9 10 11 12 13 14 15 16 17 18 19 20 
*/
A = \
[15981897334969230080 + 10098145229960680870*2^64 + 17395100215721591579*2^128 + 262185751741*2^192,2632629299770382336 + 13095798321357052244*2^64 + 1070238377916220429*2^128 + 92851576098*2^192,11250124836452788096 + 1141089318150920742*2^64 + 12057847215851386370*2^128 + 260724720399*2^192,14484922996281261952 + 12804735388485841984*2^64 + 10362484594144642921*2^128 + 198832113386*2^192,16459614061322825728 + 13750664588810278244*2^64 + 18176018923611906049*2^128 + 151783639207*2^192,11788920655114788352 + 4899857399886568699*2^64 + 11751829140798463764*2^128 + 81792220522*2^192,9618784127222111232 + 14776617237899894069*2^64 + 9391009082159265258*2^128 + 123416512413*2^192,600522066443959808 + 16846911782129983864*2^64 + 129977520066690575*2^128 + 257722445694*2^192,13866918201087089664 + 3643717963059049010*2^64 + 4428495569033746336*2^128 + 98239611418*2^192,1709309188444578816 + 3147468432905792130*2^64 + 10014237849459173073*2^128 + 78204992731*2^192,1425822452536327168 + 4777704261431442510*2^64 + 411529523094004167*2^128 + 176372355786*2^192,4926182785792063488 + 13466298202650533159*2^64 + 8147695948590962540*2^128 + 66946715445*2^192,16738067216136090624 + 6897830445560493239*2^64 + 9713603924114143699*2^128 + 144617751052*2^192,5063369319098763264 + 17060465296769077021*2^64 + 15525266371880801772*2^128 + 226625106697*2^192,8270172241999929344 + 8299372432389148953*2^64 + 12752921414146966875*2^128 + 26033844076*2^192,13628199288288815104 + 8340544553487657400*2^64 + 1841620401247834785*2^128 + 222349850308*2^192,14860624373647143936 + 15827403256585548989*2^64 + 2842529837217497204*2^128 + 219770490700*2^192,18298769652476809216 + 15982261563303348803*2^64 + 6708059803242621644*2^128 + 204558454754*2^192,7909170679848646656 + 7001031935472652180*2^64 + 7161260535628718770*2^128 + 165419104419*2^192,14672705304916789248 + 15872643452799161823*2^64 + 17710082787960037919*2^128 + 148384679117*2^192;\
16156444773395099424 + 1140921789842127935*2^64 + 8586097270161085965*2^128 + 126569488748*2^192,16004463632452504960 + 5021702877315542618*2^64 + 16076832850896164284*2^128 + 23979714174*2^192,14905058672606131488 + 2039902924923608632*2^64 + 6084464836945558823*2^128 + 172302478532*2^192,2850108980397308368 + 10583870112428217695*2^64 + 15753826947564312947*2^128 + 185403111793*2^192,6047797634297558016 + 10168426325243216070*2^64 + 3219904033921540472*2^128 + 260557916322*2^192,17061419599227509952 + 16945090393472102187*2^64 + 4278618396006503731*2^128 + 143964649818*2^192,5639539551301732992 + 11462178623320744322*2^64 + 8990528111122074668*2^128 + 7636833604*2^192,9034829800521529984 + 5762479092704143095*2^64 + 16894792298881121104*2^128 + 110831299177*2^192,9758405542870243584 + 4153021815050573256*2^64 + 12693848356206115975*2^128 + 51434015113*2^192,11217214152540048576 + 2595110962812346193*2^64 + 324411389383142567*2^128 + 81353350696*2^192,12826760177853940096 + 12400479535686617029*2^64 + 10013568085747094984*2^128 + 156064799518*2^192,14326577792172115712 + 11593212272433923235*2^64 + 3008562972882391077*2^128 + 137056486638*2^192,4145919160699139328 + 9612360017657696124*2^64 + 7139938311575278203*2^128 + 165255111024*2^192,862365401817391104 + 3966066610091441168*2^64 + 7448956133930810374*2^128 + 200174309525*2^192,17923005084201985280 + 8851643407859033127*2^64 + 7592912970004621081*2^128 + 100548538069*2^192,14791131192987698816 + 9890637468646988336*2^64 + 15026420192694678896*2^128 + 233698525626*2^192,9373207088846167808 + 9173888520573213673*2^64 + 846577719486708015*2^128 + 211409915143*2^192,6728596538507513856 + 2156311623056295472*2^64 + 7380883338750210503*2^128 + 32381157430*2^192,9131304283697858560 + 13184578131768388085*2^64 + 3814517689597793819*2^128 + 184738137501*2^192,15043927365562959616 + 2614496479221050267*2^64 + 15640147356941301769*2^128 + 64598399621*2^192;\
15196189569590215680 + 219436771397114286*2^64 + 5483178146324961660*2^128 + 273962998140*2^192,9127962340161587200 + 16738503248252003742*2^64 + 10040502451583534112*2^128 + 167473141552*2^192,8482477566217979648 + 7019986615599169315*2^64 + 5652729448386012522*2^128 + 98006637845*2^192,8358106378309933312 + 18342618089479217481*2^64 + 10246352129015337223*2^128 + 100892519731*2^192,9692284615535898624 + 14614998050746672755*2^64 + 11429618513657618492*2^128 + 48410809122*2^192,4176576971010248704 + 5239431995268221898*2^64 + 9935229586138546751*2^128 + 202743757410*2^192,8387628467112896512 + 1181830027991646431*2^64 + 11609420015647042522*2^128 + 242592823678*2^192,3791787863262048256 + 8782189595260843000*2^64 + 17286628457141730943*2^128 + 170896130059*2^192,3020904262385690624 + 3310439501841465225*2^64 + 11575300928963638324*2^128 + 239175488801*2^192,5277893428184838144 + 6066735149468064498*2^64 + 8389505212974222433*2^128 + 102174981149*2^192,15035692500316610560 + 17233253385504694992*2^64 + 6229361753986834245*2^128 + 257923523165*2^192,800862601044205568 + 11637151023831590505*2^64 + 14293045846822593092*2^128 + 105386829302*2^192,18265760810843912192 + 17718840215979720250*2^64 + 6737991008094798092*2^128 + 126253062344*2^192,14751702246089936896 + 8966531151145824921*2^64 + 3565587571536169490*2^128 + 36952792552*2^192,11806621813782396928 + 3993201029169642352*2^64 + 190548299629562641*2^128 + 25678887156*2^192,2319930360572231680 + 7749386097397630335*2^64 + 2695986334371542146*2^128 + 16314893495*2^192,14748012844426004480 + 13406561255023007643*2^64 + 17802505746174284564*2^128 + 100730268287*2^192,12683138773356029952 + 108107381912286422*2^64 + 3533052956356319768*2^128 + 49418810058*2^192,2140691439219892224 + 8216508984245963644*2^64 + 17569825480879495120*2^128 + 95006342305*2^192,5775317036917293056 + 4436464720672064402*2^64 + 14250720909181067438*2^128 + 159124228547*2^192;\
10314986448018487296 + 4663959703932874315*2^64 + 4933802163334502039*2^128 + 85582811803*2^192,6090962684102102016 + 4276268911680239511*2^64 + 9927915409355048791*2^128 + 119096832178*2^192,4521755705498041216 + 10068417075907876759*2^64 + 3363372500346294360*2^128 + 211983693242*2^192,389477477107017344 + 975559851351618131*2^64 + 4086102614428363274*2^128 + 68905604374*2^192,13364008126958852096 + 10027946909279812039*2^64 + 12021208187465248232*2^128 + 72937382687*2^192,7465903728694034432 + 8466762457655158057*2^64 + 17106553141085794406*2^128 + 199478002310*2^192,9670261782371977216 + 2337391150980987809*2^64 + 17536867480528963801*2^128 + 217609113967*2^192,7080916984247796736 + 3226173435469644242*2^64 + 8856304986750610976*2^128 + 241192219961*2^192,13310646417103447040 + 10921730818754406217*2^64 + 9841624364271523773*2^128 + 134753221727*2^192,10182450119445399552 + 7752767193725100370*2^64 + 15609682153371079696*2^128 + 57541711526*2^192,10392660976069087232 + 3203431396809875535*2^64 + 16848936187162421039*2^128 + 253424655862*2^192,18105621146229411840 + 9585557381010350997*2^64 + 12450622553207704102*2^128 + 32208348564*2^192,7086123305572440064 + 17238869472810213067*2^64 + 8968518673753923145*2^128 + 167416475551*2^192,17153384248802111488 + 14353747132267709333*2^64 + 18268778441236131588*2^128 + 22803262090*2^192,5514885568815874048 + 13830700992694637488*2^64 + 13255063386321376697*2^128 + 69719637743*2^192,4352381605379694592 + 14177536511487689153*2^64 + 5327370356758107739*2^128 + 135579456660*2^192,7576116790332723200 + 4127751640416500447*2^64 + 15548713915676869388*2^128 + 153657837253*2^192,12033850143683860480 + 11335376185261101647*2^64 + 10160737294480171361*2^128 + 237934966368*2^192,17966628770741696512 + 3430083632822531824*2^64 + 699408587354609355*2^128 + 160702694710*2^192,14255774866324811776 + 7176676765830450725*2^64 + 10520352935423372922*2^128 + 191744642617*2^192;\
18154552688257601456 + 11800336636935819716*2^64 + 7551358319065895832*2^128 + 73050947878*2^192,6698195550936888832 + 272838124181820272*2^64 + 12533640193294654359*2^128 + 36792257395*2^192,15595090422755047912 + 20233484553818*2^64 + 13446210766350580346*2^128 + 134809078676*2^192,13357178212419556160 + 17768092789313949616*2^64 + 5896799026183896591*2^128 + 257603644358*2^192,4724251558118776192 + 9828816047355521459*2^64 + 321549231650329661*2^128 + 181929649611*2^192,13075221551496890912 + 4166466489304028450*2^64 + 10474331616302104643*2^128 + 202543755441*2^192,65558994393153984 + 17292226089455438726*2^64 + 17432787862199506860*2^128 + 57818578717*2^192,9310240657918876032 + 17896940875232298548*2^64 + 8022363124489753703*2^128 + 171219147981*2^192,11087292701586705216 + 8158077236368950955*2^64 + 17913623048793291541*2^128 + 194834848915*2^192,18043347509928524320 + 17277242844112968932*2^64 + 8152937989337710992*2^128 + 125805841063*2^192,7158297440808807232 + 381145713898594353*2^64 + 6098547794187626331*2^128 + 24677214762*2^192,1503374740746543488 + 3463728715762592388*2^64 + 8069522809098457904*2^128 + 248494045808*2^192,8034822279399733888 + 13414015353521453054*2^64 + 10155548808975288041*2^128 + 21382558533*2^192,18390250065644625920 + 13003849508297607718*2^64 + 11670912674448927231*2^128 + 11395505708*2^192,11551163376429280640 + 15782248184327728513*2^64 + 17092334776458701296*2^128 + 238499533826*2^192,14151624449478856896 + 9830687081607317247*2^64 + 17891521197639815223*2^128 + 73213818819*2^192,3347399096394986496 + 12790783456163491986*2^64 + 14150168711443656532*2^128 + 218556631700*2^192,15805998223160336640 + 13101158368272049428*2^64 + 4962422501496372443*2^128 + 228470551235*2^192,12555946123290431360 + 4746751128189421678*2^64 + 13451587855845139221*2^128 + 234420742053*2^192,4802529190931842432 + 9872737719543521537*2^64 + 2903079581074763362*2^128 + 172426605781*2^192;\
17188556789662909440 + 6803076100693135054*2^64 + 1804181073491364666*2^128 + 171457958766*2^192,1922025873990002688 + 15013649194504677893*2^64 + 1319658293377975674*2^128 + 48407338162*2^192,14681115580660365568 + 617374720252787963*2^64 + 2939353166361298652*2^128 + 104620258225*2^192,16478126942904729344 + 10771090125314920391*2^64 + 5636296415331970200*2^128 + 251877043133*2^192,12273982312212500480 + 16167603941399604110*2^64 + 9148535666659640156*2^128 + 224191635052*2^192,14866391221435540480 + 1386177374059678536*2^64 + 1260599928211339858*2^128 + 195140836508*2^192,14724916189636648960 + 17680792471974410970*2^64 + 8803235418947871589*2^128 + 218121269880*2^192,10396861696187678208 + 11757142218795648867*2^64 + 4565311570262175237*2^128 + 147915212824*2^192,15771438655282988544 + 7881113563088595058*2^64 + 2558338980894823668*2^128 + 202473071210*2^192,16071919308273850368 + 16677188824348547851*2^64 + 1684720373118107806*2^128 + 252528253123*2^192,8751225022890493952 + 2185139714497265249*2^64 + 11875333717198543244*2^128 + 64418040572*2^192,12895447650250489856 + 1661077122659702161*2^64 + 8047170372935153690*2^128 + 96064647723*2^192,694686883421476864 + 14435115708237494642*2^64 + 9668604603534917785*2^128 + 180883767525*2^192,316701348715352064 + 3982584821424144153*2^64 + 7217325456959760640*2^128 + 228952057282*2^192,461093521560354816 + 10366844338817805577*2^64 + 14884822849878983001*2^128 + 258404204752*2^192,2165456941465436160 + 7695497940804759613*2^64 + 774126417828688392*2^128 + 104897835041*2^192,4081859061411307520 + 13091571313053366322*2^64 + 17320392885354321636*2^128 + 148123210083*2^192,12795031427131518976 + 931083949058849323*2^64 + 15117915245953399653*2^128 + 174134887186*2^192,5395201495305138176 + 12620505233387804620*2^64 + 3478969942847700323*2^128 + 237418994082*2^192,1270264237412089856 + 18061379754642586434*2^64 + 9998558236394151488*2^128 + 91164258718*2^192;\
3551088873719175168 + 7476711811590592553*2^64 + 7089065802894793029*2^128 + 243927634772*2^192,17596220234300113024 + 7380398563759257576*2^64 + 6676520905919402371*2^128 + 83975891185*2^192,10129142276661133456 + 7788619096361843221*2^64 + 3679162642228662907*2^128 + 27112219320*2^192,7485133833996951280 + 9433195381167410242*2^64 + 4265789552747201554*2^128 + 97391993085*2^192,9729299533944803584 + 5736127598605715263*2^64 + 4794944757654676497*2^128 + 126903119463*2^192,14224177626705321472 + 14853756625521946733*2^64 + 12358271661596544226*2^128 + 215462051627*2^192,11960547119033271296 + 4259337616253218795*2^64 + 1290027085622382522*2^128 + 155096240906*2^192,5939381409789291136 + 17680472758918289106*2^64 + 2626151453452783400*2^128 + 11004272428*2^192,3679525079006059136 + 18226129042973140003*2^64 + 6574592657445034888*2^128 + 14370543920*2^192,10496393704789724672 + 2497980080608647859*2^64 + 17140015231996899618*2^128 + 224411139427*2^192,14682862201798682112 + 8777446365877432380*2^64 + 10882184326557362832*2^128 + 66066657339*2^192,6509838865291723264 + 9565794692729140243*2^64 + 13729731032988628553*2^128 + 241447175131*2^192,2167029041613869568 + 13564525900030444740*2^64 + 6777200378421183185*2^128 + 12412318353*2^192,12755589121205764096 + 12828069974020906795*2^64 + 10988923280820035230*2^128 + 67292382558*2^192,6484417676425858048 + 16982504214199824880*2^64 + 7400882494517276683*2^128 + 174174345425*2^192,5200825810905188864 + 17055258172012600371*2^64 + 12594717020785771565*2^128 + 114407623632*2^192,4050842660854297856 + 9030034529589298360*2^64 + 2277544373444324396*2^128 + 86798923734*2^192,8937829484599111168 + 5106083395739457063*2^64 + 2682599910046546110*2^128 + 127132385803*2^192,6954369990169127168 + 2724153917145689060*2^64 + 10414018256992222880*2^128 + 100018007546*2^192,16238469042849712640 + 16209299695638516148*2^64 + 262989159928312554*2^128 + 78208324744*2^192;\
9652489331920401408 + 3052179044454394961*2^64 + 11358738546450120164*2^128 + 100988096004*2^192,2951815412112193536 + 5756615940000980014*2^64 + 10381756373655572327*2^128 + 172866930497*2^192,15292481634757723904 + 13426787652811816431*2^64 + 10979188328698572527*2^128 + 206250732592*2^192,15304078681787418880 + 5324548300611261475*2^64 + 11442536535198682779*2^128 + 13366772476*2^192,18100329897625952256 + 17576247388109740487*2^64 + 4855841883804483721*2^128 + 119743178415*2^192,6677970143611442688 + 16412516282454243867*2^64 + 18343978763993824937*2^128 + 3033423894*2^192,1899979414971928576 + 13700693033020720312*2^64 + 15374064088205876577*2^128 + 143468961873*2^192,369740520997130240 + 11061582048790712988*2^64 + 16040060297485070236*2^128 + 86468370521*2^192,725498792974416896 + 5640390435342605304*2^64 + 15356375829521852746*2^128 + 231429328205*2^192,7320883248451061760 + 3926885450139221151*2^64 + 505280207784319387*2^128 + 94535535156*2^192,1436519589023631360 + 821725952390505568*2^64 + 4521841912896156754*2^128 + 110356140790*2^192,17706478585485770752 + 7430420863355649961*2^64 + 11608344319850758507*2^128 + 142030006284*2^192,15667424003324470272 + 8766695248939279196*2^64 + 14643801566465707436*2^128 + 86105888932*2^192,4659514534190231552 + 5126826914140055922*2^64 + 14023962403276645375*2^128 + 11395269594*2^192,16564062247409311744 + 6769224211670108022*2^64 + 11182007271811739272*2^128 + 25591009575*2^192,5937415845416812544 + 4771931191803884316*2^64 + 8518246364846095240*2^128 + 781409865*2^192,3183625247235088384 + 7957825681482401141*2^64 + 16966944314257080490*2^128 + 155149243836*2^192,17368743318498152448 + 13389742760394394715*2^64 + 13750306966460519026*2^128 + 125303274562*2^192,8689518648903221248 + 12891751629652297722*2^64 + 5670905882020427085*2^128 + 50145759691*2^192,15884635367178584064 + 8348802632387256571*2^64 + 12425059429536181518*2^128 + 13490747894*2^192;\
11925237242510809088 + 2264614227146248821*2^64 + 2218171341017843791*2^128 + 2623089854*2^192,811177605199054848 + 10025712009387397262*2^64 + 7096983022116877946*2^128 + 17694812729*2^192,9395174929715283200 + 8760441848240084153*2^64 + 6499727545675137047*2^128 + 59907558534*2^192,17217548772293282560 + 13726139555583445450*2^64 + 16865738075353831326*2^128 + 93890973303*2^192,15875939706693816320 + 5797686662397808374*2^64 + 13737759532749444427*2^128 + 24381043678*2^192,8452038718583339008 + 3315844071792342505*2^64 + 11999397445400448316*2^128 + 237399626934*2^192,1119775615392649216 + 4205153986068880828*2^64 + 11238228355587899008*2^128 + 125555073342*2^192,10181449066898907648 + 10476664717756399471*2^64 + 1343010196452680223*2^128 + 235617085787*2^192,11953557295072400384 + 17478391371426644872*2^64 + 17840330141377461902*2^128 + 119062911580*2^192,17748676444983854592 + 252684127924791129*2^64 + 1630388936338909471*2^128 + 153695858019*2^192,14559406635215988736 + 12505603200042172845*2^64 + 18080756483560300735*2^128 + 241166115648*2^192,14586434425641795584 + 13634952063436614388*2^64 + 10247094393253615054*2^128 + 134105605859*2^192,16806720855054180352 + 15313910184188534037*2^64 + 5974130745215297209*2^128 + 76734156683*2^192,5343100961583865856 + 13201146221951548495*2^64 + 2127789420327778903*2^128 + 22361944357*2^192,226503995362312192 + 18074398387632717585*2^64 + 11287748540098588130*2^128 + 61932618327*2^192,7795470214684565504 + 8957410662976756531*2^64 + 12109092842937684188*2^128 + 10015643925*2^192,7231139821189066752 + 16298513774570418098*2^64 + 136620669407517722*2^128 + 76430369498*2^192,17185380702211584000 + 12321921447067302835*2^64 + 10779087959717663258*2^128 + 171797067246*2^192,14962140797266001920 + 6668472107805402919*2^64 + 10259614329251686997*2^128 + 100755705934*2^192,8403271270263193600 + 16902201229343125759*2^64 + 7739578375179135088*2^128 + 168844192238*2^192;\
8717317476382726144 + 15901206743871705338*2^64 + 9922163365191771383*2^128 + 154597259382*2^192,51882891330631680 + 8561779487907925098*2^64 + 7242239625148513200*2^128 + 153905600199*2^192,3608418609230264576 + 15699468362673283865*2^64 + 10987465096715935404*2^128 + 237404856839*2^192,7429446273581444864 + 16113845723558459057*2^64 + 371134949916849044*2^128 + 145707817973*2^192,18142549742119510016 + 935154434830049899*2^64 + 11539728723415281078*2^128 + 149976068443*2^192,18066314446782975488 + 26387338862651099*2^64 + 16547227218711587721*2^128 + 120493187178*2^192,15402161231571005440 + 8984173923291261050*2^64 + 2629246394165524845*2^128 + 37707094389*2^192,15201892031952179712 + 8468477140743945809*2^64 + 8734706495166391897*2^128 + 112609208843*2^192,3748859000362832896 + 13582976390478005782*2^64 + 4966800905621465035*2^128 + 238814242564*2^192,13595722664806950912 + 17570487682899019296*2^64 + 17997528785470909996*2^128 + 212443103131*2^192,4608071993928722432 + 11043929218126396203*2^64 + 9986704729368315851*2^128 + 183851340622*2^192,7694883052688367616 + 18017697686061839542*2^64 + 16120615462822583694*2^128 + 224907658511*2^192,12760749854098848768 + 14185522880602566402*2^64 + 14259749040699818325*2^128 + 155562762878*2^192,1886568498796863488 + 5858916295760729807*2^64 + 6247999389220558511*2^128 + 106680566603*2^192,3073792854355320832 + 7974187570546242504*2^64 + 9543964412529170968*2^128 + 53423090544*2^192,17208821919715614720 + 11989149522898233749*2^64 + 6412977769102918412*2^128 + 251032773270*2^192,15691704674076831744 + 11036597538094584952*2^64 + 8257128347077903029*2^128 + 165369309536*2^192,15979423303174545408 + 10321159020798487193*2^64 + 4062972999589856822*2^128 + 260069806869*2^192,12179697116742553600 + 3268548743180354956*2^64 + 244147996294535076*2^128 + 99643700257*2^192,11929281756553306112 + 2552564624073216047*2^64 + 8457656628755847613*2^128 + 102692930596*2^192;\
17603195749753047824 + 16997398906354052829*2^64 + 3995156434178405401*2^128 + 17502739877*2^192,4604454288898563200 + 102465579906633867*2^64 + 16166359049958983478*2^128 + 24079818591*2^192,586991133013586824 + 7741147602849818996*2^64 + 4484840317078376852*2^128 + 167269472305*2^192,2172486776112970352 + 6752137982564073218*2^64 + 12668265737529662005*2^128 + 141794854659*2^192,11364081582159482752 + 11092494176100461180*2^64 + 16205614974348128567*2^128 + 241600215733*2^192,1324093231557345376 + 11747379096303618319*2^64 + 10939684719289696884*2^128 + 144427455992*2^192,11910409343095694656 + 7578355931815765430*2^64 + 13245808040005743245*2^128 + 133167698717*2^192,18199136470719659008 + 15975743356650802391*2^64 + 4966933695767750990*2^128 + 234311590741*2^192,16129232558036847168 + 2602440785698355904*2^64 + 10094983130608408905*2^128 + 7681878086*2^192,7532585039482055520 + 16038897385115455065*2^64 + 13935708269799624697*2^128 + 32588212349*2^192,8562025509843485376 + 8547318924106972076*2^64 + 4913980561835782700*2^128 + 263280795068*2^192,14108462326340140672 + 14306953287082715833*2^64 + 13321720574354378426*2^128 + 231661864070*2^192,8673784084082126208 + 8554249192424713228*2^64 + 14918972507445072083*2^128 + 67459044535*2^192,16428211610217969664 + 16430387716408292181*2^64 + 13276883929633313252*2^128 + 97435479518*2^192,167244178049050752 + 11319237834509684109*2^64 + 9343652813812747123*2^128 + 129831470714*2^192,13967445217443820608 + 12974258583081136321*2^64 + 15391066028663376442*2^128 + 271619670695*2^192,6322085110052242688 + 2777885190020687880*2^64 + 16583975789731036277*2^128 + 273088602662*2^192,2817537122084317440 + 3613647335087504356*2^64 + 2657587751707467954*2^128 + 79403347018*2^192,7149294958800397184 + 11871976777039224766*2^64 + 14895071100113110818*2^128 + 152249545194*2^192,4484135107485368960 + 9849506734408051292*2^64 + 8852283727021350670*2^128 + 133586902353*2^192;\
13406353388090509690 + 6221741713824619450*2^64 + 13907996317890470308*2^128 + 84110483264*2^192,12803196003283237712 + 8341128296987219920*2^64 + 9209363290359538167*2^128 + 107204308653*2^192,13255212289179431221 + 9989781117786365479*2^64 + 291737086252087685*2^128 + 36758203341*2^192,9630084019765066398 + 7446718196263762791*2^64 + 17475217119182923107*2^128 + 243399028553*2^192,8001326912596456496 + 18352641299999905271*2^64 + 16273693793531463810*2^128 + 189053483514*2^192,6534928013598656476 + 7793272890698966540*2^64 + 1786913347875208320*2^128 + 116679641001*2^192,7405525124745745736 + 9816258984447174092*2^64 + 2091801770890303369*2^128 + 13212523058*2^192,9012857548758711168 + 6134953235001943376*2^64 + 7008675577631294705*2^128 + 207604899115*2^192,16163092365852004584 + 11834877505914958195*2^64 + 5786578123530024158*2^128 + 40181835721*2^192,13345476871225387388 + 3579592205188616828*2^64 + 14262267215141261158*2^128 + 246378467340*2^192,7446721781523136248 + 17558855307932564929*2^64 + 4917680112001696366*2^128 + 10697152506*2^192,8151507420736912016 + 3334879423178233909*2^64 + 17006601071605493389*2^128 + 159066099546*2^192,15512269299556680304 + 4681292777500430394*2^64 + 10279508711561334466*2^128 + 104571839631*2^192,15637726038289747584 + 1039735202920415882*2^64 + 5146157931923879548*2^128 + 235890205563*2^192,14240277767669274576 + 13583558303263125681*2^64 + 17018210093644620168*2^128 + 189660708947*2^192,6398466960048547304 + 9162376619643192892*2^64 + 875450690457410803*2^128 + 188712026373*2^192,15895840593082907040 + 4783330890379877933*2^64 + 13138509403682141110*2^128 + 197403388544*2^192,9387198542719625120 + 17636613661388787617*2^64 + 17532402900804575846*2^128 + 257818654276*2^192,14710265757188758064 + 12915267986589324647*2^64 + 5551424757505597448*2^128 + 253421729538*2^192,502740953643382032 + 16409126594796728722*2^64 + 2067078163533761031*2^128 + 202982003887*2^192;\
9614824168936936448 + 11570271112618120986*2^64 + 12478727542532714376*2^128 + 213586289741*2^192,14059839802324963328 + 4426360985313577901*2^64 + 9645399292814539718*2^128 + 175509423385*2^192,5783463393510028288 + 11350272397704115628*2^64 + 13492797141024605547*2^128 + 105773006129*2^192,11683624406641155072 + 8227257493568488125*2^64 + 4868096018154195911*2^128 + 208966507119*2^192,15963920751491059712 + 3304596318918606083*2^64 + 4411370474474219514*2^128 + 165109860937*2^192,6733864055342008832 + 2860929443433274599*2^64 + 11853551816232407543*2^128 + 246686095879*2^192,6074765112655310848 + 5114344402013504392*2^64 + 276301537441366118*2^128 + 257216840885*2^192,6230981167861060096 + 13089570257787682933*2^64 + 10192716193628403393*2^128 + 180235879315*2^192,4139001357123235840 + 16992937322976409951*2^64 + 6271756431061787210*2^128 + 65934865513*2^192,18341117599677094912 + 9146675002079704905*2^64 + 8514667556154171771*2^128 + 273878925062*2^192,18071999543324180480 + 1852029477366656596*2^64 + 12656316128954027316*2^128 + 271892636380*2^192,1987746871255097344 + 16024355872129265339*2^64 + 488259732753469606*2^128 + 256051893278*2^192,14254772753193735680 + 13201133209020617323*2^64 + 15829388717350557332*2^128 + 172345268750*2^192,817444967576948736 + 1706624928721829285*2^64 + 7051470984521726098*2^128 + 186787986216*2^192,715739678046593024 + 2734496129155205702*2^64 + 18202642607935780030*2^128 + 177677374212*2^192,6781628022389440512 + 10910292936489567574*2^64 + 987634484462112308*2^128 + 154303167102*2^192,8118753414752735232 + 5352102173854124442*2^64 + 8535050520346354040*2^128 + 22698750972*2^192,14499377252910026752 + 10814126489853053599*2^64 + 2557259384756486448*2^128 + 16097338289*2^192,6793176055985733632 + 17465062827326568442*2^64 + 11152807584172088889*2^128 + 17023110877*2^192,630039639040843776 + 15054764338190680420*2^64 + 17913998453535788168*2^128 + 103346959990*2^192;\
9617473318509185312 + 14610797064245106442*2^64 + 3492186350858926072*2^128 + 52738931012*2^192,12234738472070325632 + 4634182026627672209*2^64 + 16792143084830590797*2^128 + 38136942333*2^192,18405577259011057344 + 15244889124019298393*2^64 + 17807713556424567561*2^128 + 148988477736*2^192,14308662519045834864 + 16654903200806497461*2^64 + 11846345019561224671*2^128 + 168232942134*2^192,9480541124409020416 + 13037726761872882650*2^64 + 2327974001308264765*2^128 + 77415026207*2^192,8997063588718866880 + 2691219930574118415*2^64 + 3425424245627511497*2^128 + 228483003007*2^192,13115452483548375424 + 231413527065833629*2^64 + 6835169241130758785*2^128 + 193950014169*2^192,11130613620126273152 + 2001937765368637163*2^64 + 17742536905499459566*2^128 + 218867714165*2^192,8256306953107287040 + 12791090941876056707*2^64 + 15497347821286324000*2^128 + 238669475263*2^192,16833239623769600960 + 15519104620241617904*2^64 + 13049360501987312460*2^128 + 97352346769*2^192,17358709845753935744 + 15954698341739294223*2^64 + 10323362465144687799*2^128 + 255152482020*2^192,17850633584681591552 + 17723292848866555022*2^64 + 9482739585647446155*2^128 + 9093215337*2^192,10969495797075026688 + 4949662108901866318*2^64 + 12767552307271733577*2^128 + 146264375700*2^192,98534564377894912 + 18069144498858746337*2^64 + 6524800143200108225*2^128 + 71653181344*2^192,4594541914010106112 + 7610889621780284412*2^64 + 15487934594139402125*2^128 + 192091592671*2^192,4852668192351232128 + 5811718582317465164*2^64 + 13824499783210252517*2^128 + 128878259353*2^192,10400231087564830464 + 5145237341351315459*2^64 + 471942220282419786*2^128 + 201388619912*2^192,15066272747710348288 + 3094303864222077778*2^64 + 13712149752804799045*2^128 + 152052383717*2^192,10947790452635373056 + 9790648236122769790*2^64 + 16955859037973448541*2^128 + 197882123284*2^192,14637256753078131456 + 281048184744776615*2^64 + 16065609494001287567*2^128 + 246191774698*2^192;\
14965336411102545284 + 13981486718441810272*2^64 + 14149294373057463885*2^128 + 17578003437*2^192,2280457030226370016 + 15537997639727114092*2^64 + 15608821749521451340*2^128 + 243381242839*2^192,834082703890164890 + 1190070064498190929*2^64 + 10085171862019469423*2^128 + 189830615349*2^192,11141834544007015940 + 4821848727676319044*2^64 + 7680023143629327199*2^128 + 66765895695*2^192,13732333770396568928 + 12232373846962308964*2^64 + 7993567657923011909*2^128 + 109054078084*2^192,13186835517268548504 + 17685041496984417942*2^64 + 16848790937240735046*2^128 + 157964050317*2^192,11217629950332302416 + 4006885206157762913*2^64 + 13506335629863526919*2^128 + 42184602969*2^192,14870711048674591424 + 14648036289921309333*2^64 + 17202509070475707072*2^128 + 54824854635*2^192,1036220133008168784 + 10073482445367415279*2^64 + 5470976534542881168*2^128 + 71181955579*2^192,3851821906105267672 + 5573671138352271174*2^64 + 15479326189941312788*2^128 + 28296605831*2^192,8381183134139837232 + 11456508617183332201*2^64 + 16420917021120692421*2^128 + 164115539685*2^192,16051701049706078368 + 5178127097634599864*2^64 + 3658455595559610039*2^128 + 7703418435*2^192,1378354040364834912 + 2772404098698066079*2^64 + 5483491929290921210*2^128 + 161780432426*2^192,7561136883001085440 + 11070893753418293048*2^64 + 13100381912554762133*2^128 + 13865472395*2^192,11522070560921471520 + 6959430000868400007*2^64 + 10245026134566283648*2^128 + 91609590603*2^192,8931801792843517712 + 4659073793152507438*2^64 + 16172736184690509017*2^128 + 21577969573*2^192,6049454363812436160 + 6715063937390506878*2^64 + 10684164533411301065*2^128 + 274256002505*2^192,14017582902387752768 + 1951743601557802637*2^64 + 10385446332166813598*2^128 + 265822967683*2^192,5388217479569493088 + 18296856041599159976*2^64 + 2885213711763408775*2^128 + 126383559621*2^192,4013716195576820128 + 535198674713969783*2^64 + 4454736515984619507*2^128 + 135750600153*2^192;\
1581658616717054888 + 1724315593466767940*2^64 + 13063665412012102449*2^128 + 108157745861*2^192,13130769311535745472 + 17135537641508495589*2^64 + 1767104649397456539*2^128 + 14585564191*2^192,13019783291143759844 + 9827984700970170415*2^64 + 9100104672338942220*2^128 + 159770489578*2^192,17087185083192665608 + 11202231751790283073*2^64 + 17872334554525171589*2^128 + 247058520339*2^192,15106770809187334080 + 11376265751893151169*2^64 + 17805032163936352616*2^128 + 176119211022*2^192,6057485065199382768 + 4919478412907310911*2^64 + 11103456305643866000*2^128 + 253802020412*2^192,7484343911452448544 + 5167473705134336019*2^64 + 13374665960238909346*2^128 + 188536932702*2^192,2663621488146374272 + 15660057910477766841*2^64 + 11674031784259681791*2^128 + 158937632472*2^192,7843744844894726176 + 513631082252329635*2^64 + 4268539279022030784*2^128 + 194304490174*2^192,987693949925399408 + 11156451569438146222*2^64 + 209734840721449451*2^128 + 16528926271*2^192,15574015670822227936 + 5925606826870353523*2^64 + 6862829177483110604*2^128 + 104888776754*2^192,16303948510899527232 + 1438484380615205697*2^64 + 5074206472401276893*2^128 + 20681062403*2^192,5566395704161847232 + 1755219347731497160*2^64 + 3642034055807007131*2^128 + 15919411520*2^192,6539889708148570112 + 5421352678500761729*2^64 + 4543983565172120732*2^128 + 141715689790*2^192,5274651019552432448 + 15682096121327306686*2^64 + 14590608990848052769*2^128 + 100074185655*2^192,4305234915527568544 + 17725689407632059831*2^64 + 17014139019211738487*2^128 + 141220073941*2^192,6633365707858132352 + 39534707454681061*2^64 + 1863321390651408715*2^128 + 116248735141*2^192,5495140138596577408 + 5268146170362621481*2^64 + 7345551158496607016*2^128 + 188918839107*2^192,17755121460158216640 + 3584658094205155317*2^64 + 13770508274565963287*2^128 + 96123589071*2^192,4539712647137089600 + 8519903478001672729*2^64 + 14588665326663231236*2^128 + 4340594665*2^192;\
16732556460692263496 + 3657525653969610201*2^64 + 16207190972882286758*2^128 + 61256211169*2^192,12565370519479559488 + 6216408664636679985*2^64 + 837840657597269268*2^128 + 198166908600*2^192,15699210669751308196 + 16913553535981290252*2^64 + 11829955171045974798*2^128 + 45614074944*2^192,11526858100760254072 + 10922977315806233603*2^64 + 13346502479497921337*2^128 + 145724686966*2^192,13353579095272461248 + 11580720025394932707*2^64 + 692255139090458751*2^128 + 105737550091*2^192,15376504276417915312 + 1296150516252888641*2^64 + 17156925777005672386*2^128 + 66101058945*2^192,5887604032966837408 + 5527025446539276031*2^64 + 16925240686574208394*2^128 + 21212889833*2^192,8704295267204638976 + 14641039083539270170*2^64 + 17378825669928182809*2^128 + 1409424418*2^192,17827422808332522016 + 10333080376360251132*2^64 + 12595471517160166272*2^128 + 11121941107*2^192,5019181760943325232 + 15189151745586289625*2^64 + 518675513615700231*2^128 + 55751274164*2^192,8433665384569993824 + 12439634623244502375*2^64 + 16281325088085910502*2^128 + 196801348579*2^192,13630239608095743296 + 9389922527882420514*2^64 + 4787198153973265498*2^128 + 183758476193*2^192,13210321868362028736 + 10164818640418137464*2^64 + 3282967806074372922*2^128 + 166456046942*2^192,10679971741133935104 + 8169670170471979437*2^64 + 4575910688129104045*2^128 + 176597797409*2^192,18126499954904734272 + 1775353234875263776*2^64 + 525954730248028496*2^128 + 179456417738*2^192,12383254650838530336 + 14157758868562772722*2^64 + 1493913198621594558*2^128 + 211687562592*2^192,15124629680711450240 + 196641886647628010*2^64 + 1397936959046672991*2^128 + 193922696258*2^192,17587142065368496256 + 16967389529582138054*2^64 + 12667953285333792870*2^128 + 263441112661*2^192,82410863861786560 + 3098313529269785573*2^64 + 15892877160011360734*2^128 + 190425121148*2^192,9018142537759756096 + 7083184750476718540*2^64 + 6879258547945271446*2^128 + 150116688007*2^192;\
11092142833737185296 + 747277893374591278*2^64 + 1623162638981632452*2^128 + 151425678538*2^192,8113196681807068544 + 17007019412723241857*2^64 + 8426452912824341100*2^128 + 175290865031*2^192,1246094824909073192 + 15404631201634559357*2^64 + 16576535351796333556*2^128 + 155252037149*2^192,2247519792744645200 + 18004217875049804909*2^64 + 6662112384876929896*2^128 + 89061729711*2^192,218440949852819840 + 3329589610470965313*2^64 + 9410853519097898345*2^128 + 44613574028*2^192,8600793138833558112 + 1251266183730816455*2^64 + 12926402711256174612*2^128 + 106040481601*2^192,3454802179871248704 + 17604446237049615246*2^64 + 2166081150078404823*2^128 + 44003910371*2^192,11190153583210080512 + 6131171012182171828*2^64 + 6179300475409302452*2^128 + 41508547605*2^192,4421155247189617472 + 4641654332861041252*2^64 + 2210517583788269082*2^128 + 8392357536*2^192,7035689467267454816 + 4360023838083413146*2^64 + 6706766346048879312*2^128 + 120322461680*2^192,262971584049119424 + 3596104495606936445*2^64 + 6205532941489883183*2^128 + 54517051766*2^192,1788373082438544000 + 2660859370244107191*2^64 + 4036828060584718690*2^128 + 175386419275*2^192,17571658693438863744 + 6395086289199325868*2^64 + 2684996432419113759*2^128 + 66039177713*2^192,5140228649459419136 + 10796413076221116073*2^64 + 895050740892762968*2^128 + 133434356282*2^192,4577185844319627392 + 10980913326699549931*2^64 + 7712836244770403250*2^128 + 228451053824*2^192,4730800518779214912 + 8849033958047803512*2^64 + 16664702276694406128*2^128 + 169324820882*2^192,11455475888095525632 + 10810957422413054160*2^64 + 3452305039322163587*2^128 + 88239257153*2^192,11390121309102537984 + 1804820590625320735*2^64 + 1337208720825215855*2^128 + 268284455485*2^192,3241644595990503808 + 10254975228533921369*2^64 + 16709164954761135690*2^128 + 140476324873*2^192,13228118516200541824 + 4382778375087851585*2^64 + 15532363877434268626*2^128 + 119924366640*2^192;\
4775313516300000248 + 15308669891890911210*2^64 + 3814198189028206719*2^128 + 254072435974*2^192,9197362801466199232 + 10432351216166555181*2^64 + 3290310526530713373*2^128 + 72347577031*2^192,9279814160895211132 + 17502924127029899403*2^64 + 14309142045055352695*2^128 + 146462261769*2^192,12085435004655338824 + 2036474295970416911*2^64 + 5090307239524694771*2^128 + 24733768913*2^192,1177734248696681024 + 7199109558845660372*2^64 + 13255303451160232563*2^128 + 244239552318*2^192,3197243674214208464 + 608203417373427446*2^64 + 4182663603640479708*2^128 + 227101552295*2^192,13389575191491422304 + 12037763455404205529*2^64 + 16765756020738355589*2^128 + 132973216135*2^192,3615197242864582400 + 9103862674836746730*2^64 + 7060788130718614922*2^128 + 173187708872*2^192,13716600541618513632 + 3749583153936713081*2^64 + 10008864572410405928*2^128 + 47054698546*2^192,15372200911237125456 + 4506178924457211565*2^64 + 11310452768399776625*2^128 + 49521823562*2^192,93844492477073568 + 5103354946829662473*2^64 + 7843146006578916789*2^128 + 216635051135*2^192,10716572841056591040 + 13522606195663899589*2^64 + 10090876171608526139*2^128 + 24241259874*2^192,5358665899992637248 + 9785897510108379708*2^64 + 9120019122071075626*2^128 + 65633894597*2^192,16326832241975301632 + 4474780135410914887*2^64 + 18000483164207409749*2^128 + 179536582020*2^192,5958990862692136896 + 502550605490450640*2^64 + 17318100782386063097*2^128 + 57789799047*2^192,5674154513402363872 + 10466314860661620317*2^64 + 14512804431325141409*2^128 + 205839332192*2^192,6214378867526162816 + 12591542769589768591*2^64 + 773090462618668353*2^128 + 264798658914*2^192,2309461542950202240 + 11929607113065203917*2^64 + 15475004266370936293*2^128 + 256420742358*2^192,15791298251575912000 + 2587906852545960355*2^64 + 3820264121105621295*2^128 + 172879371625*2^192,9242015261689842368 + 15564387444100988230*2^64 + 9466586958647293194*2^128 + 202334697556*2^192;\
768925365596700670 + 17610430867830968511*2^64 + 10797833771494506252*2^128 + 165925990468*2^192,13649296023840455664 + 11209838378208177205*2^64 + 11386233870936259852*2^128 + 147511186696*2^192,15269089607690392311 + 11679764789694105262*2^64 + 155682088534491584*2^128 + 180870208868*2^192,5306514811639427514 + 7318253769296673363*2^64 + 7097180070930292047*2^128 + 257293067740*2^192,7060633678954603280 + 12807350568781227188*2^64 + 9666000187384333206*2^128 + 56034085339*2^192,4062173748722443764 + 4970437613591508879*2^64 + 101797400813355395*2^128 + 116573330852*2^192,4291767018776520216 + 1611495571411673113*2^64 + 1499784574527039285*2^128 + 274671532519*2^192,14181827537354054144 + 10627689603097823713*2^64 + 6457229192418508910*2^128 + 84086263427*2^192,14278577967616330616 + 12247748431523378644*2^64 + 12204549338432310210*2^128 + 200945803161*2^192,13154199874512394196 + 6344483245462854399*2^64 + 11000332189016178799*2^128 + 115909926759*2^192,5834696985848237736 + 10943032832338416473*2^64 + 6554495336298331663*2^128 + 232135367902*2^192,7949373196021125168 + 1258774719233332210*2^64 + 16572844755113252020*2^128 + 68964971967*2^192,8338117775667810512 + 303209455483080515*2^64 + 7653311836926177961*2^128 + 82256487484*2^192,6721377218812666240 + 8611110124497784883*2^64 + 6772735957422876707*2^128 + 175862022551*2^192,6928708149155327984 + 11982644177200133106*2^64 + 2378782052348480166*2^128 + 123347050983*2^192,413569920449865208 + 16907177067586369143*2^64 + 10138636809503990486*2^128 + 71850094601*2^192,16809983176951954144 + 1594929700724303897*2^64 + 18073860557899495875*2^128 + 49699450596*2^192,3783236648470617568 + 16019412571426687245*2^64 + 2479488051648299000*2^128 + 181606974052*2^192,11650895074742045456 + 5960296737993514264*2^64 + 3218491295585530506*2^128 + 158012499409*2^192,4001789002303816624 + 9281587823937574080*2^64 + 13090350227106374780*2^128 + 228943970556*2^192]
/* 
This matrix times 2^(-8) should be the matrix of frobenius.
*/ 
B = 2^(-8) * A; 
/* Freed 6320 lists. */
The sign is: -1
The characteristic polynomial is: x^20 + x^19 - x^18 - 11*x^17 - x^16 + 17*x^15 + 84*x^14 - 60*x^13 - 272*x^12 - 432*x^11 + 1728*x^9 + 4352*x^8 + 3840*x^7 - 21504*x^6 - 17408*x^5 + 4096*x^4 + 180224*x^3 + 65536*x^2 - 262144*x - 1048576
Its Newton polygon is: [2, 2, 2, 2, 2, 1, 1, 1, 1, 1, 1, 1, 1, 1, 1, 0, 0, 0, 0, 0]
Its factorization is: [x - 2, 1; x + 2, 1; x^18 + x^17 + 3*x^16 - 7*x^15 + 11*x^14 - 11*x^13 + 128*x^12 - 104*x^11 + 240*x^10 - 848*x^9 + 960*x^8 - 1664*x^7 + 8192*x^6 - 2816*x^5 + 11264*x^4 - 28672*x^3 + 49152*x^2 + 65536*x + 262144, 1]
The valuation of f-g is: 21
The valuation of subst(g,x,A) is: 12
