/* Comments begin... 
No set up needed.

Please input coefficients below.
Coefficient of   x^23                     = Coefficient of   x^12 * w^2               = Coefficient of   x^6 * y^6 * w^1         = Coefficient of   x^5 * y^5 * z^1 * w^1   = Coefficient of   x^4 * y^4 * z^2 * w^1   = Coefficient of   x^3 * y^3 * z^3 * w^1   = Coefficient of   x^2 * y^2 * z^4 * w^1   = Coefficient of   x^1 * y^1 * z^5 * w^1   = Coefficient of   x^1 * w^4               = Coefficient of   y^12                     = Coefficient of   z^6 * w^1               = 
Here is the polynomial we're using this time:

1 + 0*2^64 + 0*2^128 + 0*2^192*x^23 + 1 + 0*2^64 + 0*2^128 + 0*2^192*x^12*w^2 + 1 + 0*2^64 + 0*2^128 + 0*2^192*x^5*y^5*z^1*w^1 + 1 + 0*2^64 + 0*2^128 + 0*2^192*x^4*y^4*z^2*w^1 + 1 + 0*2^64 + 0*2^128 + 0*2^192*x^2*y^2*z^4*w^1 + 1 + 0*2^64 + 0*2^128 + 0*2^192*x^1*w^4 + 1 + 0*2^64 + 0*2^128 + 0*2^192*y^12 + 1 + 0*2^64 + 0*2^128 + 0*2^192*z^6*w^1


Allocate G_len 20 elements and old = 0.
Allocate M_len = 400 elements.
Allocate G_len 40 elements and old = 20.
Allocate M_len = 800 elements.
Allocate G_len 80 elements and old = 40.
Allocate M_len = 1600 elements.
Allocate M_len = 3200 elements.
Allocate G_len 160 elements and old = 80.
Allocate M_len = 6400 elements.
Allocate M_len = 12800 elements.
Allocate G_len 320 elements and old = 160.
Allocate M_len = 25600 elements.
Allocate M_len = 51200 elements.
Allocate G_len 640 elements and old = 320.
Allocate M_len = 102400 elements.
Allocate M_len = 204800 elements.
Allocate G_len 1280 elements and old = 640.
Allocate M_len = 409600 elements.
Allocate M_len = 819200 elements.
Allocate G_len 2560 elements and old = 1280.
The final length of G is 835
[5, 5, 0, 1, 0]  	241	4 
[5, 4, 1, 1, 0]  	253	4 
[22, 0, 0, 0, 0]  	264	6  <--- 1
[12, 0, 0, 2, 0]  	276	3 
[4, 4, 2, 1, 0]  	276	4 
[3, 3, 4, 1, 0]  	311	6 
[3, 2, 5, 1, 0]  	323	6 
[15, 5, 1, 0, 0]  	330	9 
[11, 2, 4, 1, 0]  	384	16 
[8, 11, 1, 0, 0]  	384	13 
[10, 10, 1, 0, 0]  	385	9 
[5, 13, 1, 0, 0]  	394	8 
[7, 12, 1, 0, 0]  	395	12 
[11, 12, 0, 0, 0]  	408	3 
[9, 10, 2, 0, 0]  	408	15 
[8, 9, 3, 0, 0]  	408	15 
[21, 4, 2, 0, 0]  	414	13 
[8, 2, 4, 2, 0]  	414	9 
[6, 12, 2, 0, 0]  	418	11 
[20, 2, 4, 0, 0]  	426	12 
[7, 9, 4, 0, 0]  	431	14 
[20, 4, 3, 0, 0]  	437	16 
[5, 12, 3, 0, 0]  	441	10 
[7, 11, 3, 0, 0]  	442	13 
[7, 8, 5, 0, 0]  	443	14 
[6, 7, 6, 0, 0]  	443	14 
[14, 9, 2, 0, 0]  	445	18 
[20, 0, 6, 0, 0]  	450	10 
[5, 17, 0, 0, 0]  	451	6 
[4, 16, 1, 0, 0]  	451	6 
[2, 2, 9, 1, 0]  	451	6 
[4, 1, 9, 1, 0]  	452	8 
[9, 0, 8, 1, 0]  	454	13 
[6, 9, 5, 0, 0]  	454	13 
[6, 6, 7, 0, 0]  	455	12 
[4, 0, 8, 2, 0]  	460	7 
[10, 0, 6, 2, 0]  	462	11 
[4, 18, 0, 0, 0]  	462	10 
[4, 15, 2, 0, 0]  	463	7 
[5, 7, 7, 0, 0]  	466	13 
[11, 7, 5, 0, 0]  	468	18 
[19, 3, 5, 0, 0]  	472	14 
[3, 16, 2, 0, 0]  	474	10 
[4, 14, 3, 0, 0]  	475	8 
[3, 1, 10, 1, 0]  	475	7 
[5, 0, 10, 1, 0]  	476	10 
[8, 0, 9, 1, 0]  	477	12 
[5, 9, 6, 0, 0]  	477	12 
[5, 6, 8, 0, 0]  	478	13 
[4, 5, 9, 0, 0]  	478	13 
[13, 5, 6, 0, 0]  	481	13 
[18, 4, 5, 0, 0]  	483	16 
[17, 0, 8, 0, 0]  	484	11 
[2, 5, 8, 1, 0]  	485	8 
[2, 14, 4, 0, 0]  	486	7 
[2, 0, 0, 7, 0]  	486	6 
[3, 12, 5, 0, 0]  	487	8 
[5, 11, 5, 0, 0]  	488	11 
[4, 4, 10, 0, 0]  	490	13 
[8, 5, 8, 0, 0]  	491	16 
[11, 5, 7, 0, 0]  	492	14 
[18, 3, 6, 0, 0]  	495	14 
[3, 5, 10, 0, 0]  	501	12 
[8, 4, 9, 0, 0]  	503	16 
[17, 4, 6, 0, 0]  	506	17 
[4, 11, 6, 0, 0]  	511	10 
[17, 3, 7, 0, 0]  	518	16 
[3, 0, 10, 2, 0]  	518	7 
[4, 2, 1, 6, 0]  	525	12 
[6, 3, 11, 0, 0]  	526	13 
[4, 5, 1, 5, 0]  	528	10 
[3, 17, 1, 1, 0]  	528	6 
[4, 0, 12, 1, 0]  	534	9 
[3, 8, 9, 0, 0]  	535	11 
[3, 3, 1, 6, 0]  	536	11 
[4, 14, 1, 2, 0]  	537	13 
[3, 5, 0, 6, 0]  	547	10 
[3, 4, 12, 0, 0]  	548	11 
[3, 2, 2, 6, 0]  	548	11 
[5, 3, 12, 0, 0]  	549	12 
[16, 2, 9, 0, 0]  	553	14 
[2, 8, 10, 0, 0]  	558	10 
[2, 16, 1, 2, 0]  	559	12 
[3, 3, 13, 0, 0]  	560	11 
[2, 3, 4, 5, 0]  	563	8 
[2, 1, 11, 2, 0]  	564	7 
[16, 1, 10, 0, 0]  	565	15 
[3, 11, 8, 0, 0]  	569	8 
[2, 10, 9, 0, 0]  	569	8 
[2, 18, 0, 2, 0]  	570	10 
[2, 5, 1, 6, 0]  	570	9 
[4, 17, 0, 2, 0]  	571	10 
[2, 4, 13, 0, 0]  	571	9 
[2, 3, 8, 3, 0]  	571	10 
[15, 2, 10, 0, 0]  	576	14 
[16, 0, 11, 0, 0]  	577	14 
[4, 13, 1, 3, 0]  	580	9 
[2, 8, 5, 3, 0]  	581	9 
[2, 7, 0, 6, 0]  	581	8 
[2, 4, 2, 6, 0]  	582	9 
[1, 16, 4, 1, 0]  	586	8 
[1, 4, 10, 2, 0]  	586	7 
[14, 3, 10, 0, 0]  	587	11 
[3, 0, 14, 1, 0]  	592	7 
[2, 10, 4, 3, 0]  	592	8 
[2, 7, 6, 3, 0]  	593	8 
[1, 4, 14, 0, 0]  	594	8 
[2, 13, 4, 2, 0]  	595	10 
[2, 1, 10, 3, 0]  	595	10 
[1, 1, 1, 8, 0]  	598	6 
[14, 2, 11, 0, 0]  	599	13 
[15, 0, 12, 0, 0]  	600	13 
[2, 13, 8, 0, 0]  	603	6 
[2, 1, 14, 1, 0]  	603	6 
[2, 7, 12, 0, 0]  	605	8 
[1, 6, 13, 0, 0]  	605	6 
[1, 5, 8, 3, 0]  	605	6 
[2, 2, 4, 6, 0]  	606	8 
[2, 12, 5, 2, 0]  	607	10 
[1, 3, 0, 8, 0]  	609	6 
[1, 26, 0, 0, 0]  	610	8 
[1, 2, 12, 2, 0]  	610	7 
[14, 1, 12, 0, 0]  	611	13 
[2, 0, 15, 1, 0]  	615	6 
[1, 11, 10, 0, 0]  	615	6 
[1, 9, 0, 6, 0]  	615	5 
[1, 19, 1, 2, 0]  	616	5 
[1, 8, 12, 0, 0]  	616	5 
[1, 6, 2, 6, 0]  	616	5 
[1, 16, 3, 2, 0]  	617	5 
[1, 4, 9, 3, 0]  	617	6 
[1, 12, 0, 5, 0]  	618	7 
[2, 23, 0, 1, 0]  	619	9 
[10, 2, 13, 0, 0]  	621	9 
[14, 0, 13, 0, 0]  	623	12 
[1, 16, 7, 0, 0]  	625	6 
[1, 4, 13, 1, 0]  	625	6 
[1, 2, 3, 7, 0]  	625	6 
[1, 21, 0, 2, 0]  	627	4 
[1, 10, 11, 0, 0]  	627	4 
[1, 8, 1, 6, 0]  	627	4 
[0, 20, 1, 2, 0]  	627	4 
[1, 5, 3, 6, 0]  	628	4 
[0, 17, 3, 2, 0]  	628	4 
[1, 24, 0, 1, 0]  	630	8 
[1, 15, 6, 1, 0]  	633	6 
[13, 1, 13, 0, 0]  	634	12 
[1, 6, 12, 1, 0]  	636	6 
[1, 4, 2, 7, 0]  	636	6 
[1, 15, 8, 0, 0]  	637	5 
[1, 3, 14, 1, 0]  	637	5 
[1, 1, 4, 7, 0]  	637	5 
[2, 0, 10, 4, 0]  	638	6 
[1, 0, 16, 1, 0]  	638	5 
[0, 19, 2, 2, 0]  	639	3 
[0, 8, 13, 0, 0]  	639	3 
[1, 4, 4, 6, 0]  	640	3 
[0, 16, 4, 2, 0]  	640	4 
[0, 4, 10, 3, 0]  	640	3 
[1, 3, 16, 0, 0]  	641	7 
[1, 0, 1, 9, 0]  	641	5 
[0, 25, 0, 1, 0]  	641	5 
[2, 11, 1, 5, 0]  	642	9 
[2, 0, 12, 3, 0]  	642	7 
[3, 9, 2, 5, 0]  	643	7 
[2, 21, 2, 1, 0]  	643	6 
[1, 0, 3, 8, 0]  	645	6 
[13, 0, 14, 0, 0]  	646	11 
[3, 25, 1, 0, 0]  	646	9 
[2, 0, 14, 2, 0]  	646	7 
[1, 20, 5, 0, 0]  	647	7 
[1, 8, 11, 1, 0]  	647	6 
[1, 6, 1, 7, 0]  	647	6 
[1, 4, 8, 4, 0]  	648	5 
[0, 16, 8, 0, 0]  	648	5 
[1, 14, 9, 0, 0]  	649	6 
[1, 2, 15, 1, 0]  	649	6 
[1, 0, 5, 7, 0]  	649	6 
[0, 7, 14, 0, 0]  	651	2 
[0, 6, 9, 3, 0]  	651	2 
[1, 2, 0, 9, 0]  	652	3 
[0, 14, 0, 5, 0]  	652	3 
[1, 2, 17, 0, 0]  	653	6 
[1, 1, 12, 3, 0]  	653	5 
[2, 10, 2, 5, 0]  	654	7 
[1, 22, 2, 1, 0]  	654	5 
[3, 8, 3, 5, 0]  	655	7 
[2, 20, 3, 1, 0]  	655	6 
[12, 1, 14, 0, 0]  	657	10 
[1, 22, 4, 0, 0]  	658	6 
[1, 10, 10, 1, 0]  	658	6 
[1, 8, 0, 7, 0]  	658	6 
[1, 19, 6, 0, 0]  	659	6 
[0, 15, 9, 0, 0]  	660	6 
[0, 23, 0, 2, 0]  	661	5 
[0, 6, 15, 0, 0]  	663	1 
[0, 4, 5, 6, 0]  	663	1 
[0, 3, 0, 9, 0]  	663	1 
[1, 2, 6, 6, 0]  	664	3 
[0, 13, 1, 5, 0]  	664	4 
[0, 3, 17, 0, 0]  	664	4 
[3, 1, 6, 6, 0]  	665	7 
[1, 11, 2, 5, 0]  	665	6 
[1, 0, 13, 3, 0]  	665	5 
[4, 1, 17, 0, 0]  	666	5 
[2, 9, 3, 5, 0]  	666	5 
[1, 21, 3, 1, 0]  	666	4 
[1, 9, 9, 2, 0]  	666	4 
[12, 0, 15, 0, 0]  	669	9 
[3, 1, 8, 5, 0]  	669	7 
[2, 0, 9, 5, 0]  	669	7 
[2, 6, 7, 4, 0]  	671	6 
[1, 2, 10, 4, 0]  	672	6 
[1, 0, 0, 10, 0]  	672	6 
[0, 14, 10, 0, 0]  	672	6 
[0, 5, 16, 0, 0]  	675	1 
[0, 3, 6, 6, 0]  	675	1 
[0, 2, 1, 9, 0]  	675	1 
[1, 14, 6, 2, 0]  	676	3 
[0, 12, 2, 5, 0]  	676	3 
[0, 2, 18, 0, 0]  	676	3 
[2, 1, 18, 0, 0]  	677	6 
[1, 11, 8, 2, 0]  	677	5 
[6, 2, 16, 0, 0]  	678	6 
[1, 7, 5, 5, 0]  	678	5 
[0, 19, 5, 1, 0]  	678	5 
[8, 1, 16, 0, 0]  	679	6 
[7, 0, 17, 0, 0]  	679	7 
[1, 4, 7, 5, 0]  	679	5 
[0, 16, 7, 1, 0]  	679	5 
[0, 19, 7, 0, 0]  	682	5 
[0, 4, 15, 1, 0]  	683	3 
[0, 15, 6, 2, 0]  	687	1 
[0, 3, 12, 3, 0]  	687	1 
[0, 2, 7, 6, 0]  	687	1 
[0, 1, 2, 9, 0]  	687	1 
[0, 24, 2, 1, 0]  	688	3 
[0, 11, 3, 5, 0]  	688	3 
[1, 9, 4, 5, 0]  	689	3 
[0, 21, 4, 1, 0]  	689	3 
[0, 9, 10, 2, 0]  	689	3 
[0, 30, 0, 0, 0]  	690	5  <--- 2
[0, 18, 6, 1, 0]  	690	5 
[0, 15, 8, 1, 0]  	691	5 
[11, 0, 16, 0, 0]  	692	8 
[0, 6, 14, 1, 0]  	694	3 
[0, 13, 0, 6, 0]  	695	3 
[0, 3, 16, 1, 0]  	695	3 
[0, 12, 12, 0, 0]  	696	4 
[0, 14, 7, 2, 0]  	699	1 
[0, 2, 13, 3, 0]  	699	1 
[0, 1, 8, 6, 0]  	699	1 
[0, 0, 3, 9, 0]  	699	1 
[2, 0, 8, 6, 0]  	700	3 
[1, 1, 19, 0, 0]  	700	3 
[0, 23, 3, 1, 0]  	700	3 
[0, 11, 9, 2, 0]  	700	3 
[0, 8, 11, 2, 0]  	701	3 
[1, 2, 9, 5, 0]  	703	6 
[0, 12, 1, 6, 0]  	707	3 
[0, 2, 17, 1, 0]  	707	3 
[0, 13, 8, 2, 0]  	711	1 
[0, 1, 14, 3, 0]  	711	1 
[0, 0, 9, 6, 0]  	711	1 
[0, 9, 5, 5, 0]  	712	2 
[0, 7, 12, 2, 0]  	713	3 
[0, 2, 6, 7, 0]  	718	2 
[0, 11, 2, 6, 0]  	719	3 
[0, 1, 20, 0, 0]  	723	1 
[0, 0, 15, 3, 0]  	723	1 
[0, 6, 13, 2, 0]  	725	3 
[0, 14, 6, 3, 0]  	730	3 
[0, 2, 12, 4, 0]  	730	3 
[0, 9, 0, 8, 0]  	735	1 
[0, 0, 21, 0, 0]  	735	1  <--- 3
[0, 19, 1, 4, 0]  	736	2 
[0, 7, 7, 5, 0]  	736	2 
[0, 29, 2, 0, 0]  	737	4 
[0, 5, 14, 2, 0]  	737	3 
[0, 26, 4, 0, 0]  	738	6 
[0, 1, 13, 4, 0]  	742	2 
[0, 21, 0, 4, 0]  	747	1 
[0, 8, 1, 8, 0]  	747	1 
[0, 28, 3, 0, 0]  	749	4 
[0, 1, 19, 1, 0]  	754	2 
[0, 7, 2, 8, 0]  	759	1 
[0, 5, 9, 5, 0]  	760	2 
[1, 0, 12, 5, 0]  	762	5 
[0, 6, 3, 8, 0]  	771	1 
[0, 5, 4, 8, 0]  	783	1 
[0, 0, 0, 12, 0]  	792	1  <--- 4
[12, 0, 0, 1, 1]  	210	6 
[2, 14, 0, 0, 1]  	346	6 
[8, 2, 4, 1, 1]  	348	9 
[11, 0, 0, 4, 1]  	396	6 
[11, 0, 6, 1, 1]  	408	15 
[10, 1, 4, 2, 1]  	415	8 
[4, 13, 2, 0, 1]  	417	7 
[10, 0, 5, 2, 1]  	427	10 
[5, 1, 8, 1, 1]  	429	9 
[10, 0, 7, 1, 1]  	431	14 
[8, 0, 6, 2, 1]  	438	8 
[4, 4, 1, 4, 1]  	439	9 
[3, 13, 3, 0, 1]  	440	7 
[7, 1, 6, 2, 1]  	449	8 
[6, 0, 7, 2, 1]  	449	8 
[4, 6, 0, 4, 1]  	450	10 
[6, 0, 9, 1, 1]  	453	11 
[13, 7, 4, 0, 1]  	457	15 
[19, 4, 4, 0, 1]  	460	15 
[5, 1, 7, 2, 1]  	460	7 
[3, 7, 0, 4, 1]  	461	9 
[12, 8, 4, 0, 1]  	468	18 
[3, 13, 2, 1, 1]  	471	6 
[3, 6, 1, 4, 1]  	473	9 
[3, 12, 3, 1, 1]  	483	7 
[12, 6, 6, 0, 1]  	492	16 
[2, 9, 0, 4, 1]  	495	6 
[3, 4, 3, 4, 1]  	497	9 
[3, 1, 9, 2, 1]  	506	6 
[2, 8, 1, 4, 1]  	507	6 
[2, 5, 3, 4, 1]  	508	7 
[2, 7, 2, 4, 1]  	519	6 
[2, 4, 4, 4, 1]  	520	8 
[4, 10, 7, 0, 1]  	523	10 
[3, 9, 8, 0, 1]  	523	10 
[3, 4, 0, 6, 1]  	524	11 
[2, 4, 8, 2, 1]  	528	6 
[7, 2, 4, 4, 1]  	534	13 
[9, 1, 4, 4, 1]  	535	11 
[2, 7, 10, 0, 1]  	535	10 
[1, 4, 5, 4, 1]  	543	6 
[2, 2, 6, 4, 1]  	544	8 
[9, 0, 5, 4, 1]  	547	12 
[2, 6, 11, 0, 1]  	547	10 
[1, 12, 0, 4, 1]  	552	6 
[1, 3, 6, 4, 1]  	555	6 
[7, 0, 6, 4, 1]  	558	11 
[2, 5, 12, 0, 1]  	559	11 
[1, 15, 4, 1, 1]  	563	6 
[15, 3, 9, 0, 1]  	564	16 
[1, 2, 7, 4, 1]  	567	6 
[5, 0, 7, 4, 1]  	569	9 
[1, 17, 3, 1, 1]  	574	7 
[1, 1, 8, 4, 1]  	579	6 
[4, 1, 7, 4, 1]  	580	9 
[2, 12, 8, 0, 1]  	580	7 
[2, 5, 7, 3, 1]  	582	8 
[15, 1, 11, 0, 1]  	588	14 
[1, 10, 10, 0, 1]  	592	7 
[1, 7, 12, 0, 1]  	593	7 
[2, 3, 3, 6, 1]  	594	7 
[1, 15, 3, 2, 1]  	594	8 
[1, 3, 11, 2, 1]  	598	7 
[2, 12, 3, 3, 1]  	603	7 
[2, 0, 9, 4, 1]  	603	6 
[1, 12, 9, 0, 1]  	603	6 
[1, 20, 0, 2, 1]  	604	6 
[1, 14, 4, 2, 1]  	606	8 
[1, 3, 15, 0, 1]  	606	8 
[9, 2, 13, 0, 1]  	609	9 
[1, 7, 7, 3, 1]  	616	5 
[13, 2, 12, 0, 1]  	622	10 
[1, 2, 5, 6, 1]  	629	7 
[1, 1, 0, 9, 1]  	629	6 
[0, 14, 5, 2, 1]  	629	6 
[3, 1, 5, 6, 1]  	630	9 
[1, 11, 1, 5, 1]  	630	7 
[2, 10, 7, 2, 1]  	631	7 
[6, 0, 16, 0, 1]  	632	8 
[1, 14, 3, 3, 1]  	637	6 
[0, 14, 9, 0, 1]  	637	5 
[2, 1, 17, 0, 1]  	642	7 
[6, 2, 15, 0, 1]  	643	9 
[5, 1, 16, 0, 1]  	643	8 
[1, 7, 4, 5, 1]  	643	5 
[9, 0, 4, 6, 1]  	644	8 
[0, 4, 16, 0, 1]  	652	3 
[0, 24, 1, 1, 1]  	653	5 
[7, 0, 5, 6, 1]  	655	6 
[0, 18, 7, 0, 1]  	659	5 
[1, 0, 11, 4, 1]  	661	5 
[1, 12, 7, 2, 1]  	665	5 
[0, 20, 4, 1, 1]  	666	4 
[0, 29, 0, 0, 1]  	667	6 
[0, 17, 6, 1, 1]  	667	5 
[10, 1, 15, 0, 1]  	668	8 
[1, 24, 3, 0, 1]  	669	7 
[1, 11, 4, 4, 1]  	669	6 
[1, 1, 7, 6, 1]  	676	3 
[1, 10, 3, 5, 1]  	677	4 
[0, 15, 4, 3, 1]  	683	4 
[0, 13, 11, 0, 1]  	684	5 
[1, 0, 8, 6, 1]  	688	3 
[0, 12, 8, 2, 1]  	688	3 
[1, 0, 10, 5, 1]  	692	6 
[0, 19, 0, 4, 1]  	701	3 
[0, 26, 3, 0, 1]  	703	6 
[4, 0, 19, 0, 1]  	713	4 
[0, 15, 3, 4, 1]  	714	4 
[2, 0, 20, 0, 1]  	724	3 
[0, 8, 6, 5, 1]  	724	2 
[0, 6, 8, 5, 1]  	748	2 
[0, 25, 5, 0, 1]  	750	6 
[4, 3, 3, 1, 2]  	288	6 
[10, 1, 4, 1, 2]  	349	11 
[10, 0, 5, 1, 2]  	361	12 
[10, 12, 0, 0, 2]  	396	14 
[11, 3, 2, 2, 2]  	403	8 
[10, 2, 3, 2, 2]  	403	6 
[8, 0, 7, 1, 2]  	407	13 
[7, 1, 7, 1, 2]  	418	11 
[8, 8, 4, 0, 2]  	420	12 
[7, 0, 8, 1, 2]  	430	12 
[9, 1, 5, 2, 2]  	438	10 
[4, 13, 1, 1, 2]  	448	6 
[17, 11, 0, 0, 2]  	457	18 
[3, 4, 2, 4, 2]  	462	8 
[2, 13, 4, 0, 2]  	463	6 
[11, 6, 6, 0, 2]  	480	17 
[1, 13, 5, 0, 2]  	486	6 
[4, 7, 8, 0, 2]  	489	12 
[2, 3, 4, 4, 2]  	497	8 
[4, 9, 7, 0, 2]  	500	11 
[2, 2, 5, 4, 2]  	509	9 
[3, 7, 9, 0, 2]  	512	11 
[4, 3, 0, 6, 2]  	513	13 
[3, 4, 11, 0, 2]  	513	12 
[6, 2, 0, 6, 2]  	514	15 
[10, 0, 0, 6, 2]  	516	9 
[1, 16, 4, 0, 2]  	520	7 
[1, 4, 10, 1, 2]  	520	7 
[9, 2, 3, 4, 2]  	523	12 
[9, 3, 10, 0, 2]  	527	13 
[8, 0, 1, 6, 2]  	527	10 
[2, 1, 10, 2, 2]  	529	6 
[1, 3, 11, 1, 2]  	532	7 
[3, 13, 0, 3, 2]  	533	6 
[7, 1, 1, 6, 2]  	538	13 
[16, 3, 8, 0, 2]  	541	15 
[2, 12, 5, 1, 2]  	541	7 
[2, 0, 11, 2, 2]  	541	6 
[1, 2, 12, 1, 2]  	544	7 
[2, 4, 3, 5, 2]  	551	8 
[15, 4, 8, 0, 2]  	552	13 
[2, 1, 7, 4, 2]  	556	8 
[3, 11, 2, 3, 2]  	557	8 
[2, 4, 7, 3, 2]  	559	10 
[5, 2, 13, 0, 2]  	561	12 
[1, 3, 10, 2, 2]  	563	6 
[6, 1, 6, 4, 2]  	569	10 
[2, 2, 3, 6, 2]  	571	9 
[1, 2, 11, 2, 2]  	575	6 
[2, 1, 4, 6, 2]  	583	9 
[7, 0, 3, 6, 2]  	585	9 
[1, 25, 0, 0, 2]  	587	6 
[1, 18, 1, 2, 2]  	593	7 
[2, 2, 15, 0, 2]  	595	9 
[7, 1, 14, 0, 2]  	597	8 
[1, 2, 6, 5, 2]  	598	7 
[1, 9, 11, 0, 2]  	604	6 
[1, 17, 2, 2, 2]  	605	6 
[1, 2, 10, 3, 2]  	606	7 
[4, 0, 16, 0, 2]  	608	12 
[1, 3, 4, 6, 2]  	617	6 
[1, 2, 16, 0, 2]  	618	7 
[3, 1, 16, 0, 2]  	619	10 
[6, 1, 15, 0, 2]  	620	10 
[0, 27, 0, 0, 2]  	621	6 
[1, 12, 6, 2, 2]  	630	7 
[5, 0, 5, 6, 2]  	631	10 
[3, 0, 17, 0, 2]  	631	9 
[0, 26, 1, 0, 2]  	633	6 
[1, 17, 1, 3, 2]  	636	6 
[0, 13, 6, 2, 2]  	641	5 
[1, 23, 1, 1, 2]  	642	7 
[1, 8, 9, 2, 2]  	643	5 
[0, 3, 11, 3, 2]  	652	3 
[0, 18, 5, 1, 2]  	655	5 
[0, 14, 4, 3, 2]  	660	5 
[0, 3, 15, 1, 2]  	660	4 
[0, 2, 12, 3, 2]  	664	3 
[1, 1, 18, 0, 2]  	665	5 
[0, 20, 6, 0, 2]  	670	5 
[0, 12, 0, 6, 2]  	672	4 
[0, 3, 10, 4, 2]  	683	3 
[4, 0, 7, 6, 2]  	689	3 
[2, 0, 19, 0, 2]  	689	3 
[1, 1, 15, 2, 2]  	692	6 
[0, 2, 11, 4, 2]  	695	3 
[1, 0, 20, 0, 2]  	712	2 
[0, 25, 4, 0, 2]  	715	6 
[0, 24, 5, 0, 2]  	727	5 
[0, 11, 8, 3, 2]  	731	3 
[11, 3, 2, 1, 3]  	337	8 
[10, 2, 3, 1, 3]  	337	11 
[9, 1, 5, 1, 3]  	372	12 
[10, 11, 0, 0, 3]  	373	12 
[10, 3, 2, 2, 3]  	391	10 
[8, 1, 5, 2, 3]  	426	9 
[4, 12, 4, 0, 3]  	464	9 
[6, 11, 4, 0, 3]  	465	12 
[3, 0, 9, 2, 3]  	483	6 
[2, 12, 0, 3, 3]  	498	6 
[16, 4, 7, 0, 3]  	529	16 
[4, 11, 1, 3, 3]  	534	9 
[4, 3, 12, 0, 3]  	537	12 
[1, 13, 1, 3, 3]  	544	7 
[3, 9, 3, 3, 3]  	546	9 
[1, 15, 0, 3, 3]  	555	7 
[8, 2, 12, 0, 3]  	562	12 
[2, 6, 6, 3, 3]  	570	9 
[3, 2, 14, 0, 3]  	572	11 
[3, 0, 8, 4, 3]  	580	8 
[1, 16, 2, 2, 3]  	582	8 
[2, 3, 14, 0, 3]  	583	9 
[4, 0, 4, 6, 3]  	584	11 
[6, 1, 14, 0, 3]  	585	11 
[1, 8, 6, 3, 3]  	604	6 
[5, 1, 15, 0, 3]  	608	11 
[0, 15, 4, 2, 3]  	617	5 
[2, 11, 6, 2, 3]  	619	8 
[1, 12, 4, 3, 3]  	626	6 
[0, 13, 0, 5, 3]  	629	5 
[1, 21, 2, 1, 3]  	631	6 
[1, 11, 7, 2, 3]  	642	6 
[1, 10, 8, 2, 3]  	654	5 
[0, 22, 5, 0, 3]  	681	5 
[0, 18, 1, 4, 3]  	713	3 
[0, 12, 7, 3, 3]  	719	3 
[0, 17, 2, 4, 3]  	725	3 
[10, 3, 2, 1, 4]  	325	10 
[8, 1, 5, 1, 4]  	360	12 
[8, 12, 0, 0, 4]  	372	11 
[7, 13, 0, 0, 4]  	383	9 
[7, 1, 6, 1, 4]  	383	11 
[2, 9, 5, 1, 4]  	472	7 
[3, 3, 3, 4, 4]  	474	9 
[2, 8, 6, 1, 4]  	484	7 
[2, 7, 7, 1, 4]  	496	7 
[11, 4, 8, 0, 4]  	504	15 
[9, 3, 2, 4, 4]  	511	14 
[1, 14, 0, 3, 4]  	532	7 
[7, 1, 5, 4, 4]  	546	12 
[5, 1, 2, 6, 4]  	549	11 
[2, 7, 5, 3, 4]  	558	9 
[1, 24, 0, 0, 4]  	564	6 
[4, 1, 3, 6, 4]  	572	11 
[6, 0, 3, 6, 4]  	573	12 
[1, 19, 0, 2, 4]  	581	8 
[4, 1, 15, 0, 4]  	596	11 
[1, 1, 5, 6, 4]  	606	7 
[3, 0, 5, 6, 4]  	607	9 
[1, 10, 5, 3, 4]  	615	5 
[1, 1, 11, 3, 4]  	618	7 
[2, 0, 6, 6, 4]  	630	8 
[0, 5, 15, 0, 4]  	640	3 
[1, 0, 7, 6, 4]  	653	6 
[2, 0, 18, 0, 4]  	654	6 
[0, 16, 2, 4, 4]  	702	4 
[0, 3, 5, 7, 4]  	706	2 
[0, 1, 7, 7, 4]  	730	2 
[4, 11, 0, 3, 5]  	499	9 
[2, 12, 4, 1, 5]  	506	6 
[8, 3, 10, 0, 5]  	515	14 
[1, 18, 3, 0, 5]  	531	6 
[3, 1, 3, 6, 5]  	560	11 
[1, 3, 9, 3, 5]  	594	7 
[2, 1, 16, 0, 5]  	607	9 
[1, 1, 7, 5, 5]  	610	7 
[2, 0, 17, 0, 5]  	619	7 
[1, 1, 15, 1, 5]  	626	6 
[0, 16, 3, 3, 5]  	671	4 
[1, 0, 19, 0, 5]  	677	4 
[0, 18, 2, 3, 5]  	682	4 
[0, 17, 1, 4, 5]  	690	4 
[6, 13, 0, 0, 6]  	371	8 
[6, 1, 6, 2, 6]  	437	8 
[1, 14, 4, 0, 6]  	474	6 
[7, 2, 12, 0, 6]  	550	12 
[1, 3, 5, 5, 6]  	586	7 
[1, 12, 3, 3, 6]  	591	6 
[1, 6, 9, 2, 6]  	597	6 
[0, 13, 10, 0, 6]  	649	5 
[0, 18, 0, 4, 6]  	678	4 
[0, 10, 4, 6, 6]  	766	2 
[6, 1, 7, 1, 7]  	406	10 
[1, 13, 0, 3, 7]  	509	6 
[5, 1, 6, 4, 7]  	557	11 
[1, 1, 14, 2, 7]  	657	6 
[2, 0, 5, 6, 8]  	595	9 
[0, 12, 6, 3, 8]  	684	4 
[0, 13, 5, 3, 9]  	672	5 
[0, 2, 16, 1, 245]  	672	3 
[1, 5, 4, 5, 247]  	597	5 
[1, 5, 1, 7, 247]  	624	6 
[1, 0, 9, 5, 247]  	657	5 
[2, 6, 0, 6, 248]  	558	9 
[0, 11, 0, 6, 248]  	649	1 
[5, 12, 2, 0, 249]  	406	8 
[5, 10, 5, 0, 249]  	465	11 
[1, 2, 10, 2, 249]  	540	5 
[1, 7, 4, 4, 249]  	577	5 
[1, 5, 0, 7, 249]  	589	6 
[1, 0, 10, 4, 249]  	626	4 
[1, 10, 2, 5, 249]  	642	5 
[0, 7, 11, 2, 249]  	678	3 
[5, 12, 1, 0, 250]  	371	6 
[1, 3, 10, 1, 250]  	497	5 
[1, 2, 0, 7, 250]  	520	6 
[1, 5, 4, 4, 250]  	531	4 
[1, 1, 2, 7, 250]  	567	5 
[2, 0, 10, 3, 250]  	572	6 
[1, 0, 9, 4, 250]  	591	3 
[1, 7, 3, 5, 250]  	608	4 
[1, 0, 4, 7, 250]  	614	3 
[1, 9, 2, 5, 250]  	619	4 
[0, 23, 2, 1, 250]  	665	4 
[0, 5, 14, 1, 250]  	671	2 
[0, 7, 13, 1, 250]  	682	3 
[0, 6, 12, 2, 250]  	690	3 
[0, 0, 20, 1, 250]  	766	1 
[7, 11, 2, 0, 251]  	407	11 
[5, 0, 7, 2, 251]  	437	5 
[1, 2, 10, 1, 251]  	474	4 
[4, 0, 11, 1, 251]  	499	8 
[3, 11, 7, 0, 251]  	534	9 
[1, 0, 2, 7, 251]  	544	2 
[2, 7, 1, 5, 251]  	550	6 
[4, 0, 7, 4, 251]  	557	8 
[3, 0, 13, 1, 251]  	557	4 
[1, 7, 2, 5, 251]  	573	4 
[1, 0, 1, 8, 251]  	575	5 
[1, 6, 3, 5, 251]  	585	3 
[1, 23, 0, 1, 251]  	607	7 
[1, 9, 8, 2, 251]  	631	4 
[0, 2, 0, 9, 251]  	640	1 
[0, 22, 2, 1, 251]  	642	2 
[0, 19, 4, 1, 251]  	643	2 
[0, 11, 2, 5, 251]  	653	2 
[0, 21, 3, 1, 251]  	654	3 
[0, 6, 11, 2, 251]  	655	2 
[0, 0, 2, 9, 251]  	664	1 
[0, 10, 9, 2, 251]  	677	2 
[0, 5, 13, 2, 251]  	702	2 
[0, 5, 3, 8, 251]  	748	1 
[7, 11, 1, 0, 252]  	372	11 
[7, 0, 7, 1, 252]  	395	10 
[8, 10, 2, 0, 252]  	396	11 
[6, 10, 4, 0, 252]  	442	10 
[10, 5, 7, 0, 252]  	480	15 
[3, 2, 1, 6, 252]  	513	10 
[1, 15, 3, 1, 252]  	528	4 
[1, 2, 6, 4, 252]  	532	6 
[3, 1, 8, 3, 252]  	537	7 
[2, 8, 0, 5, 252]  	538	6 
[0, 21, 0, 1, 252]  	549	2 
[7, 0, 2, 6, 252]  	550	10 
[1, 4, 9, 2, 252]  	551	3 
[2, 13, 3, 2, 252]  	560	8 
[1, 11, 1, 4, 252]  	564	4 
[1, 8, 7, 2, 252]  	573	3 
[0, 4, 10, 2, 252]  	574	1 
[1, 5, 13, 0, 252]  	582	6 
[1, 19, 2, 1, 252]  	585	5 
[1, 7, 8, 2, 252]  	585	4 
[0, 6, 9, 2, 252]  	585	2 
[1, 12, 5, 2, 252]  	595	7 
[0, 12, 0, 5, 252]  	606	2 
[1, 11, 6, 2, 252]  	607	6 
[0, 3, 16, 0, 252]  	629	3 
[1, 1, 17, 0, 252]  	630	6 
[0, 5, 13, 1, 252]  	636	3 
[0, 4, 14, 1, 252]  	648	2 
[0, 6, 7, 5, 252]  	713	1 
[0, 5, 8, 5, 252]  	725	2 
[8, 9, 2, 0, 253]  	373	9 
[7, 10, 3, 0, 253]  	419	11 
[6, 9, 4, 0, 253]  	419	8 
[7, 7, 5, 0, 253]  	420	7 
[7, 0, 6, 2, 253]  	426	5 
[5, 10, 4, 0, 253]  	430	5 
[4, 0, 10, 1, 253]  	464	5 
[1, 0, 0, 7, 253]  	474	2 
[1, 9, 0, 4, 253]  	483	3 
[2, 7, 1, 4, 253]  	484	5 
[1, 8, 1, 4, 253]  	495	3 
[1, 5, 3, 4, 253]  	496	2 
[2, 1, 11, 1, 253]  	498	3 
[2, 3, 8, 2, 253]  	505	5 
[2, 0, 10, 2, 253]  	506	4 
[1, 7, 2, 4, 253]  	507	2 
[7, 0, 1, 6, 253]  	515	9 
[2, 5, 7, 2, 253]  	516	4 
[1, 1, 12, 1, 253]  	521	3 
[3, 0, 12, 1, 253]  	522	2 
[0, 2, 12, 1, 253]  	532	1 
[2, 0, 13, 1, 253]  	545	3 
[6, 0, 6, 4, 253]  	546	10 
[1, 19, 1, 1, 253]  	550	2 
[1, 7, 7, 2, 253]  	550	2 
[0, 20, 1, 1, 253]  	561	1 
[2, 6, 2, 5, 253]  	562	6 
[1, 18, 2, 1, 253]  	562	4 
[1, 6, 8, 2, 253]  	562	4 
[0, 17, 3, 1, 253]  	562	1 
[0, 5, 9, 2, 253]  	562	2 
[0, 14, 5, 1, 253]  	563	2 
[14, 2, 10, 0, 253]  	564	12 
[0, 19, 2, 1, 253]  	573	1 
[0, 1, 14, 1, 253]  	579	1 
[1, 8, 11, 0, 253]  	581	6 
[0, 11, 0, 5, 253]  	583	1 
[0, 0, 15, 1, 253]  	591	1 
[1, 8, 0, 6, 253]  	592	3 
[0, 0, 0, 9, 253]  	594	1 
[3, 0, 16, 0, 253]  	596	7 
[1, 7, 1, 6, 253]  	604	2 
[0, 25, 1, 0, 253]  	610	4 
[0, 15, 8, 0, 253]  	625	2 
[0, 9, 12, 0, 253]  	627	1 
[0, 17, 7, 0, 253]  	636	2 
[0, 2, 17, 0, 253]  	641	1 
[0, 2, 10, 4, 253]  	660	2 
[0, 4, 7, 5, 253]  	667	1 
[0, 4, 9, 4, 253]  	671	2 
[0, 24, 4, 0, 253]  	692	5 
[0, 7, 1, 8, 253]  	724	1 
[3, 2, 4, 1, 254]  	288	4 
[5, 10, 1, 0, 254]  	325	4 
[5, 9, 2, 0, 254]  	337	4 
[7, 0, 6, 1, 254]  	360	10 
[4, 0, 9, 1, 254]  	429	5 
[3, 6, 0, 4, 254]  	438	6 
[2, 3, 8, 1, 254]  	439	3 
[12, 7, 4, 0, 254]  	445	12 
[10, 5, 6, 0, 254]  	445	7 
[12, 6, 5, 0, 254]  	457	11 
[1, 15, 3, 0, 254]  	462	4 
[2, 1, 10, 1, 254]  	463	2 
[2, 8, 0, 4, 254]  	472	5 
[0, 4, 9, 1, 254]  	473	1 
[2, 2, 4, 4, 254]  	474	8 
[0, 0, 12, 1, 254]  	486	1 
[3, 6, 9, 0, 254]  	489	5 
[2, 7, 5, 2, 254]  	492	5 
[3, 4, 1, 5, 254]  	493	4 
[10, 3, 9, 0, 254]  	504	8 
[1, 17, 1, 1, 254]  	504	3 
[1, 5, 7, 2, 254]  	504	2 
[1, 14, 3, 1, 254]  	505	3 
[4, 10, 1, 3, 254]  	511	5 
[2, 6, 10, 0, 254]  	512	4 
[5, 3, 11, 0, 254]  	514	12 
[4, 1, 7, 3, 254]  	514	5 
[1, 7, 8, 1, 254]  	519	3 
[2, 8, 9, 0, 254]  	523	7 
[3, 3, 12, 0, 254]  	525	6 
[2, 10, 4, 2, 254]  	526	4 
[14, 2, 9, 0, 254]  	529	12 
[1, 20, 0, 1, 254]  	538	2 
[1, 7, 1, 5, 254]  	538	1 
[0, 19, 1, 1, 254]  	538	1 
[1, 4, 3, 5, 254]  	539	3 
[1, 6, 0, 6, 254]  	546	2 
[0, 12, 8, 0, 254]  	556	2 
[2, 11, 8, 0, 254]  	557	3 
[2, 3, 2, 6, 254]  	559	7 
[1, 9, 6, 2, 254]  	561	5 
[0, 11, 9, 0, 254]  	568	1 
[2, 9, 4, 3, 254]  	569	7 
[2, 11, 3, 3, 254]  	580	6 
[1, 2, 4, 6, 254]  	594	5 
[0, 2, 10, 3, 254]  	594	2 
[0, 4, 5, 5, 254]  	597	1 
[0, 17, 6, 0, 254]  	601	3 
[0, 8, 12, 0, 254]  	604	1 
[0, 16, 7, 0, 254]  	613	3 
[0, 10, 11, 0, 254]  	615	1 
[0, 1, 17, 0, 254]  	618	1 
[0, 4, 0, 8, 254]  	620	1 
[0, 2, 6, 6, 254]  	652	1 
[0, 24, 3, 0, 254]  	657	2 
[0, 14, 3, 4, 254]  	691	4 
[0, 0, 8, 7, 254]  	742	1 
[5, 5, 1, 0, 255]  	210	4 
[9, 2, 3, 1, 255]  	325	8 
[7, 0, 5, 1, 255]  	325	6 
[9, 1, 4, 1, 255]  	337	6 
[0, 0, 8, 1, 255]  	346	1 
[7, 12, 0, 0, 255]  	360	11 
[0, 17, 0, 0, 255]  	391	1 
[0, 16, 1, 0, 255]  	403	1 
[1, 4, 7, 1, 255]  	415	3 
[0, 14, 3, 0, 255]  	427	2 
[2, 4, 9, 0, 255]  	431	6 
[4, 10, 1, 2, 255]  	445	2 
[4, 1, 7, 2, 255]  	448	3 
[2, 7, 4, 2, 255]  	457	3 
[1, 5, 0, 5, 255]  	457	1 
[18, 3, 5, 0, 255]  	460	6 
[1, 4, 1, 5, 255]  	469	1 
[1, 7, 1, 4, 255]  	472	2 
[2, 4, 3, 4, 255]  	485	3 
[4, 9, 1, 3, 255]  	488	2 
[3, 3, 11, 0, 255]  	490	4 
[9, 3, 9, 0, 255]  	492	10 
[2, 6, 2, 4, 255]  	496	5 
[1, 4, 0, 6, 255]  	500	1 
[0, 13, 6, 0, 255]  	509	2 
[2, 12, 6, 0, 255]  	510	3 
[8, 2, 3, 4, 255]  	511	11 
[6, 0, 5, 4, 255]  	511	7 
[2, 5, 5, 3, 255]  	512	6 
[8, 1, 4, 4, 255]  	523	10 
[0, 0, 0, 8, 255]  	528	1 
[15, 3, 8, 0, 255]  	529	14 
[1, 12, 7, 0, 255]  	533	2 
[0, 11, 8, 0, 255]  	533	1 
[2, 12, 3, 2, 255]  	537	3 
[1, 8, 10, 0, 255]  	546	4 
[3, 1, 14, 0, 255]  	549	3 
[1, 4, 13, 0, 255]  	559	3 
[7, 1, 13, 0, 255]  	562	9 
[2, 1, 15, 0, 255]  	572	8 
[1, 2, 15, 0, 255]  	583	2 
[0, 1, 16, 0, 255]  	583	1 
[2, 0, 16, 0, 255]  	584	6 
[0, 14, 0, 4, 255]  	586	2 
[0, 2, 6, 5, 255]  	586	1 
[14, 0, 12, 0, 255]  	588	3 
[0, 15, 2, 3, 255]  	613	4 
[0, 4, 15, 0, 255]  	617	2 
[1, 0, 6, 6, 255]  	618	4 
[0, 0, 5, 7, 255]  	637	1 
------
The gap is between 10 and 244.
Lengths: 5 5 10 13 5 12.
For 692 = 3*d-d1-d2-d3-d4 you get 5 in char 0.
1 + 0*2^64 + 0*2^128 + 0*2^192*y^24*z^4
1 + 0*2^64 + 0*2^128 + 0*2^192*y^12*z^10*w^1
1 + 0*2^64 + 0*2^128 + 0*2^192*y^11*z^5*w^4
1 + 0*2^64 + 0*2^128 + 0*2^192*y^10*w^7
1 + 0*2^64 + 0*2^128 + 0*2^192*z^16*w^2

For 416 = 2*d-d1-d2-d3-d4 you get 10 in char 0.
1 + 0*2^64 + 0*2^128 + 0*2^192*x^5*y^4*w^4
1 + 0*2^64 + 0*2^128 + 0*2^192*x^4*y^3*z^1*w^4
1 + 0*2^64 + 0*2^128 + 0*2^192*x^3*y^2*z^2*w^4
1 + 0*2^64 + 0*2^128 + 0*2^192*x^2*y^2*z^8*w^1
1 + 0*2^64 + 0*2^128 + 0*2^192*x^2*y^1*z^3*w^4
1 + 0*2^64 + 0*2^128 + 0*2^192*x^1*y^13*z^3
1 + 0*2^64 + 0*2^128 + 0*2^192*x^1*y^1*z^9*w^1
1 + 0*2^64 + 0*2^128 + 0*2^192*x^1*z^4*w^4
1 + 0*2^64 + 0*2^128 + 0*2^192*y^12*z^4
1 + 0*2^64 + 0*2^128 + 0*2^192*z^10*w^1

For 140 = d-d1-d2-d3-d4 you get 5 in char 0.
1 + 0*2^64 + 0*2^128 + 0*2^192*x^4*y^4
1 + 0*2^64 + 0*2^128 + 0*2^192*x^3*y^3*z^1
1 + 0*2^64 + 0*2^128 + 0*2^192*x^2*y^2*z^2
1 + 0*2^64 + 0*2^128 + 0*2^192*x^1*y^1*z^3
1 + 0*2^64 + 0*2^128 + 0*2^192*z^4

Extra powers of p used 6.
The invariant extra is equal to 33.
Start computing 2^4 Delta^1 (x1x2x3x4)^1... Done.
Start computing 2^5 Delta^2 (x1x2x3x4)^1... Done.
Start computing 2^6 Delta^3 (x1x2x3x4)^1... Done.
Start computing 2^7 Delta^4 (x1x2x3x4)^1... Done.
Start computing 2^8 Delta^5 (x1x2x3x4)^1... Done.
Start computing 2^9 Delta^6 (x1x2x3x4)^1... Done.
Start computing 2^10 Delta^7 (x1x2x3x4)^1... Done.
Start computing 2^11 Delta^8 (x1x2x3x4)^1... Done.
Start computing 2^12 Delta^9 (x1x2x3x4)^1... Done.
Start computing 2^13 Delta^10 (x1x2x3x4)^1... Done.
Start computing 2^14 Delta^11 (x1x2x3x4)^1... Done.
Start computing 2^15 Delta^12 (x1x2x3x4)^1... Done.
Start computing 2^16 Delta^13 (x1x2x3x4)^1... Done.
Start computing 2^17 Delta^14 (x1x2x3x4)^1... Done.
Start computing 2^18 Delta^15 (x1x2x3x4)^1... Done.
Start computing 2^19 Delta^16 (x1x2x3x4)^1... Done.
Start computing 2^20 Delta^17 (x1x2x3x4)^1... Done.
Start computing 2^21 Delta^18 (x1x2x3x4)^1... Done.
Start computing 2^22 Delta^19 (x1x2x3x4)^1... Done.
Start computing 2^23 Delta^20 (x1x2x3x4)^1... Done.
Start computing 2^24 Delta^21 (x1x2x3x4)^1... Done.
Start computing 2^25 Delta^22 (x1x2x3x4)^1... Done.
Start computing 2^26 Delta^23 (x1x2x3x4)^1... Done.
Start computing 2^27 Delta^24 (x1x2x3x4)^1... Done.
Start computing 2^28 Delta^25 (x1x2x3x4)^1... Done.
Start computing 2^29 Delta^26 (x1x2x3x4)^1... Done.
Start computing 2^30 Delta^27 (x1x2x3x4)^1... Done.
Start computing 2^31 Delta^28 (x1x2x3x4)^1... Done.
Start computing 2^32 Delta^29 (x1x2x3x4)^1... Done.
Start computing 2^33 Delta^30 (x1x2x3x4)^1... Done.
Start computing 2^34 Delta^31 (x1x2x3x4)^1... Done.
Start computing 2^35 Delta^32 (x1x2x3x4)^1... Done.
Start computing 2^36 Delta^33 (x1x2x3x4)^1... Done.
Start computing 2^37 Delta^34 (x1x2x3x4)^1... Done.
Start computing 2^38 Delta^35 (x1x2x3x4)^1... Done.
Start computing aa.
1 2 3 4 5 6 7 8 9 10 11 12 13 14 15 16 17 18 19 20 
*/
A = \
[8184831411471640912 + 5477665178232037191*2^64 + 11535321089976088662*2^128 + 50484065775*2^192,8145051598071267872 + 6516713421257771057*2^64 + 6516341781525050979*2^128 + 41555088790*2^192,3998274281980267832 + 9378401089988430371*2^64 + 11629460523334965018*2^128 + 2328510474*2^192,425541260544766768 + 9914093507759572727*2^64 + 14693535177202557633*2^128 + 44504388698*2^192,11100148394637239104 + 15615975910990767771*2^64 + 16811879334259024531*2^128 + 25184271928*2^192,3886461679696634880 + 6415998456274267847*2^64 + 112224734124846243*2^128 + 11896638708*2^192,12307887082981860032 + 2090634146096523676*2^64 + 16877727545571246775*2^128 + 21826747331*2^192,9184140201006603136 + 16240303539352257874*2^64 + 4318164062782784491*2^128 + 11404348830*2^192,10655892666110312960 + 6516461279464344993*2^64 + 17793282544839478452*2^128 + 4815197285*2^192,7076944791362002880 + 9755318149683118966*2^64 + 12289046796380113349*2^128 + 54325848446*2^192,948879303799602432 + 11650433419419868080*2^64 + 9132475368919251280*2^128 + 23020466883*2^192,14102849279077386496 + 85305826399104460*2^64 + 11333424599695779459*2^128 + 61888551580*2^192,2801364120250838976 + 14959434824929992036*2^64 + 11864435724841673706*2^128 + 26220227928*2^192,14470431002692098688 + 13906561395108598170*2^64 + 15783140132445191843*2^128 + 25026469723*2^192,6222748971364673280 + 8309545887557007155*2^64 + 496775228903050468*2^128 + 46240054638*2^192,14841542319947099136 + 12684660339937916814*2^64 + 10883543605368044390*2^128 + 27866489608*2^192,18374245862782799872 + 12620911377271421147*2^64 + 9702751384892202539*2^128 + 53761785082*2^192,14068120576788969472 + 18132677518418353516*2^64 + 2974283105360531006*2^128 + 68486508951*2^192,7925438516137062656 + 6808895341992785325*2^64 + 5696548286237734372*2^128 + 30490290662*2^192,3539115139511433728 + 14389224519429543502*2^64 + 12977817167435271435*2^128 + 15672989868*2^192;\
12883325665711402288 + 1521676676199230699*2^64 + 16190164777899366652*2^128 + 64761647036*2^192,2537131757747993568 + 15827936222849093273*2^64 + 16174719069112821449*2^128 + 56649252336*2^192,12088189778360130360 + 6991596194324697017*2^64 + 6170208823566015338*2^128 + 67690717964*2^192,7525279749926322208 + 137045170360293223*2^64 + 3604553079529815952*2^128 + 43370880831*2^192,8205235787824941760 + 13142078303302352627*2^64 + 5480914346586027283*2^128 + 10119163402*2^192,12493566613162367232 + 10836502479214251310*2^64 + 11437344830606747631*2^128 + 46519454380*2^192,7738249481818805696 + 6619626064117411046*2^64 + 18139085693307586348*2^128 + 49191413546*2^192,18175619324021274368 + 5275301780450114173*2^64 + 5192853595470426973*2^128 + 46421079096*2^192,10675577882397481984 + 4637099701250504404*2^64 + 13454614048338223902*2^128 + 34495481784*2^192,6790833757134635968 + 7880613289293989772*2^64 + 17160852091341027631*2^128 + 2337773012*2^192,2838241206316913664 + 10714779457331155229*2^64 + 1351621819353533629*2^128 + 7022699049*2^192,4652991333422138112 + 15604666472455100742*2^64 + 16956603891439679233*2^128 + 41877137212*2^192,9810306272067093056 + 940217042344576016*2^64 + 5361469087619807677*2^128 + 61334075733*2^192,6002696260635595136 + 1457339354369284240*2^64 + 7771894252572127696*2^128 + 23811490575*2^192,3248566606666811136 + 16678733992510095061*2^64 + 6979390160474765860*2^128 + 18258023111*2^192,1383271196801783808 + 5313947205313996772*2^64 + 17123561980894296311*2^128 + 6187085256*2^192,14689991148779933696 + 17522046058697493479*2^64 + 8854704470449323901*2^128 + 2153572684*2^192,14036221851917249536 + 16823473070147659619*2^64 + 10126079738627576948*2^128 + 16154030520*2^192,16017535798845124352 + 2668477706027318249*2^64 + 16116008100487673873*2^128 + 9711890886*2^192,9879529455816557056 + 1916583551487409756*2^64 + 17649153144992679220*2^128 + 44090514902*2^192;\
11773710324217103040 + 14583443399605312018*2^64 + 9451505372535718629*2^128 + 14366467671*2^192,12506054844465726848 + 2573154550331136782*2^64 + 8949070378904201961*2^128 + 51276293813*2^192,6066844155759101792 + 11164096548175354610*2^64 + 10948893647350414168*2^128 + 13558790422*2^192,13085913147591187648 + 15388230752010987503*2^64 + 9114209055733726402*2^128 + 41005681709*2^192,16389624668837756672 + 2983777021249466944*2^64 + 6362417121977569871*2^128 + 46132924577*2^192,5705602382573729792 + 5880435683146362942*2^64 + 14499711458927931471*2^128 + 10580855642*2^192,10135223496724081920 + 14902350017324888491*2^64 + 10118842753338155021*2^128 + 17909184979*2^192,17945422706320264704 + 506249943421568685*2^64 + 358053561679685296*2^128 + 13818562522*2^192,7200892172352468992 + 11317290250658468237*2^64 + 15615971926859028989*2^128 + 59529095140*2^192,14520271325672454400 + 13134179808476716181*2^64 + 13234203858982336049*2^128 + 826761000*2^192,3199314945944118272 + 4704510830514731843*2^64 + 14407998302192815580*2^128 + 55489118941*2^192,14412531264082344960 + 7054236828641021359*2^64 + 14341487250405452815*2^128 + 60974888262*2^192,17224342836128210176 + 5950725522747828491*2^64 + 11451442607786619745*2^128 + 5842307105*2^192,18401753439796223488 + 13187578254254779157*2^64 + 2184708594842158724*2^128 + 21680122369*2^192,4206217867314353152 + 14049532140205931484*2^64 + 17293340367972059652*2^128 + 64416784604*2^192,5238862612491972608 + 15959913831844030080*2^64 + 12595938153503146682*2^128 + 27314460128*2^192,11155011691977998336 + 10731750998443053263*2^64 + 17579965664747466610*2^128 + 2549166989*2^192,15732886573383368704 + 344070635613857949*2^64 + 18314195999947425231*2^128 + 30386919758*2^192,17263323254459223040 + 8081293036805360609*2^64 + 8166142635695588346*2^128 + 608805646*2^192,4520146633849014272 + 9438005566395753799*2^64 + 7605314806673164469*2^128 + 32544493997*2^192;\
14128477165363623360 + 157708732353764635*2^64 + 2219685834188612502*2^128 + 12155526044*2^192,12167969869499809152 + 2061548954457739473*2^64 + 9417259663535711296*2^128 + 29728974513*2^192,14759404113001751520 + 2639337097824399883*2^64 + 7062302863222234959*2^128 + 64278643741*2^192,1214632187302967488 + 15340733614852889713*2^64 + 15136815629453460684*2^128 + 67793128836*2^192,886284227400738560 + 16766123325255571837*2^64 + 11243592193811384743*2^128 + 59261886147*2^192,15444022579221166080 + 12854595791037165754*2^64 + 4014503820957914085*2^128 + 4098301805*2^192,16628169059792631040 + 4738584042267094059*2^64 + 17564088089149074939*2^128 + 7959562107*2^192,8555201775753051648 + 9701910173100931106*2^64 + 12052853807478727433*2^128 + 46841104804*2^192,7447500233336862720 + 8531818755987611546*2^64 + 8961428449870742456*2^128 + 25933708565*2^192,13360750008536031488 + 614948635972454979*2^64 + 16671276987145770334*2^128 + 68679839433*2^192,833218798065859584 + 9720448202106148501*2^64 + 16283560014956549611*2^128 + 34123167757*2^192,10438162850774690816 + 2554377858553526997*2^64 + 11570769092712507997*2^128 + 27161265740*2^192,5425505818989806336 + 5276722745197366272*2^64 + 7210444507405638704*2^128 + 26765397711*2^192,15316051027095069184 + 11102493083984362643*2^64 + 3847024933708113267*2^128 + 50668960024*2^192,7872771558673591296 + 9615914085680474165*2^64 + 16997584715784940722*2^128 + 38547294835*2^192,2513656088321257472 + 929205868861795613*2^64 + 14810394792472555253*2^128 + 23606606177*2^192,15510779476237189120 + 2022721543042405106*2^64 + 16179642647632415702*2^128 + 51675302459*2^192,10056495216110407680 + 9710896918604493094*2^64 + 14076513313057077900*2^128 + 10976457482*2^192,10631644336274279424 + 11385127779600440397*2^64 + 16743751216752882085*2^128 + 12091779876*2^192,6018467131540748288 + 16070933964259185009*2^64 + 15062045021572131144*2^128 + 27402582758*2^192;\
3773241712323697668 + 14728840713770185077*2^64 + 14453387785064681087*2^128 + 26287624460*2^192,13083921278491451528 + 16589276124654569980*2^64 + 9005208726892832303*2^128 + 37714330426*2^192,11312880769234514742 + 17344078783871610562*2^64 + 17177693211927648914*2^128 + 62282085094*2^192,12292926936951264564 + 9267531785514340949*2^64 + 560470093061548158*2^128 + 40860184339*2^192,5750967650767782416 + 627812746712781526*2^64 + 7622422891973128954*2^128 + 48629382543*2^192,14297439393494217344 + 5663198240456757077*2^64 + 10571994857457137111*2^128 + 40042576247*2^192,1062314749574959920 + 10026330436046426287*2^64 + 9208419877945955594*2^128 + 50905498244*2^192,9537011959042410528 + 11195618566812155727*2^64 + 13110988717762079198*2^128 + 48529853547*2^192,17628232736856435072 + 988521721552571947*2^64 + 7710857426696713892*2^128 + 55179802944*2^192,18171969669682661808 + 5598579470783821409*2^64 + 1273320928238949652*2^128 + 50302013665*2^192,13997299472647519936 + 5491280033477852406*2^64 + 14952156978154936497*2^128 + 48728502799*2^192,1834265489830602560 + 12981901222784688226*2^64 + 7450274064249423351*2^128 + 7880101024*2^192,4475097170164698096 + 11648387429418578131*2^64 + 6764294151219390142*2^128 + 49578471110*2^192,14725407644511578528 + 12590811813281158453*2^64 + 3309199286600909041*2^128 + 60459268346*2^192,3238832958791820480 + 2823269225192707185*2^64 + 14960211820279039719*2^128 + 42664190442*2^192,8791305453777492224 + 6891213127362351339*2^64 + 5903842059923455520*2^128 + 49188541716*2^192,3028018744493708544 + 13808190995415578624*2^64 + 8034200213028255970*2^128 + 49580100603*2^192,8183740822719578624 + 3685685935453112220*2^64 + 5771511423025569529*2^128 + 41808795493*2^192,13411188158430396480 + 13631070017675829735*2^64 + 9025994106424706094*2^128 + 47478439428*2^192,730850299851540096 + 749030558538415936*2^64 + 13348433196138428907*2^128 + 35350300368*2^192;\
12431492747784708224 + 3282203938043613033*2^64 + 5570022320480598659*2^128 + 1044035029*2^192,16020031844902998784 + 1587363788492187297*2^64 + 13139354398126725742*2^128 + 40608078165*2^192,908759121804090432 + 5305288240018779320*2^64 + 15103085890790682583*2^128 + 53600904855*2^192,13271408316321023680 + 10335527108616981913*2^64 + 13787909030612563036*2^128 + 4470814187*2^192,17128588829646717440 + 7900552660246605945*2^64 + 11329599771181985612*2^128 + 65685436522*2^192,11634973470458000768 + 3755443665307388817*2^64 + 8366180719444788753*2^128 + 26676811225*2^192,16574182213012929792 + 9742893267176772080*2^64 + 4891890822804651729*2^128 + 45042051156*2^192,2368736443467894784 + 2053506944311339860*2^64 + 11111081183986162164*2^128 + 17761120795*2^192,8088859858602696704 + 16124394269078422447*2^64 + 10489959810355213736*2^128 + 24511860131*2^192,9317275775077932032 + 4350396891949786092*2^64 + 15692101217296797480*2^128 + 57818461664*2^192,15490280677306596352 + 5667270049158057353*2^64 + 9574897963495177749*2^128 + 32630980269*2^192,12487526798269954048 + 14201176530357025465*2^64 + 9468584785725854158*2^128 + 56186703444*2^192,959448094523695616 + 11484086475039977766*2^64 + 4344011258684118378*2^128 + 895643979*2^192,8313284196270119936 + 1618466528783264461*2^64 + 9048850067391258149*2^128 + 38348839527*2^192,17124487658570807296 + 7682812804397553413*2^64 + 6786796539422147949*2^128 + 31541199329*2^192,10226804792996192256 + 9366489077460136122*2^64 + 1400302110783206991*2^128 + 5594460377*2^192,16957527944719448064 + 12492651353845590950*2^64 + 11274063760141430130*2^128 + 6426046344*2^192,5349132036326446080 + 10242183959656620551*2^64 + 3510945135085975487*2^128 + 39744870836*2^192,2705610276109725696 + 2266626734710363948*2^64 + 13611691004756559065*2^128 + 65524836368*2^192,4679754396988231680 + 16791850342273827928*2^64 + 9841539657757299857*2^128 + 39935511871*2^192;\
6269250324891681280 + 3867108632344293832*2^64 + 11722930113488861340*2^128 + 4399114842*2^192,7584678658819019264 + 16293274039917782794*2^64 + 11252297796075318034*2^128 + 41496934999*2^192,9716197852252416576 + 14707028017408423150*2^64 + 900032422731264309*2^128 + 37929814257*2^192,18105340363669335936 + 8778819137694090840*2^64 + 5200965593273874397*2^128 + 34711120537*2^192,8537466809352826880 + 8117184966930559657*2^64 + 11359972802646349668*2^128 + 21498267698*2^192,2882808033572905728 + 14918699811371263668*2^64 + 14094916857169462762*2^128 + 39308264506*2^192,13033060683641419520 + 9685069958615097027*2^64 + 3870844225746363717*2^128 + 63766485387*2^192,14323081570067626496 + 11979042617904932739*2^64 + 16601149888151735283*2^128 + 30079253419*2^192,4407241583580049408 + 1703702839451112636*2^64 + 10484649135590396179*2^128 + 5023156550*2^192,3923139642175154816 + 17434374910101392292*2^64 + 15616831309816580379*2^128 + 541450024*2^192,939742267300764672 + 13643141904247449950*2^64 + 755996628204092671*2^128 + 31575966556*2^192,8106406425133412352 + 5743264488326432260*2^64 + 7179541847181526426*2^128 + 7876125068*2^192,9861490401008468352 + 12307507999906326234*2^64 + 2647087717632899107*2^128 + 25085453498*2^192,7186281364965736448 + 15989200022140682482*2^64 + 346154922091680882*2^128 + 394106672*2^192,16936525203736725504 + 8329802220532619301*2^64 + 14370183146078139665*2^128 + 6036221016*2^192,17453276103779487744 + 7876858336107223160*2^64 + 18281144361954548400*2^128 + 48836502498*2^192,10171848804842138624 + 325445148743204822*2^64 + 2622209947330071815*2^128 + 30567239683*2^192,2855371275973742592 + 3912483853725110229*2^64 + 7038692460062756712*2^128 + 11282269813*2^192,7048277706597516288 + 15636076031491152604*2^64 + 11377897169562025490*2^128 + 50598491421*2^192,10555844988801300480 + 15386097718807983557*2^64 + 16641580314081682444*2^128 + 61928480716*2^192;\
1362778402249188352 + 9877710777761091694*2^64 + 14678158977923525787*2^128 + 46250147352*2^192,6598400153205574144 + 17200007323639950601*2^64 + 5032903278331272977*2^128 + 15967070059*2^192,12090988311388023232 + 12250726487667664424*2^64 + 11474985288755694121*2^128 + 19299963490*2^192,15279559388191913600 + 9414581675568398214*2^64 + 10564922999742036142*2^128 + 60777075048*2^192,10530743601161722880 + 3454252773500471821*2^64 + 9886569566511481272*2^128 + 28967492773*2^192,2111054232546649344 + 6732012178281149008*2^64 + 7381099972879297980*2^128 + 1535809773*2^192,10257112882956048256 + 9531339446168931654*2^64 + 5613224919147605436*2^128 + 56535943523*2^192,14831297828438252288 + 12739430584996453474*2^64 + 8548374127001374199*2^128 + 54562746317*2^192,7230147073705807872 + 2573866205169141071*2^64 + 9630023059924364632*2^128 + 19108527235*2^192,15652956273096157056 + 7101051277597356157*2^64 + 11031663812170678646*2^128 + 52859096552*2^192,17147568683682848768 + 8723042438068184130*2^64 + 8222327664951822306*2^128 + 21714712470*2^192,1561888203729608704 + 17405678119046552372*2^64 + 16638805833119866942*2^128 + 14048276397*2^192,15178607197308668800 + 8538316030137970298*2^64 + 13470348491858538783*2^128 + 24806979956*2^192,2483071592670772224 + 8978341768898628706*2^64 + 2338999344769207140*2^128 + 26312297011*2^192,6453604700030496768 + 16882727044849771074*2^64 + 13273802717322099378*2^128 + 2793710925*2^192,2883792398542407680 + 6205203340712567677*2^64 + 16488930494578889006*2^128 + 15625895107*2^192,10770939817144171520 + 18353660479454051821*2^64 + 14315204646701423996*2^128 + 49439665589*2^192,11056618290469922816 + 9231429601191091429*2^64 + 11870729390477434362*2^128 + 65397470671*2^192,14781892996645008384 + 3668683451665396060*2^64 + 9027892203604292384*2^128 + 57661846621*2^192,14889129734531844096 + 13594703986608140269*2^64 + 15752436562494110825*2^128 + 57697778842*2^192;\
16989832767040654078 + 3120693004897870623*2^64 + 14806769879212429369*2^128 + 45868421499*2^192,11997390682048819644 + 2512586106665212553*2^64 + 3945746069696268668*2^128 + 58342098497*2^192,5266041293747884949 + 14264366599141832320*2^64 + 14566626081391987538*2^128 + 26973264351*2^192,1516565834720719798 + 16856246380249319824*2^64 + 11370371981710053097*2^128 + 27160865835*2^192,16938667254867752376 + 15063550294756686834*2^64 + 3443981514519297653*2^128 + 47753866815*2^192,7847866143476209408 + 17946343817669741721*2^64 + 3227839273231945758*2^128 + 59066361236*2^192,6764613596325994600 + 9084558893628815843*2^64 + 14084922986855509819*2^128 + 41043815141*2^192,843297156730065008 + 16999368375734343984*2^64 + 9821078559409234796*2^128 + 48932209449*2^192,2680938250972939712 + 1156099073619738556*2^64 + 11713513813905437323*2^128 + 49540858005*2^192,8918826824218993192 + 15762789403761445439*2^64 + 2546564840310734409*2^128 + 7447394919*2^192,8544332674186147872 + 11663904095599578323*2^64 + 3023721363512436363*2^128 + 41202889419*2^192,2556556116026598496 + 12941564284684123803*2^64 + 16925643965299924214*2^128 + 21940317745*2^192,14772859619292072840 + 9007599028310016627*2^64 + 6926132738749527789*2^128 + 49891423882*2^192,9156527632665240752 + 16953848298671896496*2^64 + 3721797293716357607*2^128 + 36797342057*2^192,8447456846472569504 + 5867149859293187310*2^64 + 13594142655330171340*2^128 + 48629947642*2^192,5348650252008040320 + 10955996470758536038*2^64 + 2023591488051253968*2^128 + 27369545971*2^192,17791338747003277952 + 15698473111076923911*2^64 + 10299832497639649759*2^128 + 34492590695*2^192,12238272041373615872 + 12256005308395922148*2^64 + 2505643649875004215*2^128 + 55422532062*2^192,2248130203463293408 + 4739210399870670441*2^64 + 5063075244800945935*2^128 + 36189213679*2^192,3646336845540359872 + 11061047428454136472*2^64 + 4286417990537639511*2^128 + 43182144643*2^192;\
1195081339472276736 + 7932118770680315322*2^64 + 841953884976536172*2^128 + 46379843751*2^192,10459196776782657536 + 17681730383742893205*2^64 + 11722127518753203301*2^128 + 38303406369*2^192,6614892264671161920 + 347011551492388515*2^64 + 15189197346495464384*2^128 + 2287668595*2^192,8149154727960503424 + 11841161589345310219*2^64 + 5987131458282063959*2^128 + 68344893958*2^192,14730953812258875392 + 6527226228451435508*2^64 + 4374632737464371666*2^128 + 7960664916*2^192,17772848781064916736 + 11113130022776431449*2^64 + 1386635834488761728*2^128 + 17867948204*2^192,9309184511040683776 + 8717681837622370627*2^64 + 8514037168742685249*2^128 + 54475660458*2^192,11982948048097070592 + 1888114337047054461*2^64 + 16417449117381359464*2^128 + 66480957708*2^192,9598097931858485248 + 78486271600866457*2^64 + 2668116534520638300*2^128 + 17772360942*2^192,2834552526801079552 + 16720232705510461335*2^64 + 7140614747524730786*2^128 + 46579809910*2^192,1738907534382074880 + 17455892146096842196*2^64 + 12793481901094641634*2^128 + 20609033235*2^192,4719688807316531200 + 7589943671949650522*2^64 + 10861826657392588421*2^128 + 33535662455*2^192,12332872265798026624 + 6207020678385502859*2^64 + 17419180658039491527*2^128 + 15911090613*2^192,9574092885820677120 + 18210443717112454460*2^64 + 12810234496829732871*2^128 + 59819257863*2^192,9986211195202088960 + 13971388316474392116*2^64 + 3054367583472726457*2^128 + 50333740040*2^192,14578478269232519168 + 1003179464670218364*2^64 + 9630251372939111167*2^128 + 51750474350*2^192,2203794141988494336 + 2537936002990190680*2^64 + 2672265446226005348*2^128 + 38505438991*2^192,8514177146557511680 + 11701352057300676007*2^64 + 8746753791858836511*2^128 + 550874696*2^192,7045762950457377792 + 10231222984605634106*2^64 + 17651807649116103243*2^128 + 24078980304*2^192,9978969141705512960 + 11910557121730069110*2^64 + 1560017083138776032*2^128 + 16176844835*2^192;\
4387098340764912072 + 7007399590117856639*2^64 + 9547286064229446063*2^128 + 61601742282*2^192,12727484946194718224 + 1353339477817294209*2^64 + 10191553758286055465*2^128 + 20181266114*2^192,17767678353295329580 + 10447446258108731758*2^64 + 7663153257301159873*2^128 + 43350080180*2^192,14722230838844543432 + 2227933895660444234*2^64 + 5757497593535714829*2^128 + 30252901537*2^192,1501068795888381984 + 10118561276055783217*2^64 + 15309193660723009762*2^128 + 65393627753*2^192,4406209519275721728 + 10741382830686367148*2^64 + 15849890925857261378*2^128 + 32353024218*2^192,6383446658425504864 + 6699195572620949081*2^64 + 12785481713662408887*2^128 + 62464052143*2^192,15747632140171859776 + 3340830765718653270*2^64 + 10661099611838957490*2^128 + 18674484190*2^192,17433714807326037248 + 869280036415855413*2^64 + 17779017408644703980*2^128 + 45535162238*2^192,5481682255655238880 + 14411811933096867613*2^64 + 4023922950810505714*2^128 + 54422901537*2^192,11606557541587179264 + 5048041008796312094*2^64 + 3211772795429130062*2^128 + 3597963479*2^192,9236956666185542016 + 1270046398233820036*2^64 + 17328267459950963933*2^128 + 21482602273*2^192,10288209359181286112 + 10357998246261765985*2^64 + 3577748491232558695*2^128 + 34709433272*2^192,440253222667504960 + 3762487326062403339*2^64 + 15907381200094821306*2^128 + 22090665105*2^192,2284945166368683904 + 9004091175284665256*2^64 + 12601944085689862194*2^128 + 1671640249*2^192,8510550596795408896 + 16408867399721012996*2^64 + 17888122414718268880*2^128 + 9303510606*2^192,7524434503471653376 + 987956412877670224*2^64 + 15652471816417418972*2^128 + 29853865335*2^192,13808326436718701568 + 12445314862947416296*2^64 + 17708561076003286334*2^128 + 25561889590*2^192,8939336175516348544 + 3609922626842861312*2^64 + 1267209104747269749*2^128 + 52671035600*2^192,16758966176416354048 + 14527209824285260245*2^64 + 4315802154556937377*2^128 + 22908801166*2^192;\
8006776264617193920 + 12702576449239735640*2^64 + 9236930858680451619*2^128 + 33895391*2^192,830059416199243136 + 3615741145754937486*2^64 + 9780311823350603427*2^128 + 23714044253*2^192,6936258499268015672 + 13306876949221154136*2^64 + 11345804657560149159*2^128 + 22678087866*2^192,9594759082114176712 + 14161680281167869211*2^64 + 11345419313292492845*2^128 + 6206724081*2^192,20554815995313600 + 5818030645239372224*2^64 + 3069386267934892952*2^128 + 56492611706*2^192,15805748652307053824 + 18397925507133816161*2^64 + 10184625811155572170*2^128 + 24470750495*2^192,10660121803526697152 + 808972851140069798*2^64 + 18139650046530495371*2^128 + 3752335128*2^192,14317308041813108800 + 10852980579105497969*2^64 + 16304245828435513777*2^128 + 30131726072*2^192,14857054246525376000 + 2223896571888833475*2^64 + 12355734215907258704*2^128 + 12649818357*2^192,1885296743630625536 + 840716875203043004*2^64 + 11942929629961034895*2^128 + 17639278628*2^192,13398081100776451776 + 273335036794253304*2^64 + 6473889484775709962*2^128 + 24641105826*2^192,3700368674372236416 + 3918487595211222030*2^64 + 1806751844259499073*2^128 + 4898733036*2^192,7169559703713183936 + 8212777562611057931*2^64 + 11900056931748420547*2^128 + 60388826712*2^192,9095436817141457344 + 8179639813006289937*2^64 + 4720487219469473744*2^128 + 55781096019*2^192,5086192705248597376 + 4990303078056185803*2^64 + 1227653490602830514*2^128 + 10066898639*2^192,7210914543903119872 + 18229481566906359753*2^64 + 16633451525562103465*2^128 + 63197332829*2^192,6962028423254206208 + 16218566744448038799*2^64 + 10161943645022457231*2^128 + 29532515649*2^192,5394649872911390720 + 1747801949974993460*2^64 + 18002355259556660364*2^128 + 14476078492*2^192,3011838946153613568 + 12038210337562317658*2^64 + 15664181922392600395*2^128 + 68691367391*2^192,6217899631481632256 + 11224711847765505894*2^64 + 17890486789693463061*2^128 + 32173665975*2^192;\
6433716856369397632 + 13871904230528051826*2^64 + 12605512049483900222*2^128 + 44622985814*2^192,13172183270783743744 + 1266122297671922571*2^64 + 4655980616517617131*2^128 + 45474299307*2^192,7201455076405839168 + 2772840421321411900*2^64 + 13320660039172992399*2^128 + 23250961288*2^192,6237954924552176384 + 17112856919067083720*2^64 + 11771657015860165717*2^128 + 46829517873*2^192,3441550557792093696 + 10916087768723181590*2^64 + 1315536887277987781*2^128 + 893525704*2^192,833755758350268160 + 13860746798923169202*2^64 + 13583145087252895841*2^128 + 68302461084*2^192,3644374684949600768 + 8478853748108135965*2^64 + 9392674167568992374*2^128 + 27476835298*2^192,9825798504343947904 + 11220292447519811651*2^64 + 17311649669282282474*2^128 + 38143205128*2^192,16459560167586881536 + 15654690211363682521*2^64 + 4922774009207480898*2^128 + 48120661815*2^192,14683753561577703296 + 7444310036697886234*2^64 + 7672170124112224459*2^128 + 48780997367*2^192,17487840472477259264 + 12406200312682179378*2^64 + 13538552104427588005*2^128 + 19483900601*2^192,6990422283529670656 + 13827988158481731945*2^64 + 515546556388787460*2^128 + 15275792923*2^192,7178522816924887808 + 3694504969512212660*2^64 + 14997925820227212905*2^128 + 4165851027*2^192,17521506511335914496 + 18436465572285666070*2^64 + 1604343348146956207*2^128 + 3907338684*2^192,17041409594011293696 + 8543737754336667058*2^64 + 11894983569746498511*2^128 + 28676519102*2^192,172332858815328256 + 9403880072096388577*2^64 + 15235218330200867718*2^128 + 18683214418*2^192,16982679563199352832 + 11380025237321129059*2^64 + 1119414018484738056*2^128 + 18115348324*2^192,12715659266432800768 + 11013538514196522323*2^64 + 13582270252114939342*2^128 + 4934503905*2^192,6421768328891276288 + 2156896198599415401*2^64 + 6695204442910043227*2^128 + 33415356386*2^192,16123804376352415744 + 4769850936921994097*2^64 + 1551782292815151775*2^128 + 53329223291*2^192;\
12345227777370689384 + 15095292194781978344*2^64 + 553971863279683988*2^128 + 3686921486*2^192,5361399618088018960 + 14685788894029536479*2^64 + 3118497163404016625*2^128 + 9333632392*2^192,16258769744516920972 + 6212367264904345318*2^64 + 3321149954233975714*2^128 + 67699526615*2^192,16679964930759617320 + 7049830808164573427*2^64 + 1568574170230036474*2^128 + 33960429056*2^192,12352723986143911328 + 1920269763307217567*2^64 + 7413488721399215639*2^128 + 28852800011*2^192,2057742539629175168 + 17489476008175647529*2^64 + 2312899710831309887*2^128 + 44942844947*2^192,17309901714237016672 + 6942983325187330038*2^64 + 13849605647326972089*2^128 + 49276296398*2^192,3975701877792920768 + 2128600034497535729*2^64 + 5728993855843654386*2^128 + 36976747699*2^192,2129819435920813824 + 3974646767327221256*2^64 + 12225779165885075994*2^128 + 32341392847*2^192,2305366782915607392 + 10769400771750883732*2^64 + 4585266937023904986*2^128 + 40990023323*2^192,16385114084038007168 + 4235444512835192136*2^64 + 7731926335165691995*2^128 + 6960517562*2^192,254040935803042688 + 14628201473077628838*2^64 + 11682751267681019049*2^128 + 17586098485*2^192,16837099827940273760 + 5826756924932695523*2^64 + 7112006335427834310*2^128 + 20235474786*2^192,4331756187904765888 + 5278165766581311934*2^64 + 8834733625784984038*2^128 + 3711599748*2^192,9293962888655345024 + 15288415062337898679*2^64 + 9995931633392203265*2^128 + 42093442414*2^192,3956054478896395776 + 5751647543531678080*2^64 + 17254042950743432376*2^128 + 49121578436*2^192,15477130368020432384 + 2277358332068045674*2^64 + 6101407403571342155*2^128 + 26536634902*2^192,784646565493411328 + 10628296511769192899*2^64 + 17518174785005351604*2^128 + 64141852120*2^192,10345931290760067712 + 1409105195992212467*2^64 + 8494359403495655056*2^128 + 10816265111*2^192,5731976899111504128 + 775469061225221118*2^64 + 3971445928689748773*2^128 + 27498387319*2^192;\
16051857055933627854 + 12375256504521679451*2^64 + 11342518940768529241*2^128 + 976086174*2^192,8624140464348581212 + 9479515819652131455*2^64 + 8856200701359845362*2^128 + 36682382860*2^192,15696941008283614333 + 4217674538375454004*2^64 + 14642995528026951928*2^128 + 28533771991*2^192,15838264880207416070 + 9621069976237669790*2^64 + 13194402020956983537*2^128 + 64865946955*2^192,12425558024804602680 + 14481747846771809340*2^64 + 11236997947634815649*2^128 + 4386066544*2^192,3814260569086353920 + 2793342815641067705*2^64 + 8879005065519949289*2^128 + 43496205844*2^192,12499744268028217576 + 3926683383839293114*2^64 + 4502534215686597133*2^128 + 17023989926*2^192,12463155160366208112 + 13301968199400659744*2^64 + 17255972237675608494*2^128 + 64764663354*2^192,12643371442756893120 + 3588653126514594283*2^64 + 6337054297826683115*2^128 + 26029857708*2^192,7456730127516939560 + 6256583036685456091*2^64 + 11982426352009813179*2^128 + 15938043533*2^192,1686673895773423840 + 11055103612468363662*2^64 + 11160466220240125176*2^128 + 39400658612*2^192,10098337519177613920 + 17154255763498097046*2^64 + 10974430320052516840*2^128 + 45912695068*2^192,5093778334798542472 + 1986137785286078006*2^64 + 17827277358009980195*2^128 + 68034807940*2^192,17771677987718828528 + 19087291484606435*2^64 + 5390759264663682953*2^128 + 10691922731*2^192,4255354393659302432 + 6255741788660309099*2^64 + 3376411774853618421*2^128 + 15665553268*2^192,12723034082151658880 + 6404094433770471920*2^64 + 6250424041182512592*2^128 + 44375733297*2^192,13337500523694900864 + 6549988477241731591*2^64 + 4592556064754598523*2^128 + 43826726766*2^192,8240136272270782464 + 6278386377663243503*2^64 + 16604626996911752900*2^128 + 22272071495*2^192,11104103524395524832 + 10243873746066330210*2^64 + 130603610797211865*2^128 + 42496484925*2^192,7505837785440292288 + 13679054046390931571*2^64 + 2792976589967205372*2^128 + 40798438442*2^192;\
1757086291501266464 + 13794056907431899207*2^64 + 3806899832804148810*2^128 + 47634466669*2^192,5229182633744151616 + 15445919794656470432*2^64 + 11066541055158450574*2^128 + 29505431471*2^192,15767002200618594960 + 9141098287225704589*2^64 + 9403846523696415374*2^128 + 34423520764*2^192,3057816210465562112 + 10148266906438697337*2^64 + 12146507258120070810*2^128 + 980376280*2^192,9852585463058631808 + 13932656444149014198*2^64 + 4366612263066191661*2^128 + 34484861924*2^192,3178728275719630848 + 3468311819417997445*2^64 + 10358565987863539264*2^128 + 46574533202*2^192,11256819330688652160 + 13695038919260700455*2^64 + 15439270249577294681*2^128 + 25293110123*2^192,9825119671465337344 + 1621854457368660151*2^64 + 7463009598983568388*2^128 + 62818253409*2^192,11494134129026726912 + 11048425557691989805*2^64 + 3389211261689779788*2^128 + 64300872640*2^192,16665931577342779520 + 1794781493866215771*2^64 + 16915621987447732521*2^128 + 49046180428*2^192,14298173529995985920 + 800987501178718250*2^64 + 7041603695382396797*2^128 + 15287124390*2^192,12089333029774795264 + 11533070392967484074*2^64 + 12321460568704370111*2^128 + 3042074739*2^192,6886477303594339200 + 15709535905446455274*2^64 + 9056949323957361689*2^128 + 43110854045*2^192,10334841637995387648 + 13537573409415526078*2^64 + 17459840464568803823*2^128 + 41595186290*2^192,13569002903296309760 + 1695256989410731278*2^64 + 8967150850059245607*2^128 + 57162894052*2^192,4776912002125524224 + 6975811500833030955*2^64 + 2541265559532240730*2^128 + 66465388332*2^192,16121341874026999296 + 17272178676182506125*2^64 + 7254131281638550229*2^128 + 53898241029*2^192,11847577108734210048 + 12767034080371172467*2^64 + 5214120636927343393*2^128 + 58881206445*2^192,2789379023563013632 + 10873993242989513419*2^64 + 41414097524941100*2^128 + 47297099532*2^192,4160386035380843520 + 4841537842492134948*2^64 + 15446067399235570317*2^128 + 40521365772*2^192;\
2731191322447063924 + 10522036998013312089*2^64 + 9063026914167275287*2^128 + 28822204032*2^192,9235728056799249512 + 4454384382015787346*2^64 + 4761934527380238144*2^128 + 36512741578*2^192,5007649817440850054 + 11473676638645387148*2^64 + 11197167664285400442*2^128 + 30181855734*2^192,17843053038547418044 + 14039779456384632026*2^64 + 4676907283026164560*2^128 + 17117105188*2^192,7261140570625825296 + 338388466658528868*2^64 + 12621032647921096740*2^128 + 39684312026*2^192,8459474895743433728 + 7977709913082004246*2^64 + 1721563122656623057*2^128 + 47507141420*2^192,11493308421981885744 + 11934658948439426162*2^64 + 11728356813988000298*2^128 + 14727949242*2^192,17352428909325950816 + 16676546597487547761*2^64 + 17094502526987764500*2^128 + 67892535440*2^192,2225607667747991680 + 2461924748408351211*2^64 + 9960418548305174030*2^128 + 26282996628*2^192,7725365399354944624 + 6916358566455393679*2^64 + 5829115229608048820*2^128 + 38708680957*2^192,6108704976384904832 + 12730466900089285558*2^64 + 14659438236024197130*2^128 + 38640828047*2^192,4875429417610319552 + 2705201472643815346*2^64 + 34144378336728523*2^128 + 10304923359*2^192,2868270532553472240 + 3696086635884484709*2^64 + 7450661658420186923*2^128 + 16174116630*2^192,3321779359468580576 + 777685553311151190*2^64 + 3307971604564893964*2^128 + 55707249611*2^192,15951198457960401216 + 12858275400952127980*2^64 + 13940557486445136997*2^128 + 36748360315*2^192,12609578595856273664 + 3332505657817313524*2^64 + 3884402460019523588*2^128 + 12614983220*2^192,13607642963340088832 + 9765380690238209648*2^64 + 198553622817686768*2^128 + 72018305*2^192,9827279242155023360 + 15652898185184242627*2^64 + 15832346301395964307*2^128 + 54095771959*2^192,5886292137659058496 + 13724715701864765145*2^64 + 5949397843001480395*2^128 + 24306790251*2^192,4539525560399830400 + 4420468995422624988*2^64 + 7114160154577907743*2^128 + 65955125690*2^192;\
2730812055181170700 + 10301635577899251621*2^64 + 6947565656906054515*2^128 + 10684017358*2^192,3302259093811639448 + 7621096379378733622*2^64 + 11585485500198492686*2^128 + 43690513813*2^192,14225731581124733098 + 5454328832717722184*2^64 + 3360323674953944743*2^128 + 2470081813*2^192,2019935074930886900 + 7452173936627959258*2^64 + 14507741830864038623*2^128 + 23824647294*2^192,1493750269124881136 + 6852871363334757421*2^64 + 13649846660572920323*2^128 + 24341175863*2^192,4188877804853953536 + 5648957796781914912*2^64 + 6040287614420842339*2^128 + 10288705593*2^192,11117561023473424080 + 6999039395303066477*2^64 + 16576922925900022663*2^128 + 59302354383*2^192,748478516586890528 + 16528762884282340398*2^64 + 7067363209031403549*2^128 + 43840384036*2^192,8273552655201987456 + 13248660803009870332*2^64 + 1139572094125337524*2^128 + 20951005674*2^192,15011606434914744336 + 16060693420778276898*2^64 + 9428537342033458900*2^128 + 20497401541*2^192,11818506985256049024 + 2846134276732557247*2^64 + 14021435123852296416*2^128 + 56885003248*2^192,9090612397360123712 + 7017634565547708587*2^64 + 15198273731723804398*2^128 + 40672709354*2^192,1151146875062224912 + 11012134423373528302*2^64 + 10803885263156787238*2^128 + 24039218737*2^192,6459629341759293728 + 448350560511992984*2^64 + 5012737500975867992*2^128 + 61604970988*2^192,6218299989499665088 + 15684593891487934314*2^64 + 1165239728515077927*2^128 + 12503701585*2^192,16653653504198381312 + 11668894007111787580*2^64 + 6731592010323394526*2^128 + 6080592355*2^192,7461177031439179520 + 17966170992061529147*2^64 + 9783955483072692173*2^128 + 15989385848*2^192,16681337206830228480 + 16501347981911078159*2^64 + 3332806358694863280*2^128 + 34126646086*2^192,4746208953353167040 + 5894162259590407618*2^64 + 8981112578958259351*2^128 + 24464029480*2^192,10216734543032667776 + 10461972691481235830*2^64 + 3166945418927539272*2^128 + 65794815943*2^192;\
9773496397881257956 + 16120973387607560332*2^64 + 12416319261864725837*2^128 + 37087898469*2^192,11352626468732159816 + 18251021979215675992*2^64 + 10698585313578490047*2^128 + 62445184316*2^192,6482093078851867902 + 5997922880803366299*2^64 + 18115467358800032059*2^128 + 38930370352*2^192,3115888953284748892 + 602358849101499091*2^64 + 16548428327511121479*2^128 + 12825800484*2^192,9758265770745620304 + 15105122686872621206*2^64 + 6010772559833226025*2^128 + 38448902750*2^192,1016777450580631040 + 13399483027637911458*2^64 + 17162130626208832628*2^128 + 5656819671*2^192,11609116840330076144 + 2982761917389257515*2^64 + 15241058777611843071*2^128 + 32985335569*2^192,5666279797893924960 + 2850669930343873342*2^64 + 17741367822924396863*2^128 + 25489392820*2^192,2540635115590324864 + 4663975748592778424*2^64 + 8916089552947295610*2^128 + 13455339372*2^192,16264106929599722160 + 11741291844249519556*2^64 + 6789031789231987887*2^128 + 22214815514*2^192,9586352701926785792 + 2566511207393844644*2^64 + 18283100437737208551*2^128 + 23669299430*2^192,15547645306971139520 + 531023599759728797*2^64 + 9326689006892412034*2^128 + 10906595603*2^192,1517255165315655856 + 12329105139838618235*2^64 + 14423974237315556576*2^128 + 37967027741*2^192,4049982971993530336 + 9501259243847516012*2^64 + 16266278989468888634*2^128 + 25153731149*2^192,7591945975435755328 + 3661779253127999028*2^64 + 16965565383314597499*2^128 + 10601474344*2^192,16547315260795648256 + 15434066030117440083*2^64 + 10107334265246089836*2^128 + 64949487282*2^192,15689123535254076416 + 6875613164379359848*2^64 + 15816246878264598467*2^128 + 36664013412*2^192,17727381612083382272 + 12981763479983559781*2^64 + 12413143583838886292*2^128 + 59639289231*2^192,17600471528884572480 + 744200074896767111*2^64 + 11330294855387343680*2^128 + 43236650676*2^192,9938293617498493824 + 11985851302943973422*2^64 + 7101087204239362906*2^128 + 16089045185*2^192;\
12056256977713316560 + 18150192906723568310*2^64 + 196331133716495*2^128 + 32463389711*2^192,7188485138772482720 + 8855409623773818057*2^64 + 14078663951489592302*2^128 + 25346506346*2^192,6640739489255952696 + 7996826709882877899*2^64 + 17766007744453343548*2^128 + 21216563106*2^192,8648818604289248496 + 184604712097096603*2^64 + 219779679758342144*2^128 + 36276720694*2^192,12280479554443863232 + 16848525167787964407*2^64 + 3374439778418244947*2^128 + 1570609598*2^192,15692892441862633216 + 5520380930686648807*2^64 + 12213930879054035527*2^128 + 25209869807*2^192,3337026577291117376 + 16621708626515506100*2^64 + 4635958947317809981*2^128 + 3919616577*2^192,4405355384411787904 + 16993807458218601643*2^64 + 9228817923501894590*2^128 + 41274709871*2^192,3907674139681754624 + 14694259390210619035*2^64 + 17495954587485545878*2^128 + 44417468405*2^192,12180681844630051392 + 17064513828962098774*2^64 + 5252718207163413394*2^128 + 17467213084*2^192,7329864519105712512 + 1318013657098230813*2^64 + 7866296725803300009*2^128 + 2583065657*2^192,16875330707960508672 + 2925897907419048663*2^64 + 7869408769363716062*2^128 + 43784777300*2^192,14490391142454432576 + 17818434454012127387*2^64 + 6057542442826058995*2^128 + 17990163014*2^192,15380713959694676480 + 13769665158712410889*2^64 + 16403938866755162257*2^128 + 16059665134*2^192,6364307682462723584 + 10353872157393519457*2^64 + 9455856606262113018*2^128 + 18633245524*2^192,15896826666495339008 + 11469708870060512624*2^64 + 13767800645829364066*2^128 + 45131788714*2^192,12327840803866039296 + 5738737818657537128*2^64 + 4629107863265589734*2^128 + 65005825915*2^192,12538519636648915200 + 18244464724883465579*2^64 + 14215809941236045715*2^128 + 44226330441*2^192,17179678308065782272 + 265712343029767822*2^64 + 12667615650135686973*2^128 + 19178385918*2^192,859801993892986368 + 17655202827717029228*2^64 + 11245951254156066819*2^128 + 33773487504*2^192]
/* 
This matrix times 2^(-6) should be the matrix of frobenius.
*/ 
B = 2^(-6) * A; 
/* Freed 6232 lists. */
The sign is: -1
The characteristic polynomial is: x^20 - x^19 + 2*x^18 - 2*x^17 - x^16 + 5*x^15 - 40*x^14 + 76*x^13 - 144*x^12 + 288*x^11 - 1152*x^9 + 2304*x^8 - 4864*x^7 + 10240*x^6 - 5120*x^5 + 4096*x^4 + 32768*x^3 - 131072*x^2 + 262144*x - 1048576
Its Newton polygon is: [2, 2, 2, 2, 2, 1, 1, 1, 1, 1, 1, 1, 1, 1, 1, 0, 0, 0, 0, 0]
Its factorization is: [x - 2, 1; x + 2, 1; x^18 - x^17 + 6*x^16 - 6*x^15 + 23*x^14 - 19*x^13 + 52*x^12 + 64*x^10 + 288*x^9 + 256*x^8 + 3328*x^6 - 4864*x^5 + 23552*x^4 - 24576*x^3 + 98304*x^2 - 65536*x + 262144, 1]
The valuation of f-g is: 24
The valuation of subst(g,x,A) is: 18
