/* Comments begin... 
No set up needed.

Please input coefficients below.
Coefficient of   x^23                     = Coefficient of   x^12 * w^2               = Coefficient of   x^6 * y^6 * w^1         = Coefficient of   x^5 * y^5 * z^1 * w^1   = Coefficient of   x^4 * y^4 * z^2 * w^1   = Coefficient of   x^3 * y^3 * z^3 * w^1   = Coefficient of   x^2 * y^2 * z^4 * w^1   = Coefficient of   x^1 * y^1 * z^5 * w^1   = Coefficient of   x^1 * w^4               = Coefficient of   y^12                     = Coefficient of   z^6 * w^1               = 
Here is the polynomial we're using this time:

1 + 0*2^64 + 0*2^128 + 0*2^192*x^23 + 1 + 0*2^64 + 0*2^128 + 0*2^192*x^12*w^2 + 1 + 0*2^64 + 0*2^128 + 0*2^192*x^6*y^6*w^1 + 1 + 0*2^64 + 0*2^128 + 0*2^192*x^5*y^5*z^1*w^1 + 1 + 0*2^64 + 0*2^128 + 0*2^192*x^1*w^4 + 1 + 0*2^64 + 0*2^128 + 0*2^192*y^12 + 1 + 0*2^64 + 0*2^128 + 0*2^192*z^6*w^1


Allocate G_len 20 elements and old = 0.
Allocate M_len = 400 elements.
Allocate G_len 40 elements and old = 20.
Allocate M_len = 800 elements.
Allocate G_len 80 elements and old = 40.
Allocate M_len = 1600 elements.
Allocate M_len = 3200 elements.
Allocate G_len 160 elements and old = 80.
Allocate M_len = 6400 elements.
Allocate M_len = 12800 elements.
Allocate G_len 320 elements and old = 160.
Allocate M_len = 25600 elements.
Allocate M_len = 51200 elements.
Allocate G_len 640 elements and old = 320.
Allocate M_len = 102400 elements.
Allocate M_len = 204800 elements.
Allocate G_len 1280 elements and old = 640.
Allocate M_len = 409600 elements.
Allocate M_len = 819200 elements.
The final length of G is 725
[5, 5, 0, 1, 0]  	241	2 
[5, 4, 1, 1, 0]  	253	3 
[22, 0, 0, 0, 0]  	264	5  <--- 1
[12, 0, 0, 2, 0]  	276	3 
[16, 6, 0, 0, 0]  	330	7 
[6, 12, 0, 0, 0]  	348	5 
[11, 11, 0, 0, 0]  	385	7 
[10, 10, 1, 0, 0]  	385	7 
[21, 5, 1, 0, 0]  	402	7 
[11, 0, 6, 1, 0]  	408	7 
[9, 10, 2, 0, 0]  	408	7 
[8, 9, 3, 0, 0]  	408	10 
[17, 0, 6, 0, 0]  	414	7 
[6, 0, 6, 2, 0]  	414	4 
[6, 3, 6, 1, 0]  	417	6 
[20, 5, 2, 0, 0]  	425	9 
[6, 2, 7, 1, 0]  	429	8 
[10, 0, 7, 1, 0]  	431	7 
[7, 9, 4, 0, 0]  	431	12 
[5, 0, 7, 2, 0]  	437	4 
[4, 5, 6, 1, 0]  	439	7 
[5, 3, 7, 1, 0]  	440	5 
[6, 1, 8, 1, 0]  	441	9 
[11, 6, 5, 0, 0]  	445	7 
[19, 5, 3, 0, 0]  	448	12 
[5, 17, 0, 0, 0]  	451	2 
[4, 16, 1, 0, 0]  	451	4 
[4, 4, 7, 1, 0]  	451	4 
[5, 2, 8, 1, 0]  	452	7 
[6, 0, 9, 1, 0]  	453	10 
[9, 0, 8, 1, 0]  	454	13 
[6, 9, 5, 0, 0]  	454	13 
[6, 6, 7, 0, 0]  	455	8 
[5, 1, 9, 1, 0]  	464	9 
[6, 11, 4, 0, 0]  	465	12 
[6, 8, 6, 0, 0]  	466	13 
[5, 7, 7, 0, 0]  	466	13 
[10, 6, 6, 0, 0]  	468	8 
[18, 5, 4, 0, 0]  	471	15 
[5, 3, 6, 2, 0]  	471	4 
[1, 0, 0, 7, 0]  	474	4 
[5, 15, 2, 0, 0]  	475	5 
[5, 0, 10, 1, 0]  	476	10 
[5, 6, 8, 0, 0]  	478	9 
[5, 14, 3, 0, 0]  	487	7 
[4, 7, 8, 0, 0]  	489	12 
[5, 5, 9, 0, 0]  	490	10 
[8, 5, 8, 0, 0]  	491	9 
[17, 5, 5, 0, 0]  	494	18 
[5, 13, 4, 0, 0]  	499	9 
[4, 9, 7, 0, 0]  	500	11 
[4, 6, 9, 0, 0]  	501	14 
[15, 8, 4, 0, 0]  	504	15 
[5, 12, 5, 0, 0]  	511	10 
[4, 11, 6, 0, 0]  	511	10 
[4, 5, 10, 0, 0]  	513	14 
[4, 3, 0, 6, 0]  	513	12 
[6, 4, 10, 0, 0]  	514	14 
[6, 2, 0, 6, 0]  	514	9 
[13, 5, 7, 0, 0]  	516	19 
[15, 4, 7, 0, 0]  	517	15 
[4, 9, 2, 3, 0]  	523	6 
[3, 4, 0, 6, 0]  	524	9 
[4, 4, 11, 0, 0]  	525	13 
[4, 2, 1, 6, 0]  	525	11 
[4, 5, 1, 5, 0]  	528	4 
[3, 5, 7, 2, 0]  	528	9 
[4, 21, 0, 0, 0]  	531	5 
[4, 0, 12, 1, 0]  	534	9 
[4, 14, 1, 2, 0]  	537	14 
[11, 4, 9, 0, 0]  	539	20 
[16, 3, 8, 0, 0]  	541	17 
[3, 10, 8, 0, 0]  	546	10 
[16, 2, 9, 0, 0]  	553	16 
[4, 12, 1, 3, 0]  	557	10 
[2, 6, 0, 6, 0]  	558	5 
[4, 3, 7, 3, 0]  	560	11 
[3, 17, 2, 1, 0]  	563	5 
[12, 0, 12, 0, 0]  	564	12 
[16, 1, 10, 0, 0]  	565	15 
[4, 0, 11, 2, 0]  	565	10 
[2, 16, 5, 0, 0]  	567	7 
[4, 17, 0, 2, 0]  	571	9 
[3, 16, 1, 2, 0]  	571	9 
[3, 5, 12, 0, 0]  	571	9 
[3, 4, 7, 3, 0]  	571	9 
[3, 3, 2, 6, 0]  	571	10 
[2, 4, 13, 0, 0]  	571	9 
[4, 2, 8, 3, 0]  	572	10 
[16, 0, 11, 0, 0]  	577	14 
[2, 15, 6, 0, 0]  	579	7 
[3, 13, 7, 0, 0]  	580	10 
[3, 1, 13, 1, 0]  	580	9 
[2, 4, 2, 6, 0]  	582	7 
[3, 2, 3, 6, 0]  	583	10 
[2, 1, 4, 6, 0]  	583	7 
[4, 13, 3, 2, 0]  	584	10 
[4, 1, 9, 3, 0]  	584	9 
[10, 2, 12, 0, 0]  	586	7 
[3, 21, 2, 0, 0]  	589	6 
[3, 9, 8, 1, 0]  	589	6 
[2, 14, 7, 0, 0]  	591	7 
[4, 0, 8, 4, 0]  	592	6 
[3, 0, 14, 1, 0]  	592	6 
[2, 16, 2, 2, 0]  	594	8 
[2, 4, 8, 3, 0]  	594	8 
[3, 3, 14, 0, 0]  	595	11 
[3, 20, 1, 1, 0]  	597	6 
[4, 2, 7, 4, 0]  	603	6 
[2, 13, 8, 0, 0]  	603	7 
[1, 7, 1, 6, 0]  	604	5 
[4, 10, 0, 5, 0]  	608	11 
[1, 17, 6, 0, 0]  	613	7 
[1, 9, 0, 6, 0]  	615	5 
[1, 6, 2, 6, 0]  	616	4 
[1, 16, 3, 2, 0]  	617	5 
[1, 5, 14, 0, 0]  	617	6 
[1, 4, 9, 3, 0]  	617	5 
[1, 0, 6, 6, 0]  	618	5 
[0, 24, 0, 1, 0]  	618	5 
[3, 0, 11, 3, 0]  	619	8 
[1, 16, 5, 1, 0]  	621	8 
[3, 3, 11, 2, 0]  	622	7 
[3, 0, 13, 2, 0]  	623	9 
[1, 19, 5, 0, 0]  	624	6 
[0, 18, 6, 0, 0]  	624	5 
[3, 6, 11, 1, 0]  	625	9 
[1, 16, 7, 0, 0]  	625	7 
[1, 13, 9, 0, 0]  	626	7 
[1, 21, 0, 2, 0]  	627	5 
[0, 20, 1, 2, 0]  	627	4 
[3, 8, 6, 3, 0]  	628	6 
[2, 7, 7, 3, 0]  	628	5 
[1, 6, 8, 3, 0]  	628	5 
[1, 5, 3, 6, 0]  	628	4 
[1, 4, 15, 0, 0]  	629	7 
[0, 13, 0, 5, 0]  	629	5 
[2, 12, 0, 5, 0]  	630	8 
[3, 23, 0, 1, 0]  	631	11 
[9, 3, 13, 0, 0]  	632	12 
[2, 4, 11, 2, 0]  	633	8 
[1, 15, 6, 1, 0]  	633	6 
[0, 17, 7, 0, 0]  	636	4 
[1, 15, 8, 0, 0]  	637	7 
[0, 14, 9, 0, 0]  	637	5 
[2, 10, 11, 0, 0]  	639	4 
[1, 9, 12, 0, 0]  	639	3 
[0, 19, 2, 2, 0]  	639	3 
[0, 8, 13, 0, 0]  	639	3 
[1, 4, 4, 6, 0]  	640	3 
[0, 16, 4, 2, 0]  	640	4 
[2, 0, 12, 3, 0]  	642	6 
[3, 9, 2, 5, 0]  	643	5 
[2, 21, 2, 1, 0]  	643	5 
[2, 9, 8, 2, 0]  	643	5 
[3, 25, 1, 0, 0]  	646	11 
[2, 6, 12, 1, 0]  	648	5 
[0, 16, 8, 0, 0]  	648	4 
[2, 0, 16, 1, 0]  	650	5 
[0, 18, 3, 2, 0]  	651	2 
[0, 7, 14, 0, 0]  	651	2 
[0, 6, 9, 3, 0]  	651	2 
[0, 4, 16, 0, 0]  	652	3 
[1, 12, 1, 5, 0]  	653	6 
[3, 12, 6, 2, 0]  	654	9 
[2, 11, 7, 2, 0]  	654	8 
[10, 0, 4, 6, 0]  	656	13 
[4, 3, 6, 5, 0]  	657	5 
[2, 8, 11, 1, 0]  	659	6 
[1, 7, 12, 1, 0]  	659	5 
[1, 4, 14, 1, 0]  	660	5 
[0, 23, 0, 2, 0]  	661	5 
[0, 6, 15, 0, 0]  	663	1 
[0, 5, 10, 3, 0]  	663	1 
[0, 4, 5, 6, 0]  	663	1 
[0, 3, 0, 9, 0]  	663	1 
[1, 3, 11, 3, 0]  	664	5 
[1, 11, 2, 5, 0]  	665	6 
[1, 0, 13, 3, 0]  	665	5 
[2, 9, 3, 5, 0]  	666	4 
[1, 21, 3, 1, 0]  	666	4 
[1, 9, 9, 2, 0]  	666	4 
[0, 29, 0, 0, 0]  	667	5  <--- 2
[0, 17, 6, 1, 0]  	667	5 
[3, 4, 6, 5, 0]  	668	9 
[3, 1, 8, 5, 0]  	669	9 
[2, 1, 14, 2, 0]  	669	8 
[1, 6, 13, 1, 0]  	671	4 
[0, 12, 0, 6, 0]  	672	4 
[1, 0, 17, 1, 0]  	673	4 
[0, 4, 11, 3, 0]  	675	1 
[0, 3, 6, 6, 0]  	675	1 
[0, 2, 1, 9, 0]  	675	1 
[1, 2, 12, 3, 0]  	676	3 
[0, 12, 2, 5, 0]  	676	3 
[1, 23, 2, 1, 0]  	677	5 
[1, 11, 8, 2, 0]  	677	5 
[0, 19, 5, 1, 0]  	678	5 
[9, 0, 5, 6, 0]  	679	8 
[1, 5, 12, 2, 0]  	679	6 
[0, 16, 7, 1, 0]  	679	5 
[3, 0, 9, 5, 0]  	681	10 
[2, 0, 15, 2, 0]  	681	8 
[0, 4, 15, 1, 0]  	683	3 
[0, 13, 11, 0, 0]  	684	5 
[0, 15, 6, 2, 0]  	687	1 
[0, 3, 12, 3, 0]  	687	1 
[0, 2, 7, 6, 0]  	687	1 
[0, 1, 2, 9, 0]  	687	1 
[0, 11, 3, 5, 0]  	688	3 
[1, 9, 4, 5, 0]  	689	3 
[0, 21, 4, 1, 0]  	689	3 
[0, 9, 10, 2, 0]  	689	3 
[2, 4, 7, 5, 0]  	691	6 
[1, 4, 13, 2, 0]  	691	7 
[0, 15, 8, 1, 0]  	691	5 
[11, 0, 16, 0, 0]  	692	7 
[0, 6, 14, 1, 0]  	694	3 
[0, 3, 16, 1, 0]  	695	4 
[0, 14, 7, 2, 0]  	699	1 
[0, 3, 18, 0, 0]  	699	1 
[0, 2, 13, 3, 0]  	699	1 
[0, 1, 8, 6, 0]  	699	1 
[0, 0, 3, 9, 0]  	699	1 
[2, 2, 18, 0, 0]  	700	3 
[1, 1, 19, 0, 0]  	700	3 
[0, 23, 3, 1, 0]  	700	3 
[0, 11, 9, 2, 0]  	700	3 
[4, 1, 18, 0, 0]  	701	4 
[0, 8, 11, 2, 0]  	701	3 
[10, 1, 16, 0, 0]  	703	5 
[2, 28, 1, 0, 0]  	703	5 
[2, 3, 8, 5, 0]  	703	6 
[1, 3, 14, 2, 0]  	703	6 
[0, 4, 10, 4, 0]  	706	3 
[0, 2, 17, 1, 0]  	707	3 
[0, 13, 8, 2, 0]  	711	1 
[0, 2, 19, 0, 0]  	711	1 
[0, 1, 14, 3, 0]  	711	1 
[0, 0, 9, 6, 0]  	711	1 
[0, 9, 5, 5, 0]  	712	2 
[0, 7, 12, 2, 0]  	713	3 
[7, 0, 18, 0, 0]  	714	7 
[1, 4, 8, 5, 0]  	714	6 
[10, 0, 17, 0, 0]  	715	12 
[0, 11, 2, 6, 0]  	719	3 
[0, 1, 20, 0, 0]  	723	1 
[0, 0, 15, 3, 0]  	723	1 
[0, 6, 13, 2, 0]  	725	3 
[1, 28, 2, 0, 0]  	726	5 
[1, 3, 9, 5, 0]  	726	6 
[0, 24, 5, 0, 0]  	727	5 
[0, 2, 12, 4, 0]  	730	3 
[0, 9, 0, 8, 0]  	735	1 
[0, 0, 21, 0, 0]  	735	1  <--- 3
[1, 8, 6, 5, 0]  	736	3 
[0, 7, 7, 5, 0]  	736	2 
[0, 5, 14, 2, 0]  	737	3 
[0, 21, 0, 4, 0]  	747	1 
[0, 8, 1, 8, 0]  	747	1 
[0, 28, 3, 0, 0]  	749	3 
[0, 1, 19, 1, 0]  	754	2 
[0, 7, 2, 8, 0]  	759	1 
[0, 5, 9, 5, 0]  	760	2 
[0, 6, 3, 8, 0]  	771	1 
[0, 5, 4, 8, 0]  	783	1 
[0, 0, 0, 12, 0]  	792	1  <--- 4
[12, 0, 0, 1, 1]  	210	5 
[1, 1, 5, 1, 1]  	276	3 
[7, 11, 0, 0, 1]  	337	7 
[7, 0, 5, 2, 1]  	391	3 
[4, 15, 0, 0, 1]  	393	4 
[11, 0, 0, 4, 1]  	396	7 
[5, 14, 1, 0, 1]  	417	6 
[7, 7, 5, 0, 1]  	420	7 
[5, 13, 2, 0, 1]  	429	8 
[4, 14, 2, 0, 1]  	440	6 
[5, 12, 3, 0, 1]  	441	9 
[3, 15, 2, 0, 1]  	451	8 
[4, 13, 3, 0, 1]  	452	8 
[4, 12, 2, 1, 1]  	460	5 
[3, 17, 1, 0, 1]  	462	8 
[1, 12, 5, 0, 1]  	463	4 
[4, 12, 4, 0, 1]  	464	9 
[4, 14, 1, 1, 1]  	471	5 
[4, 4, 2, 4, 1]  	474	8 
[5, 11, 5, 0, 1]  	488	11 
[3, 4, 3, 4, 1]  	497	6 
[4, 9, 0, 4, 1]  	519	5 
[1, 11, 0, 4, 1]  	529	4 
[4, 8, 1, 4, 1]  	531	5 
[3, 7, 2, 4, 1]  	531	6 
[5, 0, 6, 4, 1]  	534	11 
[2, 17, 0, 2, 1]  	547	7 
[2, 17, 2, 1, 1]  	551	8 
[1, 18, 0, 2, 1]  	558	5 
[3, 6, 11, 0, 1]  	559	11 
[3, 14, 2, 2, 1]  	560	12 
[3, 3, 13, 0, 1]  	560	11 
[2, 16, 3, 1, 1]  	563	7 
[2, 15, 2, 2, 1]  	571	10 
[3, 13, 3, 2, 1]  	572	12 
[9, 2, 12, 0, 1]  	574	10 
[2, 6, 12, 0, 1]  	582	7 
[2, 4, 4, 5, 1]  	586	7 
[2, 20, 3, 0, 1]  	589	8 
[2, 7, 4, 4, 1]  	589	7 
[2, 11, 9, 0, 1]  	592	8 
[2, 3, 3, 6, 1]  	594	7 
[1, 15, 3, 2, 1]  	594	9 
[2, 6, 3, 5, 1]  	597	7 
[1, 17, 0, 3, 1]  	601	5 
[3, 13, 2, 3, 1]  	603	10 
[2, 0, 9, 4, 1]  	603	7 
[1, 9, 11, 0, 1]  	604	5 
[1, 17, 2, 2, 1]  	605	5 
[3, 12, 3, 3, 1]  	615	8 
[1, 11, 10, 0, 1]  	615	5 
[1, 8, 12, 0, 1]  	616	4 
[0, 15, 4, 2, 1]  	617	5 
[2, 23, 0, 1, 1]  	619	7 
[2, 10, 1, 5, 1]  	619	7 
[4, 0, 7, 5, 1]  	623	10 
[1, 7, 13, 0, 1]  	628	4 
[8, 0, 4, 6, 1]  	632	9 
[1, 20, 3, 1, 1]  	643	6 
[1, 7, 4, 5, 1]  	643	5 
[10, 1, 3, 6, 1]  	644	13 
[3, 27, 0, 0, 1]  	657	10 
[1, 0, 11, 4, 1]  	661	5 
[2, 2, 17, 0, 1]  	665	6 
[0, 20, 4, 1, 1]  	666	4 
[6, 0, 17, 0, 1]  	667	6 
[9, 0, 16, 0, 1]  	668	9 
[2, 28, 0, 0, 1]  	668	9 
[2, 25, 2, 0, 1]  	669	9 
[1, 3, 17, 0, 1]  	676	4 
[0, 13, 7, 2, 1]  	676	3 
[1, 10, 3, 5, 1]  	677	4 
[5, 1, 17, 0, 1]  	678	5 
[11, 1, 15, 0, 1]  	680	13 
[0, 22, 5, 0, 1]  	681	5 
[1, 2, 18, 0, 1]  	688	4 
[3, 1, 18, 0, 1]  	689	3 
[0, 27, 2, 0, 1]  	691	5 
[1, 0, 10, 5, 1]  	692	6 
[0, 12, 12, 0, 1]  	696	4 
[1, 0, 16, 2, 1]  	704	5 
[0, 3, 11, 4, 1]  	718	3 
[0, 2, 6, 7, 1]  	718	2 
[2, 0, 20, 0, 1]  	724	3 
[0, 20, 0, 4, 1]  	724	3 
[0, 8, 6, 5, 1]  	724	2 
[0, 1, 13, 4, 1]  	742	2 
[0, 18, 2, 4, 1]  	748	3 
[0, 6, 8, 5, 1]  	748	2 
[7, 0, 5, 1, 2]  	325	5 
[2, 5, 0, 4, 2]  	403	5 
[4, 4, 1, 4, 2]  	439	8 
[6, 7, 6, 0, 2]  	443	7 
[15, 9, 2, 0, 2]  	457	8 
[15, 8, 3, 0, 2]  	469	12 
[4, 5, 9, 0, 2]  	478	13 
[7, 0, 0, 6, 2]  	480	6 
[15, 7, 4, 0, 2]  	481	15 
[4, 4, 10, 0, 2]  	490	12 
[11, 5, 7, 0, 2]  	492	9 
[13, 4, 7, 0, 2]  	493	16 
[4, 11, 0, 3, 2]  	499	9 
[5, 10, 6, 0, 2]  	500	11 
[2, 0, 10, 2, 2]  	506	3 
[6, 0, 5, 4, 2]  	511	11 
[12, 4, 8, 0, 2]  	516	14 
[7, 1, 12, 0, 2]  	527	10 
[1, 6, 11, 0, 2]  	535	3 
[6, 2, 12, 0, 2]  	538	9 
[5, 3, 12, 0, 2]  	549	11 
[3, 14, 0, 3, 2]  	556	8 
[4, 0, 7, 4, 2]  	557	10 
[3, 11, 2, 3, 2]  	557	8 
[5, 2, 13, 0, 2]  	561	12 
[3, 10, 3, 3, 2]  	569	9 
[3, 24, 0, 0, 2]  	588	8 
[5, 0, 4, 6, 2]  	596	9 
[2, 12, 3, 3, 2]  	603	8 
[2, 11, 4, 3, 2]  	615	7 
[6, 1, 15, 0, 2]  	620	7 
[5, 0, 16, 0, 2]  	620	8 
[2, 26, 0, 0, 2]  	622	7 
[2, 16, 1, 3, 2]  	625	7 
[1, 27, 0, 0, 2]  	633	7 
[1, 14, 3, 3, 2]  	637	6 
[1, 0, 16, 1, 2]  	638	5 
[0, 4, 10, 3, 2]  	640	3 
[0, 13, 6, 2, 2]  	641	5 
[4, 0, 17, 0, 2]  	643	6 
[3, 0, 8, 5, 2]  	646	11 
[2, 24, 2, 0, 2]  	646	7 
[0, 13, 10, 0, 2]  	649	4 
[0, 3, 11, 3, 2]  	652	3 
[1, 2, 17, 0, 2]  	653	5 
[0, 14, 4, 3, 2]  	660	5 
[0, 3, 17, 0, 2]  	664	4 
[0, 2, 12, 3, 2]  	664	3 
[3, 0, 18, 0, 2]  	666	5 
[1, 24, 3, 0, 2]  	669	6 
[0, 13, 5, 3, 2]  	672	4 
[0, 2, 18, 0, 2]  	676	3 
[0, 18, 0, 4, 2]  	678	4 
[0, 28, 1, 0, 2]  	679	5 
[0, 3, 10, 4, 2]  	683	3 
[2, 0, 19, 0, 2]  	689	3 
[0, 17, 1, 4, 2]  	690	4 
[0, 2, 11, 4, 2]  	695	3 
[0, 26, 3, 0, 2]  	703	5 
[1, 0, 20, 0, 2]  	712	2 
[0, 1, 7, 7, 2]  	730	2 
[3, 0, 9, 2, 3]  	483	4 
[4, 11, 4, 1, 3]  	507	6 
[3, 21, 0, 0, 3]  	519	8 
[2, 17, 3, 0, 3]  	520	7 
[6, 1, 1, 6, 3]  	526	9 
[3, 4, 2, 5, 3]  	528	8 
[2, 19, 2, 0, 3]  	531	7 
[3, 5, 11, 0, 3]  	536	11 
[3, 15, 1, 2, 3]  	548	13 
[5, 1, 2, 6, 3]  	549	11 
[3, 0, 8, 4, 3]  	580	8 
[6, 1, 14, 0, 3]  	585	9 
[1, 19, 4, 0, 3]  	589	6 
[1, 18, 3, 1, 3]  	597	6 
[3, 0, 5, 6, 3]  	607	6 
[5, 1, 15, 0, 3]  	608	10 
[1, 17, 4, 1, 3]  	609	6 
[2, 0, 15, 1, 3]  	615	5 
[0, 27, 0, 0, 3]  	621	6 
[0, 17, 3, 2, 3]  	628	4 
[0, 26, 1, 0, 3]  	633	6 
[1, 16, 2, 3, 3]  	648	5 
[1, 25, 2, 0, 3]  	657	7 
[0, 17, 2, 3, 3]  	659	4 
[0, 16, 3, 3, 3]  	671	3 
[0, 12, 8, 2, 3]  	688	3 
[0, 16, 2, 4, 3]  	702	4 
[0, 15, 3, 4, 3]  	714	4 
[0, 25, 4, 0, 3]  	715	6 
[0, 12, 7, 3, 3]  	719	3 
[0, 11, 8, 3, 3]  	731	3 
[2, 15, 0, 3, 4]  	567	8 
[4, 1, 3, 6, 4]  	572	10 
[2, 14, 1, 3, 4]  	579	8 
[4, 0, 4, 6, 4]  	584	9 
[2, 13, 2, 3, 4]  	591	7 
[3, 9, 10, 0, 4]  	593	8 
[1, 4, 14, 0, 4]  	594	7 
[4, 1, 15, 0, 4]  	596	10 
[3, 2, 15, 0, 4]  	607	9 
[4, 0, 16, 0, 4]  	608	9 
[1, 3, 4, 6, 4]  	617	5 
[1, 12, 4, 3, 4]  	626	6 
[2, 2, 16, 0, 4]  	630	8 
[3, 0, 17, 0, 4]  	631	8 
[1, 3, 16, 0, 4]  	641	5 
[2, 1, 17, 0, 4]  	642	6 
[1, 22, 2, 1, 4]  	654	4 
[5, 9, 6, 0, 5]  	477	12 
[3, 4, 12, 0, 5]  	548	11 
[3, 9, 9, 0, 5]  	558	9 
[4, 2, 14, 0, 5]  	584	11 
[1, 15, 2, 3, 5]  	625	5 
[0, 14, 5, 2, 5]  	629	5 
[2, 22, 1, 1, 5]  	631	6 
[0, 5, 15, 0, 5]  	640	4 
[1, 23, 1, 1, 5]  	642	5 
[2, 0, 18, 0, 5]  	654	7 
[0, 18, 5, 1, 5]  	655	5 
[1, 1, 18, 0, 5]  	665	5 
[0, 12, 6, 3, 5]  	684	4 
[3, 9, 8, 0, 6]  	523	10 
[3, 16, 0, 2, 6]  	536	12 
[4, 7, 4, 3, 6]  	547	10 
[2, 9, 4, 3, 6]  	569	7 
[1, 16, 1, 3, 6]  	613	5 
[4, 5, 4, 3, 7]  	501	12 
[3, 15, 0, 2, 7]  	513	11 
[4, 8, 3, 3, 7]  	535	11 
[3, 9, 3, 3, 7]  	546	8 
[2, 16, 1, 2, 7]  	559	9 
[6, 0, 3, 6, 7]  	573	10 
[2, 13, 4, 2, 7]  	595	10 
[1, 14, 4, 2, 7]  	606	7 
[2, 0, 17, 0, 7]  	619	6 
[0, 3, 5, 7, 7]  	706	2 
[0, 10, 4, 6, 7]  	766	2 
[4, 7, 3, 3, 8]  	512	11 
[4, 3, 12, 0, 8]  	537	12 
[2, 14, 3, 2, 8]  	583	9 
[1, 0, 19, 0, 9]  	677	4 
[0, 3, 15, 1, 11]  	660	4 
[0, 2, 10, 4, 244]  	660	3 
[0, 17, 0, 4, 246]  	655	4 
[0, 16, 7, 0, 247]  	613	5 
[1, 8, 3, 5, 247]  	631	3 
[3, 3, 1, 6, 248]  	536	11 
[3, 2, 2, 6, 248]  	548	10 
[2, 5, 12, 0, 248]  	559	8 
[0, 15, 8, 0, 248]  	625	5 
[0, 2, 0, 9, 248]  	640	1 
[1, 10, 2, 5, 248]  	642	4 
[0, 11, 0, 6, 248]  	649	1 
[0, 10, 9, 2, 248]  	677	2 
[3, 2, 1, 6, 249]  	513	10 
[1, 8, 0, 6, 249]  	592	4 
[0, 17, 6, 0, 249]  	601	5 
[0, 16, 5, 1, 249]  	609	3 
[0, 15, 6, 1, 249]  	621	3 
[0, 5, 9, 3, 249]  	628	2 
[0, 14, 7, 1, 249]  	633	4 
[0, 4, 14, 1, 249]  	648	1 
[0, 22, 3, 1, 249]  	677	3 
[0, 5, 13, 2, 249]  	702	2 
[0, 4, 9, 5, 249]  	737	2 
[0, 0, 20, 1, 249]  	766	1 
[6, 10, 4, 0, 250]  	442	8 
[4, 8, 7, 0, 250]  	477	12 
[1, 17, 1, 2, 250]  	570	4 
[1, 7, 2, 5, 250]  	573	4 
[0, 13, 8, 0, 250]  	579	4 
[1, 6, 3, 5, 250]  	585	3 
[1, 5, 2, 6, 250]  	593	4 
[1, 5, 4, 5, 250]  	597	2 
[1, 20, 2, 1, 250]  	608	4 
[0, 21, 0, 2, 250]  	615	3 
[0, 21, 2, 1, 250]  	619	3 
[0, 5, 13, 1, 250]  	636	3 
[0, 9, 9, 2, 250]  	654	2 
[1, 0, 9, 5, 250]  	657	4 
[0, 0, 14, 3, 250]  	688	1 
[0, 6, 12, 2, 250]  	690	2 
[0, 1, 18, 1, 250]  	719	2 
[0, 0, 19, 1, 250]  	731	1 
[0, 4, 4, 8, 250]  	760	1 
[6, 10, 3, 0, 251]  	407	6 
[3, 3, 0, 6, 251]  	501	8 
[2, 4, 4, 4, 251]  	520	4 
[1, 17, 0, 2, 251]  	535	3 
[0, 16, 5, 0, 251]  	543	3 
[2, 4, 1, 6, 251]  	547	5 
[0, 15, 6, 0, 251]  	555	3 
[3, 0, 13, 1, 251]  	557	4 
[1, 5, 1, 6, 251]  	558	4 
[0, 14, 7, 0, 251]  	567	4 
[1, 20, 3, 0, 251]  	577	5 
[3, 12, 4, 2, 251]  	584	7 
[1, 19, 2, 1, 251]  	585	4 
[1, 0, 9, 4, 251]  	591	2 
[0, 20, 3, 1, 251]  	631	3 
[0, 25, 2, 0, 251]  	645	5 
[0, 11, 2, 5, 251]  	653	1 
[0, 6, 11, 2, 251]  	655	3 
[0, 0, 2, 9, 251]  	664	1 
[0, 4, 9, 4, 251]  	671	2 
[0, 4, 13, 2, 251]  	679	1 
[0, 5, 8, 5, 251]  	725	2 
[0, 4, 3, 8, 251]  	725	1 
[6, 10, 2, 0, 252]  	372	5 
[5, 6, 7, 0, 252]  	443	6 
[2, 15, 2, 1, 252]  	505	4 
[1, 7, 2, 4, 252]  	507	2 
[1, 4, 4, 4, 252]  	508	2 
[2, 4, 0, 6, 252]  	512	5 
[1, 6, 3, 4, 252]  	519	2 
[1, 5, 0, 6, 252]  	523	4 
[1, 15, 3, 1, 252]  	528	3 
[1, 18, 3, 0, 252]  	531	5 
[3, 11, 7, 0, 252]  	534	5 
[4, 1, 2, 6, 252]  	537	10 
[3, 13, 2, 2, 252]  	537	4 
[0, 4, 9, 2, 252]  	539	1 
[1, 17, 4, 0, 252]  	543	6 
[0, 15, 4, 1, 252]  	551	2 
[1, 21, 0, 1, 252]  	561	4 
[1, 18, 2, 1, 252]  	562	4 
[0, 17, 3, 1, 252]  	562	3 
[5, 1, 14, 0, 252]  	573	7 
[2, 11, 3, 3, 252]  	580	5 
[0, 15, 3, 2, 252]  	582	4 
[2, 3, 14, 0, 252]  	583	8 
[0, 11, 0, 5, 252]  	583	2 
[0, 21, 1, 1, 252]  	584	2 
[2, 20, 1, 1, 252]  	585	5 
[2, 2, 15, 0, 252]  	595	7 
[0, 26, 0, 0, 252]  	598	3 
[1, 0, 13, 2, 252]  	599	3 
[0, 5, 12, 1, 252]  	601	1 
[1, 4, 3, 6, 252]  	605	1 
[1, 3, 15, 0, 252]  	606	6 
[0, 4, 13, 1, 252]  	613	1 
[0, 14, 3, 3, 252]  	625	4 
[0, 9, 12, 0, 252]  	627	1 
[0, 16, 1, 4, 252]  	667	2 
[0, 4, 7, 5, 252]  	667	1 
[0, 2, 16, 1, 252]  	672	3 
[0, 15, 2, 4, 252]  	679	2 
[0, 4, 2, 8, 252]  	690	1 
[0, 0, 18, 1, 252]  	696	1 
[0, 0, 8, 7, 252]  	742	1 
[6, 10, 1, 0, 253]  	337	4 
[6, 0, 8, 1, 253]  	418	4 
[5, 5, 8, 0, 253]  	455	7 
[2, 16, 2, 0, 253]  	462	5 
[1, 4, 3, 4, 253]  	473	3 
[3, 2, 0, 6, 253]  	478	6 
[0, 0, 12, 1, 253]  	486	1 
[1, 8, 1, 4, 253]  	495	3 
[3, 5, 10, 0, 253]  	501	12 
[1, 17, 1, 1, 253]  	504	3 
[0, 16, 2, 1, 253]  	504	1 
[0, 4, 8, 2, 253]  	504	1 
[3, 7, 9, 0, 253]  	512	11 
[0, 15, 3, 1, 253]  	516	2 
[1, 19, 2, 0, 253]  	519	4 
[0, 12, 7, 0, 253]  	521	2 
[2, 5, 11, 0, 253]  	524	5 
[4, 0, 8, 3, 253]  	526	2 
[3, 12, 3, 2, 253]  	549	5 
[1, 9, 0, 5, 253]  	549	1 
[0, 21, 0, 1, 253]  	549	1 
[1, 15, 0, 3, 253]  	555	6 
[1, 15, 2, 2, 253]  	559	7 
[3, 11, 4, 2, 253]  	561	5 
[0, 20, 1, 1, 253]  	561	1 
[1, 14, 1, 3, 253]  	567	6 
[1, 4, 2, 6, 253]  	570	1 
[0, 6, 11, 1, 253]  	589	2 
[1, 12, 3, 3, 253]  	591	4 
[0, 0, 0, 9, 253]  	594	1 
[1, 0, 11, 3, 253]  	595	3 
[0, 15, 0, 4, 253]  	609	3 
[0, 15, 2, 3, 253]  	613	3 
[0, 10, 11, 0, 253]  	615	2 
[0, 14, 1, 4, 253]  	621	3 
[0, 24, 2, 0, 253]  	622	2 
[0, 6, 14, 0, 253]  	628	1 
[0, 2, 11, 3, 253]  	629	3 
[0, 5, 6, 5, 253]  	655	2 
[0, 4, 1, 8, 253]  	655	1 
[0, 11, 6, 3, 253]  	661	2 
[0, 0, 8, 6, 253]  	676	1 
[0, 1, 6, 7, 253]  	695	2 
[0, 0, 7, 7, 253]  	707	1 
[6, 11, 0, 0, 254]  	325	3 
[6, 0, 7, 1, 254]  	383	3 
[0, 4, 7, 1, 254]  	403	1 
[5, 12, 2, 0, 254]  	406	3 
[0, 15, 2, 0, 254]  	415	2 
[6, 6, 6, 0, 254]  	420	3 
[1, 4, 2, 4, 254]  	438	3 
[3, 16, 1, 0, 254]  	439	5 
[4, 9, 2, 2, 254]  	457	2 
[1, 0, 11, 1, 254]  	463	2 
[1, 17, 0, 1, 254]  	469	2 
[1, 4, 1, 5, 254]  	469	1 
[0, 16, 1, 1, 254]  	469	1 
[1, 9, 0, 4, 254]  	483	2 
[4, 0, 7, 3, 254]  	491	2 
[0, 11, 7, 0, 254]  	498	1 
[4, 10, 1, 3, 254]  	511	6 
[3, 12, 2, 2, 254]  	514	3 
[1, 11, 2, 3, 254]  	533	3 
[2, 9, 9, 0, 254]  	546	7 
[1, 0, 8, 4, 254]  	556	2 
[0, 13, 2, 3, 254]  	567	3 
[1, 9, 10, 0, 254]  	569	5 
[0, 12, 3, 3, 254]  	579	3 
[1, 5, 13, 0, 254]  	582	3 
[1, 0, 7, 5, 254]  	587	2 
[0, 6, 13, 0, 254]  	593	1 
[1, 2, 4, 6, 254]  	594	5 
[0, 2, 10, 3, 254]  	594	2 
[0, 4, 5, 5, 254]  	597	1 
[0, 25, 1, 0, 254]  	610	3 
[0, 4, 0, 8, 254]  	620	1 
[0, 0, 7, 6, 254]  	641	1 
[0, 1, 11, 4, 254]  	672	2 
[0, 0, 6, 7, 254]  	672	1 
[0, 1, 19, 0, 254]  	688	1 
[6, 6, 0, 0, 255]  	210	3 
[0, 0, 6, 1, 255]  	276	1 
[0, 12, 1, 0, 255]  	311	2 
[0, 17, 0, 0, 255]  	391	1 
[5, 7, 5, 0, 255]  	396	8 
[1, 4, 1, 4, 255]  	403	2 
[4, 5, 7, 0, 255]  	408	6 
[4, 10, 1, 2, 255]  	445	2 
[4, 4, 9, 0, 255]  	455	5 
[10, 4, 7, 0, 255]  	457	8 
[1, 5, 0, 5, 255]  	457	1 
[0, 11, 6, 0, 255]  	463	1 
[4, 5, 3, 3, 255]  	466	4 
[2, 11, 4, 1, 255]  	483	3 
[4, 9, 1, 3, 255]  	488	2 
[4, 8, 2, 3, 255]  	500	5 
[1, 4, 0, 6, 255]  	500	1 
[2, 6, 10, 0, 255]  	512	6 
[2, 8, 9, 0, 255]  	523	6 
[1, 7, 10, 0, 255]  	523	5 
[1, 4, 12, 0, 255]  	524	2 
[5, 2, 12, 0, 255]  	526	6 
[0, 0, 0, 8, 255]  	528	1 
[1, 14, 0, 3, 255]  	532	3 
[0, 15, 0, 3, 255]  	543	3 
[0, 6, 12, 0, 255]  	558	1 
[2, 3, 2, 6, 255]  	559	4 
[2, 2, 3, 6, 255]  	571	3 
[3, 0, 4, 6, 255]  	572	2 
[1, 2, 15, 0, 255]  	583	4 
[1, 1, 16, 0, 255]  	595	4 
[3, 0, 16, 0, 255]  	596	4 
[0, 5, 14, 0, 255]  	605	3 
[0, 4, 15, 0, 255]  	617	2 
[0, 3, 16, 0, 255]  	629	4 
[0, 0, 5, 7, 255]  	637	1 
[0, 2, 17, 0, 255]  	641	2 
[0, 1, 18, 0, 255]  	653	1 
------
The gap is between 12 and 243.
Lengths: 5 5 10 15 5 13.
For 692 = 3*d-d1-d2-d3-d4 you get 5 in char 0.
1 + 0*2^64 + 0*2^128 + 0*2^192*y^24*z^4
1 + 0*2^64 + 0*2^128 + 0*2^192*y^12*z^10*w^1
1 + 0*2^64 + 0*2^128 + 0*2^192*y^11*z^5*w^4
1 + 0*2^64 + 0*2^128 + 0*2^192*y^10*w^7
1 + 0*2^64 + 0*2^128 + 0*2^192*z^16*w^2

For 416 = 2*d-d1-d2-d3-d4 you get 10 in char 0.
1 + 0*2^64 + 0*2^128 + 0*2^192*x^5*y^4*w^4
1 + 0*2^64 + 0*2^128 + 0*2^192*x^4*y^3*z^1*w^4
1 + 0*2^64 + 0*2^128 + 0*2^192*x^3*y^15*z^1
1 + 0*2^64 + 0*2^128 + 0*2^192*x^3*y^2*z^2*w^4
1 + 0*2^64 + 0*2^128 + 0*2^192*x^2*y^14*z^2
1 + 0*2^64 + 0*2^128 + 0*2^192*x^2*y^1*z^3*w^4
1 + 0*2^64 + 0*2^128 + 0*2^192*x^1*y^13*z^3
1 + 0*2^64 + 0*2^128 + 0*2^192*x^1*z^4*w^4
1 + 0*2^64 + 0*2^128 + 0*2^192*y^12*z^4
1 + 0*2^64 + 0*2^128 + 0*2^192*z^10*w^1

For 140 = d-d1-d2-d3-d4 you get 5 in char 0.
1 + 0*2^64 + 0*2^128 + 0*2^192*x^4*y^4
1 + 0*2^64 + 0*2^128 + 0*2^192*x^3*y^3*z^1
1 + 0*2^64 + 0*2^128 + 0*2^192*x^2*y^2*z^2
1 + 0*2^64 + 0*2^128 + 0*2^192*x^1*y^1*z^3
1 + 0*2^64 + 0*2^128 + 0*2^192*z^4

Extra powers of p used 6.
The invariant extra is equal to 33.
Start computing 2^4 Delta^1 (x1x2x3x4)^1... Done.
Start computing 2^5 Delta^2 (x1x2x3x4)^1... Done.
Start computing 2^6 Delta^3 (x1x2x3x4)^1... Done.
Start computing 2^7 Delta^4 (x1x2x3x4)^1... Done.
Start computing 2^8 Delta^5 (x1x2x3x4)^1... Done.
Start computing 2^9 Delta^6 (x1x2x3x4)^1... Done.
Start computing 2^10 Delta^7 (x1x2x3x4)^1... Done.
Start computing 2^11 Delta^8 (x1x2x3x4)^1... Done.
Start computing 2^12 Delta^9 (x1x2x3x4)^1... Done.
Start computing 2^13 Delta^10 (x1x2x3x4)^1... Done.
Start computing 2^14 Delta^11 (x1x2x3x4)^1... Done.
Start computing 2^15 Delta^12 (x1x2x3x4)^1... Done.
Start computing 2^16 Delta^13 (x1x2x3x4)^1... Done.
Start computing 2^17 Delta^14 (x1x2x3x4)^1... Done.
Start computing 2^18 Delta^15 (x1x2x3x4)^1... Done.
Start computing 2^19 Delta^16 (x1x2x3x4)^1... Done.
Start computing 2^20 Delta^17 (x1x2x3x4)^1... Done.
Start computing 2^21 Delta^18 (x1x2x3x4)^1... Done.
Start computing 2^22 Delta^19 (x1x2x3x4)^1... Done.
Start computing 2^23 Delta^20 (x1x2x3x4)^1... Done.
Start computing 2^24 Delta^21 (x1x2x3x4)^1... Done.
Start computing 2^25 Delta^22 (x1x2x3x4)^1... Done.
Start computing 2^26 Delta^23 (x1x2x3x4)^1... Done.
Start computing 2^27 Delta^24 (x1x2x3x4)^1... Done.
Start computing 2^28 Delta^25 (x1x2x3x4)^1... Done.
Start computing 2^29 Delta^26 (x1x2x3x4)^1... Done.
Start computing 2^30 Delta^27 (x1x2x3x4)^1... Done.
Start computing 2^31 Delta^28 (x1x2x3x4)^1... Done.
Start computing 2^32 Delta^29 (x1x2x3x4)^1... Done.
Start computing 2^33 Delta^30 (x1x2x3x4)^1... Done.
Start computing 2^34 Delta^31 (x1x2x3x4)^1... Done.
Start computing 2^35 Delta^32 (x1x2x3x4)^1... Done.
Start computing 2^36 Delta^33 (x1x2x3x4)^1... Done.
Start computing 2^37 Delta^34 (x1x2x3x4)^1... Done.
Start computing 2^38 Delta^35 (x1x2x3x4)^1... Done.
Start computing aa.
1 2 3 4 5 6 7 8 9 10 11 12 13 14 15 16 17 18 19 20 
*/
A = \
[2523324334875746960 + 10717563786411496699*2^64 + 18081570259798382504*2^128 + 51906163149*2^192,18270919334427576352 + 11141715067758589647*2^64 + 4651228154557466642*2^128 + 18769669525*2^192,13162051855769031056 + 13366630308790408811*2^64 + 14282242076561045310*2^128 + 17189741233*2^192,9178769472106830344 + 506472223034405168*2^64 + 11422833859907048120*2^128 + 40860701522*2^192,17842162438432449216 + 5913379180167158277*2^64 + 5596793119847012728*2^128 + 49751810058*2^192,14345970311598608512 + 181870852193010894*2^64 + 353555060759364616*2^128 + 5733761678*2^192,699010645717951168 + 13195293875530047398*2^64 + 13754719362809979909*2^128 + 61339675342*2^192,1985586077847448576 + 10266325185571115150*2^64 + 15222237127773977797*2^128 + 19053877549*2^192,10364254825261318016 + 10414549155183576107*2^64 + 11708361500998141512*2^128 + 14937981237*2^192,8740769703537417984 + 12536306729402810260*2^64 + 7916613167003011677*2^128 + 64109010835*2^192,8378644676831401216 + 15753808848232317986*2^64 + 16073864104508412679*2^128 + 63072430982*2^192,12733533239405580032 + 547567326677504759*2^64 + 7673633541877728970*2^128 + 22952064531*2^192,2977431265946069440 + 7905127742141657914*2^64 + 5513036891461807884*2^128 + 14175216142*2^192,7992555749624661888 + 14081867410975052139*2^64 + 2002439016398859577*2^128 + 48172391019*2^192,13380422575294951680 + 12832697653260655514*2^64 + 10375634521577790805*2^128 + 59675026011*2^192,8015097232666562560 + 7747182416214228505*2^64 + 4398111982883374143*2^128 + 2576730675*2^192,15639092559926280704 + 5477288964399173009*2^64 + 5732217703182766347*2^128 + 30123388660*2^192,6163831017693276160 + 7030020337933712121*2^64 + 16548437064361539230*2^128 + 64755228803*2^192,38001925149211904 + 11333877105553412641*2^64 + 9241305650900362589*2^128 + 67569854829*2^192,11659047643597816832 + 10494115916268762768*2^64 + 12061008933797603068*2^128 + 19677671582*2^192;\
257979351150875968 + 1842616533510596007*2^64 + 9810981751827260787*2^128 + 31427501344*2^192,15967804025284997760 + 10401432292702435786*2^64 + 4130214756551867896*2^128 + 61571910213*2^192,4233521529143774016 + 15287310998020354143*2^64 + 12952716929542910818*2^128 + 60074465664*2^192,12740330211023397560 + 8702786672135945622*2^64 + 13404263390066718634*2^128 + 4415692571*2^192,14310661026802052096 + 3349219117026382751*2^64 + 7390727154184738447*2^128 + 16860006635*2^192,16882774159537159424 + 4775600308981115793*2^64 + 8948081399615352763*2^128 + 37765547762*2^192,9680501859042612544 + 2955985378022167613*2^64 + 12199080191944524529*2^128 + 26902421632*2^192,11510444823841505408 + 4722517021420913583*2^64 + 10518751098582496211*2^128 + 14990004520*2^192,17724850422511112192 + 12420215374925154162*2^64 + 6901905272514716893*2^128 + 4618732164*2^192,16919392155926108416 + 17693047783336680377*2^64 + 1227996319331235879*2^128 + 19789047066*2^192,6316118185459174272 + 18396252133173897269*2^64 + 13400908407700383719*2^128 + 32894326615*2^192,18305367392079270656 + 9077778726421690738*2^64 + 16396943337516908725*2^128 + 47920580588*2^192,5594214809788151424 + 9429679442986852835*2^64 + 3872085243303851733*2^128 + 38617338007*2^192,3928266210306543872 + 1829039138917347684*2^64 + 5114212610532280648*2^128 + 24977543532*2^192,28732462283691008 + 12278542138823124823*2^64 + 4691837372960592171*2^128 + 57821985606*2^192,17163432411777488896 + 16424233878460635473*2^64 + 7195858667759485497*2^128 + 30212910069*2^192,10542808711349837312 + 9337760766167002028*2^64 + 15052563459340700945*2^128 + 4808868135*2^192,1624555832269852672 + 1924865264768862199*2^64 + 2980661004066219506*2^128 + 10523153649*2^192,16851027538070229760 + 7660804127352984332*2^64 + 5484199814588601917*2^128 + 58390024560*2^192,13132210188991378944 + 13651797624454454110*2^64 + 1423295486509470950*2^128 + 44502232762*2^192;\
13424602009970210304 + 692218282612386389*2^64 + 8850697686119524149*2^128 + 45255485162*2^192,10229760817865275392 + 2474386875437545571*2^64 + 13870022487231566322*2^128 + 24053947104*2^192,2844146105194135104 + 13929092030176392030*2^64 + 439466295146025378*2^128 + 67387616861*2^192,1481582136988604416 + 12901786590002855473*2^64 + 14702387741267547861*2^128 + 48866704570*2^192,4097465069886830592 + 169434530148951419*2^64 + 3542193602663903549*2^128 + 15180458407*2^192,6236049467945091072 + 12174621877008791279*2^64 + 14055229309198713152*2^128 + 13638066990*2^192,17831097772073243648 + 16881862512988181710*2^64 + 15262395690779212847*2^128 + 28808316755*2^192,4427819590888206336 + 8957433680563213748*2^64 + 10215661819736372909*2^128 + 29877267977*2^192,638796151296827392 + 9605350121130693003*2^64 + 16898464730377551167*2^128 + 8513490269*2^192,15942022630026311680 + 467856290324975620*2^64 + 5221214078669928005*2^128 + 39749528697*2^192,4540046160106702848 + 247714222547229759*2^64 + 3005247287526558540*2^128 + 60415771512*2^192,15989051593042393088 + 1294661003130388684*2^64 + 12945538679738756084*2^128 + 17258412584*2^192,10882502956287907840 + 12338466531821398096*2^64 + 10751749796679674692*2^128 + 23696233335*2^192,6523882788600504320 + 529592453931225810*2^64 + 4645415542563623290*2^128 + 27943776878*2^192,18149637079951638528 + 4515295515097035429*2^64 + 14570124049310819204*2^128 + 34457815539*2^192,9107828673815699456 + 4568286862010972212*2^64 + 11827908201443004234*2^128 + 50726307239*2^192,18199656351326650368 + 10986982907242949390*2^64 + 6208120215918376786*2^128 + 51092737003*2^192,13973605638829764608 + 2915664946494361971*2^64 + 2021975653832118077*2^128 + 44398794706*2^192,14862475741504307200 + 7613645473742848388*2^64 + 6281224044742628697*2^128 + 34063785592*2^192,9155257359895986176 + 4479084848061030105*2^64 + 13930518548605176052*2^128 + 49016933191*2^192;\
11332670376068081152 + 16792410819411856447*2^64 + 279224625597164161*2^128 + 38521335002*2^192,17580894326691066368 + 10456313587138578800*2^64 + 16028010959600934261*2^128 + 14762601045*2^192,58147756723164928 + 10980891006115325482*2^64 + 7457263801524929983*2^128 + 7377637588*2^192,11035780727191341056 + 5006942734534450463*2^64 + 6900357231342788690*2^128 + 68357603837*2^192,1179944587032008704 + 12151743893069648240*2^64 + 9692582843357169602*2^128 + 65222816425*2^192,14517697064090675200 + 7228436060851995463*2^64 + 7607968646204369502*2^128 + 15534825478*2^192,12134615369555760128 + 5421993839207466242*2^64 + 8945362935073944220*2^128 + 26989179223*2^192,7138156179331201024 + 1325162311439648693*2^64 + 6704742114064688486*2^128 + 38855148792*2^192,2719202500596955136 + 10720595394957858881*2^64 + 13380458373717200638*2^128 + 9527972065*2^192,3991953680099471360 + 9519648070641440004*2^64 + 1659011477300531048*2^128 + 1788794862*2^192,14509961787966208000 + 6387663360369229606*2^64 + 3033391309014363798*2^128 + 39204428601*2^192,12671753401577893888 + 12928521994202946887*2^64 + 14136735975417125608*2^128 + 25394774767*2^192,6668918826167215104 + 16346140514956254838*2^64 + 341010589630940063*2^128 + 34498544183*2^192,14029664030273017856 + 15867151164761364978*2^64 + 7948917127840642506*2^128 + 32774808037*2^192,11569055466694922240 + 16082423875865671958*2^64 + 5097472155237816263*2^128 + 11169180851*2^192,8699092780216365056 + 5256065799429543101*2^64 + 16679979531099453471*2^128 + 35628722753*2^192,18297449344658096128 + 7209040090975899400*2^64 + 17260364155184480967*2^128 + 20183409413*2^192,10502332228584816640 + 15112597196744677165*2^64 + 902838350454298817*2^128 + 50641218976*2^192,2530521171481088000 + 17024133928000648997*2^64 + 945120131739066471*2^128 + 21737521452*2^192,6530841182363836416 + 4422342764863402*2^64 + 1524094410764819566*2^128 + 46331763231*2^192;\
7942426222410000028 + 1841370688985282560*2^64 + 14514319954127670176*2^128 + 30545729810*2^192,9025286989317700472 + 3830832738603844807*2^64 + 888803879141246585*2^128 + 27583548134*2^192,338138411065136548 + 9559650011717345769*2^64 + 8707615519114518520*2^128 + 35936951189*2^192,8032765979258713442 + 1023947329717905369*2^64 + 12681979963796377027*2^128 + 9690503452*2^192,4288718303119963344 + 10334728494378898090*2^64 + 4350383349209304648*2^128 + 50574901654*2^192,6103156565023591776 + 3038008613262641040*2^64 + 12681201048895748066*2^128 + 26597846329*2^192,12633173368777592112 + 5581549366040858321*2^64 + 3140588524512370641*2^128 + 17004224965*2^192,9089455818262385600 + 8054297545910458327*2^64 + 11649733164029698950*2^128 + 46895958080*2^192,35229206550401056 + 13756750925326471598*2^64 + 18008004820578819886*2^128 + 59311519989*2^192,8952376593484433600 + 605611614650235262*2^64 + 18233248605464913146*2^128 + 26900767410*2^192,7809836819180230592 + 6537106570482831786*2^64 + 5484935897216095724*2^128 + 10843188152*2^192,12275573372046036928 + 16363543951215611622*2^64 + 8774158138633210177*2^128 + 58431576391*2^192,11025587241073598928 + 13776044814180943153*2^64 + 8286797477274391312*2^128 + 21748900174*2^192,13733647903003279008 + 7902878576950839584*2^64 + 8949448170885392916*2^128 + 37773222425*2^192,8697743416906640320 + 2873111335542492341*2^64 + 8114684140177733345*2^128 + 5739007549*2^192,13228061281912545280 + 14872986014081531305*2^64 + 5801194946491192682*2^128 + 6594935010*2^192,2988540842061237376 + 12244023245297987345*2^64 + 15479513045205882128*2^128 + 11909006859*2^192,5765165795492128256 + 17421348326913934691*2^64 + 983364511285208374*2^128 + 3234318891*2^192,13942293006482961216 + 14375789353902114959*2^64 + 12107645230246450784*2^128 + 46556347656*2^192,12528995190492990720 + 16084629127532498729*2^64 + 5468179120500366017*2^128 + 960520507*2^192;\
14339758900101485312 + 8995909736076609925*2^64 + 9055565879728186983*2^128 + 4255942279*2^192,12682861820855033344 + 5988959186373248131*2^64 + 8903667211266598445*2^128 + 57568860031*2^192,13568793534851950464 + 13623971350056656226*2^64 + 18369338285870409120*2^128 + 24505773879*2^192,4032565117167646784 + 13635049108265707683*2^64 + 6310524775438408955*2^128 + 24864096332*2^192,12800723790183112704 + 733202850537704719*2^64 + 10172713284345146208*2^128 + 50197331181*2^192,1595330754694638464 + 2418992385933434906*2^64 + 2342598640326963601*2^128 + 19206199354*2^192,3389989665420644608 + 15799712801470386889*2^64 + 4388046694910747263*2^128 + 66648691188*2^192,7803782640783111680 + 18228732036907659759*2^64 + 14051156895436979068*2^128 + 39670526036*2^192,15978971420595104768 + 3657114289426462203*2^64 + 17248083290816976861*2^128 + 54399237545*2^192,10773397715035641856 + 10190534105779559573*2^64 + 15024157812721523882*2^128 + 62401685705*2^192,6504028936325434752 + 9689646975868543626*2^64 + 12370502562364506780*2^128 + 22610952587*2^192,6962101606843655168 + 1635070516484746765*2^64 + 9743706461766023280*2^128 + 47437569521*2^192,14338229303016212736 + 12583222308145759332*2^64 + 7438152605743747714*2^128 + 67248291509*2^192,212587580229260288 + 11499181063286057362*2^64 + 11552408045079695665*2^128 + 14169844159*2^192,8605170662239291392 + 10639934121300812679*2^64 + 10847660847068716673*2^128 + 46274082662*2^192,15363504877883566080 + 422242707521365660*2^64 + 1411561766943547822*2^128 + 698804907*2^192,17529903951105584128 + 2147981640688999730*2^64 + 14964075393623218706*2^128 + 63772545855*2^192,11356645206681050112 + 15273715818257659491*2^64 + 9828123556861086363*2^128 + 39964602801*2^192,15441783622189446144 + 8352935115345162513*2^64 + 18120005118977669712*2^128 + 31751304359*2^192,5817737550745763840 + 15581597389270001758*2^64 + 2845130443605071445*2^128 + 38930158463*2^192;\
1349712870250094848 + 2719924561780793739*2^64 + 4354874235701059118*2^128 + 10850961015*2^192,9440431977961342464 + 1637683127765990578*2^64 + 9503695377495225548*2^128 + 25253892912*2^192,2117949400604195072 + 7580773373046611890*2^64 + 15494349467245304015*2^128 + 50731677901*2^192,15210711082253637120 + 11246548543815406819*2^64 + 6546969077922542878*2^128 + 24959392212*2^192,5936338580335020032 + 132505394773096596*2^64 + 7151295873758375018*2^128 + 17834061816*2^192,11630518976899240960 + 8220634200369642263*2^64 + 10091904522623001771*2^128 + 38311470537*2^192,17343839228779000320 + 15801268347148599196*2^64 + 4849278896186937315*2^128 + 52665997077*2^192,10760383813786339328 + 3241513442157751227*2^64 + 17726616001399702943*2^128 + 45320231124*2^192,8866809642110706688 + 3399522515809059824*2^64 + 4327358531658335968*2^128 + 4752303891*2^192,18184285351814377472 + 16719823184343289971*2^64 + 12294375213117325126*2^128 + 2751663253*2^192,6068484953502031744 + 1272925338599809982*2^64 + 10891369511438929523*2^128 + 68549874137*2^192,11319383799667298304 + 2984392289294800690*2^64 + 3864869104097605686*2^128 + 538730121*2^192,4976485387527690240 + 8325232390844022865*2^64 + 4060302607044828293*2^128 + 61355842020*2^192,8566656496065145856 + 4391859446412438075*2^64 + 5606464065239802120*2^128 + 52249618850*2^192,2285085494901118976 + 7431585339765323036*2^64 + 14560109399920766729*2^128 + 58535887538*2^192,10948418522956781568 + 18255332425705229844*2^64 + 14905938983771231395*2^128 + 25190951088*2^192,12662693695036006400 + 6906653781657805294*2^64 + 14638023491818092079*2^128 + 33575203680*2^192,1413446568409792512 + 2895170345322718508*2^64 + 16912293763318264107*2^128 + 64635819770*2^192,6236329077461729280 + 6439560446468531357*2^64 + 7312199988806935603*2^128 + 42894049939*2^192,8811037445096679424 + 2641551100399198849*2^64 + 14503230775865992314*2^128 + 28305678366*2^192;\
7528341514309941648 + 5597681751826942217*2^64 + 3449064178352938099*2^128 + 5460181382*2^192,5505442591450928096 + 12373226239499312429*2^64 + 3023550184978355334*2^128 + 53404365153*2^192,11333898754653103664 + 7923285511097953818*2^64 + 13311239892068355015*2^128 + 62261604299*2^192,4921696242684802312 + 14274148690433947972*2^64 + 7702121114359527348*2^128 + 32407235387*2^192,14470493948000255552 + 13228384105946590290*2^64 + 11392928770721762055*2^128 + 41515817466*2^192,6905802190699263552 + 7564894825101069444*2^64 + 1770079976311317069*2^128 + 52207383650*2^192,12774592074980965440 + 10720839470313026241*2^64 + 1744792930770821896*2^128 + 53059884689*2^192,5757981661334927488 + 17207829514061189801*2^64 + 2973118303928967013*2^128 + 37645570076*2^192,93013490359705984 + 5055616106698373567*2^64 + 5035727071493118782*2^128 + 52308600469*2^192,1436727479274056960 + 1974802388393165228*2^64 + 12875030363723963354*2^128 + 50607943293*2^192,751276310149570368 + 9699816531115286291*2^64 + 8841607009576567551*2^128 + 28479862001*2^192,8967566838927284288 + 17499029694067023028*2^64 + 6257667005415657979*2^128 + 54090243989*2^192,9433967680274405952 + 5262999313261642336*2^64 + 13389470548394340068*2^128 + 1139732868*2^192,4086859088983936768 + 4114975886837857064*2^64 + 12486111920300507726*2^128 + 5418280698*2^192,7965010126618730752 + 10821802488475291538*2^64 + 4756237288628951995*2^128 + 54625873313*2^192,17989103190295493632 + 4152800913644431893*2^64 + 6350817901105585965*2^128 + 46581169724*2^192,18093292575670951680 + 1958229474747716756*2^64 + 2887917205101083084*2^128 + 11471917272*2^192,1062196325159098880 + 1796091103452180903*2^64 + 6844725544350273435*2^128 + 5576371827*2^192,2645823145887532288 + 963087708655789967*2^64 + 16455082707120443622*2^128 + 53860709450*2^192,1459907641278272000 + 16364074569616836999*2^64 + 8251283157733823378*2^128 + 8592101179*2^192;\
3391916785949854208 + 18277443256955610474*2^64 + 15433412296241425456*2^128 + 29460771562*2^192,10302865552737276928 + 1945063068190140146*2^64 + 9791135559004882772*2^128 + 35260278682*2^192,18061103193437457728 + 17223589619666264232*2^64 + 14624858690393564027*2^128 + 44981250901*2^192,12569468962055019520 + 10674595104583833888*2^64 + 16880972700525443936*2^128 + 24596670919*2^192,18150071451846426624 + 7698054255896848136*2^64 + 15805696240951786607*2^128 + 62380068204*2^192,16830451811082477056 + 10678912729512825554*2^64 + 18410028447066455436*2^128 + 44523082022*2^192,10469541774237850240 + 14162102085625531567*2^64 + 10629854148348452204*2^128 + 2790656064*2^192,2154122897687022592 + 432111608380878823*2^64 + 11211617727549856741*2^128 + 18539227834*2^192,13843662917009230080 + 11310528429963510144*2^64 + 5592892595074170749*2^128 + 39095406336*2^192,11963845971022907392 + 9239341753705983842*2^64 + 12933722820034906291*2^128 + 63924047018*2^192,8965925226752505856 + 14847667855681974676*2^64 + 13472988322338099052*2^128 + 14471687907*2^192,13517169027570072576 + 25526086637032155*2^64 + 376290373383826046*2^128 + 2548139050*2^192,6770640189486271360 + 12454331170952859558*2^64 + 13972096263690711337*2^128 + 48573779132*2^192,8021988320101517312 + 4762106200819626986*2^64 + 4925990275936562966*2^128 + 33161973328*2^192,12814075053767258112 + 2052398104288981219*2^64 + 9600720693997497759*2^128 + 57020725810*2^192,15500789047788148736 + 14707898010497181823*2^64 + 7717427840350390058*2^128 + 54089309620*2^192,11289139101485468672 + 15119474342526232649*2^64 + 16321832520446382735*2^128 + 12474489269*2^192,4843768260991293440 + 4588054561437979951*2^64 + 10248462690140780617*2^128 + 33238430008*2^192,3712570361946943488 + 1423165088498339645*2^64 + 117410018872251217*2^128 + 44087134142*2^192,16174241739585273856 + 3651630758812517265*2^64 + 7979618739897632556*2^128 + 48327119596*2^192;\
12236491046779261000 + 12830337907128153875*2^64 + 2025869423019167178*2^128 + 6862128864*2^192,6062146868013670448 + 12769196515416149060*2^64 + 4914489868198936257*2^128 + 45922003643*2^192,5753698661656688088 + 18079103127576124075*2^64 + 2471973729154109403*2^128 + 35193626550*2^192,3692362804407767836 + 9501956762141438657*2^64 + 9267043267664631574*2^128 + 52425463337*2^192,12158759951169630624 + 8311242610220389254*2^64 + 13546311111517921990*2^128 + 57129090881*2^192,7296531017195380512 + 15744373504259674510*2^64 + 14914406273398604507*2^128 + 53411235446*2^192,1926629126545712352 + 3192372778757490185*2^64 + 11860965086935758330*2^128 + 5328235183*2^192,500966981573432128 + 7917276376808391411*2^64 + 7762144876054511400*2^128 + 43208657259*2^192,13054395256201329600 + 15351595224769502834*2^64 + 11889847073533571179*2^128 + 65209680260*2^192,7211546575236653696 + 14172037940014054692*2^64 + 3232366123300177915*2^128 + 30976885346*2^192,3778433517826423776 + 6667168489655717285*2^64 + 3830829695144960034*2^128 + 38066356511*2^192,9660323226781253088 + 12809935934613273599*2^64 + 14101636293662710231*2^128 + 36752050169*2^192,682233240753589024 + 14149280662933104613*2^64 + 13158779296540971075*2^128 + 64422941853*2^192,16616814904220736000 + 296193819775451742*2^64 + 9844862797541839364*2^128 + 46031069538*2^192,1404567157116531328 + 15636800483740559786*2^64 + 7154119076502968862*2^128 + 4708571212*2^192,6763287897305360896 + 1963464721730165215*2^64 + 9346867832068568741*2^128 + 31392022430*2^192,14798785699609020800 + 18004586328585704624*2^64 + 7776796755952578714*2^128 + 23132854402*2^192,4393099331081260288 + 7939075724755547357*2^64 + 17784015283590921022*2^128 + 60564837013*2^192,8801881476295984512 + 1219582474741914226*2^64 + 234693677907010829*2^128 + 35805978052*2^192,5777036257969688320 + 401512534950537070*2^64 + 5952819420902294775*2^128 + 19500899843*2^192;\
13744150638870889984 + 15720721292407451265*2^64 + 4646295438417280878*2^128 + 48259758367*2^192,3067395973938076672 + 987398262639585341*2^64 + 2192821879972016768*2^128 + 7279571501*2^192,14026009833324646592 + 14272485431790099683*2^64 + 2390641742752525039*2^128 + 15879412709*2^192,9040909730127859712 + 6271196773883602922*2^64 + 15787011276589965876*2^128 + 22523333903*2^192,4399434153671704576 + 18329248065037623407*2^64 + 13925628020986326313*2^128 + 59015402687*2^192,5983749996531276288 + 13436821526247423923*2^64 + 3853325331925418890*2^128 + 40761001776*2^192,5893341252729337344 + 1753554926994193761*2^64 + 14357694178800737884*2^128 + 19133364752*2^192,14376042867364901888 + 17075895119779488825*2^64 + 7356585787633136790*2^128 + 50611183298*2^192,974476268506148608 + 2222130981193807400*2^64 + 3015582537068336031*2^128 + 42176651788*2^192,17041025993644097536 + 12175759194264210548*2^64 + 8916842562180575677*2^128 + 61402980219*2^192,2114657069256262656 + 18386291702055908332*2^64 + 16157989164043106304*2^128 + 57442062588*2^192,5005685016183147520 + 1582458273316604647*2^64 + 13689668242551720753*2^128 + 8248860253*2^192,10738294122215870592 + 8160230396739776280*2^64 + 12812563363838302011*2^128 + 9416391618*2^192,12160808403085559808 + 16000696453577363005*2^64 + 9858716721786363593*2^128 + 1050551867*2^192,7687324999247355904 + 11125836626388903265*2^64 + 10126453112136996090*2^128 + 47552074428*2^192,3428498900234774528 + 2678165400975731179*2^64 + 15117863027431970141*2^128 + 45921856050*2^192,4835349515851813888 + 18056629910268566062*2^64 + 6494126664423567794*2^128 + 2220210457*2^192,1787178306478381056 + 11222371245243785694*2^64 + 5662957086373997034*2^128 + 58679131037*2^192,17532742157316589568 + 5574861041192669261*2^64 + 11810989417128792641*2^128 + 62353486840*2^192,8619165469815623680 + 3309983127317710384*2^64 + 11281502313349495686*2^128 + 29676733808*2^192;\
14151029603231192928 + 14842768006714755167*2^64 + 6272231818130736349*2^128 + 37790699976*2^192,14023323389621581328 + 14561165717008659716*2^64 + 3204017923482786406*2^128 + 53307254297*2^192,2189344905218476656 + 14757728033097290517*2^64 + 13523800899917151180*2^128 + 10539199841*2^192,4585350895322780220 + 12025816728280534833*2^64 + 16663721894331958176*2^128 + 8170677486*2^192,7407735889919709536 + 14306930354663550442*2^64 + 4611670867146286182*2^128 + 60178688072*2^192,4630999528585093360 + 11340185375645945642*2^64 + 9858008445951351546*2^128 + 60583552020*2^192,11334269797931644672 + 8724576725908604775*2^64 + 14847986978371969230*2^128 + 33305192793*2^192,17922697472562473952 + 8465186332674169923*2^64 + 5693894252810739516*2^128 + 25775732144*2^192,14828755282667682176 + 771574333950514323*2^64 + 4139445139394798022*2^128 + 20447778054*2^192,1559047271986093824 + 6908798760829599907*2^64 + 7158716760374897286*2^128 + 9235012769*2^192,12358693108254314480 + 9602877950646454225*2^64 + 14264837876065221940*2^128 + 30763712757*2^192,735745974361564592 + 12129719369124674049*2^64 + 4679980846322170117*2^128 + 28989670415*2^192,2144295018018729824 + 11484528430050180050*2^64 + 13267084131579469620*2^128 + 67467509719*2^192,5699603524492406112 + 17647067003494396154*2^64 + 7161437215886011123*2^128 + 33218380784*2^192,10232476708686336384 + 907389242783409622*2^64 + 14795758642448287592*2^128 + 37181654358*2^192,5179277503882229504 + 6967462022997220516*2^64 + 6104624468319527947*2^128 + 15977618701*2^192,9325391335842031936 + 16566847337865623705*2^64 + 17837128168542870081*2^128 + 46511513529*2^192,3430321523001079424 + 10283926310759564998*2^64 + 668168516322481080*2^128 + 49977321557*2^192,12263655300938887552 + 3932909359164253349*2^64 + 7023759006168484717*2^128 + 56046512219*2^192,906516641890517632 + 6542117361495782194*2^64 + 953242049262566624*2^128 + 35722129037*2^192;\
4464085381883990784 + 9630969783096297314*2^64 + 5318237954119588382*2^128 + 16080822617*2^192,10518099935181137408 + 13212981804770274561*2^64 + 5377020487255644766*2^128 + 7926107725*2^192,13010854056913446656 + 2670711633226793072*2^64 + 8525108549610190370*2^128 + 28933084154*2^192,8273407569134883200 + 3861864659469590406*2^64 + 1989132104217213543*2^128 + 30021430797*2^192,10487209718935304192 + 11216176752822898896*2^64 + 17719371117042662975*2^128 + 54114669708*2^192,13584322582251934464 + 7248245882231297275*2^64 + 18003665446985176294*2^128 + 37102836548*2^192,2675608202036034560 + 6645241091564704970*2^64 + 39669398545749574*2^128 + 6353694999*2^192,5584164513355428864 + 2473719413183899649*2^64 + 8512242852316495163*2^128 + 3862497487*2^192,4266438997219609472 + 10499116069175589800*2^64 + 6684382005721777731*2^128 + 13373799301*2^192,11085624930864758784 + 8046392007138706144*2^64 + 15167692871820463168*2^128 + 38674267989*2^192,1674378286812548864 + 17689092970808237510*2^64 + 12182140155965595047*2^128 + 22778737468*2^192,13345932634816410112 + 10011344205865793792*2^64 + 6537292549596457197*2^128 + 51460881362*2^192,2249915507635744256 + 10422140504118782949*2^64 + 11886327965130317920*2^128 + 15090343518*2^192,5666147217293714432 + 3114808609558314618*2^64 + 6026512947239175296*2^128 + 32582797657*2^192,686001799693895680 + 14828618220596624675*2^64 + 3906904855145587377*2^128 + 1872651445*2^192,2528810786876827648 + 18196615518937300366*2^64 + 3341546454603922789*2^128 + 65474996071*2^192,18347430453655443456 + 18188319197659598671*2^64 + 3940117323031144180*2^128 + 12496024003*2^192,12619390666269652992 + 6943317848535505988*2^64 + 18405465461074065693*2^128 + 11651553939*2^192,12301302101461058560 + 1882432289604345253*2^64 + 17526339191996352627*2^128 + 34749908395*2^192,9297663077432997888 + 8030989377792186086*2^64 + 7360073255849973352*2^128 + 33424229384*2^192;\
7810771742656662276 + 13501836446503032254*2^64 + 8028230141937996697*2^128 + 21950456154*2^192,1594516844873504240 + 11845985588269784593*2^64 + 3661372613785193883*2^128 + 17822077061*2^192,14952111297528213748 + 1865735337425521972*2^64 + 5568686970283245841*2^128 + 62055923454*2^192,2048706752210927416 + 11309779112832095979*2^64 + 3920385218958112575*2^128 + 37417845094*2^192,9820480247181617120 + 1860533847646145756*2^64 + 12743330304379766591*2^128 + 30937598261*2^192,15592411492195411160 + 17604595757794267826*2^64 + 2317467344796734131*2^128 + 48470759155*2^192,2067472785123480432 + 9561288470132320466*2^64 + 3793021798912686766*2^128 + 16470866046*2^192,9139660334078012784 + 9769554856120736504*2^64 + 10381926395215341447*2^128 + 1583682075*2^192,2042853320972799264 + 8209177664652083465*2^64 + 11152412735714033943*2^128 + 10116662181*2^192,8354588189149514560 + 1699181043212480513*2^64 + 9784781948016667748*2^128 + 43487479822*2^192,13804082819419475896 + 6799305706401142760*2^64 + 11908159838040381693*2^128 + 14304607081*2^192,12946893731766582616 + 16354524837671364626*2^64 + 12190728484730901568*2^128 + 40280232167*2^192,13925180269361299872 + 17320675860707179758*2^64 + 11606762276874234066*2^128 + 45189149624*2^192,1013669041081626064 + 2562555541785033236*2^64 + 14403165099184734925*2^128 + 6822354070*2^192,1536608396068420224 + 15037824095793372085*2^64 + 18160532213581660374*2^128 + 38745505229*2^192,1042750950577730944 + 1684962893434995240*2^64 + 5646912487315621814*2^128 + 63654410447*2^192,15515548563039097376 + 9931558044804621917*2^64 + 843500458024537554*2^128 + 51239227749*2^192,6779399823369978176 + 12181327722793366157*2^64 + 4452848581122831937*2^128 + 21385182590*2^192,10390520540590079744 + 519648164935614805*2^64 + 13751901048316853738*2^128 + 1503654805*2^192,15968506254453124672 + 5637771374511494378*2^64 + 14042052962297248706*2^128 + 44821618002*2^192;\
10714016198838818820 + 4656324591631590533*2^64 + 12077228355453850707*2^128 + 37837393661*2^192,6119282387229816228 + 5010521747396018930*2^64 + 8264159700300991787*2^128 + 65963048622*2^192,15098378986305039432 + 1949086498617356683*2^64 + 183869625788510074*2^128 + 58787475140*2^192,2245677730783379609 + 15344345438171162893*2^64 + 15977438159144271912*2^128 + 39854494975*2^192,3704391070756085176 + 11997901654324078511*2^64 + 8768251822198113369*2^128 + 25413763570*2^192,1858238201823165332 + 2420142669755436556*2^64 + 3771822631492025193*2^128 + 17990364148*2^192,2644273174434563680 + 1144599666195278622*2^64 + 13119898317235353732*2^128 + 54794594796*2^192,9744122805340575240 + 8294544499864821253*2^64 + 8062751180181837590*2^128 + 23839005781*2^192,2280201271992619136 + 8001525739539585602*2^64 + 3671825478498125620*2^128 + 15041446669*2^192,2657343882395828224 + 1273768397138715828*2^64 + 7894406309177623702*2^128 + 25681257590*2^192,13691020867167254676 + 3788739832815156381*2^64 + 16058868676731304324*2^128 + 58820965814*2^192,5635426154526934916 + 17089348671617055342*2^64 + 11830492264212157862*2^128 + 8250843098*2^192,8210535188749912344 + 12721654053435025639*2^64 + 17927015007811061197*2^128 + 59712890258*2^192,6053751203475677256 + 17650733240530266204*2^64 + 12170632709478258403*2^128 + 59061261588*2^192,1560175947587559328 + 8636838095194681475*2^64 + 8356103944104352599*2^128 + 9528974729*2^192,14719557212814075456 + 17092484423396743364*2^64 + 16154309157614193566*2^128 + 52978077255*2^192,6424720663809808368 + 16652697912950947147*2^64 + 13889564074421350416*2^128 + 26920739648*2^192,18131056558209468384 + 13700759297553733868*2^64 + 4564514980786857906*2^128 + 318837997*2^192,6309521400646532512 + 2671748886783930743*2^64 + 11075335123869134693*2^128 + 56895146930*2^192,14718916481674970848 + 4712834485186588323*2^64 + 1714155741651796756*2^128 + 4075448329*2^192;\
6747313603839695384 + 11948094280720590672*2^64 + 13023034754219641208*2^128 + 21349475549*2^192,28684440400027216 + 11513821783194786887*2^64 + 5539615283713624989*2^128 + 30240035036*2^192,16897324298156579016 + 16703435326363498393*2^64 + 8674591922077494481*2^128 + 41681505234*2^192,2768620720517001276 + 12464846644189554344*2^64 + 16241274988811415768*2^128 + 25167920490*2^192,1473552268804508384 + 12433368070596982312*2^64 + 5310530896362982458*2^128 + 17816891084*2^192,12342851908337912224 + 3288331281384619204*2^64 + 18416915375695173028*2^128 + 32978354333*2^192,17490458284121000800 + 17058152175921651040*2^64 + 3919119048150724909*2^128 + 48550617908*2^192,6600820396704659264 + 9050023546557690722*2^64 + 7620472293045506373*2^128 + 19726766399*2^192,431461818576458304 + 8792923620665213096*2^64 + 11532301661977146238*2^128 + 64332437308*2^192,9361465127576583040 + 18104914172272817092*2^64 + 7803849717333190697*2^128 + 9863477515*2^192,10282303572330882656 + 2574463143099434603*2^64 + 4421574133498670508*2^128 + 47890674373*2^192,286483177959819488 + 15324653946644791790*2^64 + 7497190229191311149*2^128 + 66795890622*2^192,11789126599532541408 + 6541417741487415986*2^64 + 6969380701427158225*2^128 + 14972061738*2^192,4069510030372073472 + 1797246782719182663*2^64 + 14064481067749128876*2^128 + 53525918953*2^192,2782793195262901376 + 6084975663757219928*2^64 + 2265424747599380622*2^128 + 25343452591*2^192,11151578335762489088 + 1340120595057130622*2^64 + 1866800500481477873*2^128 + 58046922981*2^192,10270505099751472512 + 18079103130769742048*2^64 + 10970186373578960353*2^128 + 37890682*2^192,5136686046871568640 + 5582230275561082989*2^64 + 2021906308259366951*2^128 + 38261896461*2^192,17679857720679409280 + 2355046910929793976*2^64 + 2796668880490648854*2^128 + 31632217803*2^192,17673991233878924544 + 4112765194486667497*2^64 + 2435086129866693402*2^128 + 67331943504*2^192;\
9238332098788308944 + 13732527787927368482*2^64 + 10914641825853708950*2^128 + 53217899720*2^192,8597632220447877344 + 12684267287825071835*2^64 + 2315559953688675632*2^128 + 33263560481*2^192,11003971979549062128 + 9175445634738231389*2^64 + 12211687909343696193*2^128 + 10246348101*2^192,7597861550373320936 + 5599892273249786618*2^64 + 3059672452928324755*2^128 + 39723568695*2^192,3793402696484522304 + 5478350660904559571*2^64 + 1077280873051320376*2^128 + 60730580975*2^192,1526282324479346496 + 4111117193189187876*2^64 + 10538283889748452320*2^128 + 22711713126*2^192,13064545716560443712 + 18396510848984126595*2^64 + 7639064095455284138*2^128 + 41263639793*2^192,17241063536300494976 + 12318695754204792072*2^64 + 662252060606568940*2^128 + 45389445177*2^192,12406227105815868288 + 5904998163506812929*2^64 + 8716720727221688476*2^128 + 51039861351*2^192,10052401321406473472 + 14961533434091173359*2^64 + 6526595330816940162*2^128 + 38064893441*2^192,13375349010169156032 + 2310246493010148914*2^64 + 8587755987379271535*2^128 + 6544290613*2^192,5203568051878386368 + 13727374482959415347*2^64 + 11699316439441177652*2^128 + 60271875051*2^192,15464402017349052224 + 7409055182833112617*2^64 + 15628271682616070798*2^128 + 22469565472*2^192,13635917683038613248 + 8589247797068468745*2^64 + 1681622289691563588*2^128 + 19376494129*2^192,10341820921071422720 + 8928999849220401063*2^64 + 11504999723812459072*2^128 + 28649826289*2^192,12646927248451482624 + 6917936027983389066*2^64 + 9034077164327378046*2^128 + 47564891638*2^192,2951905550728237824 + 15322833318685438133*2^64 + 13876150597298541266*2^128 + 30304977926*2^192,1961063788683342336 + 7776232902200187510*2^64 + 10461475219817765254*2^128 + 20834603911*2^192,14885826650509015552 + 10739908196549613914*2^64 + 3179203365357173872*2^128 + 21374994690*2^192,16875446079561106944 + 18395409919005769668*2^64 + 6100002972031927684*2^128 + 50248237260*2^192;\
3758841227668445672 + 16380610648949652809*2^64 + 18003076210902894017*2^128 + 18332346193*2^192,8214515301696765480 + 17992695512656281633*2^64 + 4925218640739705288*2^128 + 47904255971*2^192,3727283514380781776 + 4991743177500174050*2^64 + 5975073114516905701*2^128 + 43208171499*2^192,1403781074369684970 + 8220360445490788583*2^64 + 2873561329385401972*2^128 + 42531599140*2^192,4808189619491122096 + 1181346752661387577*2^64 + 4368683936427504893*2^128 + 68689696306*2^192,8515633433882159752 + 18048080794448955980*2^64 + 3859646645123119154*2^128 + 46040926071*2^192,3332498503760768448 + 13954197484383772578*2^64 + 16548549246820820264*2^128 + 25267361001*2^192,6295182589076594640 + 2627449352676209179*2^64 + 1677429636994115096*2^128 + 47599274965*2^192,1307971833800939776 + 4386845629758539562*2^64 + 3770989306246440914*2^128 + 20464211912*2^192,4264439291133096960 + 5074288487274788151*2^64 + 9520623703786828609*2^128 + 23262648048*2^192,7397826640682219656 + 1369089931692011327*2^64 + 8992960866982799671*2^128 + 53484014811*2^192,10355364313384391400 + 14551320378226494583*2^64 + 5912986533226806188*2^128 + 26169833867*2^192,6890391540920734064 + 2802292925318748350*2^64 + 16847298414418530899*2^128 + 46661888464*2^192,1637543199312291408 + 9620976492343583364*2^64 + 6552485986503869688*2^128 + 1797269129*2^192,13659100094960310848 + 8928748315114161263*2^64 + 16161574309010948477*2^128 + 27293834594*2^192,9689769098048751232 + 3723470035542888802*2^64 + 7785938179215336411*2^128 + 23564571148*2^192,4704148001538728800 + 12309149045696275076*2^64 + 13856316982588699848*2^128 + 6086699038*2^192,4050040663031090880 + 5893494229340664104*2^64 + 5068931072721419639*2^128 + 9928366886*2^192,2531170109923976768 + 17114904455817053629*2^64 + 4324398530748428618*2^128 + 52013684727*2^192,10313000048340299712 + 6924692658748362760*2^64 + 8165381403265315561*2^128 + 23010374481*2^192;\
12870767893554866088 + 8018627855133216008*2^64 + 4999023499869652589*2^128 + 33545053685*2^192,18412333446962280536 + 14483086411066573865*2^64 + 4084642217663501995*2^128 + 53385888360*2^192,12025371707775340288 + 2584001290013818810*2^64 + 5824386205927521213*2^128 + 24468819618*2^192,7266406200613931462 + 11404845170768181704*2^64 + 17842507940488660456*2^128 + 31947834693*2^192,6330643801158464080 + 400495579960518403*2^64 + 13687311948848292517*2^128 + 7513089596*2^192,14044671364272478232 + 11674816557717748070*2^64 + 11845754068320618183*2^128 + 2976374975*2^192,1458922972415326208 + 3202578466575182853*2^64 + 16736270515468462112*2^128 + 20754500090*2^192,6436223630855208048 + 1477591978209011904*2^64 + 4773741550883803367*2^128 + 13685328892*2^192,6645910234453021568 + 10626462281436636251*2^64 + 16703818761242580685*2^128 + 32066016349*2^192,4339463503983506176 + 715755942487030223*2^64 + 9092934149438271113*2^128 + 14154238530*2^192,13245855516932422552 + 1528659430358039804*2^64 + 6312426053944539133*2^128 + 32723788545*2^192,13095201244409772728 + 10462456119035737246*2^64 + 6470878619084139243*2^128 + 64660725911*2^192,13034058563437880208 + 13858369820002688275*2^64 + 16101545967412251484*2^128 + 19976421203*2^192,3102593470764973936 + 97077693436148106*2^64 + 13065561223602607593*2^128 + 6394870143*2^192,8984951067471699392 + 4056215696118962575*2^64 + 10587986376670792363*2^128 + 3328043488*2^192,9279442687435301760 + 829832687187223941*2^64 + 11121164192158389537*2^128 + 34344259797*2^192,7528322834737582880 + 1798321172364736987*2^64 + 5018377450813871525*2^128 + 32213582270*2^192,16903898473829119040 + 5801345646079976132*2^64 + 5829208003303761662*2^128 + 58288285100*2^192,15079862593933203392 + 964022557913205924*2^64 + 17729654041441001169*2^128 + 63338348978*2^192,16627797192989867840 + 12997539916157513611*2^64 + 7521301431002725871*2^128 + 35669822193*2^192;\
12231789563057470008 + 1876991589270999787*2^64 + 9384067238031494269*2^128 + 35389610872*2^192,10728899572249221056 + 5328130256272682346*2^64 + 17630041339910501705*2^128 + 50352446482*2^192,11256156187017798232 + 12668412133821900581*2^64 + 12149613626586724695*2^128 + 42767676929*2^192,2275673704402097320 + 7016407499663024876*2^64 + 17462287013147245380*2^128 + 35421430236*2^192,3356811086348024064 + 4751083079306690133*2^64 + 17358377332505980350*2^128 + 32343212225*2^192,12559987915610388656 + 16916173428678907528*2^64 + 14979962973942684032*2^128 + 49750065614*2^192,17964776209515156256 + 1455767111377171746*2^64 + 14519575764650048437*2^128 + 12589712130*2^192,4873517510815668192 + 205771076274633913*2^64 + 14602139542309406058*2^128 + 31390464078*2^192,15229855265746848704 + 4749774731401841398*2^64 + 17183289120511113399*2^128 + 47029856764*2^192,11790025865469163136 + 18058333983626933633*2^64 + 16586946356672010790*2^128 + 63995556000*2^192,14745697610617371888 + 2480801022013081369*2^64 + 306391186803979013*2^128 + 35662622148*2^192,5058084008950986288 + 8045433246353294019*2^64 + 12367628615632044368*2^128 + 33314844777*2^192,5792283384570295168 + 12409033542271534073*2^64 + 10901264947721150639*2^128 + 29557271914*2^192,9878504846369577760 + 8869382578140097782*2^64 + 841573024636489501*2^128 + 2703050943*2^192,3898355509949326848 + 3903055923644772288*2^64 + 4759851045968722532*2^128 + 4007520067*2^192,2038495229989625088 + 17625842071279983188*2^64 + 715535113239520119*2^128 + 9565252529*2^192,920589696789740608 + 6776610620960331091*2^64 + 16818559618895836243*2^128 + 36871406944*2^192,2476845816394237824 + 8826699805599163493*2^64 + 2384653441614033656*2^128 + 56176190547*2^192,1545039327320826624 + 17949760472148186786*2^64 + 15157059247070269063*2^128 + 39684573065*2^192,2420187274609143936 + 6937212588547574198*2^64 + 6199001037669607383*2^128 + 54718492361*2^192]
/* 
This matrix times 2^(-6) should be the matrix of frobenius.
*/ 
B = 2^(-6) * A; 
/* Freed 6118 lists. */
The sign is: -1
The characteristic polynomial is: x^20 + x^19 - x^18 - x^17 + x^16 + 25*x^15 + 32*x^14 - 12*x^13 + 64*x^12 - 112*x^11 + 448*x^9 - 1024*x^8 + 768*x^7 - 8192*x^6 - 25600*x^5 - 4096*x^4 + 16384*x^3 + 65536*x^2 - 262144*x - 1048576
Its Newton polygon is: [2, 2, 2, 2, 2, 1, 1, 1, 1, 1, 1, 1, 1, 1, 1, 0, 0, 0, 0, 0]
Its factorization is: [x - 2, 1; x + 2, 1; x^18 + x^17 + 3*x^16 + 3*x^15 + 13*x^14 + 37*x^13 + 84*x^12 + 136*x^11 + 400*x^10 + 432*x^9 + 1600*x^8 + 2176*x^7 + 5376*x^6 + 9472*x^5 + 13312*x^4 + 12288*x^3 + 49152*x^2 + 65536*x + 262144, 1]
The valuation of f-g is: 24
The valuation of subst(g,x,A) is: 18
