/* Comments begin... 
No set up needed.

Please input coefficients below.
Coefficient of   x^23                     = Coefficient of   x^12 * w^2               = Coefficient of   x^6 * y^6 * w^1         = Coefficient of   x^5 * y^5 * z^1 * w^1   = Coefficient of   x^4 * y^4 * z^2 * w^1   = Coefficient of   x^3 * y^3 * z^3 * w^1   = Coefficient of   x^2 * y^2 * z^4 * w^1   = Coefficient of   x^1 * y^1 * z^5 * w^1   = Coefficient of   x^1 * w^4               = Coefficient of   y^12                     = Coefficient of   z^6 * w^1               = 
Here is the polynomial we're using this time:

1 + 0*2^64 + 0*2^128 + 0*2^192*x^23 + 1 + 0*2^64 + 0*2^128 + 0*2^192*x^12*w^2 + 1 + 0*2^64 + 0*2^128 + 0*2^192*x^6*y^6*w^1 + 1 + 0*2^64 + 0*2^128 + 0*2^192*x^5*y^5*z^1*w^1 + 1 + 0*2^64 + 0*2^128 + 0*2^192*x^2*y^2*z^4*w^1 + 1 + 0*2^64 + 0*2^128 + 0*2^192*x^1*y^1*z^5*w^1 + 1 + 0*2^64 + 0*2^128 + 0*2^192*x^1*w^4 + 1 + 0*2^64 + 0*2^128 + 0*2^192*y^12 + 1 + 0*2^64 + 0*2^128 + 0*2^192*z^6*w^1


Allocate G_len 20 elements and old = 0.
Allocate M_len = 400 elements.
Allocate G_len 40 elements and old = 20.
Allocate M_len = 800 elements.
Allocate G_len 80 elements and old = 40.
Allocate M_len = 1600 elements.
Allocate M_len = 3200 elements.
Allocate G_len 160 elements and old = 80.
Allocate M_len = 6400 elements.
Allocate M_len = 12800 elements.
Allocate G_len 320 elements and old = 160.
Allocate M_len = 25600 elements.
Allocate M_len = 51200 elements.
Allocate G_len 640 elements and old = 320.
Allocate M_len = 102400 elements.
Allocate M_len = 204800 elements.
Allocate G_len 1280 elements and old = 640.
Allocate M_len = 409600 elements.
Allocate M_len = 819200 elements.
The final length of G is 825
[5, 5, 0, 1, 0]  	241	4 
[5, 4, 1, 1, 0]  	253	5 
[22, 0, 0, 0, 0]  	264	7  <--- 1
[12, 0, 0, 2, 0]  	276	3 
[16, 6, 0, 0, 0]  	330	11 
[10, 11, 0, 0, 0]  	373	15 
[7, 1, 6, 1, 0]  	383	10 
[10, 10, 1, 0, 0]  	385	12 
[6, 14, 0, 0, 0]  	394	10 
[10, 0, 6, 1, 0]  	396	15 
[21, 5, 1, 0, 0]  	402	13 
[6, 1, 7, 1, 0]  	406	10 
[9, 10, 2, 0, 0]  	408	15 
[8, 9, 3, 0, 0]  	408	15 
[19, 2, 4, 0, 0]  	414	13 
[8, 2, 4, 2, 0]  	414	8 
[6, 3, 6, 1, 0]  	417	9 
[6, 12, 2, 0, 0]  	418	11 
[9, 0, 7, 1, 0]  	419	15 
[20, 5, 2, 0, 0]  	425	13 
[8, 1, 5, 2, 0]  	426	9 
[11, 1, 4, 2, 0]  	427	11 
[10, 0, 5, 2, 0]  	427	10 
[7, 9, 4, 0, 0]  	431	14 
[8, 0, 6, 2, 0]  	438	9 
[4, 17, 0, 0, 0]  	439	12 
[4, 5, 6, 1, 0]  	439	11 
[5, 3, 7, 1, 0]  	440	7 
[7, 11, 3, 0, 0]  	442	13 
[6, 7, 6, 0, 0]  	443	14 
[18, 1, 4, 1, 0]  	445	18 
[19, 5, 3, 0, 0]  	448	15 
[6, 0, 7, 2, 0]  	449	8 
[21, 1, 5, 0, 0]  	450	15 
[4, 16, 1, 0, 0]  	451	6 
[4, 4, 7, 1, 0]  	451	6 
[5, 2, 8, 1, 0]  	452	8 
[6, 0, 9, 1, 0]  	453	11 
[6, 9, 5, 0, 0]  	454	13 
[6, 6, 7, 0, 0]  	455	12 
[18, 0, 5, 1, 0]  	457	19 
[6, 2, 6, 2, 0]  	460	7 
[5, 1, 7, 2, 0]  	460	7 
[21, 0, 6, 0, 0]  	462	11 
[5, 1, 9, 1, 0]  	464	9 
[6, 11, 4, 0, 0]  	465	12 
[5, 7, 7, 0, 0]  	466	13 
[12, 8, 4, 0, 0]  	468	17 
[16, 3, 6, 0, 0]  	471	14 
[5, 3, 6, 2, 0]  	471	7 
[5, 0, 8, 2, 0]  	472	7 
[19, 0, 7, 0, 0]  	473	14 
[3, 4, 8, 1, 0]  	474	7 
[5, 15, 2, 0, 0]  	475	7 
[5, 0, 10, 1, 0]  	476	10 
[5, 9, 6, 0, 0]  	477	12 
[5, 6, 8, 0, 0]  	478	14 
[4, 5, 9, 0, 0]  	478	14 
[12, 7, 5, 0, 0]  	480	17 
[11, 6, 6, 0, 0]  	480	17 
[15, 7, 4, 0, 0]  	481	16 
[14, 6, 5, 0, 0]  	481	16 
[4, 1, 8, 2, 0]  	483	6 
[2, 0, 0, 7, 0]  	486	6 
[5, 14, 3, 0, 0]  	487	8 
[4, 4, 10, 0, 0]  	490	13 
[11, 8, 5, 0, 0]  	491	17 
[4, 0, 9, 2, 0]  	495	6 
[2, 4, 9, 1, 0]  	497	9 
[5, 13, 4, 0, 0]  	499	9 
[3, 5, 10, 0, 0]  	501	12 
[8, 4, 9, 0, 0]  	503	15 
[5, 12, 5, 0, 0]  	511	10 
[4, 11, 6, 0, 0]  	511	10 
[4, 3, 0, 6, 0]  	513	13 
[3, 4, 11, 0, 0]  	513	12 
[18, 1, 8, 0, 0]  	519	15 
[4, 10, 7, 0, 0]  	523	11 
[4, 5, 1, 5, 0]  	528	9 
[3, 5, 7, 2, 0]  	528	12 
[17, 2, 8, 0, 0]  	530	16 
[18, 0, 9, 0, 0]  	531	14 
[4, 0, 12, 1, 0]  	534	9 
[4, 9, 8, 0, 0]  	535	10 
[3, 8, 9, 0, 0]  	535	11 
[4, 14, 1, 2, 0]  	537	13 
[7, 3, 11, 0, 0]  	538	14 
[2, 0, 11, 2, 0]  	541	6 
[17, 1, 9, 0, 0]  	542	17 
[2, 3, 11, 1, 0]  	544	10 
[3, 10, 8, 0, 0]  	546	9 
[10, 1, 4, 4, 0]  	547	13 
[9, 0, 5, 4, 0]  	547	11 
[3, 5, 0, 6, 0]  	547	11 
[17, 0, 10, 0, 0]  	554	17 
[1, 16, 5, 0, 0]  	555	8 
[2, 8, 10, 0, 0]  	558	9 
[4, 6, 5, 3, 0]  	559	12 
[3, 4, 1, 6, 0]  	559	11 
[4, 3, 7, 3, 0]  	560	12 
[3, 3, 13, 0, 0]  	560	11 
[3, 17, 2, 1, 0]  	563	8 
[15, 3, 9, 0, 0]  	564	16 
[1, 15, 6, 0, 0]  	567	8 
[6, 1, 6, 4, 0]  	569	10 
[5, 0, 7, 4, 0]  	569	10 
[2, 10, 9, 0, 0]  	569	8 
[2, 5, 1, 6, 0]  	570	9 
[3, 4, 7, 3, 0]  	571	11 
[3, 3, 2, 6, 0]  	571	11 
[16, 0, 11, 0, 0]  	577	15 
[1, 14, 7, 0, 0]  	579	8 
[4, 13, 1, 3, 0]  	580	10 
[4, 1, 7, 4, 0]  	580	10 
[3, 13, 7, 0, 0]  	580	9 
[3, 1, 13, 1, 0]  	580	9 
[4, 10, 3, 3, 0]  	581	8 
[2, 7, 0, 6, 0]  	581	8 
[2, 4, 2, 6, 0]  	582	9 
[3, 2, 3, 6, 0]  	583	10 
[2, 3, 14, 0, 0]  	583	9 
[4, 13, 3, 2, 0]  	584	11 
[14, 3, 10, 0, 0]  	587	13 
[14, 0, 12, 0, 0]  	588	15 
[4, 12, 2, 3, 0]  	592	9 
[4, 0, 8, 4, 0]  	592	7 
[3, 0, 14, 1, 0]  	592	7 
[4, 9, 4, 3, 0]  	593	8 
[2, 16, 2, 2, 0]  	594	10 
[2, 4, 8, 3, 0]  	594	7 
[2, 3, 3, 6, 0]  	594	9 
[2, 2, 15, 0, 0]  	595	9 
[4, 12, 4, 2, 0]  	596	12 
[3, 20, 1, 1, 0]  	597	7 
[1, 3, 11, 2, 0]  	598	8 
[1, 1, 1, 8, 0]  	598	6 
[14, 2, 11, 0, 0]  	599	15 
[2, 13, 8, 0, 0]  	603	9 
[1, 20, 0, 2, 0]  	604	6 
[1, 9, 11, 0, 0]  	604	7 
[1, 5, 8, 3, 0]  	605	6 
[2, 2, 4, 6, 0]  	606	9 
[4, 11, 5, 2, 0]  	608	10 
[10, 1, 2, 6, 0]  	609	13 
[1, 3, 0, 8, 0]  	609	6 
[1, 2, 12, 2, 0]  	610	8 
[2, 0, 15, 1, 0]  	615	5 
[1, 9, 0, 6, 0]  	615	5 
[1, 8, 12, 0, 0]  	616	5 
[1, 7, 7, 3, 0]  	616	5 
[1, 6, 2, 6, 0]  	616	5 
[1, 16, 3, 2, 0]  	617	7 
[1, 5, 14, 0, 0]  	617	7 
[1, 4, 9, 3, 0]  	617	6 
[1, 12, 0, 5, 0]  	618	7 
[3, 11, 0, 5, 0]  	619	8 
[2, 23, 0, 1, 0]  	619	8 
[13, 2, 12, 0, 0]  	622	15 
[1, 2, 3, 7, 0]  	625	6 
[1, 13, 9, 0, 0]  	626	8 
[1, 8, 1, 6, 0]  	627	4 
[3, 8, 6, 3, 0]  	628	5 
[1, 5, 3, 6, 0]  	628	4 
[1, 1, 0, 9, 0]  	629	5 
[0, 13, 0, 5, 0]  	629	5 
[2, 0, 6, 6, 0]  	630	9 
[1, 24, 0, 1, 0]  	630	7 
[3, 11, 6, 2, 0]  	631	7 
[13, 1, 13, 0, 0]  	634	18 
[3, 14, 6, 1, 0]  	634	11 
[1, 6, 12, 1, 0]  	636	6 
[1, 1, 4, 7, 0]  	637	5 
[0, 14, 9, 0, 0]  	637	5 
[1, 0, 16, 1, 0]  	638	5 
[0, 19, 2, 2, 0]  	639	3 
[0, 8, 13, 0, 0]  	639	3 
[1, 4, 4, 6, 0]  	640	4 
[0, 16, 4, 2, 0]  	640	4 
[0, 4, 10, 3, 0]  	640	3 
[1, 0, 1, 9, 0]  	641	6 
[0, 25, 0, 1, 0]  	641	6 
[1, 23, 1, 1, 0]  	642	6 
[1, 11, 7, 2, 0]  	642	6 
[3, 9, 2, 5, 0]  	643	7 
[2, 21, 2, 1, 0]  	643	6 
[2, 9, 8, 2, 0]  	643	5 
[13, 0, 14, 0, 0]  	646	12 
[3, 25, 1, 0, 0]  	646	10 
[3, 22, 3, 0, 0]  	647	6 
[1, 6, 1, 7, 0]  	647	6 
[1, 4, 8, 4, 0]  	648	5 
[0, 16, 8, 0, 0]  	648	5 
[1, 0, 5, 7, 0]  	649	5 
[0, 18, 3, 2, 0]  	651	2 
[0, 7, 14, 0, 0]  	651	2 
[0, 6, 9, 3, 0]  	651	2 
[1, 3, 5, 6, 0]  	652	5 
[1, 1, 12, 3, 0]  	653	5 
[1, 0, 7, 6, 0]  	653	5 
[0, 24, 1, 1, 0]  	653	5 
[8, 1, 4, 6, 0]  	655	6 
[3, 8, 3, 5, 0]  	655	6 
[2, 20, 3, 1, 0]  	655	6 
[0, 18, 5, 1, 0]  	655	5 
[4, 3, 6, 5, 0]  	657	8 
[3, 24, 2, 0, 0]  	658	6 
[1, 8, 0, 7, 0]  	658	6 
[3, 21, 4, 0, 0]  	659	6 
[1, 5, 2, 7, 0]  	659	5 
[1, 4, 14, 1, 0]  	660	4 
[0, 3, 15, 1, 0]  	660	4 
[0, 6, 15, 0, 0]  	663	1 
[0, 4, 5, 6, 0]  	663	1 
[0, 3, 0, 9, 0]  	663	1 
[0, 3, 17, 0, 0]  	664	3 
[0, 2, 12, 3, 0]  	664	3 
[1, 11, 2, 5, 0]  	665	5 
[1, 0, 13, 3, 0]  	665	5 
[1, 9, 9, 2, 0]  	666	5 
[0, 20, 4, 1, 0]  	666	4 
[8, 0, 5, 6, 0]  	667	5 
[3, 7, 4, 5, 0]  	667	7 
[2, 19, 4, 1, 0]  	667	6 
[0, 17, 6, 1, 0]  	667	5 
[10, 1, 15, 0, 0]  	668	12 
[3, 4, 6, 5, 0]  	668	8 
[12, 0, 15, 0, 0]  	669	9 
[3, 1, 8, 5, 0]  	669	9 
[1, 0, 0, 10, 0]  	672	4 
[0, 12, 0, 6, 0]  	672	4 
[0, 5, 16, 0, 0]  	675	1 
[0, 3, 6, 6, 0]  	675	1 
[0, 2, 1, 9, 0]  	675	1 
[0, 12, 2, 5, 0]  	676	3 
[5, 1, 17, 0, 0]  	678	5 
[2, 8, 4, 5, 0]  	678	5 
[1, 8, 10, 2, 0]  	678	4 
[7, 0, 17, 0, 0]  	679	9 
[3, 6, 5, 5, 0]  	679	7 
[2, 5, 6, 5, 0]  	679	7 
[0, 16, 7, 1, 0]  	679	5 
[3, 0, 9, 5, 0]  	681	6 
[0, 19, 7, 0, 0]  	682	5 
[0, 24, 0, 2, 0]  	684	6 
[0, 15, 6, 2, 0]  	687	1 
[0, 2, 7, 6, 0]  	687	1 
[0, 1, 2, 9, 0]  	687	1 
[0, 11, 3, 5, 0]  	688	3 
[0, 9, 10, 2, 0]  	689	3 
[9, 1, 16, 0, 0]  	691	6 
[2, 29, 0, 0, 0]  	691	7 
[2, 4, 7, 5, 0]  	691	7 
[0, 15, 8, 1, 0]  	691	5 
[11, 0, 16, 0, 0]  	692	9 
[0, 6, 14, 1, 0]  	694	3 
[1, 0, 12, 4, 0]  	696	4 
[0, 12, 12, 0, 0]  	696	4 
[0, 14, 7, 2, 0]  	699	1 
[0, 1, 8, 6, 0]  	699	1 
[0, 0, 3, 9, 0]  	699	1 
[1, 1, 19, 0, 0]  	700	3 
[0, 23, 3, 1, 0]  	700	3 
[0, 11, 9, 2, 0]  	700	3 
[3, 0, 19, 0, 0]  	701	4 
[1, 8, 5, 5, 0]  	701	3 
[0, 8, 11, 2, 0]  	701	3 
[0, 29, 1, 0, 0]  	702	5 
[2, 28, 1, 0, 0]  	703	5 
[2, 3, 8, 5, 0]  	703	7 
[2, 0, 10, 5, 0]  	704	7 
[0, 13, 8, 2, 0]  	711	1 
[0, 2, 19, 0, 0]  	711	1 
[0, 1, 14, 3, 0]  	711	1 
[0, 0, 9, 6, 0]  	711	1 
[1, 10, 4, 5, 0]  	712	2 
[0, 9, 5, 5, 0]  	712	2 
[1, 7, 6, 5, 0]  	713	5 
[0, 7, 12, 2, 0]  	713	3 
[0, 1, 20, 0, 0]  	723	1 
[0, 0, 15, 3, 0]  	723	1 
[0, 20, 0, 4, 0]  	724	2 
[0, 8, 6, 5, 0]  	724	2 
[0, 6, 13, 2, 0]  	725	3 
[1, 28, 2, 0, 0]  	726	4 
[1, 3, 9, 5, 0]  	726	5 
[0, 1, 7, 7, 0]  	730	2 
[0, 9, 0, 8, 0]  	735	1 
[0, 0, 21, 0, 0]  	735	1  <--- 3
[0, 32, 0, 0, 0]  	736	2  <--- 2
[0, 5, 14, 2, 0]  	737	3 
[0, 2, 18, 1, 0]  	742	2 
[0, 1, 13, 4, 0]  	742	2 
[0, 8, 1, 8, 0]  	747	1 
[0, 6, 8, 5, 0]  	748	2 
[0, 28, 3, 0, 0]  	749	4 
[0, 1, 19, 1, 0]  	754	2 
[0, 7, 2, 8, 0]  	759	1 
[0, 5, 9, 5, 0]  	760	2 
[0, 6, 3, 8, 0]  	771	1 
[0, 26, 5, 0, 0]  	773	5 
[0, 5, 4, 8, 0]  	783	1 
[0, 0, 0, 12, 0]  	792	1  <--- 4
[12, 0, 0, 1, 1]  	210	7 
[3, 2, 5, 1, 1]  	323	6 
[8, 2, 4, 1, 1]  	348	9 
[8, 1, 5, 1, 1]  	360	11 
[11, 1, 4, 1, 1]  	361	14 
[10, 0, 5, 1, 1]  	361	14 
[6, 13, 0, 0, 1]  	371	9 
[9, 12, 0, 0, 1]  	384	13 
[9, 0, 6, 1, 1]  	384	13 
[4, 15, 0, 0, 1]  	393	7 
[5, 13, 1, 0, 1]  	394	9 
[7, 12, 1, 0, 1]  	395	12 
[11, 0, 0, 4, 1]  	396	16 
[9, 11, 1, 0, 1]  	396	15 
[9, 1, 4, 2, 1]  	403	9 
[8, 0, 7, 1, 1]  	407	13 
[5, 1, 8, 1, 1]  	429	9 
[6, 1, 6, 2, 1]  	437	8 
[4, 14, 2, 0, 1]  	440	9 
[5, 12, 3, 0, 1]  	441	10 
[7, 8, 5, 0, 1]  	443	14 
[4, 13, 1, 1, 1]  	448	7 
[3, 15, 2, 0, 1]  	451	7 
[2, 2, 9, 1, 1]  	451	6 
[4, 13, 3, 0, 1]  	452	9 
[4, 1, 9, 1, 1]  	452	8 
[4, 12, 2, 1, 1]  	460	7 
[4, 9, 4, 1, 1]  	461	9 
[3, 17, 1, 0, 1]  	462	11 
[3, 14, 3, 0, 1]  	463	8 
[4, 12, 4, 0, 1]  	464	9 
[11, 7, 5, 0, 1]  	468	17 
[2, 9, 5, 1, 1]  	472	7 
[4, 4, 2, 4, 1]  	474	11 
[2, 15, 3, 0, 1]  	474	8 
[3, 13, 4, 0, 1]  	475	8 
[3, 1, 10, 1, 1]  	475	7 
[3, 12, 3, 1, 1]  	483	7 
[3, 0, 9, 2, 1]  	483	6 
[3, 8, 0, 4, 1]  	484	8 
[2, 8, 6, 1, 1]  	484	7 
[2, 5, 8, 1, 1]  	485	8 
[2, 14, 4, 0, 1]  	486	7 
[3, 12, 5, 0, 1]  	487	8 
[5, 11, 5, 0, 1]  	488	11 
[4, 7, 8, 0, 1]  	489	12 
[2, 9, 0, 4, 1]  	495	6 
[3, 20, 0, 0, 1]  	496	10 
[2, 7, 7, 1, 1]  	496	7 
[3, 4, 3, 4, 1]  	497	10 
[4, 9, 7, 0, 1]  	500	11 
[9, 5, 8, 0, 1]  	503	15 
[12, 5, 7, 0, 1]  	504	16 
[2, 12, 4, 1, 1]  	506	6 
[18, 2, 7, 0, 1]  	507	14 
[2, 8, 1, 4, 1]  	507	6 
[2, 5, 3, 4, 1]  	508	7 
[2, 2, 5, 4, 1]  	509	9 
[1, 14, 5, 0, 1]  	509	7 
[6, 2, 0, 6, 1]  	514	15 
[2, 7, 2, 4, 1]  	519	6 
[2, 4, 4, 4, 1]  	520	8 
[1, 16, 4, 0, 1]  	520	7 
[1, 4, 10, 1, 1]  	520	7 
[3, 4, 0, 6, 1]  	524	11 
[4, 2, 1, 6, 1]  	525	12 
[6, 3, 11, 0, 1]  	526	13 
[9, 3, 10, 0, 1]  	527	14 
[9, 1, 0, 6, 1]  	527	11 
[2, 4, 8, 2, 1]  	528	6 
[2, 1, 10, 2, 1]  	529	6 
[1, 3, 11, 1, 1]  	532	7 
[7, 2, 4, 4, 1]  	534	13 
[2, 7, 10, 0, 1]  	535	10 
[3, 3, 1, 6, 1]  	536	11 
[1, 4, 5, 4, 1]  	543	6 
[1, 2, 12, 1, 1]  	544	7 
[7, 1, 5, 4, 1]  	546	12 
[2, 6, 11, 0, 1]  	547	10 
[3, 2, 2, 6, 1]  	548	11 
[5, 3, 12, 0, 1]  	549	12 
[5, 1, 2, 6, 1]  	549	12 
[8, 1, 1, 6, 1]  	550	11 
[2, 17, 2, 1, 1]  	551	10 
[15, 4, 8, 0, 1]  	552	14 
[1, 12, 0, 4, 1]  	552	6 
[1, 3, 6, 4, 1]  	555	6 
[2, 1, 7, 4, 1]  	556	8 
[5, 1, 6, 4, 1]  	557	11 
[7, 0, 6, 4, 1]  	558	11 
[2, 7, 5, 3, 1]  	558	9 
[3, 17, 0, 2, 1]  	559	11 
[2, 5, 12, 0, 1]  	559	10 
[2, 4, 7, 3, 1]  	559	10 
[3, 14, 2, 2, 1]  	560	13 
[1, 3, 10, 2, 1]  	563	6 
[16, 1, 10, 0, 1]  	565	15 
[1, 2, 7, 4, 1]  	567	6 
[2, 6, 6, 3, 1]  	570	9 
[3, 16, 1, 2, 1]  	571	11 
[2, 15, 2, 2, 1]  	571	11 
[2, 4, 13, 0, 1]  	571	9 
[2, 3, 8, 3, 1]  	571	9 
[2, 2, 3, 6, 1]  	571	9 
[6, 0, 3, 6, 1]  	573	12 
[1, 2, 11, 2, 1]  	575	6 
[15, 2, 10, 0, 1]  	576	15 
[1, 1, 8, 4, 1]  	579	6 
[2, 12, 8, 0, 1]  	580	7 
[2, 17, 1, 2, 1]  	582	9 
[2, 1, 4, 6, 1]  	583	9 
[4, 0, 4, 6, 1]  	584	10 
[1, 10, 10, 0, 1]  	592	7 
[1, 18, 1, 2, 1]  	593	8 
[1, 15, 3, 2, 1]  	594	8 
[3, 13, 2, 3, 1]  	603	11 
[2, 1, 14, 1, 1]  	603	6 
[2, 0, 9, 4, 1]  	603	6 
[1, 12, 9, 0, 1]  	603	6 
[1, 17, 2, 2, 1]  	605	7 
[1, 2, 10, 3, 1]  	606	7 
[1, 1, 5, 6, 1]  	606	7 
[3, 0, 5, 6, 1]  	607	9 
[5, 1, 15, 0, 1]  	608	13 
[1, 26, 0, 0, 1]  	610	8 
[1, 3, 4, 6, 1]  	617	6 
[1, 2, 16, 0, 1]  	618	7 
[1, 1, 11, 3, 1]  	618	7 
[1, 7, 13, 0, 1]  	628	4 
[0, 17, 3, 2, 1]  	628	4 
[1, 4, 15, 0, 1]  	629	7 
[4, 1, 16, 0, 1]  	631	9 
[2, 22, 1, 1, 1]  	631	8 
[11, 2, 13, 0, 1]  	633	11 
[1, 17, 1, 3, 1]  	636	7 
[2, 1, 17, 0, 1]  	642	6 
[4, 0, 17, 0, 1]  	643	8 
[1, 20, 3, 1, 1]  	643	6 
[1, 8, 9, 2, 1]  	643	5 
[1, 7, 4, 5, 1]  	643	5 
[0, 13, 10, 0, 1]  	649	5 
[0, 15, 5, 2, 1]  	652	4 
[0, 4, 16, 0, 1]  	652	4 
[1, 22, 2, 1, 1]  	654	6 
[1, 10, 8, 2, 1]  	654	5 
[10, 2, 14, 0, 1]  	656	11 
[12, 1, 14, 0, 1]  	657	11 
[1, 0, 11, 4, 1]  	661	5 
[0, 23, 0, 2, 1]  	661	5 
[3, 0, 18, 0, 1]  	666	6 
[9, 0, 16, 0, 1]  	668	10 
[2, 25, 2, 0, 1]  	669	9 
[1, 11, 4, 4, 1]  	669	6 
[0, 13, 7, 2, 1]  	676	3 
[1, 10, 3, 5, 1]  	677	4 
[0, 22, 5, 0, 1]  	681	5 
[0, 15, 4, 3, 1]  	683	4 
[2, 0, 19, 0, 1]  	689	3 
[0, 30, 0, 0, 1]  	690	5 
[1, 1, 15, 2, 1]  	692	6 
[1, 0, 10, 5, 1]  	692	6 
[0, 21, 6, 0, 1]  	693	5 
[0, 2, 11, 4, 1]  	695	3 
[0, 19, 0, 4, 1]  	701	3 
[0, 2, 17, 1, 1]  	707	3 
[0, 15, 3, 4, 1]  	714	4 
[0, 11, 2, 6, 1]  	719	3 
[0, 27, 3, 0, 1]  	726	5 
[0, 7, 7, 5, 1]  	736	2 
[0, 26, 4, 0, 1]  	738	5 
[3, 3, 3, 1, 2]  	276	5 
[9, 1, 4, 1, 2]  	337	11 
[2, 14, 0, 0, 2]  	346	6 
[9, 2, 3, 2, 2]  	391	5 
[4, 13, 2, 0, 2]  	417	8 
[8, 8, 4, 0, 2]  	420	12 
[13, 8, 3, 0, 2]  	445	17 
[4, 5, 1, 4, 2]  	462	12 
[2, 13, 4, 0, 2]  	463	6 
[14, 7, 4, 0, 2]  	469	17 
[3, 6, 1, 4, 2]  	473	9 
[3, 5, 2, 4, 2]  	485	9 
[1, 13, 5, 0, 2]  	486	6 
[2, 12, 0, 3, 2]  	498	6 
[4, 11, 0, 3, 2]  	499	9 
[11, 4, 8, 0, 2]  	504	15 
[15, 5, 6, 0, 2]  	505	13 
[8, 1, 4, 4, 2]  	523	13 
[3, 4, 2, 5, 2]  	528	10 
[1, 14, 0, 3, 2]  	532	8 
[4, 3, 12, 0, 2]  	537	14 
[7, 1, 1, 6, 2]  	538	13 
[1, 13, 1, 3, 2]  	544	8 
[4, 10, 2, 3, 2]  	546	9 
[7, 2, 12, 0, 2]  	550	12 
[10, 0, 1, 6, 2]  	551	10 
[2, 4, 3, 5, 2]  	551	8 
[16, 2, 9, 0, 2]  	553	15 
[3, 11, 2, 3, 2]  	557	8 
[5, 2, 13, 0, 2]  	561	12 
[1, 15, 4, 1, 2]  	563	6 
[1, 24, 0, 0, 2]  	564	6 
[4, 1, 3, 6, 2]  	572	10 
[1, 19, 0, 2, 2]  	581	8 
[1, 4, 14, 0, 2]  	594	8 
[1, 3, 9, 3, 2]  	594	7 
[2, 0, 5, 6, 2]  	595	9 
[4, 1, 15, 0, 2]  	596	9 
[1, 6, 9, 2, 2]  	597	6 
[1, 6, 13, 0, 2]  	605	6 
[1, 14, 4, 2, 2]  	606	7 
[1, 1, 7, 5, 2]  	610	7 
[2, 11, 4, 3, 2]  	615	6 
[1, 10, 5, 3, 2]  	615	5 
[3, 1, 16, 0, 2]  	619	7 
[0, 27, 0, 0, 2]  	621	6 
[1, 9, 6, 3, 2]  	627	5 
[0, 20, 1, 2, 2]  	627	4 
[0, 14, 5, 2, 2]  	629	5 
[1, 12, 6, 2, 2]  	630	8 
[1, 11, 1, 5, 2]  	630	7 
[3, 0, 17, 0, 2]  	631	7 
[10, 1, 14, 0, 2]  	633	11 
[0, 26, 1, 0, 2]  	633	6 
[1, 4, 2, 7, 2]  	636	6 
[8, 0, 16, 0, 2]  	656	9 
[1, 1, 14, 2, 2]  	657	6 
[0, 18, 7, 0, 2]  	659	5 
[0, 14, 4, 3, 2]  	660	4 
[1, 1, 18, 0, 2]  	665	5 
[0, 16, 3, 3, 2]  	671	4 
[0, 13, 5, 3, 2]  	672	4 
[0, 2, 18, 0, 2]  	676	3 
[0, 18, 0, 4, 2]  	678	4 
[0, 18, 2, 3, 2]  	682	4 
[0, 12, 6, 3, 2]  	684	4 
[0, 12, 8, 2, 2]  	688	3 
[0, 17, 1, 4, 2]  	690	4 
[0, 16, 2, 4, 2]  	702	4 
[1, 0, 20, 0, 2]  	712	2 
[0, 25, 4, 0, 2]  	715	5 
[0, 2, 6, 7, 2]  	718	2 
[9, 2, 3, 1, 3]  	325	9 
[8, 12, 0, 0, 3]  	372	13 
[7, 0, 8, 1, 3]  	430	12 
[3, 13, 3, 0, 3]  	440	7 
[15, 9, 2, 0, 3]  	457	18 
[3, 13, 2, 1, 3]  	471	6 
[4, 7, 0, 4, 3]  	473	11 
[1, 14, 4, 0, 3]  	474	6 
[8, 5, 8, 0, 3]  	491	16 
[14, 5, 6, 0, 3]  	493	15 
[8, 2, 3, 4, 3]  	511	13 
[8, 3, 10, 0, 3]  	515	15 
[10, 0, 0, 6, 3]  	516	13 
[9, 0, 2, 6, 3]  	574	10 
[1, 17, 3, 1, 3]  	574	7 
[1, 16, 2, 2, 3]  	582	8 
[4, 2, 14, 0, 3]  	584	9 
[1, 3, 5, 5, 3]  	586	7 
[2, 10, 4, 3, 3]  	592	7 
[1, 2, 6, 5, 3]  	598	7 
[1, 8, 6, 3, 3]  	604	6 
[0, 15, 4, 2, 3]  	617	5 
[9, 1, 14, 0, 3]  	621	10 
[0, 5, 15, 0, 3]  	640	3 
[7, 0, 16, 0, 3]  	644	10 
[1, 0, 3, 8, 3]  	645	6 
[3, 0, 8, 5, 3]  	646	10 
[0, 3, 11, 3, 3]  	652	3 
[2, 0, 18, 0, 3]  	654	5 
[0, 20, 6, 0, 3]  	670	5 
[0, 3, 10, 4, 3]  	683	3 
[4, 4, 1, 4, 4]  	439	11 
[4, 6, 0, 4, 4]  	450	10 
[3, 4, 2, 4, 4]  	462	9 
[11, 5, 7, 0, 4]  	492	17 
[2, 3, 4, 4, 4]  	497	8 
[1, 13, 0, 3, 4]  	509	6 
[4, 9, 2, 3, 4]  	523	10 
[9, 0, 1, 6, 4]  	539	13 
[3, 2, 14, 0, 4]  	572	10 
[3, 0, 8, 4, 4]  	580	8 
[8, 1, 14, 0, 4]  	609	11 
[2, 0, 17, 0, 4]  	619	7 
[1, 12, 4, 3, 4]  	626	6 
[1, 21, 2, 1, 4]  	631	6 
[6, 0, 16, 0, 4]  	632	9 
[0, 13, 6, 2, 4]  	641	5 
[1, 0, 19, 0, 4]  	677	4 
[0, 3, 5, 7, 4]  	706	2 
[8, 11, 2, 0, 5]  	419	14 
[3, 7, 0, 4, 5]  	461	8 
[3, 7, 9, 0, 5]  	512	11 
[1, 18, 3, 0, 5]  	531	6 
[8, 0, 2, 6, 5]  	562	13 
[1, 12, 3, 3, 5]  	591	6 
[7, 1, 14, 0, 5]  	597	10 
[1, 3, 15, 0, 5]  	606	7 
[2, 1, 16, 0, 5]  	607	8 
[5, 0, 16, 0, 5]  	620	10 
[1, 1, 15, 1, 5]  	626	6 
[0, 10, 4, 6, 5]  	766	2 
[1, 7, 12, 0, 6]  	593	7 
[3, 1, 3, 6, 7]  	560	11 
[6, 1, 14, 0, 7]  	585	11 
[0, 11, 8, 3, 7]  	731	3 
[4, 0, 16, 0, 8]  	608	10 
[1, 6, 4, 5, 245]  	620	5 
[1, 5, 4, 5, 246]  	597	4 
[1, 0, 10, 4, 247]  	626	5 
[2, 6, 7, 2, 248]  	539	8 
[1, 5, 9, 2, 248]  	574	6 
[1, 20, 2, 1, 248]  	608	6 
[7, 10, 3, 0, 249]  	419	13 
[1, 19, 2, 1, 249]  	585	6 
[1, 2, 0, 8, 249]  	586	4 
[0, 17, 5, 1, 249]  	632	5 
[2, 3, 8, 2, 250]  	505	5 
[3, 5, 1, 5, 250]  	516	9 
[2, 6, 2, 5, 250]  	562	7 
[1, 1, 0, 8, 250]  	563	5 
[1, 7, 8, 2, 250]  	585	5 
[1, 5, 2, 6, 250]  	593	5 
[0, 16, 5, 1, 250]  	609	5 
[1, 11, 9, 1, 250]  	646	6 
[6, 11, 3, 0, 251]  	430	9 
[2, 4, 8, 1, 251]  	462	6 
[13, 6, 5, 0, 251]  	469	14 
[1, 3, 10, 1, 251]  	497	7 
[2, 6, 10, 0, 251]  	512	10 
[3, 9, 8, 0, 251]  	523	10 
[1, 6, 9, 1, 251]  	531	5 
[1, 5, 4, 4, 251]  	531	4 
[1, 16, 3, 1, 251]  	551	4 
[2, 6, 0, 6, 251]  	558	8 
[1, 1, 14, 1, 251]  	591	5 
[1, 0, 9, 4, 251]  	591	3 
[0, 12, 0, 5, 251]  	606	4 
[1, 23, 0, 1, 251]  	607	7 
[0, 15, 6, 1, 251]  	621	4 
[1, 5, 1, 7, 251]  	624	5 
[0, 9, 12, 0, 251]  	627	3 
[0, 2, 0, 9, 251]  	640	1 
[0, 25, 2, 0, 251]  	645	5 
[0, 1, 18, 1, 251]  	719	2 
[0, 0, 19, 1, 251]  	731	1 
[2, 3, 8, 1, 252]  	439	5 
[12, 6, 5, 0, 252]  	457	12 
[2, 7, 6, 1, 252]  	461	7 
[1, 5, 9, 1, 252]  	508	6 
[1, 15, 3, 1, 252]  	528	4 
[3, 1, 8, 3, 252]  	537	5 
[1, 2, 10, 2, 252]  	540	5 
[3, 0, 13, 1, 252]  	557	5 
[2, 13, 3, 2, 252]  	560	9 
[2, 1, 13, 1, 252]  	568	5 
[1, 0, 1, 8, 252]  	575	5 
[2, 11, 3, 3, 252]  	580	6 
[0, 26, 0, 0, 252]  	598	4 
[1, 7, 1, 6, 252]  	604	5 
[0, 1, 0, 9, 252]  	617	1 
[1, 0, 12, 3, 252]  	630	3 
[0, 14, 7, 1, 252]  	633	5 
[1, 0, 14, 2, 252]  	634	3 
[0, 4, 14, 1, 252]  	648	1 
[0, 11, 0, 6, 252]  	649	1 
[0, 8, 10, 2, 252]  	666	1 
[0, 8, 12, 1, 252]  	670	1 
[0, 0, 14, 3, 252]  	688	1 
[0, 8, 5, 5, 252]  	689	2 
[0, 0, 18, 1, 252]  	696	1 
[0, 1, 12, 4, 252]  	707	2 
[0, 10, 3, 6, 252]  	731	2 
[8, 0, 5, 1, 253]  	337	9 
[6, 10, 3, 0, 253]  	407	7 
[3, 1, 9, 1, 253]  	440	5 
[12, 7, 4, 0, 253]  	445	11 
[3, 1, 8, 2, 253]  	471	4 
[2, 6, 7, 1, 253]  	473	5 
[1, 2, 10, 1, 253]  	474	3 
[2, 4, 3, 4, 253]  	485	8 
[0, 0, 12, 1, 253]  	486	1 
[7, 4, 9, 0, 253]  	491	10 
[4, 5, 0, 5, 253]  	493	8 
[1, 6, 8, 1, 253]  	496	4 
[1, 1, 0, 7, 253]  	497	3 
[8, 1, 0, 6, 253]  	515	10 
[7, 0, 5, 4, 253]  	523	11 
[3, 11, 7, 0, 253]  	534	4 
[1, 5, 8, 2, 253]  	539	2 
[1, 0, 0, 8, 253]  	540	2 
[0, 13, 7, 0, 253]  	544	2 
[2, 12, 7, 0, 253]  	545	3 
[2, 9, 9, 0, 253]  	546	7 
[1, 4, 9, 2, 253]  	551	1 
[2, 1, 9, 3, 253]  	560	5 
[0, 17, 3, 1, 253]  	562	2 
[0, 5, 9, 2, 253]  	562	2 
[1, 12, 8, 0, 253]  	568	4 
[3, 0, 4, 6, 253]  	572	8 
[1, 20, 1, 1, 253]  	573	5 
[1, 8, 7, 2, 253]  	573	2 
[0, 4, 10, 2, 253]  	574	1 
[0, 15, 5, 1, 253]  	586	2 
[0, 12, 9, 0, 253]  	591	2 
[1, 8, 0, 6, 253]  	592	5 
[0, 0, 0, 9, 253]  	594	1 
[1, 12, 7, 1, 253]  	599	4 
[1, 4, 3, 6, 253]  	605	2 
[1, 0, 4, 7, 253]  	614	3 
[0, 21, 0, 2, 253]  	615	2 
[0, 10, 11, 0, 253]  	615	2 
[0, 24, 0, 1, 253]  	618	1 
[0, 24, 2, 0, 253]  	622	3 
[0, 16, 2, 3, 253]  	636	4 
[0, 9, 11, 1, 253]  	658	2 
[0, 4, 9, 4, 253]  	671	2 
[0, 4, 8, 5, 253]  	702	1 
[0, 0, 7, 7, 253]  	707	1 
[0, 4, 3, 8, 253]  	725	1 
[8, 1, 4, 1, 254]  	325	8 
[7, 0, 6, 1, 254]  	360	7 
[7, 11, 1, 0, 254]  	372	9 
[6, 10, 2, 0, 254]  	372	5 
[1, 1, 8, 1, 254]  	381	3 
[6, 0, 7, 1, 254]  	383	5 
[7, 7, 5, 0, 254]  	420	7 
[6, 6, 6, 0, 254]  	420	5 
[5, 0, 7, 2, 254]  	437	3 
[2, 6, 6, 1, 254]  	438	5 
[0, 4, 8, 1, 254]  	438	1 
[5, 6, 7, 0, 254]  	443	9 
[3, 5, 1, 4, 254]  	450	8 
[2, 5, 7, 1, 254]  	450	3 
[0, 15, 3, 0, 254]  	450	2 
[4, 4, 9, 0, 254]  	455	8 
[1, 0, 11, 1, 254]  	463	2 
[1, 0, 0, 7, 254]  	474	2 
[1, 19, 1, 0, 254]  	484	4 
[3, 6, 9, 0, 254]  	489	10 
[10, 4, 8, 0, 254]  	492	15 
[2, 7, 5, 2, 254]  	492	4 
[0, 8, 7, 1, 254]  	495	1 
[0, 11, 7, 0, 254]  	498	1 
[7, 1, 4, 4, 254]  	511	12 
[4, 1, 7, 3, 254]  	514	3 
[1, 6, 7, 2, 254]  	527	3 
[2, 0, 7, 4, 254]  	533	4 
[2, 6, 5, 3, 254]  	535	8 
[2, 8, 0, 5, 254]  	538	5 
[1, 20, 0, 1, 254]  	538	2 
[6, 0, 6, 4, 254]  	546	9 
[2, 5, 6, 3, 254]  	547	8 
[0, 21, 0, 1, 254]  	549	2 
[1, 12, 2, 3, 254]  	556	3 
[1, 0, 8, 4, 254]  	556	2 
[0, 20, 1, 1, 254]  	561	2 
[1, 18, 2, 1, 254]  	562	6 
[1, 2, 5, 5, 254]  	563	3 
[1, 7, 0, 6, 254]  	569	3 
[1, 5, 7, 3, 254]  	570	3 
[1, 4, 2, 6, 254]  	570	2 
[0, 19, 2, 1, 254]  	573	2 
[1, 4, 4, 5, 254]  	574	2 
[0, 12, 3, 3, 254]  	579	3 
[1, 8, 11, 0, 254]  	581	4 
[1, 5, 13, 0, 254]  	582	6 
[1, 0, 7, 5, 254]  	587	2 
[0, 14, 4, 2, 254]  	594	3 
[1, 11, 4, 3, 254]  	603	3 
[0, 15, 0, 4, 254]  	609	3 
[0, 3, 10, 3, 254]  	617	2 
[0, 14, 1, 4, 254]  	621	3 
[0, 13, 2, 4, 254]  	633	3 
[0, 0, 7, 6, 254]  	641	1 
[1, 9, 3, 5, 254]  	654	3 
[0, 11, 6, 3, 254]  	661	2 
[0, 19, 1, 3, 254]  	670	3 
[0, 1, 11, 4, 254]  	672	2 
[0, 0, 6, 7, 254]  	672	1 
[0, 5, 7, 5, 254]  	690	2 
[0, 4, 2, 8, 254]  	690	1 
[0, 8, 0, 8, 254]  	712	1 
[6, 6, 0, 0, 255]  	210	5 
[1, 1, 5, 1, 255]  	276	3 
[0, 0, 6, 1, 255]  	276	1 
[0, 12, 1, 0, 255]  	311	2 
[4, 6, 6, 0, 255]  	396	6 
[3, 3, 9, 0, 255]  	420	5 
[0, 20, 0, 0, 255]  	460	1 
[0, 11, 6, 0, 255]  	463	1 
[2, 8, 0, 4, 255]  	472	3 
[2, 5, 2, 4, 255]  	473	4 
[8, 0, 0, 6, 255]  	492	8 
[4, 8, 2, 3, 255]  	500	5 
[3, 3, 0, 6, 255]  	501	6 
[1, 4, 2, 5, 255]  	504	1 
[17, 1, 8, 0, 255]  	507	7 
[1, 4, 4, 4, 255]  	508	2 
[4, 10, 1, 3, 255]  	511	5 
[2, 4, 0, 6, 255]  	512	3 
[2, 5, 11, 0, 255]  	524	7 
[5, 0, 2, 6, 255]  	526	4 
[1, 8, 0, 5, 255]  	526	1 
[0, 0, 0, 8, 255]  	528	1 
[2, 4, 12, 0, 255]  	536	9 
[4, 1, 2, 6, 255]  	537	7 
[0, 15, 0, 3, 255]  	543	3 
[4, 0, 3, 6, 255]  	549	4 
[2, 7, 1, 5, 255]  	550	6 
[15, 1, 10, 0, 255]  	553	9 
[14, 0, 11, 0, 255]  	553	6 
[1, 2, 3, 6, 255]  	559	2 
[3, 0, 15, 0, 255]  	561	5 
[1, 9, 10, 0, 255]  	569	6 
[0, 11, 0, 5, 255]  	583	1 
[0, 9, 11, 0, 255]  	592	1 
[0, 4, 5, 5, 255]  	597	1 
[0, 5, 14, 0, 255]  	605	1 
[0, 3, 16, 0, 255]  	629	2 
[0, 0, 5, 7, 255]  	637	1 
[0, 1, 19, 0, 255]  	688	1 
------
The gap is between 9 and 244.
Lengths: 5 5 10 15 5 13.
For 692 = 3*d-d1-d2-d3-d4 you get 5 in char 0.
1 + 0*2^64 + 0*2^128 + 0*2^192*y^24*z^4
1 + 0*2^64 + 0*2^128 + 0*2^192*y^12*z^10*w^1
1 + 0*2^64 + 0*2^128 + 0*2^192*y^11*z^5*w^4
1 + 0*2^64 + 0*2^128 + 0*2^192*y^10*w^7
1 + 0*2^64 + 0*2^128 + 0*2^192*z^16*w^2

For 416 = 2*d-d1-d2-d3-d4 you get 10 in char 0.
1 + 0*2^64 + 0*2^128 + 0*2^192*x^5*y^4*w^4
1 + 0*2^64 + 0*2^128 + 0*2^192*x^4*y^3*z^1*w^4
1 + 0*2^64 + 0*2^128 + 0*2^192*x^3*y^2*z^2*w^4
1 + 0*2^64 + 0*2^128 + 0*2^192*x^2*y^2*z^8*w^1
1 + 0*2^64 + 0*2^128 + 0*2^192*x^2*y^1*z^3*w^4
1 + 0*2^64 + 0*2^128 + 0*2^192*x^1*y^13*z^3
1 + 0*2^64 + 0*2^128 + 0*2^192*x^1*y^1*z^9*w^1
1 + 0*2^64 + 0*2^128 + 0*2^192*x^1*z^4*w^4
1 + 0*2^64 + 0*2^128 + 0*2^192*y^12*z^4
1 + 0*2^64 + 0*2^128 + 0*2^192*z^10*w^1

For 140 = d-d1-d2-d3-d4 you get 5 in char 0.
1 + 0*2^64 + 0*2^128 + 0*2^192*x^4*y^4
1 + 0*2^64 + 0*2^128 + 0*2^192*x^3*y^3*z^1
1 + 0*2^64 + 0*2^128 + 0*2^192*x^2*y^2*z^2
1 + 0*2^64 + 0*2^128 + 0*2^192*x^1*y^1*z^3
1 + 0*2^64 + 0*2^128 + 0*2^192*z^4

Extra powers of p used 6.
The invariant extra is equal to 33.
Start computing 2^4 Delta^1 (x1x2x3x4)^1... Done.
Start computing 2^5 Delta^2 (x1x2x3x4)^1... Done.
Start computing 2^6 Delta^3 (x1x2x3x4)^1... Done.
Start computing 2^7 Delta^4 (x1x2x3x4)^1... Done.
Start computing 2^8 Delta^5 (x1x2x3x4)^1... Done.
Start computing 2^9 Delta^6 (x1x2x3x4)^1... Done.
Start computing 2^10 Delta^7 (x1x2x3x4)^1... Done.
Start computing 2^11 Delta^8 (x1x2x3x4)^1... Done.
Start computing 2^12 Delta^9 (x1x2x3x4)^1... Done.
Start computing 2^13 Delta^10 (x1x2x3x4)^1... Done.
Start computing 2^14 Delta^11 (x1x2x3x4)^1... Done.
Start computing 2^15 Delta^12 (x1x2x3x4)^1... Done.
Start computing 2^16 Delta^13 (x1x2x3x4)^1... Done.
Start computing 2^17 Delta^14 (x1x2x3x4)^1... Done.
Start computing 2^18 Delta^15 (x1x2x3x4)^1... Done.
Start computing 2^19 Delta^16 (x1x2x3x4)^1... Done.
Start computing 2^20 Delta^17 (x1x2x3x4)^1... Done.
Start computing 2^21 Delta^18 (x1x2x3x4)^1... Done.
Start computing 2^22 Delta^19 (x1x2x3x4)^1... Done.
Start computing 2^23 Delta^20 (x1x2x3x4)^1... Done.
Start computing 2^24 Delta^21 (x1x2x3x4)^1... Done.
Start computing 2^25 Delta^22 (x1x2x3x4)^1... Done.
Start computing 2^26 Delta^23 (x1x2x3x4)^1... Done.
Start computing 2^27 Delta^24 (x1x2x3x4)^1... Done.
Start computing 2^28 Delta^25 (x1x2x3x4)^1... Done.
Start computing 2^29 Delta^26 (x1x2x3x4)^1... Done.
Start computing 2^30 Delta^27 (x1x2x3x4)^1... Done.
Start computing 2^31 Delta^28 (x1x2x3x4)^1... Done.
Start computing 2^32 Delta^29 (x1x2x3x4)^1... Done.
Start computing 2^33 Delta^30 (x1x2x3x4)^1... Done.
Start computing 2^34 Delta^31 (x1x2x3x4)^1... Done.
Start computing 2^35 Delta^32 (x1x2x3x4)^1... Done.
Start computing 2^36 Delta^33 (x1x2x3x4)^1... Done.
Start computing 2^37 Delta^34 (x1x2x3x4)^1... Done.
Start computing 2^38 Delta^35 (x1x2x3x4)^1... Done.
Start computing aa.
1 2 3 4 5 6 7 8 9 10 11 12 13 14 15 16 17 18 19 20 
*/
A = \
[1524663366125583856 + 15549242841869730181*2^64 + 3742805539805013436*2^128 + 22303158924*2^192,2646838547903594208 + 519141095746241585*2^64 + 7249014587813413540*2^128 + 6125141456*2^192,8072427140787434592 + 12252439850821434541*2^64 + 2277469533295749934*2^128 + 22036010025*2^192,1705517193099124616 + 15003199263512761304*2^64 + 3490910344968761514*2^128 + 57038609100*2^192,16438702649985290432 + 6707014689239547101*2^64 + 6327369020432674335*2^128 + 23652712242*2^192,4421061596685036544 + 8741204065540019304*2^64 + 1649211641178671833*2^128 + 58405420303*2^192,2856865027904813888 + 3828319514562946043*2^64 + 9276342477220671286*2^128 + 383765565*2^192,7302809207813813568 + 4505723431946291324*2^64 + 8294879195515167592*2^128 + 26995920304*2^192,7721467743098199296 + 18228098490091237032*2^64 + 9636781008290974334*2^128 + 48067853664*2^192,8915041764128316480 + 3130326965538221910*2^64 + 4137291787840832656*2^128 + 29767874114*2^192,9617371570166385152 + 6525991384865518953*2^64 + 11949410198602536617*2^128 + 8824651846*2^192,12598215869345252864 + 16642799221540423172*2^64 + 9483370291641319928*2^128 + 59636013982*2^192,15484020233149024256 + 8639093905819928915*2^64 + 14970143270685185767*2^128 + 26851515444*2^192,8565091327125365248 + 8247961187521050530*2^64 + 5520442213222282376*2^128 + 16107377647*2^192,2266805551781641728 + 6357965842141304839*2^64 + 10849391711827472078*2^128 + 39304858489*2^192,5742812821483885440 + 3710090380392542057*2^64 + 1574969034007700999*2^128 + 62644577973*2^192,11733078101569977600 + 2243450376672284037*2^64 + 2999343857125337368*2^128 + 47919235088*2^192,11396521350509219200 + 11656326335392739016*2^64 + 2511892945440794883*2^128 + 63248999675*2^192,10856133797068553856 + 12589326825839053220*2^64 + 14211482066321557321*2^128 + 59967285792*2^192,4848703957016099200 + 13405531156333153999*2^64 + 11841681174375416361*2^128 + 14201266281*2^192;\
12726335745609602880 + 16559730262157215718*2^64 + 605508323952835394*2^128 + 17330581976*2^192,1010590076332302464 + 14369752603375898454*2^64 + 6637087049296979255*2^128 + 64529554802*2^192,5750696828114031024 + 2676670713495355027*2^64 + 7111159920109971251*2^128 + 53818157420*2^192,14748243902716441528 + 8593075228645943343*2^64 + 4011546811886369632*2^128 + 27826452255*2^192,9970278051934668928 + 17056818956009120901*2^64 + 9896719579500991884*2^128 + 8825869107*2^192,12050096178108942400 + 208673822913013015*2^64 + 7455362897928801221*2^128 + 57804205369*2^192,4825099102563036480 + 14406381280632700962*2^64 + 7570019311836312095*2^128 + 27876267782*2^192,17525163005935929728 + 15338548606459271000*2^64 + 15892421927757023622*2^128 + 5481220705*2^192,3778019315202159616 + 17057500485794346643*2^64 + 3881384680226159047*2^128 + 62186647533*2^192,4854579554546133248 + 6854731819325191752*2^64 + 3753847833105090484*2^128 + 39493342416*2^192,7177253094456227072 + 13630191986675742438*2^64 + 11367083382934144520*2^128 + 67328990807*2^192,12356719859004288256 + 6765538963537434502*2^64 + 10600350310297493377*2^128 + 45421536470*2^192,1449828951281870784 + 4829171977907245616*2^64 + 15060909439826858090*2^128 + 9887959384*2^192,13489099406280637824 + 14018925929370919391*2^64 + 11191184148684264323*2^128 + 31032934924*2^192,10841261965268116224 + 14405641840279756550*2^64 + 17402030034985958261*2^128 + 21095530614*2^192,13911115723443437312 + 15188941787291777657*2^64 + 1928208853291564534*2^128 + 28868011078*2^192,17743555641925059200 + 5947776356569153558*2^64 + 17449315957106339893*2^128 + 10782646330*2^192,16696739084860493568 + 11368308381490595405*2^64 + 15385972847902551947*2^128 + 34398862770*2^192,17556821272188960256 + 12242782230328525460*2^64 + 13041443562205370138*2^128 + 41633951575*2^192,12438052860553788416 + 15763781651686452567*2^64 + 10352675367963426766*2^128 + 15057077524*2^192;\
3785355314721275392 + 10767393055669265519*2^64 + 8252315288286944600*2^128 + 34577318944*2^192,297355365098198528 + 1912476411775756122*2^64 + 17260717187112422277*2^128 + 9535071458*2^192,16367033520702456512 + 4925771239697640636*2^64 + 7311241184184547439*2^128 + 38612545874*2^192,3728741738761712896 + 5500293919692709672*2^64 + 11363473438559607807*2^128 + 32878117140*2^192,16014221356100379648 + 4529942752732291693*2^64 + 12486114059369948632*2^128 + 39027682017*2^192,12000702250393218560 + 2176230960292703587*2^64 + 9195049251501295706*2^128 + 46263962312*2^192,13551737367935915008 + 3895280037875228353*2^64 + 10300108681544639314*2^128 + 46567774022*2^192,2534874863907048960 + 16978806541782890073*2^64 + 17249366777829449802*2^128 + 40432388657*2^192,6710784033973039104 + 14865818568256493699*2^64 + 311865125174127333*2^128 + 23892291236*2^192,3750570753788584960 + 1668457966670363173*2^64 + 8723742306992338176*2^128 + 63230019694*2^192,13176294132867366912 + 3615516888365804258*2^64 + 13158162651831524113*2^128 + 39615543968*2^192,1499615643891479552 + 12046801338108983451*2^64 + 11488848249858558792*2^128 + 43232180518*2^192,2382835404605923840 + 282493504561258534*2^64 + 4631060864764417746*2^128 + 68571076938*2^192,5972910785941187584 + 11342450723885321866*2^64 + 13808816180370854380*2^128 + 66033585665*2^192,12121512237105614848 + 13301808022379726714*2^64 + 11583476171945490353*2^128 + 3647657114*2^192,11528435891407364096 + 14039748680476627914*2^64 + 15080614030662655431*2^128 + 55324380173*2^192,8485370435515409408 + 755102489188450471*2^64 + 14526039806830325979*2^128 + 54005344504*2^192,1433132878387458048 + 15715558559470688277*2^64 + 15649983443779926250*2^128 + 53504223354*2^192,4137839114649811968 + 1465333301375909983*2^64 + 11430965667582501478*2^128 + 41690963967*2^192,6092591824152197120 + 5513264291108453128*2^64 + 12626519716608047643*2^128 + 14875653746*2^192;\
10322965314402700288 + 4349105153589835016*2^64 + 2489500204864521135*2^128 + 61717179701*2^192,14380956281647314432 + 1425745338484627048*2^64 + 17589624548338209906*2^128 + 66192817460*2^192,14982590191898905728 + 14409118961895545422*2^64 + 8145157742414034995*2^128 + 55683830578*2^192,10604803065610524608 + 16826391709029640364*2^64 + 12089282661420735983*2^128 + 64106921815*2^192,8044759572892478464 + 14779529364317056469*2^64 + 18295180842329407470*2^128 + 18291747739*2^192,8226050145389199872 + 8602875670348795877*2^64 + 16273899380795635548*2^128 + 2807998174*2^192,12490886584238054400 + 18239581948334224033*2^64 + 6068591483115443382*2^128 + 45310767316*2^192,2307829400521282048 + 15240715371422715019*2^64 + 8230866024767394233*2^128 + 1512178570*2^192,9962354090088853504 + 11586118522463802750*2^64 + 13422176374900513905*2^128 + 21206871621*2^192,14725579231409271808 + 12175701719690601373*2^64 + 3561436868509015167*2^128 + 65307947874*2^192,805243380351395840 + 13866319900530263877*2^64 + 10261048195687005074*2^128 + 56707693994*2^192,13069555447694752768 + 3873628549482808997*2^64 + 16063727765920064846*2^128 + 14382489672*2^192,12021360082430598656 + 16990356354286271533*2^64 + 8865893668812684822*2^128 + 12727513535*2^192,1424413449116699648 + 11922125213800629655*2^64 + 11533828060550638457*2^128 + 21163734488*2^192,2213851908568629248 + 18341862240784645692*2^64 + 3940055205272034837*2^128 + 62060024128*2^192,1644273895554775040 + 10940801982980766209*2^64 + 16025380893772786358*2^128 + 20983765864*2^192,1763488110018726912 + 15498249683202885688*2^64 + 12996338392326910485*2^128 + 27905295062*2^192,14724790767517073408 + 4283146406542835936*2^64 + 6514781900856247829*2^128 + 14821364536*2^192,9585823116627538944 + 8586367913140391663*2^64 + 1180700716922168573*2^128 + 26841447890*2^192,18171844700817756160 + 18146643908761507896*2^64 + 1857612390059524677*2^128 + 40061516748*2^192;\
851363606960811492 + 15470339466455715902*2^64 + 12692649223884858271*2^128 + 27481609626*2^192,9340993416251785160 + 7191032126349237779*2^64 + 7243202954000825321*2^128 + 45332943556*2^192,2361240965376404088 + 698084596283639732*2^64 + 8293953152932358050*2^128 + 28221174563*2^192,11414693460522510050 + 15334852564692037004*2^64 + 4619999702981698317*2^128 + 65114807661*2^192,9293097953169100944 + 2843145632768089737*2^64 + 13240040802868969814*2^128 + 25584707774*2^192,4963895543312342688 + 4371087913865610834*2^64 + 8109875058225807396*2^128 + 22932624883*2^192,2268297091013509968 + 2902075693472833513*2^64 + 1370564100642009640*2^128 + 49367936239*2^192,2922802015897527216 + 8162156379700266616*2^64 + 2630523513255693738*2^128 + 16548117252*2^192,15060379891445364416 + 1369664267191714811*2^64 + 12144345821994729374*2^128 + 52767518397*2^192,2757116087994056432 + 9147248544078288214*2^64 + 3380181175234811410*2^128 + 34820239818*2^192,1892336271968401280 + 13635838894601245233*2^64 + 14511734132984952906*2^128 + 48538499917*2^192,8458374121064608512 + 16345574785753064577*2^64 + 18186809101323341486*2^128 + 55450122787*2^192,4837494734613385312 + 11155587624050778022*2^64 + 10552612988063811521*2^128 + 55675287553*2^192,2330119721781885120 + 6577108858828927797*2^64 + 954231006870093525*2^128 + 8950876567*2^192,2478370845534680832 + 7635010102059051380*2^64 + 757652599977552559*2^128 + 23464078952*2^192,12587224675830855072 + 10945575879435105381*2^64 + 1325057477703676962*2^128 + 31350263227*2^192,13588062596984378496 + 15549096240421162525*2^64 + 1612905624610089210*2^128 + 55446187911*2^192,5173989917748083104 + 12548051912767862390*2^64 + 3501414681590364325*2^128 + 35973684106*2^192,14319567366322683616 + 5301525586950372763*2^64 + 1939896219035148701*2^128 + 1964902492*2^192,5126831329414021792 + 6648262038690258978*2^64 + 17657883240712947132*2^128 + 6191559972*2^192;\
5445597773784830976 + 17155432911653746621*2^64 + 4937504771649722577*2^128 + 37841729206*2^192,8471330656578442240 + 12905775100647283026*2^64 + 7419786011065718319*2^128 + 17487384210*2^192,7688560009249718592 + 4123837037971027165*2^64 + 5744520579150362229*2^128 + 57375713592*2^192,5424000404098501056 + 4193370176975698549*2^64 + 18423790346682787285*2^128 + 39646740078*2^192,7046476485642520576 + 3327578801744235018*2^64 + 2215087415368705611*2^128 + 39225322505*2^192,17100348912628441728 + 14364239824402586053*2^64 + 2267585797977377313*2^128 + 24713233185*2^192,16832997681761427072 + 5295839271779774333*2^64 + 3067806928607529714*2^128 + 67819551613*2^192,11033678061839474688 + 12464573944367360839*2^64 + 6549069843399918007*2^128 + 42845521076*2^192,11049940876371968000 + 13279864773429069262*2^64 + 10950849197755580920*2^128 + 25447196153*2^192,2014013671533976192 + 4014762122999040305*2^64 + 4278694710085439436*2^128 + 15432890314*2^192,545547084985030656 + 14031919188021630613*2^64 + 12954702643001672013*2^128 + 47923193813*2^192,4710746689569918976 + 5775918281563927342*2^64 + 2275852463640761294*2^128 + 57338080312*2^192,16366871528891232512 + 13038845212360820717*2^64 + 10852516656410831272*2^128 + 45883074668*2^192,13697677376992716800 + 17898625264393852113*2^64 + 5251350104591212785*2^128 + 10925305556*2^192,10549207815962660864 + 1535654453352909378*2^64 + 14856652951121292812*2^128 + 11403887429*2^192,2563206877538668544 + 595172029760053492*2^64 + 9817357406945759617*2^128 + 57587156236*2^192,4275706747985656832 + 2014548628389784204*2^64 + 16593497314991399726*2^128 + 51915814397*2^192,14345558695571231744 + 16670452952043917761*2^64 + 12287148809818594267*2^128 + 34686747970*2^192,10229510006656830464 + 18350175919456882879*2^64 + 14924236682720005521*2^128 + 54430004678*2^192,3499630603410855936 + 3821486452579342293*2^64 + 4579432326103764274*2^128 + 5734439682*2^192;\
10695486300259199488 + 7051565129963546616*2^64 + 11625235371830383952*2^128 + 55749084420*2^192,17278810425792386048 + 6539100931997799274*2^64 + 3891971816794662117*2^128 + 41439946066*2^192,17473601879194753472 + 4207059856020406367*2^64 + 5421169984071211603*2^128 + 48911570928*2^192,16620574654086239616 + 7215469821521541624*2^64 + 14670851637091585210*2^128 + 64679109371*2^192,1696822529319480320 + 9215305330585439937*2^64 + 16421949089151747528*2^128 + 59011359070*2^192,14807968367013895936 + 14751925304783057611*2^64 + 872676312950889590*2^128 + 33885370534*2^192,7909913577559236736 + 4175273810952842567*2^64 + 4671078342183493849*2^128 + 32521186941*2^192,14201036909672593152 + 14922417154845363934*2^64 + 10272465442396817061*2^128 + 62687338860*2^192,15823619468547241984 + 5677912570358222231*2^64 + 10864502790772880633*2^128 + 52229292651*2^192,9331013970831164800 + 9642402896456910861*2^64 + 7051075930339419679*2^128 + 5522069463*2^192,12654415173279252992 + 995090880790337633*2^64 + 2554205337804818524*2^128 + 22418469176*2^192,13547739584779711488 + 4431499188714261781*2^64 + 15858702131390569276*2^128 + 66624958923*2^192,395330663564476160 + 8123477023405913083*2^64 + 11126569826797343311*2^128 + 68673837941*2^192,4781486980686464000 + 3808796456004931704*2^64 + 12715870631943299037*2^128 + 29683356660*2^192,10608290393956978688 + 529818132263968880*2^64 + 16430738586222568854*2^128 + 1947193196*2^192,6624391765650593792 + 12333209465862556843*2^64 + 10409231039177463989*2^128 + 43876412042*2^192,16113890806673951744 + 10641327653938865496*2^64 + 9077657632031477624*2^128 + 50584018495*2^192,17561781595305251840 + 11332845503468864500*2^64 + 571314354548873295*2^128 + 34899761269*2^192,232381973956156416 + 14209495378715954048*2^64 + 14908273996363961248*2^128 + 65999670655*2^192,11936498213472395264 + 5041084524248528513*2^64 + 17710756968894578660*2^128 + 36528440326*2^192;\
11281682600262025728 + 16745216731738292997*2^64 + 18361330854305144673*2^128 + 15511657853*2^192,8006242678858571776 + 4158773929515893352*2^64 + 5391541707102338779*2^128 + 20581053648*2^192,15214549887051423360 + 17526012994303417661*2^64 + 12996531376290200053*2^128 + 50977196870*2^192,14443871836385173440 + 674177644473119807*2^64 + 16286278647406263298*2^128 + 21223630398*2^192,15721316414437837824 + 4792558186342087770*2^64 + 15653419975991789883*2^128 + 37080086324*2^192,12655360788178722944 + 8636566866810984862*2^64 + 313110852979356774*2^128 + 55656309166*2^192,10443595548758251648 + 15810863080465945185*2^64 + 16869647226347235060*2^128 + 34518050872*2^192,14988916540588732800 + 6040362499019606606*2^64 + 8225365334020386135*2^128 + 8698066024*2^192,7515024109625542656 + 1918027874536905678*2^64 + 630739731114779356*2^128 + 60259645781*2^192,12903348422110867712 + 6347212487171412715*2^64 + 2772066835209917618*2^128 + 46795853453*2^192,5615341945722430976 + 13399566219215719428*2^64 + 15853349364218709800*2^128 + 11042173718*2^192,6975600287387681792 + 6951988965285435203*2^64 + 2144106231046343011*2^128 + 64198430764*2^192,1835082622208093568 + 15616972128853903939*2^64 + 17008522614437038526*2^128 + 21720581442*2^192,15893151181310710784 + 10909994430242270404*2^64 + 17846906539396927532*2^128 + 40644020719*2^192,18119507687711084544 + 8499118844841836546*2^64 + 15107111724916604661*2^128 + 64087520645*2^192,4516632532621221888 + 771922516919568948*2^64 + 7616217531363842907*2^128 + 55639915611*2^192,14744738500255047680 + 7498282052115698241*2^64 + 15827279803960065610*2^128 + 53454826474*2^192,7924402009796001792 + 5971818577230342139*2^64 + 6518135088620875745*2^128 + 16886562947*2^192,4401798241476208640 + 14926968548630228689*2^64 + 18239074088733666852*2^128 + 37432937842*2^192,4552259196310171648 + 6548249337647960547*2^64 + 4970058050964578196*2^128 + 54814108290*2^192;\
1971418641776981832 + 5118749483656079195*2^64 + 1985232826664516403*2^128 + 15378854193*2^192,7207729902606502320 + 4777675596827812064*2^64 + 16136602798192108235*2^128 + 54970876686*2^192,13029066395032026632 + 6151145856497376013*2^64 + 17207798991238865070*2^128 + 11638756268*2^192,980282816405401324 + 11482418178350226018*2^64 + 16125944895619504552*2^128 + 33987594948*2^192,8608263909510618016 + 16990586289658712465*2^64 + 2074443270454042939*2^128 + 11937396493*2^192,4738400986392282784 + 9905017231371197812*2^64 + 1285603364747886530*2^128 + 36023963448*2^192,2505984170871334016 + 8319853945563270640*2^64 + 2565850070737670899*2^128 + 56063175653*2^192,13154649308833403040 + 29168179459119113*2^64 + 5493924936580552653*2^128 + 21868548978*2^192,16251359350834097152 + 2625108292307854719*2^64 + 1082828635703223902*2^128 + 31081702004*2^192,12141805804699549184 + 8168263805355419280*2^64 + 950711161425514537*2^128 + 38387619425*2^192,2630597232512570400 + 13363990052735102289*2^64 + 16338334162987230881*2^128 + 43794048918*2^192,10416593538175144640 + 13319188603972943255*2^64 + 6198560892562763128*2^128 + 13555292000*2^192,7647131790083037376 + 14263463886991175561*2^64 + 9330291976343643032*2^128 + 65003150789*2^192,13693340153824235136 + 5885217784832201700*2^64 + 11646858139456834223*2^128 + 26954242588*2^192,6019917713737782656 + 3782277242253729654*2^64 + 4615780439868613424*2^128 + 7509436330*2^192,17501413671280271296 + 5245082769239673309*2^64 + 14578325601077108428*2^128 + 59010212639*2^192,167235824537384064 + 4463628138852739645*2^64 + 16667568542369242810*2^128 + 43424558577*2^192,5847565485851835712 + 14522247766003000722*2^64 + 4544449984993514232*2^128 + 58343989661*2^192,7084279326310158400 + 8501787010332064598*2^64 + 4653969379001239469*2^128 + 45170011042*2^192,2267869163515126976 + 5281866022113801998*2^64 + 5662022417395122814*2^128 + 13755080046*2^192;\
4085453144607520768 + 9808292935051903686*2^64 + 9835597339953350837*2^128 + 38530135544*2^192,9345835965607472128 + 5784416628521340725*2^64 + 8095011299479783299*2^128 + 6525774809*2^192,1336458794424301184 + 15386638835328138614*2^64 + 15219296794182075926*2^128 + 57279353301*2^192,2329626289324300480 + 18163898958170897095*2^64 + 10722823382395396749*2^128 + 59745151168*2^192,10161149006081467392 + 7665453997550243196*2^64 + 4054314208266795176*2^128 + 11673086160*2^192,4800004330043263616 + 6779759876908417372*2^64 + 10189646174286714549*2^128 + 32708858900*2^192,7613469799515479808 + 11050460871489681508*2^64 + 16951127736691447339*2^128 + 52720597171*2^192,13300033638107835520 + 8036584424970907396*2^64 + 985099303770759456*2^128 + 59845480811*2^192,6157422184848875520 + 6994355615508768486*2^64 + 3018584011863260109*2^128 + 2477253485*2^192,9638939066194581504 + 1373054284624735891*2^64 + 8654108812145840804*2^128 + 17104636027*2^192,14224819463434365952 + 6705306174670762218*2^64 + 18279750892581709347*2^128 + 41174774078*2^192,9028472760071315456 + 11372358979698456972*2^64 + 12169308006067058138*2^128 + 3037703171*2^192,14576398108326710144 + 16648920576545400730*2^64 + 118224130698484576*2^128 + 68332864632*2^192,1201883352463633408 + 4952841953124372427*2^64 + 13949117170814797937*2^128 + 20844526701*2^192,17711632433009997824 + 16347243706385991144*2^64 + 5194467225280972563*2^128 + 36906827467*2^192,5944943746680788992 + 16013049970301412891*2^64 + 1354458380163562046*2^128 + 19305695407*2^192,12705036982626968576 + 6015888277083212187*2^64 + 6266194496202700867*2^128 + 56110790135*2^192,7445791197647181824 + 9611397870752323085*2^64 + 10982664181877904900*2^128 + 34656450887*2^192,8329799033267822592 + 5696126164076167849*2^64 + 8024094665239122804*2^128 + 56847457079*2^192,8620247079681691648 + 903370299130367912*2^64 + 16426855967922300305*2^128 + 20699765086*2^192;\
11167060285495767100 + 1470700989460967435*2^64 + 4869628091478161991*2^128 + 35150342814*2^192,670343106512652760 + 4327908497774951767*2^64 + 13965400452662063252*2^128 + 48192999148*2^192,4894687787748365384 + 2528053427059915189*2^64 + 4588680030190128352*2^128 + 29795888818*2^192,11713922179346542770 + 17650195832656338422*2^64 + 5534088875403642182*2^128 + 5233784806*2^192,11028771180332319600 + 10283023790544357696*2^64 + 10731801511225666959*2^128 + 22039346199*2^192,12193796436018624992 + 6705553016783316071*2^64 + 5365811416441255134*2^128 + 49120331255*2^192,10614100702666940720 + 18146579802741010905*2^64 + 11324629305190971977*2^128 + 34008115409*2^192,12627284231019931280 + 17120049643158814879*2^64 + 2684220237398483334*2^128 + 58160731463*2^192,14402843937871189056 + 13112707910331255376*2^64 + 2778262111219475310*2^128 + 58438287491*2^192,13800169676629640176 + 361410391625785936*2^64 + 3129247767232513299*2^128 + 67612455052*2^192,11891466558489846496 + 10766816777463500187*2^64 + 15631215063822359478*2^128 + 2973201283*2^192,2486950873475336128 + 15693486975551364983*2^64 + 4447033957268894896*2^128 + 66870066693*2^192,428345193058171712 + 6751629098272463940*2^64 + 10485218354492874147*2^128 + 43107049182*2^192,5088680468566669888 + 4885154553895258807*2^64 + 18417304129254814220*2^128 + 14784397354*2^192,12623040010186693504 + 13509927930991662238*2^64 + 12531635564199224369*2^128 + 22313144087*2^192,17082405702454251616 + 12191948435144978656*2^64 + 11766365322165443633*2^128 + 15041379858*2^192,10376576058122577728 + 10458215638984992849*2^64 + 1837785948827086489*2^128 + 19489422435*2^192,14882380585371169248 + 5893423609079044913*2^64 + 9887598299080831298*2^128 + 10650033463*2^192,2026895188110033824 + 14391088420217499159*2^64 + 2929141794606747447*2^128 + 60162769107*2^192,10658400112333270240 + 12944186315662118316*2^64 + 17326589976553195672*2^128 + 42464723237*2^192;\
4961826876142869518 + 1395255667987727591*2^64 + 1755192631001195916*2^128 + 44000047210*2^192,69959352839741452 + 14678723145115973493*2^64 + 17603505144869091723*2^128 + 28109595128*2^192,17619291823724500028 + 5676095545830284234*2^64 + 15632829138476251391*2^128 + 10664848920*2^192,17456662662260573065 + 10471877296158477083*2^64 + 5928852770592465681*2^128 + 8336535071*2^192,6382779565224208760 + 15108663569280860281*2^64 + 16826091413378521938*2^128 + 41674724543*2^192,11125547382113483088 + 13750357641794252157*2^64 + 10907914994447298563*2^128 + 36681568014*2^192,13659583877267601048 + 3380810842835042011*2^64 + 3107461946137730142*2^128 + 5418987288*2^192,10696004908058138568 + 9672619103101863304*2^64 + 15958750787579280206*2^128 + 47797432703*2^192,12647366295609218336 + 1821863266416496955*2^64 + 17123654500435182426*2^128 + 40229987538*2^192,12454525930535064824 + 13871818800014544991*2^64 + 18098668907224047513*2^128 + 63217196470*2^192,14457043869294005296 + 9694405948502545445*2^64 + 14938838442463412782*2^128 + 57726153122*2^192,14608756841428842592 + 2086650915815637431*2^64 + 16517760414635950265*2^128 + 31754735311*2^192,914482784605070880 + 1958987816575578683*2^64 + 7119184880489568666*2^128 + 62137737711*2^192,16548777249996002208 + 6798249430517124149*2^64 + 16163854534544138120*2^128 + 15241310227*2^192,10121769219874285504 + 5307903042780197567*2^64 + 4140890855023716707*2^128 + 755264839*2^192,7083874849696303792 + 3005415748275188693*2^64 + 48803881566528524*2^128 + 16064404171*2^192,13825394435764870688 + 280203831186157796*2^64 + 4349713543285837998*2^128 + 21504787388*2^192,8217449951996223984 + 3139317609796640652*2^64 + 4748466999514863078*2^128 + 8102925090*2^192,4240138675868150480 + 12236944843048059958*2^64 + 2379838407046807539*2^128 + 67986359882*2^192,2628665080228545264 + 16778230549190182927*2^64 + 10449233629047184553*2^128 + 14858621439*2^192;\
6337259682848903936 + 6776548565458061461*2^64 + 5119924761835983586*2^128 + 49792097782*2^192,7246704301456434688 + 7666396665056887733*2^64 + 15713804956452992027*2^128 + 17920475719*2^192,14937280478603162048 + 16408957756831990882*2^64 + 6159406973992225618*2^128 + 4784416835*2^192,7219908832613118784 + 12615572840158512456*2^64 + 7915093108059567937*2^128 + 4128344043*2^192,15032266093965176832 + 12619905448048445132*2^64 + 7844277381807395431*2^128 + 37216656651*2^192,12882259812562788736 + 12453243099978794708*2^64 + 7731361362966790282*2^128 + 16687376018*2^192,4518162249286340608 + 13518820416960251151*2^64 + 10322079210426084244*2^128 + 44342499*2^192,8762031258422211200 + 904935716962721886*2^64 + 9328434129907691755*2^128 + 3751211774*2^192,6941181970203811840 + 10426741357572391061*2^64 + 11283600429531450288*2^128 + 16814110745*2^192,6487824754772434176 + 1743982199046912051*2^64 + 6769451532359629804*2^128 + 27899835890*2^192,12070684477822828544 + 9482811273216102301*2^64 + 1114972338630905951*2^128 + 18147384310*2^192,17588501491986495488 + 445050865791616659*2^64 + 10442587499418316181*2^128 + 1295543766*2^192,4896570144884636416 + 7061102865487590512*2^64 + 7228192097279913394*2^128 + 23103201995*2^192,1114101685489554432 + 15934713638465638961*2^64 + 16391534818020385759*2^128 + 20528690843*2^192,17128038298577004544 + 17289224300406182678*2^64 + 14820037485648867600*2^128 + 38408042892*2^192,9602401788642134016 + 8110263161917809561*2^64 + 77279837177169387*2^128 + 39982032345*2^192,6843603491301735424 + 9347254316365803032*2^64 + 3015468891641510392*2^128 + 15977604063*2^192,15108276970217850880 + 8016012555721237237*2^64 + 14094433154351929705*2^128 + 50741729058*2^192,9018928209925939200 + 1906771198622531858*2^64 + 2276953542844112824*2^128 + 9053328832*2^192,5609929296916805632 + 8455832794577149363*2^64 + 17643625040216764722*2^128 + 26869790160*2^192;\
5160526700288417056 + 9651135641638381326*2^64 + 6842906225930260916*2^128 + 4385459053*2^192,8518021419688378208 + 3028911411026123486*2^64 + 10693616876267887852*2^128 + 10091069834*2^192,17190496832541528032 + 9124528417834902690*2^64 + 9563482381357050598*2^128 + 64106853762*2^192,5195205247106570176 + 18404706124075921602*2^64 + 13424034322032320649*2^128 + 7318596475*2^192,6067998206162478336 + 17787348683051826519*2^64 + 4034129671068625189*2^128 + 2272832638*2^192,8215762316688312768 + 18010559426444355061*2^64 + 17642263179073132434*2^128 + 43179054497*2^192,1708433830007678752 + 16172492885438325630*2^64 + 8137881103665511871*2^128 + 20673522823*2^192,4401105967429542272 + 13696580208026204254*2^64 + 1396754156068507374*2^128 + 55418950750*2^192,6850875859856291456 + 6837060226009079953*2^64 + 4960346905392403441*2^128 + 57175743506*2^192,11621971078015149856 + 17883702122014511277*2^64 + 11605739720558366098*2^128 + 56399571501*2^192,13920932694487874464 + 10266197164334786043*2^64 + 1610355389659067269*2^128 + 33356670977*2^192,16946106419610755008 + 13959809402001018418*2^64 + 12538337306852059965*2^128 + 62498827519*2^192,11387000361105543680 + 1412289530989818145*2^64 + 2367912175842367142*2^128 + 57744202006*2^192,11006430035739443328 + 12103467305787939178*2^64 + 17601607034753002689*2^128 + 63524877010*2^192,16508276769534566528 + 8721082293618852565*2^64 + 12515744266398013033*2^128 + 16978318215*2^192,14593444352817414784 + 9617758898655300254*2^64 + 16589891925932358661*2^128 + 46731147400*2^192,926536186495241216 + 8015228123720703340*2^64 + 3072943877172527642*2^128 + 27102095793*2^192,15785948510392520320 + 17392420796481669104*2^64 + 9292329009992125728*2^128 + 49634820432*2^192,14580540591530135808 + 17320114425834348375*2^64 + 7727666785252515289*2^128 + 56538868627*2^192,11604487074248133504 + 2793624110416937288*2^64 + 2417847138475935581*2^128 + 25216621241*2^192;\
4856306945417850274 + 12486374917917621165*2^64 + 11049434167040347692*2^128 + 43028296267*2^192,3718175099431159796 + 1183449025337012290*2^64 + 7006684638823633808*2^128 + 7774142004*2^192,230083787873718252 + 17852182031350514973*2^64 + 3320533906225378478*2^128 + 49987553640*2^192,15912746389399860773 + 3587892663670261551*2^64 + 17928361439832081169*2^128 + 13455361926*2^192,3663657481673269640 + 14504579211355510778*2^64 + 13892321127497694303*2^128 + 65624620815*2^192,13214394437761029840 + 11545111427735652305*2^64 + 16456500134188438480*2^128 + 47394264077*2^192,2579346520954047224 + 2012345228836696223*2^64 + 4671102697988297687*2^128 + 48200001089*2^192,15166399245308090200 + 5389967801320832710*2^64 + 11387117544259376033*2^128 + 8677157586*2^192,5680821849823930272 + 14079655841813353826*2^64 + 6485184917500126361*2^128 + 50102739475*2^192,13566457296530661288 + 60576316118482543*2^64 + 5768346120910314981*2^128 + 66306332129*2^192,7846664069701346352 + 15625468361341624007*2^64 + 15134059631541696747*2^128 + 15906905751*2^192,155315739167468704 + 17320716143460647813*2^64 + 16479773143756402042*2^128 + 49803373664*2^192,12661492005915144976 + 2670159925539234049*2^64 + 14898248532689590964*2^128 + 60694135397*2^192,8995145371539590752 + 1198408186275709201*2^64 + 10793853421967467069*2^128 + 44814688153*2^192,4338921025516737728 + 7674126876065756019*2^64 + 14014532430364275612*2^128 + 54601500410*2^192,871496779553751568 + 1622404474106769155*2^64 + 12408258221816050561*2^128 + 61107451617*2^192,1637923101663748864 + 2425536729279156927*2^64 + 17577830644078771510*2^128 + 14831698508*2^192,6073819458065205648 + 18107570782192161814*2^64 + 2900244536125984040*2^128 + 50864946682*2^192,11392160157293461872 + 9598269814900497828*2^64 + 13446925265760803339*2^128 + 8073612120*2^192,16385182893145389712 + 7635381115423185011*2^64 + 9017408448938808814*2^128 + 26095276831*2^192;\
14974866733576776992 + 5383713160076333381*2^64 + 3148354956817479717*2^128 + 18740525110*2^192,2688314325798541696 + 11683426521421209046*2^64 + 3913173975117211057*2^128 + 54308447509*2^192,6302388129776619344 + 9851523215703357010*2^64 + 15480681201590749722*2^128 + 59788097341*2^192,8007721051927122712 + 2314571849375808*2^64 + 14352429342558297467*2^128 + 63900534320*2^192,8498535990661298816 + 4927077708952583353*2^64 + 641892611834030766*2^128 + 60882556892*2^192,13868315615494160192 + 4793840215125101787*2^64 + 6488370976383215003*2^128 + 62747379516*2^192,12671393177968538368 + 7981571392104581226*2^64 + 3691021832163935979*2^128 + 15561570042*2^192,11432986604597207936 + 3740051429466391763*2^64 + 11176076117787306361*2^128 + 21262801518*2^192,9685073306318962176 + 10922830928912538600*2^64 + 7509513156691233860*2^128 + 19309844611*2^192,17432595293964887488 + 4413931134758549440*2^64 + 1227732208628657118*2^128 + 6445708396*2^192,10802677829068917824 + 8526070458950058036*2^64 + 656243708473867523*2^128 + 18962298217*2^192,6033730371514695040 + 9077851437188840987*2^64 + 4994520827977106388*2^128 + 26478130256*2^192,15622405245547669184 + 2645598113645176609*2^64 + 3277610996637474609*2^128 + 40430033128*2^192,7730295242886503424 + 8637790802391373575*2^64 + 8071055256839071429*2^128 + 21081090481*2^192,14013274815133333760 + 16250161405536830463*2^64 + 15556121816956937145*2^128 + 46056088123*2^192,18023093140490534912 + 15810733293317708018*2^64 + 9950995214971348455*2^128 + 59979239210*2^192,1680660288563304576 + 7370527987993682242*2^64 + 11037877837997896059*2^128 + 62138721110*2^192,14104572576331932416 + 13192970273944431760*2^64 + 13515531142826646540*2^128 + 55211685078*2^192,632933172155143680 + 7170341327792577536*2^64 + 461810599070431327*2^128 + 53982490556*2^192,7487575422592560128 + 16105110298036248585*2^64 + 11656068531286999118*2^128 + 3747403999*2^192;\
16652034277046599440 + 14399718059460676907*2^64 + 3825308084524028617*2^128 + 44763092433*2^192,761726735579426144 + 5158083720255780533*2^64 + 4026613288710562651*2^128 + 58159977476*2^192,14441482208269661792 + 5500438933040727192*2^64 + 1195720567468070003*2^128 + 26609498999*2^192,10715185656872151400 + 14596687166323067317*2^64 + 13740541531407990632*2^128 + 5676169433*2^192,10872014251531822144 + 13914475231063755452*2^64 + 11260957565092922476*2^128 + 54268475461*2^192,10184181186191425408 + 18180084795001850773*2^64 + 17946493564008955854*2^128 + 49007212985*2^192,857641683031812992 + 8713931782788012688*2^64 + 13247333376406396034*2^128 + 28882283988*2^192,7294236591349379264 + 1856677247111622117*2^64 + 9173671116741711872*2^128 + 35688258055*2^192,7305439432088487936 + 7199821305030098505*2^64 + 9970687906893325166*2^128 + 54876510233*2^192,13962406127568190976 + 2626355413363706429*2^64 + 2478325369826803834*2^128 + 12827746721*2^192,16740752912175586368 + 11799392089599327753*2^64 + 10431245615463641474*2^128 + 37900437922*2^192,15793695610007523968 + 4597568748755871563*2^64 + 16182913763581502759*2^128 + 50858382993*2^192,11571143340964676736 + 15553313755958982144*2^64 + 5274106597435041131*2^128 + 50024722296*2^192,14646501417061237504 + 15574829458121290512*2^64 + 3096136902667009781*2^128 + 51851783210*2^192,8762075535077803264 + 18225820409318554688*2^64 + 1261499141951508973*2^128 + 55124541209*2^192,2366572667331330944 + 16599377208742101239*2^64 + 10542908213765295868*2^128 + 51507559714*2^192,11819789731782644992 + 1443375046847511249*2^64 + 7980823069671946725*2^128 + 9171161497*2^192,13634908742400782208 + 18067136880766785127*2^64 + 13128869030879421839*2^128 + 18168477790*2^192,7685556062159998080 + 2744907359725629453*2^64 + 9461394061087240587*2^128 + 56951394745*2^192,8081446518552308096 + 7353100384297094850*2^64 + 14287837008893901132*2^128 + 5785307291*2^192;\
8910862412886456122 + 16842328217447821880*2^64 + 16881364572993721064*2^128 + 6855222331*2^192,13729492756993033220 + 425468692490872140*2^64 + 9982493538297466605*2^128 + 27940133796*2^192,14214234294317837524 + 7556519252001866030*2^64 + 15428488813373577765*2^128 + 26915053756*2^192,14707741323973259647 + 2192420983939550714*2^64 + 1575682945538295857*2^128 + 38811285555*2^192,10841227223766522920 + 16426146009365081671*2^64 + 14668864532167854250*2^128 + 14057166239*2^192,377692689010755952 + 6048062341769857099*2^64 + 12334757321960569598*2^128 + 33716632733*2^192,1308999957866787752 + 3443382768372398416*2^64 + 9056361440544569587*2^128 + 59423241239*2^192,14286565755054770264 + 10369623973688419114*2^64 + 6005448347314075498*2^128 + 60706069560*2^192,14791672071479427040 + 5906753552374570427*2^64 + 6379447087894354988*2^128 + 56046785233*2^192,8770905032944392936 + 16688898079550741830*2^64 + 8189648655485041203*2^128 + 6492529653*2^192,14876779719230542544 + 13875435525941740552*2^64 + 8640472780742137177*2^128 + 60688546098*2^192,13693491908674022688 + 3283239764181716951*2^64 + 8327351417965963744*2^128 + 34478616729*2^192,9751536017391860800 + 491500847308760698*2^64 + 9376964150074402580*2^128 + 55404263210*2^192,2762021565050185184 + 9742957267222393602*2^64 + 6526974511626783692*2^128 + 63937513738*2^192,6982959610137504832 + 6163568598734035716*2^64 + 8732508427571974611*2^128 + 51697812952*2^192,10594770830530832400 + 5870229120751337861*2^64 + 17601614136031048071*2^128 + 43390429326*2^192,11107028982583002272 + 10020609617797536340*2^64 + 13621440567468336923*2^128 + 61782526968*2^192,15558090511908700240 + 9636676767162469208*2^64 + 2368389020198121176*2^128 + 61083661733*2^192,5655651980250168944 + 15077764163536055623*2^64 + 18007660509524131862*2^128 + 19934009837*2^192,2897760568294726736 + 3839045378680421667*2^64 + 8688140141443677306*2^128 + 25288375991*2^192;\
1067820285024132314 + 11114074436454667464*2^64 + 4123147270513044590*2^128 + 3480277134*2^192,9579054538826011268 + 13623878315268058617*2^64 + 8522307553043316383*2^128 + 43422122998*2^192,14665144399435037732 + 6650934185975514537*2^64 + 15370626907117949612*2^128 + 68050618038*2^192,12665158668411062215 + 10951621351972097683*2^64 + 7767333354379821229*2^128 + 3259478763*2^192,4975423098480139944 + 12219925626941681094*2^64 + 805917670924390334*2^128 + 58850680359*2^192,11525627646331883184 + 8021526879777168352*2^64 + 16698630975055074952*2^128 + 25384319584*2^192,1206210678901965608 + 1865026908794670570*2^64 + 7552477821450289345*2^128 + 65860844259*2^192,12892647433260211928 + 10486345698106227858*2^64 + 10516536375278307221*2^128 + 55777485297*2^192,4745561958169553376 + 3105057160141938688*2^64 + 3098092882962616542*2^128 + 68428354745*2^192,18109143701756292264 + 2384728817830998968*2^64 + 384843349238930754*2^128 + 6523730171*2^192,18361827293760172304 + 6059217892470558933*2^64 + 3319198111040560988*2^128 + 25553279858*2^192,17255218338117402528 + 906569756812061469*2^64 + 6671420121088309042*2^128 + 58047196259*2^192,11891003743223538304 + 5525453472006806057*2^64 + 4918842496771544928*2^128 + 540605822*2^192,5089503382247705568 + 15817312656029146981*2^64 + 1437796809020639875*2^128 + 50214627994*2^192,1023413459247477568 + 14380653984740198962*2^64 + 2740298423919285690*2^128 + 54595802578*2^192,15445079184911597328 + 1278376505511611931*2^64 + 8224812902640478778*2^128 + 576544484*2^192,17575983607864039968 + 7543791257264960271*2^64 + 14562000672460348843*2^128 + 62183706451*2^192,13715438625374190928 + 2121940406078763924*2^64 + 12416347471332530850*2^128 + 49952861629*2^192,8252883566468961648 + 3073644630488298820*2^64 + 14499000597195417799*2^128 + 62149240669*2^192,39700261675700816 + 15712340447896613989*2^64 + 7608419617823341546*2^128 + 15012325625*2^192;\
17731054407872025232 + 3125121289907774359*2^64 + 12862207312434155550*2^128 + 62958198768*2^192,14487458557676448224 + 2965789022680197758*2^64 + 16910287097807767346*2^128 + 20439803178*2^192,10915784127063311872 + 2841576185015674455*2^64 + 8224960473290966516*2^128 + 46109384240*2^192,1443420655066044408 + 16826265040379045907*2^64 + 1661737029626348270*2^128 + 37944664569*2^192,12393293744693422656 + 2388520902170483566*2^64 + 7889154379207174084*2^128 + 40613947994*2^192,7572594555307173120 + 16761809843930970698*2^64 + 9851222898052860481*2^128 + 22677155894*2^192,9402445963385004928 + 17480938077692312710*2^64 + 15246658260155857983*2^128 + 22035908460*2^192,7306960695157042880 + 3450041777231226683*2^64 + 1466074869814994452*2^128 + 61653957696*2^192,14913868939304485888 + 3744494820606204380*2^64 + 4047085957344540499*2^128 + 33855060110*2^192,5099794682899473280 + 2755391659246692459*2^64 + 16664495297477758608*2^128 + 48682612945*2^192,2161570650431916992 + 4032888193165055519*2^64 + 6964494485258492090*2^128 + 14796579673*2^192,17554518740509123456 + 17416326381301533921*2^64 + 6861622881527657320*2^128 + 28020508543*2^192,3609081066186322944 + 4525193097698323216*2^64 + 14042999829276046768*2^128 + 59200646357*2^192,8438161783574469888 + 9083558355163160455*2^64 + 12871515221019240127*2^128 + 39311600733*2^192,16894096865986325248 + 4253938635734778773*2^64 + 13308331095646497237*2^128 + 32945617785*2^192,4755995604564703872 + 17505035494824071279*2^64 + 8653487699227296175*2^128 + 14356478395*2^192,1484340033478119680 + 10542003592172452833*2^64 + 2061316256826085286*2^128 + 59102860276*2^192,14287368682074634368 + 10715981629876690579*2^64 + 8675914424141541515*2^128 + 5327995032*2^192,5182407489103392128 + 2719159208358739279*2^64 + 13378122529648696890*2^128 + 990154132*2^192,17139609038288643968 + 18309307830260070929*2^64 + 14159827114510482888*2^128 + 36157447407*2^192]
/* 
This matrix times 2^(-6) should be the matrix of frobenius.
*/ 
B = 2^(-6) * A; 
/* Freed 6403 lists. */
The sign is: -1
The characteristic polynomial is: x^20 + x^19 - x^18 - 11*x^17 - x^16 + 17*x^15 + 84*x^14 - 60*x^13 - 272*x^12 - 432*x^11 + 1728*x^9 + 4352*x^8 + 3840*x^7 - 21504*x^6 - 17408*x^5 + 4096*x^4 + 180224*x^3 + 65536*x^2 - 262144*x - 1048576
Its Newton polygon is: [2, 2, 2, 2, 2, 1, 1, 1, 1, 1, 1, 1, 1, 1, 1, 0, 0, 0, 0, 0]
Its factorization is: [x - 2, 1; x + 2, 1; x^18 + x^17 + 3*x^16 - 7*x^15 + 11*x^14 - 11*x^13 + 128*x^12 - 104*x^11 + 240*x^10 - 848*x^9 + 960*x^8 - 1664*x^7 + 8192*x^6 - 2816*x^5 + 11264*x^4 - 28672*x^3 + 49152*x^2 + 65536*x + 262144, 1]
The valuation of f-g is: 24
The valuation of subst(g,x,A) is: 19
