/* Comments begin... 
No set up needed.

Please input coefficients below.
Coefficient of   x^23                     = Coefficient of   x^12 * w^2               = Coefficient of   x^6 * y^6 * w^1         = Coefficient of   x^5 * y^5 * z^1 * w^1   = Coefficient of   x^4 * y^4 * z^2 * w^1   = Coefficient of   x^3 * y^3 * z^3 * w^1   = Coefficient of   x^2 * y^2 * z^4 * w^1   = Coefficient of   x^1 * y^1 * z^5 * w^1   = Coefficient of   x^1 * w^4               = Coefficient of   y^12                     = Coefficient of   z^6 * w^1               = 
Here is the polynomial we're using this time:

1 + 0*2^64 + 0*2^128 + 0*2^192*x^23 + 1 + 0*2^64 + 0*2^128 + 0*2^192*x^12*w^2 + 1 + 0*2^64 + 0*2^128 + 0*2^192*x^5*y^5*z^1*w^1 + 1 + 0*2^64 + 0*2^128 + 0*2^192*x^3*y^3*z^3*w^1 + 1 + 0*2^64 + 0*2^128 + 0*2^192*x^1*y^1*z^5*w^1 + 1 + 0*2^64 + 0*2^128 + 0*2^192*x^1*w^4 + 1 + 0*2^64 + 0*2^128 + 0*2^192*y^12 + 1 + 0*2^64 + 0*2^128 + 0*2^192*z^6*w^1


Allocate G_len 20 elements and old = 0.
Allocate M_len = 400 elements.
Allocate G_len 40 elements and old = 20.
Allocate M_len = 800 elements.
Allocate G_len 80 elements and old = 40.
Allocate M_len = 1600 elements.
Allocate M_len = 3200 elements.
Allocate G_len 160 elements and old = 80.
Allocate M_len = 6400 elements.
Allocate M_len = 12800 elements.
Allocate G_len 320 elements and old = 160.
Allocate M_len = 25600 elements.
Allocate M_len = 51200 elements.
Allocate G_len 640 elements and old = 320.
Allocate M_len = 102400 elements.
Allocate M_len = 204800 elements.
Allocate G_len 1280 elements and old = 640.
Allocate M_len = 409600 elements.
Allocate M_len = 819200 elements.
The final length of G is 850
[5, 5, 0, 1, 0]  	241	4 
[5, 4, 1, 1, 0]  	253	4 
[22, 0, 0, 0, 0]  	264	6  <--- 1
[12, 0, 0, 2, 0]  	276	3 
[15, 5, 1, 0, 0]  	330	9 
[10, 10, 1, 0, 0]  	385	9 
[10, 3, 2, 2, 0]  	391	5 
[5, 13, 1, 0, 0]  	394	8 
[9, 11, 1, 0, 0]  	396	15 
[10, 2, 3, 2, 0]  	403	7 
[8, 12, 1, 0, 0]  	407	14 
[11, 12, 0, 0, 0]  	408	3 
[11, 0, 6, 1, 0]  	408	10 
[9, 10, 2, 0, 0]  	408	10 
[8, 9, 3, 0, 0]  	408	14 
[20, 3, 3, 0, 0]  	414	11 
[10, 1, 4, 2, 0]  	415	6 
[5, 2, 7, 1, 0]  	417	8 
[6, 12, 2, 0, 0]  	418	11 
[9, 0, 7, 1, 0]  	419	14 
[8, 11, 2, 0, 0]  	419	14 
[10, 0, 5, 2, 0]  	427	9 
[5, 1, 8, 1, 0]  	429	9 
[7, 9, 4, 0, 0]  	431	14 
[20, 1, 5, 0, 0]  	438	11 
[4, 17, 0, 0, 0]  	439	11 
[4, 5, 6, 1, 0]  	439	8 
[5, 12, 3, 0, 0]  	441	10 
[8, 0, 8, 1, 0]  	442	13 
[7, 11, 3, 0, 0]  	442	13 
[7, 8, 5, 0, 0]  	443	10 
[20, 3, 2, 1, 0]  	445	13 
[13, 8, 3, 0, 0]  	445	15 
[5, 2, 6, 2, 0]  	448	6 
[9, 0, 6, 2, 0]  	450	8 
[4, 16, 1, 0, 0]  	451	7 
[4, 4, 7, 1, 0]  	451	6 
[6, 9, 5, 0, 0]  	454	13 
[6, 6, 7, 0, 0]  	455	12 
[20, 2, 3, 1, 0]  	457	10 
[17, 2, 6, 0, 0]  	460	13 
[5, 1, 7, 2, 0]  	460	7 
[21, 0, 6, 0, 0]  	462	13 
[3, 2, 9, 1, 0]  	463	6 
[7, 0, 9, 1, 0]  	465	12 
[6, 11, 4, 0, 0]  	465	12 
[6, 8, 6, 0, 0]  	466	13 
[5, 7, 7, 0, 0]  	466	13 
[12, 8, 4, 0, 0]  	468	18 
[20, 1, 4, 1, 0]  	469	13 
[13, 6, 5, 0, 0]  	469	15 
[8, 0, 7, 2, 0]  	473	8 
[3, 4, 8, 1, 0]  	474	7 
[5, 0, 10, 1, 0]  	476	10 
[5, 9, 6, 0, 0]  	477	12 
[5, 6, 8, 0, 0]  	478	13 
[4, 5, 9, 0, 0]  	478	13 
[20, 0, 5, 1, 0]  	481	10 
[4, 1, 8, 2, 0]  	483	6 
[3, 0, 9, 2, 0]  	483	6 
[6, 0, 8, 2, 0]  	484	8 
[20, 0, 7, 0, 0]  	485	14 
[2, 0, 0, 7, 0]  	486	7 
[5, 11, 5, 0, 0]  	488	11 
[8, 5, 8, 0, 0]  	491	16 
[14, 5, 6, 0, 0]  	493	14 
[2, 16, 3, 0, 0]  	497	9 
[2, 4, 9, 1, 0]  	497	9 
[3, 5, 10, 0, 0]  	501	12 
[11, 7, 6, 0, 0]  	503	16 
[12, 5, 7, 0, 0]  	504	13 
[19, 0, 8, 0, 0]  	508	15 
[4, 11, 6, 0, 0]  	511	10 
[3, 7, 9, 0, 0]  	512	11 
[3, 4, 11, 0, 0]  	513	12 
[18, 1, 8, 0, 0]  	519	16 
[4, 10, 7, 0, 0]  	523	10 
[10, 4, 9, 0, 0]  	527	15 
[4, 5, 1, 5, 0]  	528	8 
[16, 4, 7, 0, 0]  	529	15 
[18, 0, 9, 0, 0]  	531	15 
[4, 0, 12, 1, 0]  	534	9 
[4, 9, 8, 0, 0]  	535	10 
[2, 7, 10, 0, 0]  	535	10 
[3, 3, 1, 6, 0]  	536	11 
[5, 2, 1, 6, 0]  	537	12 
[8, 4, 10, 0, 0]  	538	15 
[16, 3, 8, 0, 0]  	541	16 
[2, 0, 11, 2, 0]  	541	6 
[17, 1, 9, 0, 0]  	542	17 
[2, 3, 11, 1, 0]  	544	10 
[3, 10, 8, 0, 0]  	546	9 
[3, 5, 0, 6, 0]  	547	10 
[2, 6, 11, 0, 0]  	547	10 
[3, 2, 2, 6, 0]  	548	11 
[5, 1, 2, 6, 0]  	549	12 
[3, 18, 1, 1, 0]  	551	9 
[3, 6, 7, 2, 0]  	551	9 
[17, 0, 10, 0, 0]  	554	15 
[2, 14, 6, 0, 0]  	556	10 
[4, 6, 5, 3, 0]  	559	13 
[4, 15, 1, 2, 0]  	560	12 
[4, 3, 7, 3, 0]  	560	12 
[3, 17, 2, 1, 0]  	563	10 
[15, 3, 9, 0, 0]  	564	13 
[8, 0, 6, 4, 0]  	570	10 
[2, 18, 0, 2, 0]  	570	9 
[2, 6, 6, 3, 0]  	570	9 
[2, 5, 1, 6, 0]  	570	9 
[3, 4, 7, 3, 0]  	571	10 
[2, 4, 13, 0, 0]  	571	9 
[4, 14, 2, 2, 0]  	572	12 
[4, 1, 3, 6, 0]  	572	10 
[16, 0, 11, 0, 0]  	577	15 
[4, 13, 1, 3, 0]  	580	10 
[4, 1, 7, 4, 0]  	580	9 
[3, 13, 7, 0, 0]  	580	10 
[3, 1, 13, 1, 0]  	580	9 
[2, 7, 0, 6, 0]  	581	8 
[1, 19, 0, 2, 0]  	581	8 
[2, 3, 14, 0, 0]  	583	10 
[4, 13, 3, 2, 0]  	584	12 
[14, 3, 10, 0, 0]  	587	14 
[15, 1, 11, 0, 0]  	588	14 
[4, 12, 2, 3, 0]  	592	9 
[3, 0, 14, 1, 0]  	592	7 
[2, 11, 9, 0, 0]  	592	7 
[7, 0, 7, 4, 0]  	593	7 
[1, 18, 1, 2, 0]  	593	7 
[2, 16, 2, 2, 0]  	594	8 
[2, 4, 8, 3, 0]  	594	8 
[1, 4, 14, 0, 0]  	594	8 
[3, 1, 4, 6, 0]  	595	10 
[1, 3, 11, 2, 0]  	598	8 
[14, 2, 11, 0, 0]  	599	15 
[15, 0, 12, 0, 0]  	600	13 
[2, 13, 8, 0, 0]  	603	8 
[4, 11, 3, 3, 0]  	604	8 
[1, 9, 11, 0, 0]  	604	7 
[1, 6, 13, 0, 0]  	605	7 
[4, 11, 5, 2, 0]  	608	14 
[1, 3, 0, 8, 0]  	609	6 
[2, 2, 6, 5, 0]  	610	9 
[14, 1, 12, 0, 0]  	611	14 
[2, 0, 15, 1, 0]  	615	5 
[1, 9, 0, 6, 0]  	615	5 
[4, 10, 4, 3, 0]  	616	7 
[1, 7, 7, 3, 0]  	616	6 
[2, 4, 3, 6, 0]  	617	7 
[1, 4, 9, 3, 0]  	617	7 
[1, 12, 0, 5, 0]  	618	7 
[2, 23, 0, 1, 0]  	619	8 
[2, 11, 6, 2, 0]  	619	8 
[11, 3, 12, 0, 0]  	621	11 
[1, 16, 5, 1, 0]  	621	8 
[1, 2, 1, 8, 0]  	621	6 
[13, 2, 12, 0, 0]  	622	14 
[14, 0, 13, 0, 0]  	623	11 
[1, 16, 7, 0, 0]  	625	8 
[1, 2, 3, 7, 0]  	625	6 
[2, 2, 14, 1, 0]  	626	8 
[1, 8, 1, 6, 0]  	627	4 
[1, 6, 8, 3, 0]  	628	4 
[1, 5, 3, 6, 0]  	628	4 
[1, 1, 0, 9, 0]  	629	5 
[0, 13, 0, 5, 0]  	629	5 
[2, 0, 6, 6, 0]  	630	8 
[1, 24, 0, 1, 0]  	630	7 
[11, 2, 13, 0, 0]  	633	10 
[1, 15, 6, 1, 0]  	633	8 
[1, 1, 2, 8, 0]  	633	6 
[1, 18, 6, 0, 0]  	636	6 
[1, 6, 12, 1, 0]  	636	6 
[1, 15, 8, 0, 0]  	637	7 
[1, 3, 14, 1, 0]  	637	6 
[1, 1, 4, 7, 0]  	637	5 
[1, 0, 16, 1, 0]  	638	5 
[1, 7, 2, 6, 0]  	639	3 
[0, 19, 2, 2, 0]  	639	3 
[0, 8, 13, 0, 0]  	639	3 
[1, 4, 4, 6, 0]  	640	3 
[0, 16, 4, 2, 0]  	640	4 
[0, 4, 10, 3, 0]  	640	3 
[1, 3, 16, 0, 0]  	641	6 
[1, 2, 11, 3, 0]  	641	7 
[1, 11, 7, 2, 0]  	642	6 
[3, 9, 2, 5, 0]  	643	6 
[2, 21, 2, 1, 0]  	643	5 
[2, 9, 8, 2, 0]  	643	5 
[1, 2, 13, 2, 0]  	645	7 
[13, 0, 14, 0, 0]  	646	11 
[3, 25, 1, 0, 0]  	646	9 
[1, 8, 11, 1, 0]  	647	7 
[1, 5, 13, 1, 0]  	648	5 
[1, 14, 9, 0, 0]  	649	7 
[1, 0, 5, 7, 0]  	649	5 
[0, 18, 3, 2, 0]  	651	2 
[0, 7, 14, 0, 0]  	651	2 
[0, 6, 9, 3, 0]  	651	2 
[0, 4, 16, 0, 0]  	652	3 
[1, 1, 12, 3, 0]  	653	6 
[1, 0, 7, 6, 0]  	653	6 
[1, 22, 2, 1, 0]  	654	6 
[7, 2, 15, 0, 0]  	655	10 
[3, 8, 3, 5, 0]  	655	6 
[0, 18, 5, 1, 0]  	655	5 
[12, 1, 14, 0, 0]  	657	12 
[3, 24, 2, 0, 0]  	658	8 
[1, 8, 0, 7, 0]  	658	6 
[1, 5, 2, 7, 0]  	659	6 
[0, 15, 9, 0, 0]  	660	4 
[0, 3, 15, 1, 0]  	660	4 
[1, 13, 10, 0, 0]  	661	7 
[0, 6, 15, 0, 0]  	663	1 
[0, 4, 5, 6, 0]  	663	1 
[0, 3, 0, 9, 0]  	663	1 
[1, 2, 6, 6, 0]  	664	5 
[0, 26, 0, 1, 0]  	664	3 
[2, 2, 17, 0, 0]  	665	5 
[1, 11, 2, 5, 0]  	665	5 
[1, 0, 13, 3, 0]  	665	5 
[1, 21, 3, 1, 0]  	666	4 
[1, 9, 9, 2, 0]  	666	4 
[7, 1, 16, 0, 0]  	667	6 
[3, 7, 4, 5, 0]  	667	6 
[0, 17, 6, 1, 0]  	667	5 
[12, 0, 15, 0, 0]  	669	12 
[3, 1, 8, 5, 0]  	669	7 
[1, 21, 5, 0, 0]  	670	7 
[1, 7, 1, 7, 0]  	670	5 
[1, 0, 0, 10, 0]  	672	4 
[0, 14, 10, 0, 0]  	672	5 
[0, 12, 0, 6, 0]  	672	4 
[0, 3, 6, 6, 0]  	675	1 
[0, 2, 1, 9, 0]  	675	1 
[1, 0, 2, 9, 0]  	676	4 
[0, 25, 1, 1, 0]  	676	4 
[0, 13, 7, 2, 0]  	676	4 
[0, 12, 2, 5, 0]  	676	4 
[0, 18, 0, 4, 0]  	678	4 
[7, 0, 17, 0, 0]  	679	7 
[3, 6, 5, 5, 0]  	679	6 
[0, 16, 7, 1, 0]  	679	5 
[0, 19, 7, 0, 0]  	682	5 
[0, 15, 6, 2, 0]  	687	1 
[0, 3, 12, 3, 0]  	687	1 
[0, 2, 7, 6, 0]  	687	1 
[0, 1, 2, 9, 0]  	687	1 
[0, 24, 2, 1, 0]  	688	4 
[0, 11, 3, 5, 0]  	688	3 
[2, 10, 3, 5, 0]  	689	4 
[0, 9, 10, 2, 0]  	689	3 
[0, 30, 0, 0, 0]  	690	5  <--- 2
[2, 29, 0, 0, 0]  	691	7 
[0, 15, 8, 1, 0]  	691	5 
[11, 0, 16, 0, 0]  	692	12 
[0, 18, 8, 0, 0]  	694	3 
[0, 6, 14, 1, 0]  	694	3 
[1, 0, 12, 4, 0]  	696	5 
[0, 12, 12, 0, 0]  	696	4 
[0, 3, 18, 0, 0]  	699	1 
[0, 2, 13, 3, 0]  	699	1 
[0, 1, 8, 6, 0]  	699	1 
[0, 0, 3, 9, 0]  	699	1 
[1, 1, 19, 0, 0]  	700	3 
[0, 23, 3, 1, 0]  	700	3 
[0, 11, 9, 2, 0]  	700	3 
[0, 8, 11, 2, 0]  	701	3 
[1, 5, 7, 5, 0]  	702	6 
[2, 28, 1, 0, 0]  	703	6 
[2, 0, 10, 5, 0]  	704	6 
[0, 25, 0, 2, 0]  	707	3 
[0, 2, 17, 1, 0]  	707	3 
[0, 2, 19, 0, 0]  	711	1 
[0, 1, 14, 3, 0]  	711	1 
[0, 0, 9, 6, 0]  	711	1 
[1, 10, 4, 5, 0]  	712	3 
[0, 22, 4, 1, 0]  	712	2 
[0, 7, 12, 2, 0]  	713	3 
[0, 28, 2, 0, 0]  	714	5 
[0, 11, 2, 6, 0]  	719	3 
[0, 1, 20, 0, 0]  	723	1 
[0, 0, 15, 3, 0]  	723	1 
[5, 0, 19, 0, 0]  	725	4 
[0, 6, 13, 2, 0]  	725	3 
[1, 3, 9, 5, 0]  	726	5 
[0, 2, 12, 4, 0]  	730	2 
[0, 1, 7, 7, 0]  	730	2 
[0, 10, 5, 5, 0]  	735	1 
[0, 9, 0, 8, 0]  	735	1 
[0, 0, 21, 0, 0]  	735	1  <--- 3
[1, 8, 6, 5, 0]  	736	2 
[0, 7, 7, 5, 0]  	736	2 
[0, 5, 14, 2, 0]  	737	3 
[1, 2, 10, 5, 0]  	738	5 
[0, 1, 13, 4, 0]  	742	2 
[0, 9, 6, 5, 0]  	747	1 
[0, 8, 1, 8, 0]  	747	1 
[0, 6, 8, 5, 0]  	748	2 
[0, 1, 19, 1, 0]  	754	2 
[0, 7, 2, 8, 0]  	759	1 
[0, 6, 3, 8, 0]  	771	1 
[0, 26, 5, 0, 0]  	773	4 
[0, 5, 4, 8, 0]  	783	1 
[0, 0, 0, 12, 0]  	792	1  <--- 4
[12, 0, 0, 1, 1]  	210	6 
[3, 3, 3, 1, 1]  	276	4 
[3, 2, 5, 1, 1]  	323	5 
[10, 3, 2, 1, 1]  	325	8 
[10, 2, 3, 1, 1]  	337	8 
[2, 14, 0, 0, 1]  	346	5 
[10, 1, 4, 1, 1]  	349	10 
[8, 1, 5, 1, 1]  	360	8 
[10, 0, 5, 1, 1]  	361	10 
[9, 12, 0, 0, 1]  	384	10 
[9, 0, 6, 1, 1]  	384	14 
[11, 0, 0, 4, 1]  	396	13 
[4, 13, 2, 0, 1]  	417	8 
[8, 8, 4, 0, 1]  	420	10 
[6, 7, 6, 0, 1]  	443	14 
[4, 13, 1, 1, 1]  	448	7 
[7, 1, 6, 2, 1]  	449	7 
[4, 6, 0, 4, 1]  	450	10 
[2, 2, 9, 1, 1]  	451	6 
[4, 1, 9, 1, 1]  	452	8 
[6, 0, 9, 1, 1]  	453	11 
[4, 12, 2, 1, 1]  	460	7 
[3, 7, 0, 4, 1]  	461	9 
[2, 13, 4, 0, 1]  	463	6 
[4, 12, 4, 0, 1]  	464	9 
[5, 0, 8, 2, 1]  	472	8 
[3, 6, 1, 4, 1]  	473	9 
[4, 4, 2, 4, 1]  	474	10 
[3, 1, 10, 1, 1]  	475	7 
[11, 6, 6, 0, 1]  	480	16 
[3, 5, 2, 4, 1]  	485	9 
[2, 5, 8, 1, 1]  	485	8 
[3, 12, 5, 0, 1]  	487	8 
[4, 7, 8, 0, 1]  	489	12 
[11, 5, 7, 0, 1]  	492	16 
[2, 10, 5, 1, 1]  	495	6 
[2, 9, 0, 4, 1]  	495	6 
[19, 1, 7, 0, 1]  	496	15 
[4, 9, 7, 0, 1]  	500	11 
[2, 12, 4, 1, 1]  	506	6 
[2, 9, 6, 1, 1]  	507	6 
[2, 8, 1, 4, 1]  	507	6 
[1, 14, 5, 0, 1]  	509	7 
[9, 3, 2, 4, 1]  	511	13 
[6, 2, 0, 6, 1]  	514	15 
[2, 8, 7, 1, 1]  	519	6 
[2, 7, 2, 4, 1]  	519	6 
[2, 4, 4, 4, 1]  	520	8 
[1, 16, 4, 0, 1]  	520	7 
[1, 4, 10, 1, 1]  	520	7 
[9, 2, 3, 4, 1]  	523	13 
[3, 4, 0, 6, 1]  	524	11 
[7, 4, 10, 0, 1]  	526	14 
[6, 3, 11, 0, 1]  	526	13 
[9, 1, 0, 6, 1]  	527	11 
[3, 4, 2, 5, 1]  	528	10 
[2, 4, 8, 2, 1]  	528	6 
[2, 1, 10, 2, 1]  	529	6 
[2, 6, 3, 4, 1]  	531	7 
[1, 3, 11, 1, 1]  	532	7 
[9, 1, 4, 4, 1]  	535	13 
[4, 3, 12, 0, 1]  	537	13 
[7, 1, 1, 6, 1]  	538	13 
[1, 4, 5, 4, 1]  	543	6 
[7, 1, 5, 4, 1]  	546	12 
[9, 0, 5, 4, 1]  	547	12 
[7, 2, 12, 0, 1]  	550	12 
[15, 4, 8, 0, 1]  	552	14 
[1, 3, 6, 4, 1]  	555	6 
[2, 1, 7, 4, 1]  	556	8 
[2, 5, 12, 0, 1]  	559	10 
[2, 4, 7, 3, 1]  	559	10 
[3, 3, 13, 0, 1]  	560	11 
[5, 2, 13, 0, 1]  	561	12 
[1, 15, 4, 1, 1]  	563	7 
[1, 3, 10, 2, 1]  	563	6 
[1, 2, 7, 4, 1]  	567	6 
[2, 3, 8, 3, 1]  	571	9 
[6, 0, 3, 6, 1]  	573	12 
[1, 13, 0, 4, 1]  	575	6 
[1, 2, 13, 1, 1]  	579	6 
[1, 1, 8, 4, 1]  	579	6 
[2, 4, 2, 6, 1]  	582	8 
[1, 7, 12, 0, 1]  	593	7 
[1, 15, 3, 2, 1]  	594	8 
[2, 2, 15, 0, 1]  	595	10 
[5, 0, 4, 6, 1]  	596	11 
[2, 3, 5, 5, 1]  	598	9 
[3, 13, 2, 3, 1]  	603	7 
[2, 1, 14, 1, 1]  	603	6 
[2, 0, 9, 4, 1]  	603	6 
[2, 9, 5, 3, 1]  	604	7 
[1, 17, 2, 2, 1]  	605	7 
[2, 2, 4, 6, 1]  	606	9 
[1, 14, 4, 2, 1]  	606	8 
[1, 2, 10, 3, 1]  	606	7 
[2, 1, 16, 0, 1]  	607	8 
[1, 11, 10, 0, 1]  	615	5 
[2, 1, 5, 6, 1]  	618	7 
[1, 2, 16, 0, 1]  	618	8 
[1, 1, 15, 1, 1]  	626	6 
[0, 20, 1, 2, 1]  	627	4 
[0, 17, 3, 2, 1]  	628	4 
[1, 2, 5, 6, 1]  	629	5 
[0, 14, 5, 2, 1]  	629	5 
[1, 11, 1, 5, 1]  	630	7 
[3, 0, 17, 0, 1]  	631	10 
[1, 27, 0, 0, 1]  	633	8 
[13, 1, 13, 0, 1]  	634	14 
[1, 4, 2, 7, 1]  	636	6 
[1, 1, 6, 6, 1]  	641	6 
[1, 0, 1, 9, 1]  	641	6 
[0, 25, 0, 1, 1]  	641	5 
[1, 23, 1, 1, 1]  	642	6 
[1, 20, 3, 1, 1]  	643	6 
[1, 8, 9, 2, 1]  	643	5 
[1, 7, 4, 5, 1]  	643	5 
[8, 1, 15, 0, 1]  	644	10 
[1, 26, 1, 0, 1]  	645	8 
[0, 16, 8, 0, 1]  	648	5 
[1, 10, 8, 2, 1]  	654	5 
[0, 14, 4, 3, 1]  	660	4 
[1, 0, 11, 4, 1]  	661	5 
[0, 23, 0, 2, 1]  	661	5 
[0, 2, 12, 3, 1]  	664	3 
[0, 20, 4, 1, 1]  	666	4 
[9, 0, 16, 0, 1]  	668	9 
[1, 11, 4, 4, 1]  	669	6 
[0, 16, 3, 3, 1]  	671	4 
[1, 10, 3, 5, 1]  	677	5 
[0, 22, 5, 0, 1]  	681	5 
[2, 0, 19, 0, 1]  	689	5 
[1, 25, 3, 0, 1]  	692	8 
[0, 21, 6, 0, 1]  	693	5 
[0, 2, 11, 4, 1]  	695	3 
[0, 29, 1, 0, 1]  	702	5 
[0, 26, 3, 0, 1]  	703	5 
[1, 0, 20, 0, 1]  	712	3 
[0, 2, 6, 7, 1]  	718	2 
[0, 8, 6, 5, 1]  	724	2 
[0, 17, 2, 4, 1]  	725	3 
[6, 13, 0, 0, 2]  	371	9 
[8, 12, 0, 0, 2]  	372	13 
[7, 1, 6, 1, 2]  	383	11 
[7, 12, 1, 0, 2]  	395	12 
[6, 1, 7, 1, 2]  	406	10 
[8, 0, 7, 1, 2]  	407	13 
[6, 1, 6, 2, 2]  	437	8 
[3, 13, 3, 0, 2]  	440	7 
[7, 0, 7, 2, 2]  	461	8 
[3, 4, 2, 4, 2]  	462	9 
[3, 13, 2, 1, 2]  	471	6 
[1, 14, 4, 0, 2]  	474	6 
[12, 7, 5, 0, 2]  	480	17 
[4, 4, 10, 0, 2]  	490	13 
[4, 11, 0, 3, 2]  	499	9 
[21, 11, 0, 0, 2]  	505	4 
[2, 2, 5, 4, 2]  	509	8 
[3, 12, 0, 3, 2]  	510	8 
[4, 3, 0, 6, 2]  	513	12 
[9, 4, 9, 0, 2]  	515	16 
[2, 13, 0, 3, 2]  	521	8 
[4, 9, 2, 3, 2]  	523	10 
[9, 3, 10, 0, 2]  	527	13 
[1, 14, 0, 3, 2]  	532	8 
[1, 2, 12, 1, 2]  	544	7 
[10, 0, 1, 6, 2]  	551	12 
[1, 13, 5, 1, 2]  	552	7 
[16, 2, 9, 0, 2]  	553	16 
[3, 11, 2, 3, 2]  	557	8 
[3, 1, 3, 6, 2]  	560	11 
[1, 24, 0, 0, 2]  	564	6 
[2, 10, 9, 0, 2]  	569	8 
[2, 2, 3, 6, 2]  	571	9 
[1, 17, 3, 1, 2]  	574	7 
[1, 13, 2, 3, 2]  	579	7 
[2, 12, 8, 0, 2]  	580	7 
[6, 0, 7, 4, 2]  	581	10 
[2, 8, 5, 3, 2]  	581	8 
[1, 16, 2, 2, 2]  	582	8 
[2, 1, 4, 6, 2]  	583	9 
[4, 2, 14, 0, 2]  	584	9 
[4, 0, 4, 6, 2]  	584	9 
[4, 0, 8, 4, 2]  	592	8 
[2, 10, 4, 3, 2]  	592	7 
[4, 1, 15, 0, 2]  	596	10 
[1, 6, 9, 2, 2]  	597	6 
[2, 12, 3, 3, 2]  	603	7 
[1, 12, 9, 0, 2]  	603	6 
[1, 3, 15, 0, 2]  	606	8 
[1, 1, 5, 6, 2]  	606	7 
[1, 10, 5, 3, 2]  	615	5 
[0, 27, 0, 0, 2]  	621	6 
[1, 9, 6, 3, 2]  	627	5 
[1, 12, 6, 2, 2]  	630	7 
[10, 1, 14, 0, 2]  	633	9 
[0, 26, 1, 0, 2]  	633	6 
[0, 14, 9, 0, 2]  	637	5 
[0, 13, 6, 2, 2]  	641	5 
[0, 3, 11, 3, 2]  	652	3 
[8, 0, 16, 0, 2]  	656	8 
[1, 12, 3, 4, 2]  	657	6 
[0, 18, 7, 0, 2]  	659	5 
[1, 1, 18, 0, 2]  	665	5 
[0, 20, 6, 0, 2]  	670	5 
[0, 13, 5, 3, 2]  	672	4 
[0, 3, 10, 4, 2]  	683	3 
[0, 12, 6, 3, 2]  	684	4 
[0, 12, 8, 2, 2]  	688	3 
[1, 0, 10, 5, 2]  	692	6 
[0, 16, 2, 4, 2]  	702	4 
[0, 25, 4, 0, 2]  	715	6 
[0, 5, 9, 5, 2]  	760	2 
[11, 11, 0, 0, 3]  	385	10 
[4, 5, 1, 4, 3]  	462	11 
[11, 7, 5, 0, 3]  	468	15 
[2, 12, 0, 3, 3]  	498	6 
[11, 4, 8, 0, 3]  	504	16 
[2, 5, 3, 4, 3]  	508	7 
[1, 13, 0, 3, 3]  	509	6 
[10, 0, 0, 6, 3]  	516	12 
[4, 2, 1, 6, 3]  	525	12 
[2, 4, 3, 5, 3]  	551	8 
[1, 12, 0, 4, 3]  	552	6 
[5, 1, 6, 4, 3]  	557	12 
[16, 1, 10, 0, 3]  	565	14 
[3, 2, 14, 0, 3]  	572	10 
[9, 0, 2, 6, 3]  	574	11 
[15, 2, 10, 0, 3]  	576	15 
[1, 3, 5, 5, 3]  	586	7 
[1, 13, 8, 0, 3]  	591	6 
[1, 12, 3, 3, 3]  	591	6 
[1, 3, 9, 3, 3]  	594	7 
[1, 1, 1, 8, 3]  	598	7 
[1, 8, 6, 3, 3]  	604	6 
[1, 1, 7, 5, 3]  	610	7 
[1, 3, 4, 6, 3]  	617	6 
[0, 15, 4, 2, 3]  	617	5 
[2, 0, 17, 0, 3]  	619	7 
[9, 1, 14, 0, 3]  	621	10 
[0, 5, 15, 0, 3]  	640	3 
[7, 0, 16, 0, 3]  	644	8 
[1, 0, 3, 8, 3]  	645	6 
[1, 6, 1, 7, 3]  	647	6 
[0, 13, 10, 0, 3]  	649	5 
[0, 3, 17, 0, 3]  	664	4 
[1, 0, 19, 0, 3]  	677	4 
[0, 17, 1, 4, 3]  	690	4 
[0, 3, 5, 7, 3]  	706	2 
[0, 9, 5, 5, 3]  	712	2 
[10, 11, 0, 0, 4]  	373	14 
[8, 2, 4, 2, 4]  	414	7 
[7, 0, 8, 1, 4]  	430	12 
[4, 4, 1, 4, 4]  	439	8 
[6, 0, 7, 2, 4]  	449	8 
[2, 9, 5, 1, 4]  	472	7 
[2, 8, 6, 1, 4]  	484	7 
[2, 3, 4, 4, 4]  	497	8 
[9, 0, 1, 6, 4]  	539	12 
[5, 0, 7, 4, 4]  	569	11 
[1, 2, 11, 2, 4]  	575	6 
[1, 10, 10, 0, 4]  	592	7 
[3, 0, 5, 6, 4]  	607	8 
[8, 1, 14, 0, 4]  	609	9 
[1, 6, 2, 6, 4]  	616	5 
[1, 1, 11, 3, 4]  	618	7 
[6, 0, 16, 0, 4]  	632	8 
[0, 24, 1, 1, 4]  	653	5 
[1, 1, 14, 2, 4]  	657	6 
[0, 10, 4, 6, 4]  	766	2 
[8, 2, 4, 1, 5]  	348	8 
[8, 0, 6, 2, 5]  	438	10 
[8, 3, 10, 0, 5]  	515	14 
[7, 2, 4, 4, 5]  	534	13 
[7, 0, 6, 4, 5]  	558	11 
[8, 0, 2, 6, 5]  	562	12 
[2, 0, 5, 6, 5]  	595	9 
[7, 1, 14, 0, 5]  	597	9 
[1, 2, 6, 5, 5]  	598	7 
[5, 0, 16, 0, 5]  	620	10 
[0, 18, 2, 3, 5]  	682	4 
[0, 15, 3, 4, 5]  	714	4 
[8, 4, 9, 0, 6]  	503	15 
[1, 18, 3, 0, 6]  	531	6 
[1, 21, 2, 1, 6]  	631	6 
[3, 0, 8, 5, 6]  	646	8 
[0, 2, 18, 0, 6]  	676	3 
[2, 7, 5, 3, 7]  	558	9 
[3, 0, 8, 4, 7]  	580	9 
[6, 1, 14, 0, 7]  	585	12 
[0, 11, 8, 3, 7]  	731	3 
[1, 5, 8, 3, 8]  	605	6 
[4, 0, 16, 0, 8]  	608	9 
[1, 13, 5, 0, 13]  	486	6 
[2, 7, 7, 1, 13]  	496	7 
[2, 6, 2, 5, 240]  	562	7 
[2, 6, 2, 4, 242]  	496	6 
[1, 12, 2, 3, 243]  	556	5 
[1, 12, 0, 3, 245]  	486	5 
[2, 6, 0, 6, 246]  	558	8 
[1, 6, 4, 5, 246]  	620	5 
[1, 5, 4, 5, 247]  	597	4 
[1, 11, 9, 1, 247]  	646	6 
[1, 7, 8, 2, 248]  	585	4 
[1, 10, 9, 1, 248]  	623	6 
[1, 7, 0, 7, 248]  	635	6 
[6, 11, 3, 0, 249]  	430	11 
[1, 5, 9, 2, 249]  	574	5 
[2, 11, 3, 3, 249]  	580	7 
[0, 26, 0, 0, 249]  	598	6 
[1, 9, 9, 1, 249]  	600	6 
[1, 4, 3, 6, 249]  	605	5 
[0, 19, 6, 0, 249]  	647	5 
[0, 1, 13, 3, 249]  	676	2 
[0, 4, 14, 2, 249]  	714	3 
[1, 6, 9, 1, 250]  	531	5 
[2, 7, 1, 5, 250]  	550	6 
[3, 0, 13, 1, 250]  	557	6 
[1, 6, 8, 2, 250]  	562	5 
[2, 9, 4, 3, 250]  	569	8 
[1, 2, 0, 8, 250]  	586	3 
[1, 6, 0, 7, 250]  	612	6 
[0, 18, 6, 0, 250]  	624	4 
[0, 17, 5, 1, 250]  	632	5 
[1, 0, 9, 5, 250]  	657	4 
[0, 7, 13, 1, 250]  	682	2 
[0, 11, 1, 6, 250]  	684	3 
[3, 6, 0, 4, 251]  	438	8 
[2, 7, 1, 4, 251]  	484	6 
[2, 3, 8, 2, 251]  	505	4 
[8, 1, 0, 6, 251]  	515	8 
[2, 5, 2, 5, 251]  	539	7 
[1, 16, 3, 1, 251]  	551	5 
[1, 1, 0, 8, 251]  	563	4 
[1, 0, 1, 8, 251]  	575	5 
[1, 8, 11, 0, 251]  	581	7 
[1, 20, 2, 1, 251]  	608	6 
[0, 16, 5, 1, 251]  	609	5 
[0, 7, 13, 0, 251]  	616	2 
[1, 0, 10, 4, 251]  	626	3 
[0, 25, 2, 0, 251]  	645	3 
[0, 12, 7, 2, 251]  	653	3 
[0, 1, 7, 6, 251]  	664	1 
[1, 0, 15, 2, 251]  	669	5 
[0, 6, 12, 2, 251]  	690	2 
[0, 24, 4, 0, 251]  	692	4 
[9, 10, 1, 0, 252]  	373	12 
[6, 11, 2, 0, 252]  	395	9 
[5, 12, 2, 0, 252]  	406	8 
[2, 4, 8, 1, 252]  	462	6 
[2, 8, 0, 4, 252]  	472	4 
[1, 3, 10, 1, 252]  	497	7 
[7, 1, 0, 6, 252]  	503	8 
[3, 3, 12, 0, 252]  	525	10 
[1, 15, 3, 1, 252]  	528	5 
[1, 5, 4, 4, 252]  	531	4 
[3, 11, 7, 0, 252]  	534	9 
[1, 2, 10, 2, 252]  	540	5 
[1, 1, 7, 4, 252]  	544	3 
[2, 9, 9, 0, 252]  	546	9 
[1, 18, 0, 2, 252]  	558	2 
[1, 19, 2, 1, 252]  	585	6 
[1, 1, 14, 1, 252]  	591	5 
[1, 0, 9, 4, 252]  	591	3 
[1, 8, 0, 6, 252]  	592	2 
[1, 7, 1, 6, 252]  	604	5 
[0, 12, 0, 5, 252]  	606	2 
[0, 15, 6, 1, 252]  	621	4 
[1, 1, 13, 2, 252]  	622	5 
[0, 24, 2, 0, 252]  	622	3 
[1, 5, 1, 7, 252]  	624	5 
[0, 6, 12, 1, 252]  	624	1 
[0, 9, 12, 0, 252]  	627	1 
[0, 2, 0, 9, 252]  	640	1 
[0, 11, 0, 6, 252]  	649	1 
[0, 7, 11, 2, 252]  	678	2 
[0, 0, 18, 1, 252]  	696	1 
[0, 8, 0, 8, 252]  	712	1 
[0, 10, 3, 6, 252]  	731	2 
[7, 1, 5, 1, 253]  	348	7 
[7, 12, 0, 0, 253]  	360	10 
[9, 9, 2, 0, 253]  	385	7 
[7, 9, 3, 0, 253]  	396	12 
[6, 0, 8, 1, 253]  	418	7 
[2, 6, 0, 4, 253]  	426	4 
[2, 3, 8, 1, 253]  	439	4 
[5, 9, 5, 0, 253]  	442	10 
[5, 11, 4, 0, 253]  	453	7 
[13, 7, 4, 0, 253]  	457	10 
[10, 6, 6, 0, 253]  	468	13 
[13, 5, 6, 0, 253]  	481	11 
[0, 0, 12, 1, 253]  	486	1 
[4, 5, 0, 5, 253]  	493	9 
[1, 1, 0, 7, 253]  	497	3 
[2, 6, 6, 2, 253]  	504	5 
[1, 5, 9, 1, 253]  	508	6 
[3, 9, 8, 0, 253]  	523	6 
[6, 1, 5, 4, 253]  	534	11 
[3, 1, 8, 3, 253]  	537	5 
[2, 12, 7, 0, 253]  	545	3 
[1, 18, 2, 1, 253]  	562	6 
[15, 0, 11, 0, 253]  	565	8 
[0, 14, 7, 0, 253]  	567	3 
[1, 20, 1, 1, 253]  	573	5 
[1, 8, 7, 2, 253]  	573	4 
[0, 4, 10, 2, 253]  	574	1 
[0, 25, 0, 0, 253]  	575	3 
[14, 1, 11, 0, 253]  	576	9 
[1, 0, 3, 7, 253]  	579	4 
[0, 6, 9, 2, 253]  	585	1 
[0, 15, 5, 1, 253]  	586	2 
[0, 24, 1, 0, 253]  	587	3 
[0, 12, 9, 0, 253]  	591	2 
[1, 9, 5, 3, 253]  	592	6 
[1, 12, 5, 2, 253]  	595	8 
[0, 17, 4, 1, 253]  	597	2 
[1, 12, 7, 1, 253]  	599	5 
[1, 11, 4, 3, 253]  	603	5 
[1, 23, 0, 1, 253]  	607	7 
[0, 13, 7, 1, 253]  	610	2 
[0, 21, 0, 2, 253]  	615	4 
[0, 1, 0, 9, 253]  	617	1 
[0, 24, 0, 1, 253]  	618	4 
[0, 12, 6, 2, 253]  	618	2 
[0, 13, 4, 3, 253]  	637	4 
[0, 12, 5, 3, 253]  	649	4 
[1, 9, 3, 5, 253]  	654	2 
[0, 20, 0, 3, 253]  	658	4 
[0, 7, 0, 8, 253]  	689	1 
[0, 6, 7, 5, 253]  	713	1 
[0, 4, 4, 8, 253]  	760	1 
[5, 11, 1, 0, 254]  	348	4 
[6, 0, 7, 1, 254]  	383	6 
[5, 1, 7, 1, 254]  	394	4 
[5, 5, 7, 0, 254]  	420	4 
[5, 0, 7, 2, 254]  	437	6 
[2, 6, 6, 1, 254]  	438	3 
[3, 1, 9, 1, 254]  	440	5 
[5, 0, 9, 1, 254]  	441	4 
[2, 8, 5, 1, 254]  	449	6 
[1, 15, 3, 0, 254]  	462	2 
[3, 1, 8, 2, 254]  	471	4 
[1, 2, 10, 1, 254]  	474	3 
[1, 0, 0, 7, 254]  	474	2 
[0, 15, 4, 0, 254]  	485	2 
[3, 0, 11, 1, 254]  	487	4 
[3, 6, 9, 0, 254]  	489	10 
[1, 18, 0, 1, 254]  	492	2 
[1, 6, 8, 1, 254]  	496	3 
[7, 3, 10, 0, 254]  	503	13 
[0, 19, 0, 1, 254]  	503	2 
[1, 20, 1, 0, 254]  	507	5 
[1, 8, 7, 1, 254]  	507	3 
[0, 4, 10, 1, 254]  	508	1 
[3, 2, 1, 6, 254]  	513	8 
[5, 3, 11, 0, 254]  	514	10 
[4, 1, 7, 3, 254]  	514	4 
[3, 5, 1, 5, 254]  	516	9 
[2, 5, 7, 2, 254]  	516	8 
[1, 16, 2, 1, 254]  	516	4 
[1, 19, 2, 0, 254]  	519	4 
[0, 6, 9, 1, 254]  	519	1 
[2, 11, 7, 0, 254]  	522	3 
[0, 13, 7, 0, 254]  	544	1 
[1, 4, 9, 2, 254]  	551	3 
[1, 1, 11, 2, 254]  	552	4 
[0, 24, 0, 0, 254]  	552	3 
[14, 0, 11, 0, 254]  	553	7 
[4, 0, 7, 4, 254]  	557	9 
[2, 1, 9, 3, 254]  	560	5 
[0, 17, 3, 1, 254]  	562	3 
[0, 11, 9, 0, 254]  	568	1 
[1, 9, 10, 0, 254]  	569	2 
[1, 7, 0, 6, 254]  	569	1 
[1, 4, 4, 5, 254]  	574	2 
[1, 5, 13, 0, 254]  	582	6 
[1, 6, 3, 5, 254]  	585	2 
[1, 6, 7, 3, 254]  	593	5 
[0, 14, 4, 2, 254]  	594	3 
[0, 0, 0, 9, 254]  	594	1 
[1, 11, 0, 5, 254]  	595	6 
[0, 14, 6, 1, 254]  	598	5 
[1, 10, 1, 5, 254]  	607	5 
[0, 15, 0, 4, 254]  	609	4 
[0, 10, 11, 0, 254]  	615	1 
[0, 4, 15, 0, 254]  	617	4 
[0, 3, 10, 3, 254]  	617	2 
[0, 14, 1, 4, 254]  	621	4 
[0, 13, 2, 4, 254]  	633	4 
[0, 15, 3, 3, 254]  	648	3 
[0, 6, 0, 8, 254]  	666	1 
[0, 0, 6, 7, 254]  	672	1 
[0, 6, 6, 5, 254]  	678	1 
[5, 5, 1, 0, 255]  	210	4 
[0, 0, 6, 1, 255]  	276	1 
[2, 13, 1, 0, 255]  	358	2 
[0, 12, 3, 0, 255]  	381	2 
[0, 18, 0, 0, 255]  	414	1 
[4, 6, 7, 0, 255]  	431	6 
[4, 11, 2, 1, 255]  	437	4 
[3, 4, 9, 0, 255]  	443	4 
[1, 16, 2, 0, 255]  	450	4 
[0, 11, 6, 0, 255]  	463	1 
[4, 11, 1, 2, 255]  	468	4 
[8, 3, 9, 0, 255]  	480	9 
[7, 0, 0, 6, 255]  	480	5 
[1, 6, 0, 5, 255]  	480	1 
[2, 4, 3, 4, 255]  	485	6 
[4, 10, 6, 0, 255]  	488	6 
[4, 2, 0, 6, 255]  	490	9 
[3, 3, 11, 0, 255]  	490	8 
[3, 1, 1, 6, 255]  	490	4 
[6, 1, 0, 6, 255]  	491	5 
[18, 0, 8, 0, 255]  	496	8 
[4, 8, 2, 3, 255]  	500	5 
[2, 4, 11, 0, 255]  	501	6 
[1, 4, 4, 4, 255]  	508	2 
[4, 10, 1, 3, 255]  	511	5 
[2, 5, 5, 3, 255]  	512	8 
[2, 4, 2, 5, 255]  	516	4 
[1, 6, 3, 4, 255]  	519	2 
[5, 2, 12, 0, 255]  	526	8 
[0, 0, 0, 8, 255]  	528	1 
[1, 8, 10, 0, 255]  	546	3 
[2, 4, 1, 6, 255]  	547	7 
[1, 15, 2, 2, 255]  	559	7 
[1, 4, 13, 0, 255]  	559	3 
[1, 2, 5, 5, 255]  	563	3 
[1, 11, 3, 3, 255]  	568	2 
[1, 17, 1, 2, 255]  	570	4 
[1, 3, 14, 0, 255]  	571	3 
[1, 11, 5, 2, 255]  	572	6 
[1, 2, 15, 0, 255]  	583	3 
[0, 11, 0, 5, 255]  	583	1 
[2, 0, 16, 0, 255]  	584	2 
[1, 5, 2, 6, 255]  	593	2 
[1, 2, 4, 6, 255]  	594	6 
[0, 3, 15, 0, 255]  	594	2 
[0, 4, 5, 5, 255]  	597	1 
[0, 13, 1, 4, 255]  	598	2 
[12, 0, 14, 0, 255]  	634	7 
[0, 0, 5, 7, 255]  	637	1 
[0, 2, 17, 0, 255]  	641	2 
[0, 17, 2, 3, 255]  	659	3 
[0, 1, 19, 0, 255]  	688	1 
------
The gap is between 14 and 239.
Lengths: 5 5 10 15 5 14.
For 692 = 3*d-d1-d2-d3-d4 you get 5 in char 0.
1 + 0*2^64 + 0*2^128 + 0*2^192*y^24*z^4
1 + 0*2^64 + 0*2^128 + 0*2^192*y^12*z^10*w^1
1 + 0*2^64 + 0*2^128 + 0*2^192*y^11*z^5*w^4
1 + 0*2^64 + 0*2^128 + 0*2^192*y^10*w^7
1 + 0*2^64 + 0*2^128 + 0*2^192*z^16*w^2

For 416 = 2*d-d1-d2-d3-d4 you get 10 in char 0.
1 + 0*2^64 + 0*2^128 + 0*2^192*x^5*y^4*w^4
1 + 0*2^64 + 0*2^128 + 0*2^192*x^4*y^3*z^1*w^4
1 + 0*2^64 + 0*2^128 + 0*2^192*x^3*y^2*z^2*w^4
1 + 0*2^64 + 0*2^128 + 0*2^192*x^2*y^2*z^8*w^1
1 + 0*2^64 + 0*2^128 + 0*2^192*x^2*y^1*z^3*w^4
1 + 0*2^64 + 0*2^128 + 0*2^192*x^1*y^13*z^3
1 + 0*2^64 + 0*2^128 + 0*2^192*x^1*y^1*z^9*w^1
1 + 0*2^64 + 0*2^128 + 0*2^192*x^1*z^4*w^4
1 + 0*2^64 + 0*2^128 + 0*2^192*y^12*z^4
1 + 0*2^64 + 0*2^128 + 0*2^192*z^10*w^1

For 140 = d-d1-d2-d3-d4 you get 5 in char 0.
1 + 0*2^64 + 0*2^128 + 0*2^192*x^4*y^4
1 + 0*2^64 + 0*2^128 + 0*2^192*x^3*y^3*z^1
1 + 0*2^64 + 0*2^128 + 0*2^192*x^2*y^2*z^2
1 + 0*2^64 + 0*2^128 + 0*2^192*x^1*y^1*z^3
1 + 0*2^64 + 0*2^128 + 0*2^192*z^4

Extra powers of p used 8.
The invariant extra is equal to 33.
Start computing 2^4 Delta^1 (x1x2x3x4)^1... Done.
Start computing 2^5 Delta^2 (x1x2x3x4)^1... Done.
Start computing 2^6 Delta^3 (x1x2x3x4)^1... Done.
Start computing 2^7 Delta^4 (x1x2x3x4)^1... Done.
Start computing 2^8 Delta^5 (x1x2x3x4)^1... Done.
Start computing 2^9 Delta^6 (x1x2x3x4)^1... Done.
Start computing 2^10 Delta^7 (x1x2x3x4)^1... Done.
Start computing 2^11 Delta^8 (x1x2x3x4)^1... Done.
Start computing 2^12 Delta^9 (x1x2x3x4)^1... Done.
Start computing 2^13 Delta^10 (x1x2x3x4)^1... Done.
Start computing 2^14 Delta^11 (x1x2x3x4)^1... Done.
Start computing 2^15 Delta^12 (x1x2x3x4)^1... Done.
Start computing 2^16 Delta^13 (x1x2x3x4)^1... Done.
Start computing 2^17 Delta^14 (x1x2x3x4)^1... Done.
Start computing 2^18 Delta^15 (x1x2x3x4)^1... Done.
Start computing 2^19 Delta^16 (x1x2x3x4)^1... Done.
Start computing 2^20 Delta^17 (x1x2x3x4)^1... Done.
Start computing 2^21 Delta^18 (x1x2x3x4)^1... Done.
Start computing 2^22 Delta^19 (x1x2x3x4)^1... Done.
Start computing 2^23 Delta^20 (x1x2x3x4)^1... Done.
Start computing 2^24 Delta^21 (x1x2x3x4)^1... Done.
Start computing 2^25 Delta^22 (x1x2x3x4)^1... Done.
Start computing 2^26 Delta^23 (x1x2x3x4)^1... Done.
Start computing 2^27 Delta^24 (x1x2x3x4)^1... Done.
Start computing 2^28 Delta^25 (x1x2x3x4)^1... Done.
Start computing 2^29 Delta^26 (x1x2x3x4)^1... Done.
Start computing 2^30 Delta^27 (x1x2x3x4)^1... Done.
Start computing 2^31 Delta^28 (x1x2x3x4)^1... Done.
Start computing 2^32 Delta^29 (x1x2x3x4)^1... Done.
Start computing 2^33 Delta^30 (x1x2x3x4)^1... Done.
Start computing 2^34 Delta^31 (x1x2x3x4)^1... Done.
Start computing 2^35 Delta^32 (x1x2x3x4)^1... Done.
Start computing 2^36 Delta^33 (x1x2x3x4)^1... Done.
Start computing 2^37 Delta^34 (x1x2x3x4)^1... Done.
Start computing 2^38 Delta^35 (x1x2x3x4)^1... Done.
Start computing aa.
1 2 3 4 5 6 7 8 9 10 11 12 13 14 15 16 17 18 19 20 
*/
A = \
[12160569811363206624 + 3606045554350447958*2^64 + 12119156100301009905*2^128 + 186632254303*2^192,10859449423466961280 + 2284013003713511833*2^64 + 11879621789334999236*2^128 + 259687193961*2^192,12953105110856295120 + 2456958378924211444*2^64 + 9670015169707205880*2^128 + 234737694998*2^192,11012250878984282328 + 10833155492141612520*2^64 + 1716013276174158471*2^128 + 150893040234*2^192,1965720388956808064 + 10932523053369912819*2^64 + 6196377487748537610*2^128 + 32084812634*2^192,9486122621755056512 + 8467723108543716036*2^64 + 14362688359671376108*2^128 + 93064175544*2^192,3633219169313452480 + 11622483205565762413*2^64 + 13073171381632723979*2^128 + 192032950325*2^192,6972481214042376128 + 2704854665136087042*2^64 + 1057533433086362341*2^128 + 109561889604*2^192,3137219012655954432 + 8940051394634737244*2^64 + 7368424785989549533*2^128 + 209477053150*2^192,11042795924641339648 + 16572252444074102743*2^64 + 5066260528502337595*2^128 + 153660968342*2^192,11735587969795762688 + 4984045426338706590*2^64 + 11886765596922600935*2^128 + 137998341771*2^192,6582437332517168896 + 3351593979693315203*2^64 + 12031447152828988399*2^128 + 270496312927*2^192,16818498977157697600 + 14950036421965993391*2^64 + 1733219349202064280*2^128 + 26857690529*2^192,10936904635575614848 + 5789759682316390700*2^64 + 14281882075575920892*2^128 + 250950487281*2^192,5473812717947828736 + 17477473994937238528*2^64 + 7586616364586484542*2^128 + 83211037272*2^192,609842567744170496 + 993673255502692033*2^64 + 11906151941974948276*2^128 + 77554560588*2^192,12061747287231187072 + 12032643490055513144*2^64 + 9061992796182250993*2^128 + 184818901599*2^192,17670397912233499392 + 16930362548456249870*2^64 + 16223320883398017633*2^128 + 7227029398*2^192,6505533434800913664 + 12838590350721179470*2^64 + 1451168775724754487*2^128 + 12988705031*2^192,13993713627793619456 + 1458351012433712005*2^64 + 11575907925543017616*2^128 + 268238137842*2^192;\
12448677941747887520 + 13699919276527377644*2^64 + 13133675696057311389*2^128 + 167435895884*2^192,17470849620876573952 + 700961884552756925*2^64 + 12123784646829318615*2^128 + 272039755523*2^192,8987251887735112656 + 116956877555606970*2^64 + 13575014571606744312*2^128 + 122764721296*2^192,5019731730421773048 + 9099863523581136665*2^64 + 14416536338846829892*2^128 + 212228266780*2^192,5235811722443387520 + 6143987694843685562*2^64 + 13709653516512743045*2^128 + 273539986848*2^192,14322893100769409920 + 2679445861915970*2^64 + 10722556641178273358*2^128 + 133990675663*2^192,4723459138270260416 + 7409528592640976940*2^64 + 2277966625518710303*2^128 + 183042129670*2^192,15873834631007639232 + 5002102473975515583*2^64 + 17106133261546165821*2^128 + 102368021184*2^192,13116947776934499840 + 9954694859846827141*2^64 + 3177298107535569409*2^128 + 207768216830*2^192,15293378249571579136 + 15528779728844057280*2^64 + 15305278189137182792*2^128 + 230744705937*2^192,764400187167791616 + 215903104567898794*2^64 + 16841345595551933249*2^128 + 187205540908*2^192,12373098018481580288 + 924376255928731405*2^64 + 788465682757058724*2^128 + 51191991520*2^192,7948046508628534592 + 14423952155657695931*2^64 + 13397544659628727538*2^128 + 1602140712*2^192,4936859388055259520 + 18070304649965224248*2^64 + 7341518203752745907*2^128 + 217369516073*2^192,12080202895993938432 + 962663982360067912*2^64 + 3897123778907624801*2^128 + 160519608039*2^192,17560962318364690432 + 14465038889651731858*2^64 + 15729925966512306670*2^128 + 27972581557*2^192,17466011634051456128 + 8425533128055050941*2^64 + 3262802356802287364*2^128 + 235828884987*2^192,8626298505876064000 + 4693807450363609262*2^64 + 17139846329286693156*2^128 + 54432573567*2^192,1643904799804461824 + 16261721909820787410*2^64 + 11944217929830420695*2^128 + 155666173167*2^192,14600558584416403456 + 2985123154761756714*2^64 + 1727754357495753605*2^128 + 206981646692*2^192;\
13026201709630308864 + 18399930121509144892*2^64 + 610690615617200876*2^128 + 60716916575*2^192,2800226221248404480 + 4977935355209086581*2^64 + 7736985622870071424*2^128 + 17530889620*2^192,7078120193779451136 + 17471054928631401632*2^64 + 8446346677364521654*2^128 + 201817748379*2^192,9737800541340155392 + 15586988689243298252*2^64 + 3564065376281561397*2^128 + 85103913183*2^192,11366301360332023808 + 10373264452220807534*2^64 + 4101324665483209290*2^128 + 219680819002*2^192,13786778717972406272 + 10533656927475761613*2^64 + 5661667225052122874*2^128 + 67086986155*2^192,10865329656869654528 + 16804702903899240933*2^64 + 17088243326669084313*2^128 + 219729992777*2^192,11913417838389940224 + 3782279213649599022*2^64 + 12747997113840556095*2^128 + 122173974391*2^192,15780758055987200000 + 17713472128566673914*2^64 + 13361758892829240503*2^128 + 88404526390*2^192,5909634000283983872 + 17611588356499569334*2^64 + 1828916967492170069*2^128 + 131029119505*2^192,9360618274251177984 + 8673673920361634941*2^64 + 4920612025630297213*2^128 + 247524231781*2^192,10311596407017029632 + 9142217578166751774*2^64 + 14397913565834331653*2^128 + 253595956893*2^192,549712924920721408 + 8321517319492486606*2^64 + 8485221224592178458*2^128 + 94281072264*2^192,10930032729671135232 + 17641584610399072720*2^64 + 15706858161006201659*2^128 + 127991348039*2^192,2112356288031965184 + 12583540870205319609*2^64 + 12037895663722371094*2^128 + 103847441782*2^192,6634636016986963968 + 617384521878043754*2^64 + 4426594427244437128*2^128 + 59675730190*2^192,15604002094643466240 + 2562399839743641072*2^64 + 17176324990214491948*2^128 + 28881740589*2^192,1425990582114185216 + 8301118931046029226*2^64 + 17098777938963454646*2^128 + 252232910332*2^192,13272554470719995904 + 1223087613352840868*2^64 + 2310488863509937011*2^128 + 91677807969*2^192,6975322681723523072 + 3103971146661363223*2^64 + 9157237088281814449*2^128 + 48678248616*2^192;\
1198069507451224064 + 997991291322536143*2^64 + 12971894067885445467*2^128 + 183541443239*2^192,129118613213365248 + 5388455324991671600*2^64 + 10218957918963868011*2^128 + 43966460499*2^192,17756115157885484288 + 8839022104658610227*2^64 + 4508945096104291393*2^128 + 253799558739*2^192,8868906930878957184 + 16524056204783912650*2^64 + 556670066246591068*2^128 + 29240365404*2^192,9627892251203330048 + 7054412792068693223*2^64 + 6048314860940087639*2^128 + 269207231574*2^192,17934555869516765184 + 16921229118146734694*2^64 + 3511582692736462765*2^128 + 202835847766*2^192,1309122649466502144 + 8528637700894483484*2^64 + 17193565911922784426*2^128 + 22503624650*2^192,7140621190749699072 + 5672854541658831222*2^64 + 17964214308067748650*2^128 + 196343804650*2^192,18298532872584208384 + 11291583551170496187*2^64 + 3087994040215054827*2^128 + 122394708972*2^192,5517984712533938176 + 118416917830573069*2^64 + 3972280561579620685*2^128 + 183094489752*2^192,15556821220326555648 + 11675266898202245462*2^64 + 8545203940139096868*2^128 + 166548598426*2^192,8124150403787968512 + 12818274885553064846*2^64 + 8008252365490485149*2^128 + 101541962327*2^192,13335519831536305152 + 8387285913782878715*2^64 + 2253979331107445885*2^128 + 720969430*2^192,6673704115970385920 + 12520735608586009640*2^64 + 7903928209902393227*2^128 + 5898188511*2^192,1935547273841074176 + 8010839827943322231*2^64 + 11019031433887110213*2^128 + 269363299552*2^192,7852956220459089920 + 16599926328570653449*2^64 + 2302064020092763280*2^128 + 140228113811*2^192,17657999355547613184 + 6381513832444576767*2^64 + 2017769332515389018*2^128 + 45135397756*2^192,2879417562752589824 + 154359807157824589*2^64 + 11154667286565882024*2^128 + 239720058201*2^192,4334310166788943872 + 5378749879805984134*2^64 + 12535801153486208115*2^128 + 84987046501*2^192,7467135273715552256 + 7054088958486923264*2^64 + 5163371147424866203*2^128 + 143345544809*2^192;\
5049058271717121560 + 17313103309546621789*2^64 + 13706795736574732764*2^128 + 219044570389*2^192,838519421913775008 + 17521002958802521032*2^64 + 4415910956283638710*2^128 + 150196955765*2^192,1103529627004413748 + 13560647125604771990*2^64 + 3851891972514694014*2^128 + 224256795212*2^192,2191425259596561638 + 13463485195976525994*2^64 + 8701251148406879430*2^128 + 75225093266*2^192,6260232324594036576 + 1133165721425742571*2^64 + 5808655275704938953*2^128 + 62885112539*2^192,17723766577453815648 + 6824643603901855932*2^64 + 2370713634846487828*2^128 + 174160172103*2^192,6714388813215601392 + 17749635335370846415*2^64 + 16073932295412848753*2^128 + 261112117634*2^192,1138997903716303472 + 16719368476109835047*2^64 + 11794834411449346344*2^128 + 246619474226*2^192,4605439860443355264 + 1181728047289152014*2^64 + 2712037252613401699*2^128 + 235382896639*2^192,4855355191103301184 + 7343507373355668702*2^64 + 11098819867027686683*2^128 + 118451774227*2^192,8295477621761557632 + 9044412043924864813*2^64 + 15891555285954940318*2^128 + 138904191081*2^192,15532093229350027456 + 12164711594330502345*2^64 + 17653430280198397206*2^128 + 54606624542*2^192,3944625569994072464 + 9895138879941310*2^64 + 7996355986349437009*2^128 + 4410127204*2^192,547276798323272032 + 10710578878027291393*2^64 + 1984845774665013939*2^128 + 196993560652*2^192,2504954583296311936 + 14922535252317483158*2^64 + 14575620592903289994*2^128 + 36672030842*2^192,12112604338302805376 + 17517953581683485929*2^64 + 15416295701447104672*2^128 + 55590577263*2^192,14371973733588196384 + 9438515381073956115*2^64 + 5045649310768857503*2^128 + 92288427500*2^192,13227016072621102784 + 7775625122085526589*2^64 + 16844714289196094447*2^128 + 273697973327*2^192,13826960629996576832 + 16783321545269024028*2^64 + 9988106445048938600*2^128 + 262187977662*2^192,5075955344688288640 + 7362054475659036690*2^64 + 16992452166710310143*2^128 + 20653583877*2^192;\
18109649076967349248 + 5152858649627135064*2^64 + 16297750902136844761*2^128 + 2928771203*2^192,10309952398853793792 + 4744488161393482815*2^64 + 1608602595364818293*2^128 + 74799972370*2^192,7941248967677992960 + 497202078093677882*2^64 + 14512768799394735272*2^128 + 175716885041*2^192,6382069033110327552 + 2961153499010082382*2^64 + 15415898194428470552*2^128 + 250431147581*2^192,5684784984296464384 + 8800273199214612538*2^64 + 93307567125828167*2^128 + 95130263692*2^192,14764045468282318336 + 10721169845261092424*2^64 + 8500512880227541847*2^128 + 213489846136*2^192,780050699773758464 + 4118543434547250184*2^64 + 9953924136583697763*2^128 + 135457513639*2^192,11187244145112121344 + 8059322837644991539*2^64 + 650566878418399004*2^128 + 268584289724*2^192,11778102354996699136 + 8933549198215470756*2^64 + 16766611393121575798*2^128 + 267750084194*2^192,7709185923812106240 + 6476602323318437037*2^64 + 12387079363537618649*2^128 + 76130333405*2^192,11902623259010777088 + 2496476155688644324*2^64 + 2662103446744478622*2^128 + 237963233185*2^192,3339204682803470336 + 2884907680205362785*2^64 + 13401391150026800606*2^128 + 151494043320*2^192,470839689749852160 + 12999926808830573968*2^64 + 9814534233441811143*2^128 + 149248183553*2^192,14349598429740990464 + 22125030979034236*2^64 + 13918141401765179778*2^128 + 106044396365*2^192,10139851771807834112 + 3716365181125678700*2^64 + 9430630352943832306*2^128 + 59674937714*2^192,11868410692409479168 + 10270506608929784688*2^64 + 13265782559999214160*2^128 + 185098899298*2^192,3400040232694398976 + 15334035497918302762*2^64 + 18173004252842895842*2^128 + 116581387184*2^192,6774877877279846400 + 8418686291073133661*2^64 + 14145301538526949326*2^128 + 167198841379*2^192,10094589540424294400 + 3327622138927894956*2^64 + 4356158726295319918*2^128 + 18731898515*2^192,7811972280538628096 + 6775391553885687492*2^64 + 2487186539056870474*2^128 + 161095637806*2^192;\
15244000658074993664 + 10435124152216095562*2^64 + 1670571459439891074*2^128 + 212712068763*2^192,17216477009047343104 + 16881073680843385797*2^64 + 14962755655240253361*2^128 + 160390175279*2^192,9224489970718595840 + 17505263782052775139*2^64 + 14069778090429113044*2^128 + 77346016342*2^192,11217385964417611776 + 8152757377699468950*2^64 + 15233714943973716366*2^128 + 93424048463*2^192,2518415307443535872 + 6566463753239687074*2^64 + 16188361910332320509*2^128 + 177856965046*2^192,13412862848484821504 + 8762061290450590313*2^64 + 16393295301041773964*2^128 + 226569826354*2^192,4810786482642711552 + 15925430091957133124*2^64 + 2905813898804217925*2^128 + 272312965018*2^192,16242050149817977344 + 11307169476494642684*2^64 + 9630348180851689653*2^128 + 3529418378*2^192,8652901038222712832 + 9864041660535536161*2^64 + 7854821448671376407*2^128 + 51056996850*2^192,909598012190824960 + 6966325517349192492*2^64 + 10449981460139180371*2^128 + 154287643690*2^192,1055917590185385984 + 580749845843759928*2^64 + 12211963494138882163*2^128 + 151318252178*2^192,10680691248296574976 + 6783017600858626962*2^64 + 16643848390990894619*2^128 + 108861790886*2^192,18144467329278339072 + 12443237601779247617*2^64 + 1448633068156961609*2^128 + 175081632295*2^192,8564803765590327296 + 14904176735014813245*2^64 + 14341050776841693372*2^128 + 246326607327*2^192,9852729271771848704 + 74829567989387570*2^64 + 10902487180008701079*2^128 + 248169288414*2^192,16778374706974568448 + 16470987213453119646*2^64 + 6406969525086071563*2^128 + 185814934408*2^192,8527790761512235008 + 5823903119378707605*2^64 + 6393049286861272881*2^128 + 53580910218*2^192,17467882417347473408 + 15094237775212827276*2^64 + 11471430219346215908*2^128 + 240860248*2^192,4434319160839356416 + 5246916227865198585*2^64 + 16398455314548527346*2^128 + 132338470066*2^192,16079825626735091712 + 9555675245438367671*2^64 + 8527218041882442771*2^128 + 126893496197*2^192;\
9370229761204286464 + 13362239108837403368*2^64 + 11266928102677560540*2^128 + 37255702547*2^192,4817994516851949568 + 4115537147399763291*2^64 + 14871755848720208224*2^128 + 170614838711*2^192,2749948074504433920 + 16355302144818096978*2^64 + 2476066469270418808*2^128 + 136934278612*2^192,15821715766267467264 + 7847019144274289060*2^64 + 7850078155775788327*2^128 + 225200370457*2^192,16321159918373011456 + 15717731156984535911*2^64 + 12706828259131344802*2^128 + 48736431753*2^192,13704346722045266432 + 748601294370679153*2^64 + 14699985150571466470*2^128 + 254551990009*2^192,17980095619802551808 + 2046066862884011117*2^64 + 4532881268354582534*2^128 + 35209918353*2^192,495961626615796736 + 9699161949623858366*2^64 + 6437411184084098167*2^128 + 240259502769*2^192,9961681907364732928 + 507536149257458619*2^64 + 17338822023510715142*2^128 + 50406901457*2^192,3266685352406855680 + 6549876946984872531*2^64 + 1844882377251392278*2^128 + 115725238589*2^192,7154937698238029824 + 16876209243294742268*2^64 + 14035146387672862993*2^128 + 172916545637*2^192,9877592768729210880 + 14391516222041293434*2^64 + 719957570010906507*2^128 + 72086170855*2^192,16871890514177586176 + 6070326410543673062*2^64 + 17418746667094435113*2^128 + 23189268864*2^192,5233962034916835328 + 16865566003914908982*2^64 + 6270589554731617263*2^128 + 56266546510*2^192,4999747728735002624 + 14222498072835773554*2^64 + 11254379835003854411*2^128 + 2300214672*2^192,565154049325092864 + 13217625141074252017*2^64 + 7175062163310655278*2^128 + 223825111731*2^192,11923936120602890240 + 918066949744351460*2^64 + 16304148484943532798*2^128 + 134169606606*2^192,5744523561706262528 + 4284414118294008139*2^64 + 12428068757906389241*2^128 + 226386760764*2^192,4572500415420276736 + 7868655491308511862*2^64 + 7304692486493577390*2^128 + 7133039388*2^192,7945693087451406336 + 7515621028063877932*2^64 + 7281916285007395574*2^128 + 245495080696*2^192;\
16720026530492517072 + 329366430292722792*2^64 + 2655673484624886170*2^128 + 51969784022*2^192,7916419804966434624 + 1247716181552643204*2^64 + 13019852710275386763*2^128 + 86782848555*2^192,1845925883596023608 + 13837333877613186253*2^64 + 8491177627441897648*2^128 + 159150028564*2^192,10016920720591727684 + 17757086262994990008*2^64 + 10207032583512690172*2^128 + 22476383157*2^192,15462477918402221888 + 16224603169246021340*2^64 + 2757300210518553625*2^128 + 112300088405*2^192,3670632917751695168 + 16385959699317053620*2^64 + 647067355512969957*2^128 + 165163168540*2^192,4421954538235194784 + 12040113059880762614*2^64 + 7235109197482110303*2^128 + 203151444925*2^192,17402089502322988960 + 6414932187051545734*2^64 + 5554614701484303348*2^128 + 238478310244*2^192,2197227762270171904 + 14872625463706000178*2^64 + 1653435934342873473*2^128 + 195226646658*2^192,11047307487426751360 + 2278937460906163397*2^64 + 5714333173170530746*2^128 + 155944656805*2^192,12552876792680296704 + 14298695554429111053*2^64 + 13740126045404231177*2^128 + 170254432362*2^192,7657261382538625664 + 625253824511952428*2^64 + 4319934575977711685*2^128 + 209918170909*2^192,18151545832255124576 + 18004715220418699489*2^64 + 11046180838423009215*2^128 + 30678507335*2^192,9507485544543291456 + 2636150300976201907*2^64 + 6612879187100376956*2^128 + 208028156161*2^192,9110500838277231360 + 4962778904832639372*2^64 + 17043686928535943168*2^128 + 226995384387*2^192,14722635061218719488 + 7701293126793626614*2^64 + 7347553991623264944*2^128 + 218730683159*2^192,1094601802270118080 + 2157456126088620331*2^64 + 547248816957911971*2^128 + 145180971123*2^192,8498155620124728448 + 17803561375439143938*2^64 + 9104085742790536091*2^128 + 109960766052*2^192,11133096285962675072 + 9502208531890478363*2^64 + 10678569319487451984*2^128 + 21821762978*2^192,17886397150445859584 + 17953311886808219221*2^64 + 5117591504547417003*2^128 + 91203870560*2^192;\
12103323214703301632 + 1188755143295865653*2^64 + 7011158272270403034*2^128 + 68863138707*2^192,1540039395585341440 + 11079306988021796464*2^64 + 4580608545133588286*2^128 + 267181452161*2^192,12581379612685515776 + 15751373462507063030*2^64 + 6578061997823440510*2^128 + 22531657316*2^192,9716970700558431232 + 9334298954162777862*2^64 + 9217595894210602544*2^128 + 218991355357*2^192,15947301545506226176 + 5000234196484413550*2^64 + 390126587525441251*2^128 + 7794049396*2^192,7217536431516215296 + 9677524087706688456*2^64 + 9610511720626950415*2^128 + 217079844223*2^192,13125481547976347136 + 17679045616414567076*2^64 + 5434423145611627161*2^128 + 43987481014*2^192,15906784516834885120 + 12604546059859311048*2^64 + 16945431034656543790*2^128 + 135784674882*2^192,13601549137158709248 + 2118741397352175283*2^64 + 10262840816493712992*2^128 + 237967561430*2^192,10441614502407498752 + 17781645147651118184*2^64 + 11954050004210194351*2^128 + 179179192661*2^192,6367368561867403264 + 3578142751284975421*2^64 + 8252573713249103047*2^128 + 209470469488*2^192,751418459054456832 + 7442239092470200054*2^64 + 15538620654410957654*2^128 + 83070133248*2^192,13792676820214832640 + 14456426725901589941*2^64 + 11117304987471728342*2^128 + 74674207056*2^192,5767816432092487680 + 581988699252487231*2^64 + 8423320541744556437*2^128 + 769228362*2^192,640626271771795456 + 12887391241530239806*2^64 + 7261882867864076289*2^128 + 44674067458*2^192,6835919831049011200 + 5061667480132150044*2^64 + 16386093073575215308*2^128 + 37286665010*2^192,4783501348789481472 + 7434337514410627184*2^64 + 12722384066092685287*2^128 + 195233901330*2^192,6150379560135110656 + 18178063096412118874*2^64 + 16796006697546180181*2^128 + 139222938785*2^192,6053650936866873344 + 11710099722458738753*2^64 + 11114796934746020296*2^128 + 96962479681*2^192,8436659890601267200 + 8153371084044437643*2^64 + 8173825562576483409*2^128 + 116099987736*2^192;\
7753941369361336080 + 16422805805328087200*2^64 + 11662206234375991868*2^128 + 174858117742*2^192,1859643289984651584 + 5921173667741395252*2^64 + 4979758647542863928*2^128 + 228767152534*2^192,15839278618186415128 + 11251619339717357152*2^64 + 14588261795749292386*2^128 + 63518392565*2^192,3224881604668670932 + 6562211840318016898*2^64 + 10437963571122608223*2^128 + 244884737553*2^192,15374955649839116864 + 11176310754655254741*2^64 + 17097307284428303689*2^128 + 4229642218*2^192,16068615012000915520 + 4828991487371830372*2^64 + 2455366322467215406*2^128 + 192442230655*2^192,206851993781376288 + 7850459104191633278*2^64 + 1896292323084282320*2^128 + 136474000712*2^192,10466392804624426528 + 16130297456874741271*2^64 + 11130945269164619210*2^128 + 70207588707*2^192,8294031765552716544 + 17256317182432246978*2^64 + 10633340610202994531*2^128 + 120236479262*2^192,1029755370509095296 + 18324015177766523389*2^64 + 13497200347082978601*2^128 + 21235509345*2^192,75070693424817408 + 1031522286665263060*2^64 + 15484835022706037059*2^128 + 43810720859*2^192,16158678849468169344 + 11860305466570493877*2^64 + 7667633058546444522*2^128 + 193466023482*2^192,2801899901774001632 + 754365105843157460*2^64 + 3391269115776252311*2^128 + 270675695700*2^192,1913164957296156992 + 14870204430386219248*2^64 + 6185748361355924367*2^128 + 220302678536*2^192,2340959259365548800 + 18067947136879764843*2^64 + 16283643787792678989*2^128 + 67827441897*2^192,11151769285093360384 + 12475061883837032518*2^64 + 3076871610655290192*2^128 + 166253612591*2^192,16865095365896456128 + 14568275021936023650*2^64 + 9081592550064387831*2^128 + 73148550177*2^192,5626150831308249728 + 2307713135007867555*2^64 + 14462007622903051576*2^128 + 249944733462*2^192,12027289139993686400 + 17557320624608844187*2^64 + 3367224030064268132*2^128 + 267226589430*2^192,2438636054418795264 + 5303873672930399353*2^64 + 11916308695505438154*2^128 + 208325401947*2^192;\
7670502822935522488 + 1363729673046607428*2^64 + 5722986448512419596*2^128 + 262124624642*2^192,8514686618223948640 + 13643777259617756189*2^64 + 7788267440195324729*2^128 + 21369435407*2^192,13702667296256531220 + 14239781882419107651*2^64 + 6613895749678623001*2^128 + 266578559657*2^192,18317590592524614406 + 9432659350873865666*2^64 + 16672346817939956908*2^128 + 41674047701*2^192,2586053888250455776 + 17255145123847894879*2^64 + 2078955267942373284*2^128 + 227029537412*2^192,8919175566853262048 + 9792772661037223519*2^64 + 15175766666656328169*2^128 + 76140158074*2^192,4688854421950683120 + 12682822382886934569*2^64 + 5185036300263249976*2^128 + 97169540874*2^192,11079238057724027760 + 14683643975925348770*2^64 + 7837230648134117359*2^128 + 265429161382*2^192,1812978486563890304 + 6763214918985304520*2^64 + 8712066432650524123*2^128 + 228490729546*2^192,1124786833277570368 + 16743561460789930453*2^64 + 1516501093467979779*2^128 + 37504179766*2^192,17081153298264003968 + 8580256951356032397*2^64 + 1034046323820037813*2^128 + 237949604513*2^192,7700785265513013184 + 10356881823790427148*2^64 + 18315337482825951730*2^128 + 96127544217*2^192,6246070423173804688 + 10778449764131931301*2^64 + 11383750565041460610*2^128 + 216736725748*2^192,6252465657623187808 + 6820572948200983223*2^64 + 11578657769550245059*2^128 + 223756445958*2^192,5361170311185609856 + 11053476868986730940*2^64 + 12842093000679411774*2^128 + 243707343042*2^192,13696152682277595776 + 4511843121745462634*2^64 + 2963470824692573676*2^128 + 213881678145*2^192,6458413495937712416 + 7219873170540336104*2^64 + 13447821861993022319*2^128 + 102417059550*2^192,13065294256869687488 + 6966737534396387820*2^64 + 12489780507063198505*2^128 + 75267343511*2^192,1230660954639499584 + 398808710515292588*2^64 + 5821082126383771608*2^128 + 124377156262*2^192,954186196231612032 + 15609734508616443697*2^64 + 7594253572085989393*2^128 + 57510991955*2^192;\
12398938539971003392 + 14831698865755273091*2^64 + 9342550997608350092*2^128 + 20256375862*2^192,17064646276051449856 + 14819207465276046558*2^64 + 15724409140596877350*2^128 + 250288121557*2^192,2157913161509681920 + 3246080702342963446*2^64 + 16778238937374353763*2^128 + 139631464927*2^192,5128973111940771328 + 5529799522904572209*2^64 + 3262115224330505774*2^128 + 95748861476*2^192,2355298933841551360 + 9029220083304362844*2^64 + 10468485364737895170*2^128 + 43019275710*2^192,15440308299897605120 + 3813232460712298288*2^64 + 7603065483786324712*2^128 + 238491348205*2^192,12759294849791946240 + 14749380324398660657*2^64 + 2847096125343893159*2^128 + 216267389359*2^192,10332952233797483008 + 7785800462484853901*2^64 + 15947197800654078085*2^128 + 14796069629*2^192,9868364311518715904 + 980106666702572812*2^64 + 6262309750936861412*2^128 + 239435865692*2^192,7677497988260791296 + 3977296637302648215*2^64 + 6946725806297679563*2^128 + 219628512733*2^192,11486388306312103936 + 17316752928255543868*2^64 + 8811158754438552963*2^128 + 144240149281*2^192,10461866826449874944 + 7455291663588196588*2^64 + 1881216546440179745*2^128 + 135281697619*2^192,6961354149757852672 + 4325328220988433232*2^64 + 3304774255754582086*2^128 + 10722122170*2^192,13317805403731169280 + 2133618443770252590*2^64 + 9943814565595254893*2^128 + 110578781138*2^192,9669625585527185408 + 18332849452766106363*2^64 + 1933258774115844474*2^128 + 254760523773*2^192,11478009975688445952 + 13868260018919453111*2^64 + 11808643994593200441*2^128 + 40821359168*2^192,9995302327259340800 + 15558547675604260943*2^64 + 14130915623154905718*2^128 + 95579709349*2^192,14182166103421444096 + 17996238568191497838*2^64 + 1409782818695705688*2^128 + 271889945054*2^192,5929243711010414592 + 9967552977981986456*2^64 + 3114555364626356268*2^128 + 159775168816*2^192,1597687295672164352 + 5996949584201513590*2^64 + 5880103240310331995*2^128 + 190819960231*2^192;\
2936211238664596288 + 4946838125490487700*2^64 + 16621328231148039907*2^128 + 14245913198*2^192,17993326350681167936 + 6399810579543005993*2^64 + 4868131620809558608*2^128 + 158661774818*2^192,16445406632729142736 + 9600145881496707207*2^64 + 16293880923017048302*2^128 + 163214378948*2^192,1822951216255597544 + 16990914559314449297*2^64 + 16270007609510357914*2^128 + 104444334514*2^192,11912613671628315904 + 5503803394003974129*2^64 + 9755530773731583465*2^128 + 56286406107*2^192,7344635154348878208 + 14910101863935268783*2^64 + 3790029918312258517*2^128 + 95147619530*2^192,2465184281462357312 + 6777283194652436700*2^64 + 810107104806238087*2^128 + 71927034181*2^192,13343324688275400256 + 9754356772205509954*2^64 + 1998098506633198107*2^128 + 261557066167*2^192,4261049126168437248 + 13348943444877782796*2^64 + 13420789425987018913*2^128 + 146179260343*2^192,2517041872620427264 + 15745913835179156988*2^64 + 14030766369020739002*2^128 + 166222566729*2^192,1086570737274531584 + 1955282097391073878*2^64 + 15434160122477480406*2^128 + 144514419974*2^192,6661040991847490048 + 8249926912144321634*2^64 + 7691716241118453046*2^128 + 70137662204*2^192,7005400940412071616 + 8564333301777568404*2^64 + 5521365822491693045*2^128 + 157417985233*2^192,2687729754913979264 + 14484469865419843732*2^64 + 6143813392395775565*2^128 + 12472596707*2^192,4803179066467657216 + 9429658209588422729*2^64 + 10316701273668007384*2^128 + 40868998817*2^192,17051377037400120576 + 6312769946973709047*2^64 + 14809982927930517915*2^128 + 83060866294*2^192,143481397748211328 + 13949422116436415544*2^64 + 11991637444843464906*2^128 + 83849480535*2^192,464148743374184704 + 942760288367312175*2^64 + 8792623480036720957*2^128 + 85348177035*2^192,13359986590959260672 + 8404967902550481813*2^64 + 16493501832894392183*2^128 + 5763076561*2^192,7328455194675888384 + 4582144502340026353*2^64 + 5597144645488488216*2^128 + 217520652674*2^192;\
4964540287329977980 + 7437138201556154032*2^64 + 13485400356615306887*2^128 + 250477221825*2^192,361857949444160816 + 8456604829097530731*2^64 + 3513954394842914444*2^128 + 166938368952*2^192,11859268617982953402 + 15184844272473688526*2^64 + 18164763590434431510*2^128 + 16223646838*2^192,5960367644345902251 + 15923620467957367671*2^64 + 228473111630103049*2^128 + 168921756789*2^192,10186483077005447536 + 15227390640097450744*2^64 + 6188183866493818975*2^128 + 250467324535*2^192,7299210330117836720 + 16509943068729208448*2^64 + 1825739698235750531*2^128 + 265464317068*2^192,10592440350801341880 + 1153945275225132792*2^64 + 1060260046476800267*2^128 + 40349488897*2^192,9358894635274821112 + 15618166256708757308*2^64 + 15058089959441654648*2^128 + 245061403732*2^192,9397615012767341632 + 7746151091370928782*2^64 + 2016188635314205253*2^128 + 119276947093*2^192,1594491096575738272 + 7615930136409758793*2^64 + 9917469641340258193*2^128 + 108323097906*2^192,17875294927639256512 + 1642515356720204804*2^64 + 16965019429709553428*2^128 + 13746347157*2^192,399111597535314400 + 10755557826796315922*2^64 + 6557685588424356523*2^128 + 53092445997*2^192,16626921629831421576 + 5652821217047814010*2^64 + 1322309672388718023*2^128 + 188787418560*2^192,1465683010297056944 + 1286050246716395999*2^64 + 1716086673839630919*2^128 + 135039911771*2^192,3768112824915539776 + 12825520585219429562*2^64 + 10089895443114984637*2^128 + 49574746768*2^192,1182620307109775936 + 2653743567732958340*2^64 + 10712086749666894983*2^128 + 164304121831*2^192,10695437985158756880 + 9560721899678139315*2^64 + 5862778006692883235*2^128 + 108048693900*2^192,12264219589262735968 + 5271227162662929455*2^64 + 11318529129509535398*2^128 + 209992984752*2^192,12125389694743348640 + 15033578976879819762*2^64 + 14838709756502513141*2^128 + 234272412160*2^192,14565560883188032 + 144242768812275003*2^64 + 12355791089958608973*2^128 + 255200827995*2^192;\
10007696271346981376 + 13338578696624231830*2^64 + 2950143443856560177*2^128 + 7183135175*2^192,14063738549947175936 + 9642839878115987421*2^64 + 2074183525018480414*2^128 + 22262967936*2^192,5738080235268933376 + 7070518965542287963*2^64 + 9666022110418219869*2^128 + 160811254707*2^192,3160852027801798272 + 11649381040855384997*2^64 + 11556795029788630047*2^128 + 85273714717*2^192,368534286670557184 + 8178718210952945355*2^64 + 11002448936133111472*2^128 + 62160622480*2^192,2339151414243059712 + 14448376756497445462*2^64 + 13816291146441421159*2^128 + 49635253157*2^192,12127898305619570688 + 15332110798018817922*2^64 + 8564614673981777816*2^128 + 211520168700*2^192,6602398087969991680 + 8313174400151528399*2^64 + 12643678385544433669*2^128 + 189537209600*2^192,7949828845222760448 + 12537464601204894877*2^64 + 16598510084601442516*2^128 + 101931515254*2^192,8944424938305900544 + 4914568493191464216*2^64 + 9940169946215412717*2^128 + 58470734453*2^192,17014817688903016448 + 5291734796094715756*2^64 + 14740785096659163492*2^128 + 193773645991*2^192,8700764769776078848 + 13897038054615868026*2^64 + 17841141370324855535*2^128 + 231966367523*2^192,13899567516196037632 + 7025452594231113621*2^64 + 7629017944790232486*2^128 + 76347691901*2^192,14119045168129564672 + 8529481961562142674*2^64 + 11506082088932079533*2^128 + 151076300339*2^192,6140848895290486784 + 17013587200586451946*2^64 + 4433822604362420189*2^128 + 48233799285*2^192,12947474750939005952 + 7349035129626137089*2^64 + 445132686413092294*2^128 + 254429774205*2^192,18097979101597044736 + 1877553507886314431*2^64 + 651210910696106566*2^128 + 231757977802*2^192,14091745301795581952 + 7859050276063833329*2^64 + 9093597697702038349*2^128 + 112545338688*2^192,9347611716025331712 + 4317277601609058284*2^64 + 14651180188578368629*2^128 + 87104796712*2^192,11310673058980323328 + 10469692443879955240*2^64 + 9837804217056918689*2^128 + 67688843953*2^192;\
3187251840352319872 + 13032313796417149988*2^64 + 3495848417807154552*2^128 + 139817139450*2^192,9395224661210790976 + 16302336041387638595*2^64 + 17443178124924588433*2^128 + 74491151024*2^192,3122326855091299696 + 15646373955031849317*2^64 + 3355939842372956048*2^128 + 245819876286*2^192,16414549455091417432 + 5051068536417552523*2^64 + 9935118980180028233*2^128 + 241203317513*2^192,8552024292642260480 + 2590126962063480592*2^64 + 11334379555623181092*2^128 + 15342216977*2^192,15862322504741457024 + 2955167600400967601*2^64 + 9304315265048865441*2^128 + 67448087195*2^192,13752458248202937024 + 7974329893393063355*2^64 + 9241122427188241748*2^128 + 11829189076*2^192,7096526795523026880 + 13147039843589093939*2^64 + 2965020828060736862*2^128 + 243965079109*2^192,6104184854951067136 + 10465814187233469646*2^64 + 2461460119383513178*2^128 + 171581464515*2^192,10587211182136904704 + 13518688545770531753*2^64 + 4348123959254499672*2^128 + 60759892868*2^192,16036724328674059520 + 17356598249574308117*2^64 + 6518339379590093777*2^128 + 154750412065*2^192,17706480618820715520 + 15630538404441801703*2^64 + 14913960884671936322*2^128 + 149551030983*2^192,11249700333205926208 + 982423301503349397*2^64 + 4013672671289369282*2^128 + 157941136969*2^192,3977551174635003520 + 6936618105667830822*2^64 + 9756358344960897053*2^128 + 142361427855*2^192,2990746332234635776 + 12430945533280940104*2^64 + 13341560498133013052*2^128 + 173233592390*2^192,15487990267026736384 + 3889781831540829127*2^64 + 16602962021654413694*2^128 + 44164589715*2^192,3027563664341641088 + 8797681207666749818*2^64 + 4152095441353491661*2^128 + 150260196528*2^192,13580507225785794304 + 9853740129127166859*2^64 + 17155099143068915891*2^128 + 117632449752*2^192,7489322873498353152 + 10425929297395896178*2^64 + 7289048130545880929*2^128 + 163644045367*2^192,1341551931195126016 + 2342646110659410824*2^64 + 14637654680036819814*2^128 + 144603865306*2^192;\
14354967406012375296 + 14972146613104272178*2^64 + 12664365350672232357*2^128 + 204453235957*2^192,11292700024181035520 + 17174655688830338324*2^64 + 4686372977263256988*2^128 + 3102428420*2^192,16941206615738518912 + 8936477059863180149*2^64 + 13289315037966863993*2^128 + 22615210209*2^192,16193637930931696192 + 17356752525733647791*2^64 + 1805969994317478183*2^128 + 114734216761*2^192,10765649199630088192 + 3697018184760136872*2^64 + 12964350064480492048*2^128 + 61050150285*2^192,2229762505004776448 + 2323402734697305421*2^64 + 4894705759717191644*2^128 + 228685404755*2^192,12757717544697542656 + 4110460502151895990*2^64 + 13423481711574581922*2^128 + 24040069514*2^192,16620825670722823680 + 13369719454869102589*2^64 + 6015519316938737243*2^128 + 203381078751*2^192,15208041144730789888 + 14856649710866967995*2^64 + 9137568565501153476*2^128 + 242043220281*2^192,11662100937070225408 + 14758445715740659963*2^64 + 3978800969340481033*2^128 + 134735756142*2^192,5278662497586597888 + 10862317860691416678*2^64 + 11375436180216388875*2^128 + 219600762276*2^192,10575407114361243648 + 11151676365023719616*2^64 + 10826903648769928567*2^128 + 87121346860*2^192,740785248022665728 + 7944970768267360433*2^64 + 10002109017210772020*2^128 + 252569477034*2^192,12316544318838394880 + 2485750537047942198*2^64 + 10806754378219670918*2^128 + 102735372209*2^192,15003257315689363456 + 16705114973778997402*2^64 + 17548302073209660327*2^128 + 178275753754*2^192,719545761130896384 + 4570082388717070220*2^64 + 9718087588378272020*2^128 + 154067638998*2^192,4388616809915688960 + 485365193217283245*2^64 + 487586577485622437*2^128 + 153338045912*2^192,6673762764820285440 + 103577591111301684*2^64 + 5315096367461379260*2^128 + 53416614825*2^192,3351050178679642112 + 992164469656481152*2^64 + 8414581102627662907*2^128 + 228169289285*2^192,17762127666651353088 + 1116084809193256302*2^64 + 8641168572939643989*2^128 + 187987493765*2^192;\
4812206987090270072 + 6495223395647935322*2^64 + 16539730865570492737*2^128 + 136391752808*2^192,17299543245941680352 + 14441521214848170714*2^64 + 6232406852208973566*2^128 + 274869282693*2^192,13814179122998087316 + 1048410651387622037*2^64 + 3915659648620209304*2^128 + 84279941952*2^192,324493374506115558 + 15139466271592854531*2^64 + 8683065928652148474*2^128 + 248966040342*2^192,5540326275949579744 + 5642387694585692233*2^64 + 1732511884017217339*2^128 + 148327238881*2^192,10151232912624124640 + 5218749982884454364*2^64 + 1336771457416348137*2^128 + 231520869397*2^192,17820674613439474416 + 9845539137661240026*2^64 + 4788946581739521233*2^128 + 193398556128*2^192,17493423579914398320 + 8686757538572707081*2^64 + 18035557684578517632*2^128 + 133548618393*2^192,11075579845854809216 + 3071233978416935753*2^64 + 16504485954222559238*2^128 + 214523637280*2^192,12372317508653438784 + 14585231886526336140*2^64 + 11930567881696739019*2^128 + 12662427099*2^192,11178198080904545152 + 6677546490716873530*2^64 + 8881232436908219377*2^128 + 20275661856*2^192,1450660591294207424 + 9100834711604237062*2^64 + 16178148763597160969*2^128 + 82687024156*2^192,5777526009576848784 + 16866105766773536953*2^64 + 4201827316767069494*2^128 + 89814723300*2^192,9671131692224410976 + 692729537586724674*2^64 + 303829798566081113*2^128 + 147310027642*2^192,13323036958609007744 + 12250753055054243453*2^64 + 51376323379726050*2^128 + 60357023327*2^192,10282976364400697472 + 4232179392248454326*2^64 + 7660625092048633690*2^128 + 175104817690*2^192,16029142443446678816 + 15344610756643877440*2^64 + 13159763300279167409*2^128 + 256289722204*2^192,878183023498459328 + 1095916446869658396*2^64 + 11127701815168234972*2^128 + 186525825009*2^192,12688744362982278976 + 8379700307953381454*2^64 + 7134938564852050533*2^128 + 271625447784*2^192,8118103926374590592 + 172521419859007449*2^64 + 4957572247449794904*2^128 + 121826802897*2^192;\
1202000694902682016 + 3736079225181013238*2^64 + 1888671315240435093*2^128 + 251902021704*2^192,13799643856558353152 + 14459184828900358101*2^64 + 3441532390604322579*2^128 + 179410117680*2^192,17688810587771944912 + 9256057880839902093*2^64 + 12026986066226592847*2^128 + 125927914080*2^192,11866516668066361080 + 7252865763144447637*2^64 + 15325677088400980280*2^128 + 188750277893*2^192,6665797139221819008 + 17409107870688789229*2^64 + 4777077145731264265*2^128 + 64404149780*2^192,7459582374132086144 + 1190931622284713602*2^64 + 289433857758320415*2^128 + 102893949756*2^192,12189690782624917184 + 14544393179024249574*2^64 + 12091949177458087347*2^128 + 46743863911*2^192,17958374065090063552 + 17544725754090133401*2^64 + 1190910674342501335*2^128 + 147267825127*2^192,13678839745183691264 + 3790844460521585369*2^64 + 6328716653381327143*2^128 + 75987356059*2^192,2131302426815136512 + 4405047952191890342*2^64 + 3588803351827857538*2^128 + 186980938812*2^192,12658002697871028224 + 4515156145750833926*2^64 + 15078808419513059234*2^128 + 199116949853*2^192,15343682645798561024 + 16351322004655593973*2^64 + 11983891050365602420*2^128 + 258588423158*2^192,7607675210436219200 + 17909584784208286984*2^64 + 8663426871894737279*2^128 + 205413463328*2^192,12989292486323649920 + 13613133592068884312*2^64 + 15552189252074493079*2^128 + 22642913847*2^192,9745120139847440896 + 17001607742136969598*2^64 + 18407778916534617707*2^128 + 66579835445*2^192,4274458820193327104 + 10344878591281735940*2^64 + 9772349418105673673*2^128 + 132159822051*2^192,6263966034721716352 + 12926451867244443139*2^64 + 18319714078927156178*2^128 + 92538601716*2^192,5225684565478798080 + 3233579860960760419*2^64 + 677469519282583270*2^128 + 38933493893*2^192,17712671166686354176 + 8524027442692940289*2^64 + 15087254918725533541*2^128 + 229165154792*2^192,11890101079178924032 + 10109452298118396606*2^64 + 4190939215050547794*2^128 + 256039600741*2^192]
/* 
This matrix times 2^(-8) should be the matrix of frobenius.
*/ 
B = 2^(-8) * A; 
/* Freed 6208 lists. */
The sign is: -1
The characteristic polynomial is: x^20 - x^19 + 7*x^16 - 3*x^15 + 8*x^14 - 20*x^13 + 240*x^12 - 288*x^11 + 1152*x^9 - 3840*x^8 + 1280*x^7 - 2048*x^6 + 3072*x^5 - 28672*x^4 + 262144*x - 1048576
Its Newton polygon is: [2, 2, 2, 2, 2, 1, 1, 1, 1, 1, 1, 1, 1, 1, 1, 0, 0, 0, 0, 0]
Its factorization is: [x - 2, 1; x + 2, 1; x^8 + x^6 + 8*x^4 + 16*x^2 + 256, 1; x^10 - x^9 + 3*x^8 - 3*x^7 + 12*x^6 - 8*x^5 + 48*x^4 - 48*x^3 + 192*x^2 - 256*x + 1024, 1]
The valuation of f-g is: 22
The valuation of subst(g,x,A) is: 14
