/* Comments begin... 
No set up needed.

Please input coefficients below.
Coefficient of   x^23                     = Coefficient of   x^12 * w^2               = Coefficient of   x^6 * y^6 * w^1         = Coefficient of   x^5 * y^5 * z^1 * w^1   = Coefficient of   x^4 * y^4 * z^2 * w^1   = Coefficient of   x^3 * y^3 * z^3 * w^1   = Coefficient of   x^2 * y^2 * z^4 * w^1   = Coefficient of   x^1 * y^1 * z^5 * w^1   = Coefficient of   x^1 * w^4               = Coefficient of   y^12                     = Coefficient of   z^6 * w^1               = 
Here is the polynomial we're using this time:

1 + 0*2^64 + 0*2^128 + 0*2^192*x^23 + 1 + 0*2^64 + 0*2^128 + 0*2^192*x^12*w^2 + 1 + 0*2^64 + 0*2^128 + 0*2^192*x^6*y^6*w^1 + 1 + 0*2^64 + 0*2^128 + 0*2^192*x^5*y^5*z^1*w^1 + 1 + 0*2^64 + 0*2^128 + 0*2^192*x^4*y^4*z^2*w^1 + 1 + 0*2^64 + 0*2^128 + 0*2^192*x^3*y^3*z^3*w^1 + 1 + 0*2^64 + 0*2^128 + 0*2^192*x^2*y^2*z^4*w^1 + 1 + 0*2^64 + 0*2^128 + 0*2^192*x^1*y^1*z^5*w^1 + 1 + 0*2^64 + 0*2^128 + 0*2^192*x^1*w^4 + 1 + 0*2^64 + 0*2^128 + 0*2^192*y^12 + 1 + 0*2^64 + 0*2^128 + 0*2^192*z^6*w^1


Allocate G_len 20 elements and old = 0.
Allocate M_len = 400 elements.
Allocate G_len 40 elements and old = 20.
Allocate M_len = 800 elements.
Allocate G_len 80 elements and old = 40.
Allocate M_len = 1600 elements.
Allocate M_len = 3200 elements.
Allocate G_len 160 elements and old = 80.
Allocate M_len = 6400 elements.
Allocate M_len = 12800 elements.
Allocate G_len 320 elements and old = 160.
Allocate M_len = 25600 elements.
Allocate M_len = 51200 elements.
Allocate G_len 640 elements and old = 320.
Allocate M_len = 102400 elements.
Allocate M_len = 204800 elements.
Allocate G_len 1280 elements and old = 640.
Allocate M_len = 409600 elements.
The final length of G is 661
[5, 5, 0, 1, 0]  	241	6 
[5, 4, 1, 1, 0]  	253	6 
[22, 0, 0, 0, 0]  	264	8  <--- 1
[12, 0, 0, 2, 0]  	276	4 
[16, 6, 0, 0, 0]  	330	14 
[6, 12, 0, 0, 0]  	348	8 
[6, 0, 6, 1, 0]  	348	8 
[10, 11, 0, 0, 0]  	373	16 
[10, 10, 1, 0, 0]  	385	12 
[10, 3, 2, 2, 0]  	391	11 
[21, 5, 1, 0, 0]  	402	13 
[5, 0, 6, 2, 0]  	402	6 
[10, 2, 3, 2, 0]  	403	8 
[9, 10, 2, 0, 0]  	408	15 
[8, 9, 3, 0, 0]  	408	15 
[21, 4, 2, 0, 0]  	414	16 
[10, 1, 4, 2, 0]  	415	10 
[8, 11, 2, 0, 0]  	419	14 
[6, 6, 6, 0, 0]  	420	9 
[15, 0, 7, 0, 0]  	425	10 
[21, 3, 3, 0, 0]  	426	15 
[10, 0, 5, 2, 0]  	427	11 
[21, 2, 4, 0, 0]  	438	14 
[4, 17, 0, 0, 0]  	439	12 
[4, 5, 6, 1, 0]  	439	10 
[5, 3, 7, 1, 0]  	440	7 
[20, 3, 2, 1, 0]  	445	21 
[14, 9, 2, 0, 0]  	445	20 
[21, 1, 5, 0, 0]  	450	13 
[4, 16, 1, 0, 0]  	451	8 
[4, 4, 7, 1, 0]  	451	6 
[5, 2, 8, 1, 0]  	452	8 
[7, 10, 4, 0, 0]  	454	14 
[20, 2, 3, 1, 0]  	457	20 
[14, 8, 3, 0, 0]  	457	19 
[4, 0, 8, 2, 0]  	460	7 
[21, 0, 6, 0, 0]  	462	11 
[5, 1, 9, 1, 0]  	464	9 
[6, 11, 4, 0, 0]  	465	12 
[5, 7, 7, 0, 0]  	466	11 
[20, 1, 4, 1, 0]  	469	18 
[14, 7, 4, 0, 0]  	469	18 
[3, 4, 8, 1, 0]  	474	6 
[5, 15, 2, 0, 0]  	475	9 
[5, 0, 10, 1, 0]  	476	10 
[6, 10, 5, 0, 0]  	477	12 
[4, 8, 7, 0, 0]  	477	11 
[5, 6, 8, 0, 0]  	478	13 
[4, 5, 9, 0, 0]  	478	13 
[10, 5, 7, 0, 0]  	480	11 
[20, 0, 5, 1, 0]  	481	12 
[14, 6, 5, 0, 0]  	481	17 
[5, 14, 3, 0, 0]  	487	10 
[4, 7, 8, 0, 0]  	489	11 
[4, 2, 0, 6, 0]  	490	7 
[5, 13, 4, 0, 0]  	499	9 
[9, 5, 8, 0, 0]  	503	14 
[4, 0, 0, 7, 0]  	510	8 
[5, 12, 5, 0, 0]  	511	10 
[4, 11, 6, 0, 0]  	511	10 
[9, 4, 9, 0, 0]  	515	14 
[3, 1, 0, 7, 0]  	521	7 
[3, 6, 10, 0, 0]  	524	11 
[4, 4, 11, 0, 0]  	525	12 
[4, 5, 1, 5, 0]  	528	9 
[4, 11, 1, 3, 0]  	534	9 
[4, 0, 12, 1, 0]  	534	9 
[3, 11, 7, 0, 0]  	534	9 
[3, 8, 9, 0, 0]  	535	10 
[3, 5, 11, 0, 0]  	536	11 
[4, 14, 1, 2, 0]  	537	11 
[4, 2, 7, 3, 0]  	537	10 
[3, 4, 12, 0, 0]  	548	11 
[3, 18, 1, 1, 0]  	551	8 
[3, 6, 7, 2, 0]  	551	8 
[2, 0, 0, 8, 0]  	552	4 
[4, 0, 7, 4, 0]  	557	8 
[3, 0, 13, 1, 0]  	557	8 
[4, 6, 5, 3, 0]  	559	12 
[3, 17, 2, 1, 0]  	563	8 
[2, 10, 9, 0, 0]  	569	9 
[3, 6, 0, 6, 0]  	570	5 
[2, 18, 0, 2, 0]  	570	5 
[2, 6, 6, 3, 0]  	570	5 
[3, 4, 7, 3, 0]  	571	9 
[3, 3, 2, 6, 0]  	571	9 
[2, 4, 13, 0, 0]  	571	9 
[3, 0, 6, 5, 0]  	576	5 
[3, 5, 1, 6, 0]  	582	10 
[3, 2, 3, 6, 0]  	583	9 
[8, 0, 14, 0, 0]  	586	12 
[14, 3, 10, 0, 0]  	587	16 
[2, 16, 2, 2, 0]  	594	8 
[2, 4, 8, 3, 0]  	594	7 
[1, 4, 14, 0, 0]  	594	7 
[3, 3, 14, 0, 0]  	595	10 
[2, 2, 15, 0, 0]  	595	9 
[14, 2, 11, 0, 0]  	599	17 
[3, 23, 1, 0, 0]  	600	9 
[3, 0, 3, 7, 0]  	603	8 
[2, 8, 0, 6, 0]  	604	5 
[1, 20, 0, 2, 0]  	604	5 
[1, 8, 6, 3, 0]  	604	5 
[2, 7, 12, 0, 0]  	605	7 
[1, 6, 13, 0, 0]  	605	5 
[2, 2, 4, 6, 0]  	606	8 
[4, 11, 5, 2, 0]  	608	10 
[2, 2, 6, 5, 0]  	610	7 
[14, 1, 12, 0, 0]  	611	17 
[3, 22, 2, 0, 0]  	612	9 
[2, 0, 15, 1, 0]  	615	6 
[2, 7, 1, 6, 0]  	616	5 
[2, 4, 3, 6, 0]  	617	6 
[4, 13, 4, 2, 0]  	619	10 
[14, 0, 13, 0, 0]  	623	7 
[2, 6, 0, 7, 0]  	624	6 
[3, 18, 5, 0, 0]  	625	8 
[2, 5, 12, 1, 0]  	625	8 
[2, 3, 2, 7, 0]  	625	7 
[2, 6, 2, 6, 0]  	628	5 
[1, 18, 2, 2, 0]  	628	5 
[1, 6, 8, 3, 0]  	628	5 
[1, 1, 0, 9, 0]  	629	5 
[2, 12, 0, 5, 0]  	630	8 
[2, 0, 6, 6, 0]  	630	7 
[3, 23, 0, 1, 0]  	631	8 
[3, 11, 6, 2, 0]  	631	7 
[1, 18, 6, 0, 0]  	636	5 
[1, 6, 12, 1, 0]  	636	5 
[3, 17, 6, 0, 0]  	637	7 
[2, 16, 7, 0, 0]  	637	7 
[2, 2, 3, 7, 0]  	637	6 
[1, 10, 0, 6, 0]  	638	5 
[1, 9, 12, 0, 0]  	639	3 
[1, 7, 2, 6, 0]  	639	3 
[0, 8, 13, 0, 0]  	639	3 
[1, 5, 9, 3, 0]  	640	5 
[1, 4, 4, 6, 0]  	640	4 
[0, 5, 15, 0, 0]  	640	4 
[1, 13, 0, 5, 0]  	641	6 
[1, 1, 6, 6, 0]  	641	5 
[2, 24, 0, 1, 0]  	642	6 
[2, 12, 6, 2, 0]  	642	6 
[2, 0, 12, 3, 0]  	642	6 
[3, 9, 2, 5, 0]  	643	7 
[2, 21, 2, 1, 0]  	643	7 
[2, 9, 8, 2, 0]  	643	7 
[2, 1, 4, 7, 0]  	649	6 
[1, 6, 3, 6, 0]  	651	2 
[0, 18, 3, 2, 0]  	651	2 
[0, 7, 14, 0, 0]  	651	2 
[0, 6, 9, 3, 0]  	651	2 
[1, 16, 4, 2, 0]  	652	5 
[1, 4, 10, 3, 0]  	652	5 
[0, 14, 0, 5, 0]  	652	4 
[1, 25, 0, 1, 0]  	653	5 
[1, 13, 6, 2, 0]  	653	5 
[1, 12, 1, 5, 0]  	653	6 
[1, 1, 12, 3, 0]  	653	5 
[2, 11, 7, 2, 0]  	654	7 
[2, 10, 2, 5, 0]  	654	7 
[8, 1, 4, 6, 0]  	655	8 
[3, 8, 3, 5, 0]  	655	7 
[2, 20, 3, 1, 0]  	655	7 
[2, 8, 9, 2, 0]  	655	5 
[1, 16, 8, 0, 0]  	660	4 
[1, 2, 4, 7, 0]  	660	4 
[0, 15, 9, 0, 0]  	660	4 
[0, 3, 15, 1, 0]  	660	4 
[2, 0, 5, 7, 0]  	661	6 
[0, 17, 4, 2, 0]  	663	1 
[0, 5, 10, 3, 0]  	663	1 
[0, 4, 5, 6, 0]  	663	1 
[0, 3, 0, 9, 0]  	663	1 
[0, 26, 0, 1, 0]  	664	3 
[0, 14, 6, 2, 0]  	664	3 
[0, 13, 1, 5, 0]  	664	4 
[0, 2, 12, 3, 0]  	664	3 
[1, 24, 1, 1, 0]  	665	6 
[1, 12, 7, 2, 0]  	665	6 
[1, 11, 2, 5, 0]  	665	6 
[8, 0, 5, 6, 0]  	667	9 
[3, 7, 4, 5, 0]  	667	8 
[2, 19, 4, 1, 0]  	667	7 
[2, 7, 10, 2, 0]  	667	5 
[1, 5, 6, 5, 0]  	667	7 
[2, 0, 9, 5, 0]  	669	8 
[1, 4, 3, 7, 0]  	671	4 
[1, 1, 5, 7, 0]  	672	4 
[0, 16, 5, 2, 0]  	675	1 
[0, 4, 11, 3, 0]  	675	1 
[0, 3, 6, 6, 0]  	675	1 
[0, 2, 1, 9, 0]  	675	1 
[0, 25, 1, 1, 0]  	676	5 
[0, 13, 7, 2, 0]  	676	4 
[1, 23, 2, 1, 0]  	677	5 
[1, 11, 8, 2, 0]  	677	4 
[1, 10, 3, 5, 0]  	677	4 
[1, 6, 0, 8, 0]  	678	4 
[3, 6, 5, 5, 0]  	679	8 
[2, 18, 5, 1, 0]  	679	7 
[2, 6, 11, 2, 0]  	679	5 
[1, 4, 7, 5, 0]  	679	7 
[1, 6, 2, 7, 0]  	682	4 
[1, 4, 9, 4, 0]  	683	4 
[1, 0, 6, 7, 0]  	684	4 
[0, 4, 17, 0, 0]  	687	1 
[0, 2, 7, 6, 0]  	687	1 
[0, 1, 2, 9, 0]  	687	1 
[1, 2, 18, 0, 0]  	688	3 
[1, 0, 8, 6, 0]  	688	3 
[0, 11, 3, 5, 0]  	688	3 
[1, 22, 3, 1, 0]  	689	4 
[1, 10, 9, 2, 0]  	689	4 
[1, 18, 0, 4, 0]  	690	6 
[2, 29, 0, 0, 0]  	691	7 
[2, 17, 6, 1, 0]  	691	7 
[1, 3, 8, 5, 0]  	691	7 
[0, 18, 8, 0, 0]  	694	3 
[0, 6, 14, 1, 0]  	694	3 
[0, 13, 0, 6, 0]  	695	4 
[0, 3, 18, 0, 0]  	699	1 
[0, 1, 8, 6, 0]  	699	1 
[0, 0, 3, 9, 0]  	699	1 
[1, 0, 14, 3, 0]  	700	3 
[6, 0, 18, 0, 0]  	702	6 
[1, 30, 0, 0, 0]  	702	4 
[1, 4, 2, 8, 0]  	702	4 
[2, 28, 1, 0, 0]  	703	9 
[1, 2, 9, 5, 0]  	703	7 
[0, 20, 7, 0, 0]  	705	3 
[0, 16, 4, 3, 0]  	706	3 
[0, 4, 10, 4, 0]  	706	3 
[0, 25, 0, 2, 0]  	707	5 
[0, 13, 6, 3, 0]  	707	4 
[1, 0, 18, 1, 0]  	708	3 
[0, 2, 19, 0, 0]  	711	1 
[0, 1, 14, 3, 0]  	711	1 
[0, 0, 9, 6, 0]  	711	1 
[1, 0, 20, 0, 0]  	712	3 
[0, 22, 4, 1, 0]  	712	3 
[0, 10, 10, 2, 0]  	712	3 
[0, 31, 0, 0, 0]  	713	3  <--- 2
[0, 19, 6, 1, 0]  	713	3 
[0, 7, 12, 2, 0]  	713	3 
[1, 5, 13, 2, 0]  	714	5 
[1, 3, 3, 8, 0]  	714	4 
[1, 1, 10, 5, 0]  	715	7 
[0, 2, 6, 7, 0]  	718	2 
[0, 13, 12, 0, 0]  	719	4 
[0, 24, 3, 1, 0]  	723	1 
[0, 12, 9, 2, 0]  	723	1 
[0, 1, 20, 0, 0]  	723	1 
[0, 0, 15, 3, 0]  	723	1 
[0, 20, 0, 4, 0]  	724	2 
[0, 8, 6, 5, 0]  	724	2 
[0, 30, 1, 0, 0]  	725	3 
[0, 18, 7, 1, 0]  	725	3 
[0, 6, 13, 2, 0]  	725	3 
[1, 28, 2, 0, 0]  	726	4 
[0, 1, 7, 7, 0]  	730	2 
[1, 0, 13, 4, 0]  	731	4 
[0, 10, 5, 5, 0]  	735	1 
[0, 9, 0, 8, 0]  	735	1 
[0, 0, 21, 0, 0]  	735	1  <--- 3
[0, 29, 2, 0, 0]  	737	3 
[0, 17, 8, 1, 0]  	737	3 
[0, 5, 14, 2, 0]  	737	3 
[0, 2, 18, 1, 0]  	742	2 
[0, 1, 13, 4, 0]  	742	2 
[0, 8, 1, 8, 0]  	747	1 
[0, 18, 2, 4, 0]  	748	2 
[0, 6, 8, 5, 0]  	748	2 
[0, 28, 3, 0, 0]  	749	4 
[0, 1, 19, 1, 0]  	754	2 
[0, 7, 2, 8, 0]  	759	1 
[1, 0, 12, 5, 0]  	762	6 
[0, 6, 3, 8, 0]  	771	1 
[0, 5, 4, 8, 0]  	783	1 
[0, 25, 6, 0, 0]  	785	4 
[0, 0, 0, 12, 0]  	792	1  <--- 4
[12, 0, 0, 1, 1]  	210	9 
[0, 12, 0, 0, 1]  	276	2 
[10, 3, 2, 1, 1]  	325	12 
[10, 2, 3, 1, 1]  	337	13 
[10, 1, 4, 1, 1]  	349	14 
[10, 0, 5, 1, 1]  	361	15 
[11, 0, 0, 4, 1]  	396	13 
[4, 10, 2, 1, 1]  	414	7 
[3, 6, 0, 4, 1]  	438	5 
[7, 11, 3, 0, 1]  	442	13 
[4, 3, 8, 1, 1]  	463	6 
[4, 4, 2, 4, 1]  	474	11 
[3, 3, 9, 1, 1]  	486	7 
[2, 0, 0, 7, 1]  	486	3 
[5, 11, 5, 0, 1]  	488	11 
[6, 1, 0, 6, 1]  	491	9 
[3, 4, 3, 4, 1]  	497	10 
[9, 3, 2, 4, 1]  	511	14 
[4, 0, 6, 4, 1]  	522	9 
[9, 2, 3, 4, 1]  	523	14 
[3, 5, 7, 2, 1]  	528	11 
[3, 1, 6, 4, 1]  	533	5 
[9, 1, 4, 4, 1]  	535	13 
[2, 5, 4, 4, 1]  	543	6 
[2, 2, 6, 4, 1]  	544	6 
[9, 0, 5, 4, 1]  	547	13 
[3, 5, 2, 5, 1]  	551	10 
[2, 4, 5, 4, 1]  	555	6 
[4, 1, 14, 0, 1]  	561	9 
[2, 4, 9, 2, 1]  	563	6 
[3, 2, 14, 0, 1]  	572	11 
[7, 0, 14, 0, 1]  	574	9 
[3, 0, 8, 4, 1]  	580	8 
[2, 9, 10, 0, 1]  	581	9 
[2, 3, 14, 0, 1]  	583	9 
[2, 4, 4, 5, 1]  	586	8 
[2, 3, 3, 6, 1]  	594	7 
[3, 2, 9, 3, 1]  	595	10 
[3, 1, 4, 6, 1]  	595	9 
[6, 0, 15, 0, 1]  	597	11 
[2, 9, 3, 4, 1]  	600	8 
[2, 0, 9, 4, 1]  	603	7 
[2, 3, 9, 3, 1]  	606	7 
[3, 1, 10, 3, 1]  	607	9 
[3, 0, 5, 6, 1]  	607	8 
[2, 11, 0, 5, 1]  	607	9 
[3, 1, 16, 0, 1]  	619	8 
[3, 0, 11, 3, 1]  	619	9 
[2, 11, 6, 2, 1]  	619	8 
[2, 8, 10, 1, 1]  	624	8 
[1, 3, 10, 3, 1]  	629	6 
[3, 0, 17, 0, 1]  	631	8 
[1, 8, 5, 4, 1]  	635	6 
[1, 2, 9, 4, 1]  	637	6 
[2, 8, 3, 5, 1]  	643	7 
[1, 4, 8, 4, 1]  	648	6 
[1, 1, 10, 4, 1]  	649	6 
[1, 6, 5, 5, 1]  	655	6 
[1, 8, 4, 5, 1]  	666	5 
[1, 3, 17, 0, 1]  	676	5 
[1, 8, 10, 2, 1]  	678	5 
[2, 0, 19, 0, 1]  	689	4 
[1, 0, 12, 4, 1]  	696	4 
[0, 5, 9, 5, 1]  	760	2 
[4, 9, 3, 1, 2]  	426	7 
[7, 9, 4, 0, 2]  	431	14 
[12, 8, 4, 0, 2]  	468	13 
[4, 2, 9, 1, 2]  	475	7 
[3, 6, 7, 1, 2]  	485	10 
[10, 4, 8, 0, 2]  	492	9 
[3, 2, 10, 1, 2]  	498	7 
[4, 11, 0, 3, 2]  	499	9 
[5, 10, 6, 0, 2]  	500	11 
[14, 4, 7, 0, 2]  	505	10 
[2, 3, 10, 1, 2]  	509	7 
[5, 1, 1, 6, 2]  	514	10 
[3, 0, 10, 2, 2]  	518	7 
[4, 9, 2, 3, 2]  	523	10 
[9, 3, 10, 0, 2]  	527	13 
[4, 8, 3, 3, 2]  	535	10 
[3, 9, 3, 3, 2]  	546	8 
[4, 7, 4, 3, 2]  	547	11 
[2, 4, 1, 6, 2]  	547	3 
[10, 0, 1, 6, 2]  	551	11 
[3, 11, 2, 3, 2]  	557	8 
[3, 8, 4, 3, 2]  	558	10 
[3, 3, 13, 0, 2]  	560	11 
[6, 0, 14, 0, 2]  	562	10 
[7, 3, 12, 0, 2]  	573	13 
[2, 11, 3, 3, 2]  	580	7 
[2, 7, 0, 6, 2]  	581	6 
[2, 6, 12, 0, 2]  	582	8 
[3, 3, 8, 3, 2]  	583	9 
[2, 6, 3, 5, 2]  	597	7 
[2, 9, 5, 3, 2]  	604	6 
[1, 3, 15, 0, 2]  	606	8 
[1, 10, 5, 3, 2]  	615	5 
[2, 1, 5, 6, 2]  	618	8 
[5, 0, 16, 0, 2]  	620	8 
[1, 7, 6, 4, 2]  	647	5 
[1, 2, 15, 1, 2]  	649	5 
[2, 0, 18, 0, 2]  	654	6 
[1, 7, 10, 2, 2]  	655	5 
[1, 6, 7, 4, 2]  	659	5 
[1, 6, 11, 2, 2]  	667	5 
[1, 7, 1, 7, 2]  	670	5 
[1, 5, 12, 2, 2]  	679	5 
[1, 4, 13, 2, 2]  	691	5 
[1, 1, 19, 0, 2]  	700	5 
[0, 11, 9, 2, 2]  	700	3 
[9, 11, 1, 0, 3]  	396	15 
[7, 8, 5, 0, 3]  	443	12 
[3, 9, 4, 1, 3]  	449	7 
[6, 9, 5, 0, 3]  	454	13 
[4, 5, 1, 4, 3]  	462	11 
[13, 4, 7, 0, 3]  	493	11 
[4, 5, 4, 3, 3]  	501	12 
[4, 7, 3, 3, 3]  	512	11 
[4, 4, 5, 3, 3]  	513	12 
[10, 0, 0, 6, 3]  	516	11 
[8, 4, 10, 0, 3]  	538	14 
[2, 6, 9, 1, 3]  	543	7 
[3, 5, 6, 3, 3]  	559	11 
[9, 0, 2, 6, 3]  	574	9 
[5, 0, 15, 0, 3]  	585	10 
[2, 10, 4, 3, 3]  	592	7 
[1, 7, 7, 3, 3]  	616	4 
[1, 4, 9, 3, 3]  	617	6 
[1, 8, 1, 6, 3]  	627	4 
[1, 5, 13, 1, 3]  	648	5 
[1, 3, 5, 6, 3]  	652	4 
[1, 0, 0, 10, 3]  	672	5 
[1, 0, 2, 9, 3]  	676	5 
[0, 2, 18, 0, 3]  	676	3 
[0, 7, 7, 5, 3]  	736	2 
[2, 5, 9, 1, 4]  	520	8 
[5, 0, 2, 6, 4]  	526	9 
[9, 0, 1, 6, 4]  	539	10 
[3, 10, 8, 0, 4]  	546	8 
[2, 8, 10, 0, 4]  	558	8 
[4, 1, 3, 6, 4]  	572	11 
[1, 10, 10, 0, 4]  	592	6 
[1, 9, 11, 0, 4]  	604	5 
[1, 8, 10, 1, 4]  	612	5 
[1, 8, 12, 0, 4]  	616	5 
[2, 2, 10, 3, 4]  	618	8 
[1, 4, 13, 1, 4]  	625	7 
[2, 10, 7, 2, 4]  	631	7 
[0, 4, 10, 3, 4]  	640	3 
[2, 1, 17, 0, 4]  	642	6 
[0, 4, 16, 0, 4]  	652	3 
[0, 3, 11, 3, 4]  	652	3 
[1, 2, 17, 0, 4]  	653	5 
[0, 3, 10, 4, 4]  	683	3 
[4, 1, 10, 1, 5]  	487	8 
[3, 1, 11, 1, 5]  	510	8 
[4, 0, 3, 6, 5]  	549	10 
[9, 3, 5, 3, 5]  	550	13 
[2, 2, 11, 2, 5]  	587	8 
[4, 0, 16, 0, 5]  	608	10 
[2, 2, 14, 1, 5]  	626	7 
[2, 1, 11, 3, 5]  	630	9 
[1, 3, 14, 1, 5]  	637	5 
[1, 2, 11, 3, 5]  	641	7 
[2, 0, 14, 2, 5]  	646	7 
[1, 1, 18, 0, 5]  	665	5 
[1, 9, 9, 2, 5]  	666	4 
[0, 9, 10, 2, 5]  	689	3 
[1, 5, 1, 8, 5]  	690	5 
[1, 1, 17, 1, 5]  	696	5 
[0, 8, 11, 2, 5]  	701	3 
[0, 3, 5, 7, 5]  	706	2 
[0, 11, 2, 6, 5]  	719	3 
[1, 0, 17, 2, 5]  	739	5 
[2, 2, 11, 1, 6]  	521	7 
[2, 7, 8, 1, 6]  	531	7 
[2, 9, 4, 3, 6]  	569	7 
[2, 8, 5, 3, 6]  	581	7 
[1, 3, 11, 2, 6]  	598	8 
[2, 1, 14, 1, 6]  	603	6 
[1, 3, 4, 6, 6]  	617	5 
[1, 7, 11, 1, 6]  	624	6 
[1, 5, 3, 6, 6]  	628	4 
[1, 2, 5, 6, 6]  	629	6 
[0, 3, 17, 0, 6]  	664	3 
[1, 0, 17, 1, 6]  	673	4 
[0, 2, 17, 1, 6]  	707	3 
[0, 11, 8, 3, 6]  	731	3 
[1, 5, 10, 2, 7]  	609	7 
[1, 8, 9, 2, 7]  	643	6 
[0, 2, 11, 4, 7]  	695	3 
[1, 1, 16, 2, 7]  	727	6 
[0, 10, 4, 6, 7]  	766	2 
[1, 1, 16, 1, 8]  	661	5 
[2, 6, 8, 2, 10]  	574	8 
[0, 9, 5, 5, 10]  	712	2 
[2, 5, 3, 5, 242]  	574	6 
[1, 5, 5, 5, 244]  	632	5 
[0, 6, 12, 2, 244]  	690	3 
[1, 4, 5, 5, 245]  	609	5 
[0, 8, 0, 8, 245]  	712	1 
[1, 3, 6, 5, 246]  	621	5 
[1, 0, 11, 4, 246]  	661	4 
[0, 1, 18, 1, 246]  	719	2 
[1, 5, 4, 5, 247]  	597	4 
[2, 9, 7, 2, 247]  	608	6 
[0, 9, 12, 0, 247]  	627	3 
[1, 2, 7, 5, 247]  	633	4 
[0, 8, 12, 1, 247]  	670	3 
[0, 1, 12, 4, 247]  	707	2 
[2, 1, 7, 4, 248]  	556	5 
[3, 8, 6, 2, 248]  	562	7 
[2, 8, 7, 2, 248]  	585	6 
[1, 7, 9, 2, 248]  	620	5 
[1, 0, 10, 4, 248]  	626	4 
[1, 1, 4, 7, 248]  	637	3 
[0, 6, 0, 8, 248]  	666	1 
[0, 1, 6, 7, 248]  	695	2 
[2, 6, 3, 4, 249]  	531	5 
[3, 0, 7, 4, 249]  	545	6 
[1, 6, 9, 2, 249]  	597	5 
[1, 2, 6, 5, 249]  	598	4 
[1, 8, 4, 4, 249]  	600	4 
[1, 11, 4, 3, 249]  	603	4 
[0, 7, 13, 0, 249]  	616	2 
[0, 6, 12, 1, 249]  	624	2 
[0, 1, 12, 3, 249]  	641	1 
[0, 2, 6, 6, 249]  	652	1 
[0, 0, 18, 1, 249]  	696	1 
[2, 1, 6, 4, 250]  	521	5 
[2, 6, 0, 6, 250]  	558	6 
[2, 7, 2, 5, 250]  	585	5 
[1, 8, 0, 6, 250]  	592	2 
[0, 6, 13, 0, 250]  	593	1 
[1, 7, 1, 6, 250]  	604	4 
[1, 6, 0, 7, 250]  	612	3 
[1, 6, 6, 4, 250]  	624	4 
[1, 3, 8, 4, 250]  	625	5 
[0, 1, 6, 6, 250]  	629	1 
[0, 2, 0, 9, 250]  	640	1 
[1, 3, 3, 7, 250]  	648	4 
[0, 0, 6, 7, 250]  	672	1 
[3, 0, 6, 4, 251]  	510	6 
[2, 4, 4, 4, 251]  	520	5 
[4, 8, 5, 2, 251]  	539	8 
[1, 6, 0, 6, 251]  	546	3 
[2, 5, 8, 2, 251]  	551	7 
[1, 1, 0, 8, 251]  	563	2 
[2, 0, 8, 4, 251]  	568	4 
[1, 1, 6, 5, 251]  	575	2 
[1, 1, 8, 4, 251]  	579	4 
[3, 1, 15, 0, 251]  	584	8 
[0, 1, 0, 9, 251]  	617	1 
[1, 0, 12, 3, 251]  	630	2 
[1, 0, 5, 7, 251]  	649	3 
[0, 11, 2, 5, 251]  	653	3 
[0, 6, 6, 5, 251]  	678	1 
[0, 11, 1, 6, 251]  	684	2 
[0, 0, 20, 0, 251]  	700	1 
[0, 4, 14, 2, 251]  	714	3 
[8, 10, 2, 0, 252]  	396	12 
[5, 6, 7, 0, 252]  	443	9 
[4, 7, 7, 0, 252]  	454	9 
[5, 5, 8, 0, 252]  	455	8 
[3, 5, 2, 4, 252]  	485	7 
[3, 11, 0, 3, 252]  	487	6 
[3, 5, 10, 0, 252]  	501	12 
[4, 7, 5, 2, 252]  	516	9 
[2, 7, 2, 4, 252]  	519	4 
[1, 5, 4, 4, 252]  	531	3 
[1, 2, 6, 4, 252]  	532	3 
[4, 0, 14, 0, 252]  	538	5 
[1, 4, 5, 4, 252]  	543	3 
[3, 1, 14, 0, 252]  	549	8 
[2, 5, 12, 0, 252]  	559	9 
[1, 8, 11, 0, 252]  	581	5 
[1, 7, 6, 3, 252]  	581	2 
[1, 4, 10, 2, 252]  	586	5 
[1, 0, 9, 4, 252]  	591	2 
[3, 0, 16, 0, 252]  	596	7 
[1, 0, 6, 6, 252]  	618	2 
[0, 0, 12, 3, 252]  	618	1 
[1, 11, 1, 5, 252]  	630	6 
[1, 11, 7, 2, 252]  	642	4 
[1, 0, 3, 8, 252]  	645	2 
[0, 11, 0, 6, 252]  	649	1 
[1, 10, 8, 2, 252]  	654	4 
[0, 11, 7, 3, 252]  	696	3 
[4, 6, 7, 0, 253]  	431	6 
[3, 5, 7, 1, 253]  	462	9 
[0, 0, 12, 1, 253]  	486	1 
[1, 6, 6, 2, 253]  	492	1 
[4, 6, 5, 2, 253]  	493	9 
[1, 1, 0, 7, 253]  	497	3 
[2, 0, 6, 4, 253]  	498	4 
[0, 7, 6, 2, 253]  	503	2 
[2, 5, 3, 4, 253]  	508	5 
[1, 1, 6, 4, 253]  	509	2 
[3, 7, 9, 0, 253]  	512	9 
[3, 4, 11, 0, 253]  	513	10 
[4, 1, 7, 3, 253]  	514	6 
[2, 4, 8, 2, 253]  	528	3 
[3, 3, 1, 6, 253]  	536	10 
[2, 3, 9, 2, 253]  	540	5 
[3, 2, 2, 6, 253]  	548	9 
[8, 3, 11, 0, 253]  	550	10 
[3, 0, 15, 0, 253]  	561	5 
[3, 1, 9, 3, 253]  	572	8 
[1, 5, 9, 2, 253]  	574	4 
[2, 1, 4, 6, 253]  	583	6 
[2, 10, 0, 5, 253]  	584	4 
[0, 6, 9, 2, 253]  	585	2 
[0, 5, 10, 2, 253]  	597	1 
[0, 0, 6, 6, 253]  	606	1 
[0, 4, 11, 2, 253]  	609	1 
[0, 6, 6, 4, 253]  	612	2 
[1, 0, 4, 7, 253]  	614	2 
[0, 4, 15, 0, 253]  	617	2 
[0, 3, 10, 3, 253]  	617	2 
[1, 2, 16, 0, 253]  	618	3 
[1, 0, 1, 9, 253]  	641	2 
[1, 10, 2, 5, 253]  	642	2 
[0, 6, 6, 1, 254]  	414	1 
[6, 10, 4, 0, 254]  	442	7 
[2, 7, 0, 4, 254]  	449	4 
[2, 4, 8, 1, 254]  	462	2 
[0, 11, 6, 0, 254]  	463	1 
[1, 0, 0, 7, 254]  	474	2 
[1, 0, 6, 4, 254]  	486	2 
[4, 0, 7, 3, 254]  	491	4 
[4, 4, 1, 5, 254]  	505	4 
[1, 5, 9, 1, 254]  	508	3 
[0, 4, 10, 1, 254]  	508	1 
[2, 8, 9, 0, 254]  	523	5 
[3, 4, 0, 6, 254]  	524	7 
[3, 11, 3, 2, 254]  	526	7 
[3, 4, 2, 5, 254]  	528	4 
[2, 7, 10, 0, 254]  	535	6 
[7, 3, 11, 0, 254]  	538	9 
[0, 4, 13, 0, 254]  	547	1 
[3, 0, 9, 3, 254]  	549	6 
[2, 6, 2, 5, 254]  	562	3 
[1, 7, 12, 0, 254]  	593	5 
[0, 0, 0, 9, 254]  	594	1 
[0, 10, 11, 0, 254]  	615	1 
[0, 10, 2, 6, 254]  	696	2 
[0, 4, 4, 8, 254]  	760	1 
[6, 6, 0, 0, 255]  	210	7 
[0, 0, 6, 1, 255]  	276	1 
[4, 5, 1, 3, 255]  	396	5 
[4, 5, 7, 0, 255]  	408	2 
[2, 6, 0, 4, 255]  	426	2 
[4, 4, 9, 0, 255]  	455	7 
[3, 4, 2, 4, 255]  	462	5 
[8, 4, 8, 0, 255]  	468	7 
[6, 0, 0, 6, 255]  	468	6 
[4, 11, 1, 2, 255]  	468	4 
[2, 11, 0, 3, 255]  	475	3 
[3, 4, 10, 0, 255]  	478	7 
[1, 6, 0, 5, 255]  	480	1 
[2, 7, 9, 0, 255]  	500	3 
[7, 3, 10, 0, 255]  	503	11 
[3, 9, 8, 0, 255]  	523	9 
[3, 5, 5, 3, 255]  	524	11 
[3, 0, 14, 0, 255]  	526	2 
[0, 0, 0, 8, 255]  	528	1 
[3, 7, 4, 3, 255]  	535	9 
[2, 4, 3, 5, 255]  	551	2 
[1, 7, 11, 0, 255]  	558	3 
[2, 2, 14, 0, 255]  	560	3 
[1, 9, 10, 0, 255]  	569	4 
[2, 2, 3, 6, 255]  	571	3 
[3, 0, 4, 6, 255]  	572	3 
[1, 4, 4, 5, 255]  	574	1 
[0, 11, 0, 5, 255]  	583	1 
[0, 9, 11, 0, 255]  	592	1 
[1, 5, 2, 6, 255]  	593	3 
[0, 4, 5, 5, 255]  	597	1 
[0, 3, 16, 0, 255]  	629	2 
[0, 0, 5, 7, 255]  	637	1 
------
The gap is between 11 and 241.
Lengths: 5 5 10 15 5 15.
For 692 = 3*d-d1-d2-d3-d4 you get 5 in char 0.
1 + 0*2^64 + 0*2^128 + 0*2^192*x^1*y^1*z^15*w^2
1 + 0*2^64 + 0*2^128 + 0*2^192*x^1*z^10*w^5
1 + 0*2^64 + 0*2^128 + 0*2^192*y^11*z^5*w^4
1 + 0*2^64 + 0*2^128 + 0*2^192*y^10*w^7
1 + 0*2^64 + 0*2^128 + 0*2^192*z^16*w^2

For 416 = 2*d-d1-d2-d3-d4 you get 10 in char 0.
1 + 0*2^64 + 0*2^128 + 0*2^192*x^5*y^4*w^4
1 + 0*2^64 + 0*2^128 + 0*2^192*x^4*y^4*z^6*w^1
1 + 0*2^64 + 0*2^128 + 0*2^192*x^4*y^3*z^1*w^4
1 + 0*2^64 + 0*2^128 + 0*2^192*x^3*y^3*z^7*w^1
1 + 0*2^64 + 0*2^128 + 0*2^192*x^3*y^2*z^2*w^4
1 + 0*2^64 + 0*2^128 + 0*2^192*x^2*y^2*z^8*w^1
1 + 0*2^64 + 0*2^128 + 0*2^192*x^2*y^1*z^3*w^4
1 + 0*2^64 + 0*2^128 + 0*2^192*x^1*y^1*z^9*w^1
1 + 0*2^64 + 0*2^128 + 0*2^192*x^1*z^4*w^4
1 + 0*2^64 + 0*2^128 + 0*2^192*z^10*w^1

For 140 = d-d1-d2-d3-d4 you get 5 in char 0.
1 + 0*2^64 + 0*2^128 + 0*2^192*x^4*y^4
1 + 0*2^64 + 0*2^128 + 0*2^192*x^3*y^3*z^1
1 + 0*2^64 + 0*2^128 + 0*2^192*x^2*y^2*z^2
1 + 0*2^64 + 0*2^128 + 0*2^192*x^1*y^1*z^3
1 + 0*2^64 + 0*2^128 + 0*2^192*z^4

Extra powers of p used 11.
The invariant extra is equal to 33.
Start computing 2^4 Delta^1 (x1x2x3x4)^1... Done.
Start computing 2^5 Delta^2 (x1x2x3x4)^1... Done.
Start computing 2^6 Delta^3 (x1x2x3x4)^1... Done.
Start computing 2^7 Delta^4 (x1x2x3x4)^1... Done.
Start computing 2^8 Delta^5 (x1x2x3x4)^1... Done.
Start computing 2^9 Delta^6 (x1x2x3x4)^1... Done.
Start computing 2^10 Delta^7 (x1x2x3x4)^1... Done.
Start computing 2^11 Delta^8 (x1x2x3x4)^1... Done.
Start computing 2^12 Delta^9 (x1x2x3x4)^1... Done.
Start computing 2^13 Delta^10 (x1x2x3x4)^1... Done.
Start computing 2^14 Delta^11 (x1x2x3x4)^1... Done.
Start computing 2^15 Delta^12 (x1x2x3x4)^1... Done.
Start computing 2^16 Delta^13 (x1x2x3x4)^1... Done.
Start computing 2^17 Delta^14 (x1x2x3x4)^1... Done.
Start computing 2^18 Delta^15 (x1x2x3x4)^1... Done.
Start computing 2^19 Delta^16 (x1x2x3x4)^1... Done.
Start computing 2^20 Delta^17 (x1x2x3x4)^1... Done.
Start computing 2^21 Delta^18 (x1x2x3x4)^1... Done.
Start computing 2^22 Delta^19 (x1x2x3x4)^1... Done.
Start computing 2^23 Delta^20 (x1x2x3x4)^1... Done.
Start computing 2^24 Delta^21 (x1x2x3x4)^1... Done.
Start computing 2^25 Delta^22 (x1x2x3x4)^1... Done.
Start computing 2^26 Delta^23 (x1x2x3x4)^1... Done.
Start computing 2^27 Delta^24 (x1x2x3x4)^1... Done.
Start computing 2^28 Delta^25 (x1x2x3x4)^1... Done.
Start computing 2^29 Delta^26 (x1x2x3x4)^1... Done.
Start computing 2^30 Delta^27 (x1x2x3x4)^1... Done.
Start computing 2^31 Delta^28 (x1x2x3x4)^1... Done.
Start computing 2^32 Delta^29 (x1x2x3x4)^1... Done.
Start computing 2^33 Delta^30 (x1x2x3x4)^1... Done.
Start computing 2^34 Delta^31 (x1x2x3x4)^1... Done.
Start computing 2^35 Delta^32 (x1x2x3x4)^1... Done.
Start computing 2^36 Delta^33 (x1x2x3x4)^1... Done.
Start computing 2^37 Delta^34 (x1x2x3x4)^1... Done.
Start computing 2^38 Delta^35 (x1x2x3x4)^1... Done.
Start computing aa.
1 2 3 4 5 6 7 8 9 10 11 12 13 14 15 16 17 18 19 20 
*/
A = \
[13100186054569371648 + 1418235944710797403*2^64 + 16478686413368591317*2^128 + 84236500325*2^192,12144795222117726720 + 4950800870434609379*2^64 + 15220481285438337294*2^128 + 397673136026*2^192,4609141154833690624 + 14333978011537757571*2^64 + 13878257119444988297*2^128 + 323254268048*2^192,10052884798477605376 + 3897634759283282122*2^64 + 16115438778614674202*2^128 + 2779011817*2^192,16856662281803593728 + 2008190176037086174*2^64 + 17559476354208016290*2^128 + 1780075129214*2^192,12516631082259824640 + 12951079383427708621*2^64 + 15143028460046420832*2^128 + 889603303885*2^192,14982196798955675648 + 16818289369884979973*2^64 + 6971840050588022802*2^128 + 475327761658*2^192,8488882375160551424 + 3231353314803569422*2^64 + 3259194575334974961*2^128 + 1682069298831*2^192,640363748087111680 + 17866605707695771832*2^64 + 17897209420941242158*2^128 + 508569202999*2^192,13462291920908619776 + 12232872663715333849*2^64 + 14536774117383817743*2^128 + 1239790017457*2^192,1309355952507650048 + 5344467326987950740*2^64 + 15170018803887378406*2^128 + 238306567696*2^192,7054040358752897024 + 8311477608484432317*2^64 + 5335057737273454731*2^128 + 596919041751*2^192,832633920995848192 + 5688715413740910363*2^64 + 8743114492193446396*2^128 + 1115482432304*2^192,14194948232109752320 + 451967496825247585*2^64 + 6593104404495544169*2^128 + 522555298247*2^192,13386176310091792384 + 6834212068033194641*2^64 + 7453149387851246172*2^128 + 1155418000778*2^192,3628225486017392640 + 15200732615103081942*2^64 + 16264425631170296834*2^128 + 421646813386*2^192,16715267338589753344 + 2687763819311780111*2^64 + 9100826774231185989*2^128 + 303105289203*2^192,10451229511119175680 + 14794927705176489385*2^64 + 6348675768450438051*2^128 + 44235604622*2^192,4271912539602669568 + 11699586610251299789*2^64 + 10627054719949914495*2^128 + 274187535011*2^192,16270990552928145408 + 12114876607268730628*2^64 + 13913996727874613367*2^128 + 597216914964*2^192;\
2733967903474666944 + 10377853430335608760*2^64 + 3192303984380227203*2^128 + 800002965078*2^192,13028844468175375792 + 4919465249192180512*2^64 + 6825796379016690112*2^128 + 391130189492*2^192,18243814148743600224 + 916498800534240887*2^64 + 11984423995294633993*2^128 + 573864773936*2^192,7383377976149705704 + 4027831364973190393*2^64 + 853971558009761684*2^128 + 1226116176883*2^192,2921509064553091136 + 1797149217211876180*2^64 + 10636950104401823397*2^128 + 1177525541797*2^192,15407795768393231552 + 5560328157612805722*2^64 + 10814280199517199750*2^128 + 1489102453038*2^192,15112918771761551104 + 16523725500180414186*2^64 + 16190503880898837009*2^128 + 601771593957*2^192,17645833984466420608 + 17838657307842996710*2^64 + 8306491405241905314*2^128 + 810893236457*2^192,10023617305581280896 + 2175270071776475118*2^64 + 9105479248715584587*2^128 + 791029060613*2^192,6301058246676793856 + 17753644602655178233*2^64 + 10333678898498089142*2^128 + 1296010359970*2^192,14318429345513925888 + 5995389686841807045*2^64 + 1595013615899550395*2^128 + 1496255624234*2^192,10633799240575216384 + 149543291429574902*2^64 + 4590635205182293627*2^128 + 8352968546*2^192,2476357651118940032 + 6751887252300149564*2^64 + 14984649481449558872*2^128 + 37929533617*2^192,18072644749922734528 + 17032577411292867627*2^64 + 14841620642738735400*2^128 + 1823714326131*2^192,5781519722801107456 + 3604729476960018475*2^64 + 17137973793367130619*2^128 + 1654140930997*2^192,10695969553218716800 + 1496841245326423046*2^64 + 1038716887728636406*2^128 + 275525822398*2^192,17638650643148518144 + 3941635557129080311*2^64 + 10874666966964556729*2^128 + 280433333319*2^192,5554530093666669056 + 7691149500219877299*2^64 + 5624303863034594256*2^128 + 1713797235286*2^192,5735938081884439424 + 16353574329182109708*2^64 + 14778342149042804*2^128 + 1934397523559*2^192,7575302224423991680 + 12041224668679232244*2^64 + 12529341758713332047*2^128 + 346254775871*2^192;\
11015670394007324672 + 5941966262003567178*2^64 + 16486491237848430115*2^128 + 1223489449930*2^192,13111160850502986240 + 18179989137034355499*2^64 + 3472241620683966959*2^128 + 1463139124356*2^192,3996180123115133952 + 3693506328679967864*2^64 + 14989802504486755224*2^128 + 684072374502*2^192,17499101976227709696 + 15044568993980246071*2^64 + 3047175140639874947*2^128 + 171151903416*2^192,17657576622742829056 + 16026450805626334886*2^64 + 17823173768929200376*2^128 + 195513666494*2^192,15760800781428254720 + 16721637828290590176*2^64 + 11607498147637512252*2^128 + 88786959463*2^192,4227836781562044416 + 14650625439871439732*2^64 + 9533306632188126490*2^128 + 1137642597530*2^192,14946672155211206656 + 5081306256365993509*2^64 + 16534996248931806186*2^128 + 1588375166107*2^192,547895234750099456 + 10765849889590569778*2^64 + 182556191702140261*2^128 + 1322000304930*2^192,5460109985836974080 + 894633526857504889*2^64 + 4125177553571458090*2^128 + 1246224934108*2^192,17137913285947252736 + 8353873906542627771*2^64 + 7788521306509887388*2^128 + 968134569662*2^192,3728680137060474880 + 371998841435778995*2^64 + 7249323222365749300*2^128 + 688813930649*2^192,16471211342914523136 + 4493602937955987139*2^64 + 4318642750227461790*2^128 + 1447839969821*2^192,10721023674618562560 + 13743199002632311011*2^64 + 8535243154629720940*2^128 + 1013554845103*2^192,14183753349471846400 + 6251994245401990636*2^64 + 12481719504583160056*2^128 + 328494512164*2^192,3422983972865306624 + 289776249950541790*2^64 + 9417751377544686267*2^128 + 101190840686*2^192,13684620116291461120 + 5943708830613338732*2^64 + 10841423862339614109*2^128 + 1504105505086*2^192,4232492215303815168 + 12505161484506554862*2^64 + 4323340912959383796*2^128 + 572678390468*2^192,1839990312210010112 + 1650610313891523606*2^64 + 15013451027103105377*2^128 + 1347849757220*2^192,11367447839737696256 + 14672721350952063188*2^64 + 4593793034197000962*2^128 + 1654626837224*2^192;\
13571037326251815936 + 18134186342942117576*2^64 + 11147321064737914677*2^128 + 1873480261263*2^192,14634555665851857152 + 10504001833774085147*2^64 + 7375620729504143506*2^128 + 659191688641*2^192,16480096620001878528 + 8505806728137895509*2^64 + 7149556462513399253*2^128 + 2065245866223*2^192,635548842255560576 + 10403043588906426848*2^64 + 6454823268865233522*2^128 + 984944837509*2^192,3793330247783640064 + 12515373857383673831*2^64 + 6930780956437533182*2^128 + 1368825944340*2^192,16879153514271147008 + 5840995513538979460*2^64 + 14782143893515329520*2^128 + 878106173465*2^192,8309075003471679488 + 17804887217116604918*2^64 + 7806221520557589407*2^128 + 544207801210*2^192,13473472458959448064 + 6295949642641455771*2^64 + 9203827140028175201*2^128 + 780185761003*2^192,9547010147433052160 + 5005022593687628226*2^64 + 5602379229678923699*2^128 + 1287347966786*2^192,2875015756968747008 + 9992986784395162863*2^64 + 11488797640239747772*2^128 + 2167673877948*2^192,6890453533635571712 + 11739027407049329824*2^64 + 8935294399669499454*2^128 + 1240173694862*2^192,9114157850576441344 + 15023612542550442556*2^64 + 1312578417505726412*2^128 + 600772039553*2^192,7515760272023889920 + 7768699425795285238*2^64 + 18352398420498008740*2^128 + 1644315340387*2^192,6574079870599099392 + 6191145887963838060*2^64 + 12679177020088806368*2^128 + 1206020067302*2^192,9003995109837201408 + 2439466757077719724*2^64 + 10597053762287611807*2^128 + 431891611128*2^192,10044328480793565184 + 2838159448319678273*2^64 + 8461784026526247244*2^128 + 1703490830601*2^192,13737114173124644864 + 11445424190078518322*2^64 + 12195025943178564588*2^128 + 1848666894490*2^192,9918671322211278848 + 12343066055212499967*2^64 + 6369514073591616794*2^128 + 446397596698*2^192,12406420726569134080 + 12041746634288450378*2^64 + 9228567453506507835*2^128 + 145901035267*2^192,7976648774408210432 + 7320462809952247149*2^64 + 17304801902319434410*2^128 + 318424869566*2^192;\
1669322480297519056 + 13537828636849398555*2^64 + 10517044729121675039*2^128 + 324245798488*2^192,12081944082312093220 + 7587205864854813191*2^64 + 5504257876725007647*2^128 + 133489874074*2^192,10917208397059498248 + 13541880972761031922*2^64 + 2767430721529742605*2^128 + 1932015474245*2^192,17712528040082887038 + 2638215377067128170*2^64 + 11979747237034791363*2^128 + 432938156234*2^192,7198625373650457264 + 11121324979401154197*2^64 + 593992850786434584*2^128 + 1748761826212*2^192,11901629254605958416 + 3957507310417735241*2^64 + 834037651781575706*2^128 + 863095484170*2^192,3355019503203010368 + 6354574130987996834*2^64 + 7588567886825069417*2^128 + 1157365072017*2^192,14067265760448875936 + 7235066274568998620*2^64 + 602395149514655321*2^128 + 808783340605*2^192,809995008486330336 + 14530498465422172341*2^64 + 7722137268405772518*2^128 + 1551033121167*2^192,11825591326705048448 + 17023419768847316732*2^64 + 15527909187249064495*2^128 + 352004225615*2^192,2058745576922891200 + 4722705396510358540*2^64 + 5205539862516825222*2^128 + 1284106788432*2^192,8784884295775665728 + 155407418750035961*2^64 + 16927397302021182138*2^128 + 1094848102149*2^192,17600436053207222944 + 13516551748114813632*2^64 + 8524770324238361667*2^128 + 722894197654*2^192,8760700749300939472 + 4511298655838691118*2^64 + 2650413248860778554*2^128 + 1590159919566*2^192,15378613106132746624 + 3857717011237100024*2^64 + 2501325736734843019*2^128 + 1436169304523*2^192,15908960205980723296 + 16004991396251134660*2^64 + 11363323669898272139*2^128 + 104749395060*2^192,15174828275779576896 + 3082940509966481588*2^64 + 1640043588150443428*2^128 + 1912513876138*2^192,14634901852175139200 + 3137056184281963478*2^64 + 3199249261449301156*2^128 + 1402485698405*2^192,10977461621084106144 + 13141608664169692253*2^64 + 13988534360904376805*2^128 + 1063215436485*2^192,10352203366717866528 + 993178483764249927*2^64 + 2878527956486278723*2^128 + 1547801671027*2^192;\
9900514091604441088 + 18229799429714285041*2^64 + 8895549926910838244*2^128 + 66608750532*2^192,3549706151407158784 + 13629642356186243506*2^64 + 2417112040936709986*2^128 + 1533242172594*2^192,7709412296517794816 + 14730393573897329349*2^64 + 5437586715018026707*2^128 + 1078507082021*2^192,3813635133577028864 + 5971032479354532724*2^64 + 5758917699224947669*2^128 + 376642402528*2^192,10994140639770494976 + 14080040969961328391*2^64 + 2494556214491126163*2^128 + 1298694434163*2^192,8056203258162829312 + 15438969852012534988*2^64 + 7578309854816143764*2^128 + 598754579583*2^192,9065827474646425600 + 15298066507313878060*2^64 + 35582782138697536*2^128 + 318397672617*2^192,8385281792388812800 + 1401887095078156782*2^64 + 8737559223169844457*2^128 + 1611497959807*2^192,12753087294214557696 + 1368469874164829381*2^64 + 15097980546024746875*2^128 + 947575093875*2^192,12336880257874563072 + 2290432614730045388*2^64 + 7133276531281064152*2^128 + 291541686467*2^192,6600427753726320640 + 8904065402189298812*2^64 + 14229471393449055592*2^128 + 809837557959*2^192,7054115102627475456 + 4010787855622345123*2^64 + 5191909359610069929*2^128 + 310031938785*2^192,1666389283798511616 + 4004158475016920438*2^64 + 5785240759301844338*2^128 + 1595886395800*2^192,9638405698305357824 + 4659494077144874647*2^64 + 11321667227174837728*2^128 + 964201626679*2^192,1200043242076389376 + 10545677222943810160*2^64 + 12771745463076447980*2^128 + 262172440838*2^192,8560309164730650624 + 4804422894276457162*2^64 + 6829407362604279861*2^128 + 2030688081819*2^192,8654824842085064704 + 14188470499407335807*2^64 + 12019081110418569553*2^128 + 1262369761460*2^192,9538087421939859456 + 5465479453612165129*2^64 + 11961296902242667948*2^128 + 280976562672*2^192,9258014306743513088 + 10429205502481777449*2^64 + 16249542075419009154*2^128 + 1088881667288*2^192,1156235936960655360 + 3199681753409467389*2^64 + 11064511972159507961*2^128 + 2159953311925*2^192;\
2004458001906499936 + 3430788087805241273*2^64 + 14505552073514181892*2^128 + 1340465155493*2^192,675592133655965944 + 13293321145931851188*2^64 + 419037768776494693*2^128 + 1612799316462*2^192,15135494342626696304 + 9405797474834073729*2^64 + 4392597725994776391*2^128 + 1250555750299*2^192,454791620060884324 + 8489959469118737845*2^64 + 10600182449344805255*2^128 + 1378825815059*2^192,13053222807183075744 + 16985469619781832945*2^64 + 10302052567765496090*2^128 + 1663580137409*2^192,4661014943299400416 + 8661093508281129098*2^64 + 13143965086144800705*2^128 + 441108042322*2^192,1836582651272549760 + 17290117690018106375*2^64 + 13689160599034963476*2^128 + 412336233372*2^192,3112253057462802112 + 15921448256177912644*2^64 + 5662088848248901086*2^128 + 1106413017010*2^192,15099692260841883200 + 1005617463963668285*2^64 + 15135229911765233975*2^128 + 1488215041769*2^192,3670289608580114688 + 15188418142816695770*2^64 + 14417545983935549561*2^128 + 1502089174069*2^192,10713438602387117184 + 12203745385247949174*2^64 + 13118227478735007203*2^128 + 637725903833*2^192,6799039488396046208 + 17136973485045072452*2^64 + 6951462904369429164*2^128 + 854251956572*2^192,12958061051670953152 + 13832421945808394579*2^64 + 5752735698740297459*2^128 + 1249397590289*2^192,5124168879413670752 + 1577975986156889214*2^64 + 12577476754664397828*2^128 + 473114833140*2^192,3637569163080307968 + 10198685774255310003*2^64 + 1906356655294394355*2^128 + 827159878949*2^192,11633530635624365376 + 17270037362315671605*2^64 + 12962127772039805763*2^128 + 724810136616*2^192,14073577831583075200 + 9834896426701960223*2^64 + 10314227399079295546*2^128 + 1840996669810*2^192,3140207202651182336 + 5970279778801279205*2^64 + 12249284574321272483*2^128 + 780837694255*2^192,8697080017765349056 + 18436282007954513583*2^64 + 17579142208181489784*2^128 + 540012020725*2^192,6997984538777753024 + 15123121960980310667*2^64 + 15730173723987924269*2^128 + 1556143300800*2^192;\
17450417974605885440 + 2178256719144904937*2^64 + 5844899516510006880*2^128 + 2026769986810*2^192,14778936455996677120 + 14804622405852634047*2^64 + 7732781433779233531*2^128 + 935394772862*2^192,14360413693365604352 + 894098506256651823*2^64 + 7523700406126605009*2^128 + 994292361366*2^192,11041872819022715392 + 9314279810472675754*2^64 + 4103565637237692906*2^128 + 2114567011288*2^192,7886371720025427968 + 1520409810950410082*2^64 + 495676421272329845*2^128 + 1753030005885*2^192,9658326287658721280 + 411123930409741987*2^64 + 1482778992865943907*2^128 + 1180822983592*2^192,4621597774589640704 + 14337518426161920786*2^64 + 469947793769623799*2^128 + 14203449973*2^192,2537405487447425024 + 15664978831351681887*2^64 + 1545774469519391064*2^128 + 824737893432*2^192,1659618802152251392 + 12832475874868016287*2^64 + 9406395826072357843*2^128 + 2173916871231*2^192,14465856639954243584 + 14756193253156260795*2^64 + 10859736085228611621*2^128 + 1029921423048*2^192,11471748587626053632 + 7255304427689680856*2^64 + 14997557671472082414*2^128 + 761944781773*2^192,5728127094445772800 + 7280054677366324291*2^64 + 12772389033050456341*2^128 + 1602232761595*2^192,5707605622614384640 + 4459307497820890069*2^64 + 11904366318429108997*2^128 + 1958369649013*2^192,18412047365597868032 + 13465975701407734521*2^64 + 9142370085808014240*2^128 + 857793077753*2^192,12890424672653967360 + 5161457716191464293*2^64 + 15532127910419611566*2^128 + 1337642510289*2^192,16992591318555467776 + 7708262983844475243*2^64 + 13621460148424043520*2^128 + 1587363956480*2^192,11244942820657414144 + 7299278588198139387*2^64 + 12012825996449756785*2^128 + 1012931359270*2^192,1997134526831263744 + 1324066174980717047*2^64 + 7820220488033487478*2^128 + 960568240036*2^192,7766680052041637888 + 7885936081990936858*2^64 + 18409014835833575039*2^128 + 215269679835*2^192,5471552025079144448 + 2771626144403853935*2^64 + 9327369585476629583*2^128 + 589058938018*2^192;\
14644861670707881792 + 5568845983478591809*2^64 + 16458136209475084721*2^128 + 280354620469*2^192,18011937343770807440 + 7160993485773595457*2^64 + 9736046461650625939*2^128 + 628136563806*2^192,11017017482837578784 + 269280703412350213*2^64 + 14513590937298955282*2^128 + 1532411956958*2^192,3713741879736553464 + 13506281287712339104*2^64 + 17433331597485763892*2^128 + 2101943933184*2^192,3977336910381296320 + 2518852508219834822*2^64 + 7549031839442544317*2^128 + 1215406140664*2^192,13032387833975249984 + 3527490488069676273*2^64 + 6015231391884431502*2^128 + 1792534488483*2^192,15488947785018739968 + 15625532348668301608*2^64 + 2315160565427067196*2^128 + 1753702206745*2^192,11201156476586968704 + 11730900683983290805*2^64 + 9793978679703331385*2^128 + 1419099584682*2^192,14528513301807480704 + 16091735643625642057*2^64 + 17567284381182828425*2^128 + 1578532670787*2^192,63282871816820224 + 8066993489472999071*2^64 + 11715993006214735014*2^128 + 23034000897*2^192,4338607042899631872 + 17150646489409609933*2^64 + 491211846200838629*2^128 + 19398509401*2^192,7115859742156103936 + 4353132979898066091*2^64 + 10721949329961844119*2^128 + 1826220173600*2^192,8221299670608132736 + 18245397677883278893*2^64 + 2349074244219957803*2^128 + 1353310032527*2^192,16261940417149123392 + 300296894115944754*2^64 + 2623118226164827734*2^128 + 438183918697*2^192,12606085225587131904 + 18156469619898166888*2^64 + 16454736739365518241*2^128 + 180740112948*2^192,12726203117241909632 + 4185090930026683005*2^64 + 17249877391230729522*2^128 + 1653766975214*2^192,10044328738656702720 + 17340480012764848891*2^64 + 1101189579386747194*2^128 + 495481785786*2^192,10135440228740810240 + 7670308128185648509*2^64 + 114849530649136713*2^128 + 211168961552*2^192,17384288215291147904 + 8465906678869728126*2^64 + 16697233654604417538*2^128 + 1755503348809*2^192,8571391164701927552 + 10836323945041666074*2^64 + 10182355629163984321*2^128 + 1916935406289*2^192;\
3594648194230648832 + 7790322051605321036*2^64 + 10460584374358888890*2^128 + 2147054863689*2^192,17696799883975593984 + 3737881211052459339*2^64 + 12706706339783149610*2^128 + 201861479103*2^192,7767931658043725824 + 6136480235297899272*2^64 + 3689716233545120716*2^128 + 1062786799780*2^192,14754985243345242112 + 17335981318807870164*2^64 + 2923893336444995069*2^128 + 1223542884*2^192,6186293560283070464 + 10717620048107924051*2^64 + 17238876318256265881*2^128 + 1264652543757*2^192,15181472653725315072 + 4009085103798527017*2^64 + 2197700667821604088*2^128 + 782169957450*2^192,13418292877030719488 + 5181338065464771119*2^64 + 15617529627935912948*2^128 + 1671289099013*2^192,3077051458285166592 + 3688137206300184519*2^64 + 8162231923766941557*2^128 + 117055518732*2^192,4065861403409219584 + 1616510228569700575*2^64 + 9164049451725502573*2^128 + 2067718809615*2^192,15909391258712805376 + 10009478165644065157*2^64 + 497359017787757684*2^128 + 1691240511355*2^192,18134997920081838080 + 17830703419898445787*2^64 + 9142151132116080925*2^128 + 1731762772861*2^192,2890314575634194432 + 11093183386827538105*2^64 + 10180339705883195917*2^128 + 433035951874*2^192,11713433161801564160 + 14340557315186476420*2^64 + 4449397102065754105*2^128 + 1912146694876*2^192,15144197819940515840 + 14693779162936898846*2^64 + 14857571886272315735*2^128 + 1132525719310*2^192,12792775659777753088 + 392755530784622340*2^64 + 4103066072031432539*2^128 + 1550472402603*2^192,8877650232893636608 + 7449661102124026244*2^64 + 6173047777525139430*2^128 + 1270853393368*2^192,2164012933466095616 + 5676925664935587814*2^64 + 18337793489791981427*2^128 + 164736269114*2^192,17898110294796730368 + 17718091664852859413*2^64 + 12818466853124874019*2^128 + 20589706499*2^192,4677593377020903424 + 7540105506310834078*2^64 + 6259465277865885534*2^128 + 4450055505*2^192,3090423548699410432 + 9920321372039452885*2^64 + 9886049808273282270*2^128 + 29653347135*2^192;\
16244852848004450336 + 16092605928335608922*2^64 + 3427412614513452863*2^128 + 905110153700*2^192,5378622167778852328 + 4373148396126384702*2^64 + 10147426428723389024*2^128 + 77475511152*2^192,3535207187994422096 + 3533803919514634052*2^64 + 6499669055087994110*2^128 + 657676764894*2^192,5978102301924633772 + 6005296176641366983*2^64 + 14186567844980272840*2^128 + 90565491608*2^192,14626832911941454048 + 17509819543172328642*2^64 + 18006866499588286808*2^128 + 600808213409*2^192,1315498157253479584 + 4207899093232503302*2^64 + 11282958316132158896*2^128 + 1277702702172*2^192,2165941420357722240 + 385780396921753454*2^64 + 15295496933990084071*2^128 + 1617652369793*2^192,17548407030377933888 + 9443973275095570532*2^64 + 10413395962020894867*2^128 + 1507957889989*2^192,16934146876405152448 + 8325521703031257575*2^64 + 3828976007326088341*2^128 + 542570221706*2^192,3580424288193964800 + 12566100007595105522*2^64 + 11106541833627161323*2^128 + 381172952104*2^192,8458109673925995904 + 2393368950047621532*2^64 + 2984049996617324001*2^128 + 1443190009714*2^192,8281799872141575808 + 12843273947226071173*2^64 + 9302108682943478166*2^128 + 2152840794322*2^192,2521147850851638848 + 9383619096773214113*2^64 + 14990951428584157404*2^128 + 145414084054*2^192,7412058528576871968 + 2352365945335579755*2^64 + 14590347910351162538*2^128 + 130833954982*2^192,10354304975183515392 + 2829861858678016485*2^64 + 9731103781989878385*2^128 + 728769610958*2^192,182501929877135296 + 16824937924570713712*2^64 + 11541960122771441782*2^128 + 573088101218*2^192,15917847193430389376 + 233306173663975932*2^64 + 8521777215037763069*2^128 + 1525080646209*2^192,17321686267804409600 + 591217073791922363*2^64 + 4582942095717734130*2^128 + 2120949246091*2^192,8185444686036802624 + 4138593071371664*2^64 + 4946017551700342142*2^128 + 92896620271*2^192,2607136965672352064 + 5850856710746308724*2^64 + 9290523968795405272*2^128 + 1245186855228*2^192;\
11473370362410641536 + 3001250560129101449*2^64 + 12447645766030286639*2^128 + 613653310799*2^192,3996018699033895328 + 15795248741242813082*2^64 + 12300732655551490414*2^128 + 1111188400631*2^192,3709785687087432000 + 14781888438900878450*2^64 + 15897009841477546534*2^128 + 751355119764*2^192,7483133236384728496 + 2508614896737372052*2^64 + 9880569812702820084*2^128 + 965036448966*2^192,13377718547183614848 + 14354365557553385869*2^64 + 13746561215791066517*2^128 + 1570981771742*2^192,7742338035534887552 + 4904398313331103030*2^64 + 5571916932389692301*2^128 + 1741406787896*2^192,7132256314224992768 + 10234170191979494700*2^64 + 9653307671000397601*2^128 + 159906132269*2^192,4579551681654518016 + 17368783209519459085*2^64 + 600875056373147383*2^128 + 593406079200*2^192,10930410759112825600 + 13865366997684488472*2^64 + 3026262084620592876*2^128 + 545585042085*2^192,16504191703768062976 + 9854870774371295825*2^64 + 2847911778361985715*2^128 + 2855071080*2^192,16762072826503747072 + 300135907250942312*2^64 + 3862188906023722390*2^128 + 1666562397992*2^192,4761199296286972416 + 12682384254513028728*2^64 + 2177107951686617621*2^128 + 206088499394*2^192,16038365580741839104 + 9331439429609135160*2^64 + 4382163573335125690*2^128 + 1255112325176*2^192,14043588066110607488 + 7850810197652700339*2^64 + 18397219590264348697*2^128 + 247315803131*2^192,10925088660423097344 + 8611984622505985811*2^64 + 4445194828603877955*2^128 + 351125662631*2^192,8289216529948864256 + 5079430507012906717*2^64 + 8202829401580023188*2^128 + 99052067348*2^192,13219475542668405248 + 8629649507868328893*2^64 + 5371887831316683717*2^128 + 25708420584*2^192,2598307164718545920 + 6519393124912657668*2^64 + 10502701309199061902*2^128 + 849844533585*2^192,7709386730449207552 + 13879846511861535418*2^64 + 2529789409144051078*2^128 + 939229682921*2^192,8527962350346122496 + 18216122099644644765*2^64 + 4322156426329683030*2^128 + 1720638729692*2^192;\
1293899178899966672 + 1607605904399855099*2^64 + 12412719907930412420*2^128 + 1744101908734*2^192,15105556600993096676 + 1322456968609653885*2^64 + 4377293534342180629*2^128 + 356131329413*2^192,12646464240013088392 + 16969273448738321032*2^64 + 1017966432409521395*2^128 + 2104397716818*2^192,7927950399626379038 + 14787564892792844437*2^64 + 8684280772425101562*2^128 + 1048087913207*2^192,9686675360269926320 + 879594594587171751*2^64 + 11916691557004561319*2^128 + 2166695760477*2^192,5775541542974142480 + 16965134357778086214*2^64 + 17811582353350531682*2^128 + 1224605207860*2^192,17168270236605920064 + 1897086350200634922*2^64 + 8129912256068840291*2^128 + 680648338963*2^192,16717910807371866016 + 17456088725804360998*2^64 + 6515749452407871363*2^128 + 366139349440*2^192,16969333959821933024 + 9843980448197675289*2^64 + 1305587357408977863*2^128 + 1637302258406*2^192,13775577236200952704 + 18372141463989885674*2^64 + 742883942499939302*2^128 + 1379848403485*2^192,6230107348888414144 + 9596127061716547377*2^64 + 17169874389029022017*2^128 + 671311839651*2^192,5533239575582608960 + 13241938119089665181*2^64 + 741636914545286319*2^128 + 465376497989*2^192,4113388296342040736 + 11967114290825775613*2^64 + 943870510501649960*2^128 + 1014546289190*2^192,8689104064264827344 + 4980296404248365518*2^64 + 1454925719309443539*2^128 + 1064656718165*2^192,16478291310603950464 + 5941505266468585568*2^64 + 8509982877550526472*2^128 + 254620384722*2^192,14070496457365693024 + 9637431208284716394*2^64 + 2862892538939586798*2^128 + 175861408259*2^192,11830036369889572928 + 6069174079391132040*2^64 + 4147739612960084359*2^128 + 1497263044709*2^192,2437155170652342656 + 11996158534587897832*2^64 + 17332577534994445607*2^128 + 1587142257204*2^192,7001097542830683040 + 13180626613286622282*2^64 + 12898033083429238801*2^128 + 534495414791*2^192,10057443516266258464 + 10374630533575561963*2^64 + 11583692765952795538*2^128 + 105526937627*2^192;\
9499886002132812608 + 16210524203339534677*2^64 + 11953751877249849689*2^128 + 602955718938*2^192,5994968270055626128 + 8337673550814066550*2^64 + 10767649483468196319*2^128 + 1657316634705*2^192,10396135687343594016 + 6304433051462943114*2^64 + 11048685887634104142*2^128 + 756963350205*2^192,524499931874297720 + 66423369004358949*2^64 + 10438756347444217613*2^128 + 820166106070*2^192,6702117972783015616 + 14591076236642860115*2^64 + 16230123527209357533*2^128 + 102048944596*2^192,6201767071497848896 + 1066048806399693148*2^64 + 16126518239074670879*2^128 + 1461985460464*2^192,1709024296350625024 + 15845572313457555886*2^64 + 1236419597090862744*2^128 + 1164246018968*2^192,11880686449007324800 + 1499463565448810303*2^64 + 15735078854177890746*2^128 + 1891687035026*2^192,15144439111370987392 + 4746535239138886409*2^64 + 5217150038115959688*2^128 + 1306003025311*2^192,2092808902679649792 + 7845429738066917238*2^64 + 9508145028226925090*2^128 + 1281574408742*2^192,16454843780217224960 + 6438557088737830366*2^64 + 2752811686481659972*2^128 + 1424559309649*2^192,7846371641377163520 + 5545629297420765651*2^64 + 6166077463278301666*2^128 + 646055806975*2^192,12001851420870718080 + 4472880294724050079*2^64 + 13632996084035730135*2^128 + 33057384051*2^192,1745171841185132352 + 6855013262692674673*2^64 + 9463097582129827067*2^128 + 1563089193777*2^192,13579451911030171136 + 6486183355826458639*2^64 + 5762758230593499865*2^128 + 1961993199403*2^192,16751129554489186688 + 11072316971858130160*2^64 + 8990904459331350787*2^128 + 2153493943182*2^192,3264093272568078592 + 7896673317240855491*2^64 + 7582624983520632790*2^128 + 1774104636176*2^192,6051035260437161472 + 12058938471438080605*2^64 + 15840010009957220564*2^128 + 2021409416499*2^192,9914500436580007552 + 5039230412262807235*2^64 + 9349160277477034259*2^128 + 1534460818767*2^192,6354181069462548608 + 10802731065197388429*2^64 + 12163843596117222806*2^128 + 412056313918*2^192;\
3814197337975851128 + 14111152899295278768*2^64 + 1942599703282408618*2^128 + 381690533020*2^192,14797386503593345958 + 8792058058614512816*2^64 + 11743860312506283761*2^128 + 1279251237596*2^192,17405610923655025516 + 7949576073607229786*2^64 + 15500743401997604545*2^128 + 647866110510*2^192,16832445830900537029 + 7620933182302618487*2^64 + 448502088900488353*2^128 + 162429177131*2^192,16148684636891288904 + 1281717725938187677*2^64 + 12537524998690491101*2^128 + 766349031815*2^192,7677950063388072792 + 15207555642623436303*2^64 + 8091937965433331543*2^128 + 751699722322*2^192,9625565935077637600 + 14723819898387962138*2^64 + 12025949621303154674*2^128 + 1360016437740*2^192,16754915380724645360 + 1301423217623768199*2^64 + 9946894667024175783*2^128 + 2165770762246*2^192,11514035888592916560 + 10276358637100913078*2^64 + 13282977369457954282*2^128 + 908274888969*2^192,16698245805767279424 + 11712906711640106826*2^64 + 13399884500112721929*2^128 + 1673894847273*2^192,2787804556467975840 + 5994145918740566327*2^64 + 9920163705756657980*2^128 + 1532379948276*2^192,7303222160907584608 + 6768448916320505008*2^64 + 2288357498844091751*2^128 + 2173555509387*2^192,2664596551349050736 + 7400942564599344415*2^64 + 7028101159463775348*2^128 + 1884793569794*2^192,13175435332917369080 + 4844710537969800871*2^64 + 12023436239706821811*2^128 + 1833048260403*2^192,4759021038031895616 + 2043451534529235901*2^64 + 3282568119771470545*2^128 + 896507876397*2^192,5108571405853434640 + 18299788236513070357*2^64 + 1389793951223423180*2^128 + 732536024232*2^192,16427426204345644384 + 7577922386185455494*2^64 + 16356033070327343878*2^128 + 1126635676244*2^192,13081271031226072128 + 8865851584058198867*2^64 + 628665454465833584*2^128 + 928113403026*2^192,1500491255954138608 + 16951255646567420591*2^64 + 16099174563437497972*2^128 + 1410781972413*2^192,1665267474507264688 + 19570351326395205*2^64 + 12169096577217559075*2^128 + 1084089115168*2^192;\
1858840662374534336 + 8329085213908965938*2^64 + 3432141319628142163*2^128 + 1877031697976*2^192,14426750443181914224 + 17006533809130172658*2^64 + 10395255758617869379*2^128 + 1603511021813*2^192,14604982427791783392 + 6363014561465706134*2^64 + 221101949933318103*2^128 + 228109406713*2^192,5932885017699464584 + 8669077260753633318*2^64 + 9936249174564970267*2^128 + 162578066894*2^192,766231671480242496 + 585287566052317525*2^64 + 3031326017776657439*2^128 + 1694191019563*2^192,12803507949030881216 + 10953886562265630255*2^64 + 17031297030525987184*2^128 + 1197355986976*2^192,6642282905091539712 + 13724642316490554504*2^64 + 13446263523540284019*2^128 + 1585599071379*2^192,13415122206638694784 + 5680636088054806366*2^64 + 7711453666013348883*2^128 + 948883940342*2^192,12393151697129887872 + 18224659551687576711*2^64 + 6583639041407270908*2^128 + 1216718433126*2^192,9800336826710612480 + 11764129755480986243*2^64 + 7227304222737255415*2^128 + 436406211450*2^192,976377127690006784 + 9498739754203963237*2^64 + 4024821120269140299*2^128 + 446131686504*2^192,7171168342015950592 + 16392737615538900988*2^64 + 7138873919779803495*2^128 + 1712470007004*2^192,9827358887288188288 + 18334809579411830683*2^64 + 18027994968681635196*2^128 + 509341697774*2^192,18031711179878426816 + 9183066604369587014*2^64 + 2949337012977288246*2^128 + 1350058803790*2^192,6302345922610616832 + 8136610431353625695*2^64 + 18421250284819399636*2^128 + 1396507235230*2^192,9546936785203492480 + 10717089557159714449*2^64 + 4838423782662331205*2^128 + 868944046572*2^192,11669223560091565824 + 17651167199067393733*2^64 + 13085803526976725132*2^128 + 1999185342948*2^192,8165467432932293120 + 562253032011429603*2^64 + 15344641548604057828*2^128 + 1206213283764*2^192,4141285457836536192 + 9411919800993103995*2^64 + 1053648292452045500*2^128 + 1963128250650*2^192,12222887165244882816 + 6146078325301210993*2^64 + 16547757675615528585*2^128 + 1914315628157*2^192;\
8713814316925574336 + 5127359114363373178*2^64 + 2149174626503575496*2^128 + 809217565564*2^192,7025238193652641904 + 18142524188588975219*2^64 + 3127274104517557227*2^128 + 541756433249*2^192,16504724618841442784 + 10677437378119405783*2^64 + 8774258393273523368*2^128 + 2009442142349*2^192,17641528072405681800 + 17733724676026055622*2^64 + 9681428315064362077*2^128 + 752360369625*2^192,17322736525425238336 + 10341109918054154912*2^64 + 5157327840259859575*2^128 + 1086668017782*2^192,7860665276388642752 + 1259383375235054641*2^64 + 8238589513622099835*2^128 + 756237938073*2^192,16656145923293602560 + 3770770327336195590*2^64 + 17923977960368447712*2^128 + 1278471486454*2^192,16121646775838407040 + 9357381105428113348*2^64 + 6874821583381973683*2^128 + 598103421283*2^192,13340525847484188800 + 6853420627421237414*2^64 + 14968172189284819822*2^128 + 950947583374*2^192,8440503964275493376 + 4237264218408180595*2^64 + 9760080483092011632*2^128 + 442875507896*2^192,5298175117012095232 + 17204455510673042047*2^64 + 14294405963427184071*2^128 + 1944395252052*2^192,11417905083262707456 + 307349256779382183*2^64 + 10786012525696719756*2^128 + 1290105986820*2^192,9461363492176194944 + 4472310564180993411*2^64 + 7138825726499587709*2^128 + 1740457381733*2^192,2950362174706663616 + 16396225055262060812*2^64 + 9868865092928155461*2^128 + 1590684904108*2^192,15683662443931597312 + 15383288330643820849*2^64 + 7584586518985225487*2^128 + 1241865157695*2^192,8710321829374203520 + 2181911428197372874*2^64 + 10828973042684938156*2^128 + 582896369734*2^192,17273621070539034368 + 2288084617923492964*2^64 + 4413518444342444481*2^128 + 34363396815*2^192,8734576687631858176 + 1713103260166906052*2^64 + 10183925149818287098*2^128 + 1762816350244*2^192,1145865278055018880 + 17706153236792043002*2^64 + 11439480338625580643*2^128 + 873005174784*2^192,8060201555575553920 + 1300286601470052327*2^64 + 3172101248032371358*2^128 + 2021868920791*2^192;\
211103512699238304 + 33570296019516185*2^64 + 176184480652159875*2^128 + 931654183990*2^192,14598852158246393416 + 5349662583254638787*2^64 + 1591220482862312725*2^128 + 727997543209*2^192,17476972489044071440 + 4461131603203942506*2^64 + 10700476072509055674*2^128 + 1957002714148*2^192,12724659586853464444 + 12483573790300075811*2^64 + 857305862709800267*2^128 + 169978484459*2^192,563662063822361952 + 12726341030133725492*2^64 + 14852799902494776470*2^128 + 344039474413*2^192,12131125537479880224 + 10615776768417864153*2^64 + 9648345512749654131*2^128 + 1368435440826*2^192,8595584674576961152 + 11626843344966466045*2^64 + 550848968497085081*2^128 + 728990617817*2^192,8477060792263722816 + 16614390932458798857*2^64 + 5608077143182924384*2^128 + 769351391202*2^192,16122443857112889280 + 7064808943925945732*2^64 + 6777628664075349806*2^128 + 73333207094*2^192,7782724483994617600 + 13690749921745270701*2^64 + 4589945965071296445*2^128 + 879407180035*2^192,12031762436756670336 + 5378840069766623664*2^64 + 2852518270053414647*2^128 + 2092174776053*2^192,2812923322394615936 + 12037703655022795211*2^64 + 10989038034934491137*2^128 + 512878154015*2^192,9393928003808875840 + 8100170538037585065*2^64 + 743383102402030148*2^128 + 355725895240*2^192,791807201453412768 + 484958834275534564*2^64 + 14815945159042153416*2^128 + 1779068328912*2^192,5073595155852456704 + 16038792058008040845*2^64 + 7678392519468182376*2^128 + 279755674915*2^192,4810849476757479616 + 4987405657084901561*2^64 + 11665716407501145607*2^128 + 119643610498*2^192,4201614203532320896 + 315716622880832761*2^64 + 8188478019219102752*2^128 + 1548251216086*2^192,8851535176294728448 + 5181975298494210667*2^64 + 13106119964389006399*2^128 + 900131550778*2^192,15876744824548297536 + 7186483962825074316*2^64 + 13193041026087186214*2^128 + 2037513816966*2^192,16292007701334078528 + 1428520384340305165*2^64 + 1241004916553194282*2^128 + 1386978324836*2^192;\
15041752080056885856 + 7798249093494083655*2^64 + 10548852137232308087*2^128 + 1833458194524*2^192,14512969041605410360 + 7518093768704805571*2^64 + 14349880633207720196*2^128 + 1499195806632*2^192,6468604956125442288 + 5816007180425858679*2^64 + 1826946408675785350*2^128 + 841482785314*2^192,8860529967472645956 + 3851573843347461769*2^64 + 13880351183679632933*2^128 + 137181415567*2^192,3790097746796400800 + 9634586111876164368*2^64 + 16076133800969402567*2^128 + 556386827869*2^192,211464783258598368 + 16279595488612990076*2^64 + 13548953500668320571*2^128 + 1034080718194*2^192,8390214230273825152 + 2989908651713479613*2^64 + 13966202513225453751*2^128 + 744656541846*2^192,728920363559802048 + 17730039527043944601*2^64 + 16830330097995311247*2^128 + 1119447311205*2^192,28211768235111488 + 18305001656040919270*2^64 + 5816110591384045656*2^128 + 1145744593362*2^192,11463221653360077056 + 14025713683862930674*2^64 + 2337418798924694009*2^128 + 2197417533497*2^192,15342784456776102016 + 17565661144683139493*2^64 + 11271515344818946632*2^128 + 855102955983*2^192,4881426333497483136 + 9703350018770756737*2^64 + 16505294538270632500*2^128 + 1000228195875*2^192,10968805842581397184 + 6332095577745115928*2^64 + 5410571001943867611*2^128 + 212640028999*2^192,1564333070904385632 + 17398854924448863514*2^64 + 15899867018881759490*2^128 + 824148372189*2^192,11778462143865117952 + 17400437607627183910*2^64 + 4110488782132006677*2^128 + 726279168116*2^192,13460960877633391424 + 6907719875437180192*2^64 + 17469672906935203604*2^128 + 1943058426666*2^192,5194573486293145472 + 1675844880451558869*2^64 + 7979248016527365176*2^128 + 2034545455805*2^192,863009389299707136 + 1560166368934828606*2^64 + 15049323936837182929*2^128 + 988080033907*2^192,9526590829027780800 + 16041151202886057704*2^64 + 7334897030867462877*2^128 + 1323438286735*2^192,9028323620181430208 + 18355279849062149705*2^64 + 16658699260520126244*2^128 + 2139145111337*2^192;\
15292188657595198112 + 2051020395048523487*2^64 + 7688927316803317371*2^128 + 434538713853*2^192,1089724952420372488 + 3838780622688409782*2^64 + 16467489184040104795*2^128 + 1630086583810*2^192,87047898480299408 + 11973580736741575525*2^64 + 3837645359158758093*2^128 + 1652120714639*2^192,1227275036831157276 + 10160285049800320251*2^64 + 12539701478207814148*2^128 + 553026145889*2^192,2045120413122331232 + 5312987646112424019*2^64 + 17468182984832341536*2^128 + 1188886978560*2^192,4175593487203762464 + 9768810617343056218*2^64 + 2944361323662841050*2^128 + 1290286973025*2^192,14434058906056358528 + 1758587515644222320*2^64 + 6708690004066038211*2^128 + 1207030998352*2^192,14848419286625542464 + 11614953696545585301*2^64 + 9079576917841415970*2^128 + 1606430636626*2^192,12011903036553490880 + 9149588172892801843*2^64 + 2651514191492213936*2^128 + 2162179013965*2^192,1175993570056335104 + 11726671148308888784*2^64 + 12457610120419257075*2^128 + 2038558062401*2^192,17072350504005241728 + 8063849505947191002*2^64 + 16463445578718557197*2^128 + 1027487622131*2^192,6935529649179302016 + 12050584310206143831*2^64 + 9572467760240585720*2^128 + 607915270523*2^192,9101981845613361984 + 16621798757507572761*2^64 + 18275023018102254138*2^128 + 1059563900768*2^192,111860560548004000 + 9284672841818568501*2^64 + 15865639060626038794*2^128 + 819633791086*2^192,1914534852143540992 + 1235595540649335626*2^64 + 964748253759485681*2^128 + 20566213738*2^192,1930090379193801408 + 291602245801787498*2^64 + 9940582214102056029*2^128 + 77557937297*2^192,4957018196721484928 + 4946094724977618669*2^64 + 4994819263119016450*2^128 + 868577878137*2^192,293473048266754816 + 18229399002230628957*2^64 + 3049798836763671131*2^128 + 569299256394*2^192,1175611159959138624 + 1774885893575772824*2^64 + 5086865073199422289*2^128 + 2010453794478*2^192,1596563179323052608 + 7203205306214389647*2^64 + 3181470399683659253*2^128 + 1306699370866*2^192]
/* 
This matrix times 2^(-11) should be the matrix of frobenius.
*/ 
B = 2^(-11) * A; 
/* Freed 6395 lists. */
The sign is: -1
The characteristic polynomial is: x^20 + x^19 - 3*x^18 - 9*x^17 - x^16 + 15*x^15 + 16*x^14 + 44*x^13 - 64*x^12 - 336*x^11 + 1344*x^9 + 1024*x^8 - 2816*x^7 - 4096*x^6 - 15360*x^5 + 4096*x^4 + 147456*x^3 + 196608*x^2 - 262144*x - 1048576
Its Newton polygon is: [2, 2, 2, 2, 2, 1, 1, 1, 1, 1, 1, 1, 1, 1, 1, 0, 0, 0, 0, 0]
Its factorization is: [x - 2, 1; x + 2, 1; x^2 + 2*x + 4, 1; x^6 - x^5 - 3*x^4 + 6*x^3 - 12*x^2 - 16*x + 64, 1; x^10 + 2*x^8 - 3*x^7 + 20*x^6 - 4*x^5 + 80*x^4 - 48*x^3 + 128*x^2 + 1024, 1]
The valuation of f-g is: 19
The valuation of subst(g,x,A) is: 9
