/* Comments begin... 
No set up needed.

Please input coefficients below.
Coefficient of   x^6 * w^1               = Coefficient of   x^5 * y^1 * z^1         = Coefficient of   x^3 * w^3               = Coefficient of   x^2 * y^1 * z^1 * w^2   = Coefficient of   x^1 * y^2 * z^2 * w^1   = Coefficient of   x^1 * z^5               = Coefficient of   y^5 * w^1               = Coefficient of   y^3 * z^3               = Coefficient of   w^5                     = 
Here is the polynomial we're using this time:

1 + 0*2^64 + 0*2^128 + 0*2^192*x^6*w^1 + 1 + 0*2^64 + 0*2^128 + 0*2^192*x^5*y^1*z^1 + 1 + 0*2^64 + 0*2^128 + 0*2^192*x^3*w^3 + 1 + 0*2^64 + 0*2^128 + 0*2^192*x^2*y^1*z^1*w^2 + 1 + 0*2^64 + 0*2^128 + 0*2^192*x^1*z^5 + 1 + 0*2^64 + 0*2^128 + 0*2^192*y^5*w^1 + 1 + 0*2^64 + 0*2^128 + 0*2^192*w^5


Allocate G_len 20 elements and old = 0.
Allocate M_len = 400 elements.
Allocate G_len 40 elements and old = 20.
Allocate M_len = 800 elements.
Allocate G_len 80 elements and old = 40.
Allocate M_len = 1600 elements.
Allocate M_len = 3200 elements.
Allocate G_len 160 elements and old = 80.
Allocate M_len = 6400 elements.
Allocate M_len = 12800 elements.
Allocate G_len 320 elements and old = 160.
Allocate M_len = 25600 elements.
The final length of G is 179
[6, 0, 0, 0, 0]  	60	5  <--- 1
[5, 1, 0, 0, 0]  	62	3 
[5, 0, 1, 0, 0]  	63	3 
[3, 0, 0, 3, 0]  	75	4 
[1, 0, 5, 0, 0]  	75	2 
[4, 2, 1, 0, 0]  	77	5 
[4, 1, 2, 0, 0]  	78	5 
[2, 0, 4, 1, 0]  	87	3 
[1, 4, 0, 2, 0]  	88	3 
[4, 0, 4, 0, 0]  	92	6 
[3, 4, 0, 1, 0]  	93	6 
[4, 1, 1, 2, 0]  	95	5 
[3, 6, 0, 0, 0]  	102	5 
[2, 7, 0, 0, 0]  	104	8 
[2, 3, 4, 0, 0]  	108	6 
[3, 2, 2, 2, 0]  	110	5 
[1, 4, 3, 1, 0]  	112	6 
[2, 2, 3, 2, 0]  	113	6 
[3, 5, 2, 0, 0]  	116	7 
[2, 2, 1, 4, 0]  	117	3 
[2, 5, 2, 1, 0]  	121	8 
[2, 0, 1, 6, 0]  	123	7 
[1, 6, 2, 1, 0]  	123	7 
[2, 0, 0, 7, 0]  	125	6 
[2, 3, 2, 3, 0]  	127	5 
[1, 1, 0, 7, 0]  	127	5 
[1, 0, 0, 8, 0]  	130	4 
[2, 6, 3, 0, 0]  	131	8 
[2, 3, 0, 5, 0]  	131	8 
[1, 8, 2, 0, 0]  	132	8 
[2, 1, 2, 5, 0]  	133	5 
[1, 9, 0, 1, 0]  	133	4 
[2, 2, 0, 6, 0]  	134	8 
[1, 8, 1, 1, 0]  	134	8 
[1, 3, 0, 6, 0]  	136	7 
[1, 0, 4, 5, 0]  	137	5 
[1, 0, 3, 6, 0]  	139	5 
[1, 0, 2, 7, 0]  	141	4 
[0, 4, 6, 1, 0]  	141	4 
[1, 11, 0, 0, 0]  	142	5 
[0, 5, 4, 2, 0]  	142	4 
[1, 10, 1, 0, 0]  	143	4 
[1, 3, 4, 3, 0]  	143	4 
[0, 4, 5, 2, 0]  	143	4 
[0, 12, 0, 0, 0]  	144	5  <--- 2
[0, 7, 0, 4, 0]  	144	5 
[1, 7, 4, 0, 0]  	146	5 
[1, 2, 4, 4, 0]  	146	4 
[0, 5, 2, 4, 0]  	146	4 
[1, 3, 2, 5, 0]  	147	6 
[0, 11, 0, 1, 0]  	147	5 
[0, 4, 3, 4, 0]  	147	4 
[0, 10, 1, 1, 0]  	148	4 
[0, 7, 5, 0, 0]  	149	4 
[0, 10, 0, 2, 0]  	150	5 
[0, 6, 6, 0, 0]  	150	5 
[0, 9, 1, 2, 0]  	151	4 
[0, 5, 7, 0, 0]  	151	4 
[0, 6, 5, 1, 0]  	152	4 
[0, 9, 0, 3, 0]  	153	4 
[0, 3, 1, 7, 0]  	154	3 
[0, 3, 0, 8, 0]  	156	2 
[0, 2, 9, 1, 0]  	156	2 
[0, 1, 3, 7, 0]  	156	2 
[0, 2, 1, 8, 0]  	157	3 
[0, 11, 2, 0, 0]  	158	3 
[0, 10, 3, 0, 0]  	159	3 
[0, 3, 6, 3, 0]  	159	3 
[0, 2, 0, 9, 0]  	159	3 
[0, 2, 6, 4, 0]  	162	3 
[0, 4, 2, 6, 0]  	164	3 
[0, 5, 0, 7, 0]  	165	3 
[0, 4, 9, 0, 0]  	165	4 
[0, 3, 10, 0, 0]  	166	3 
[0, 0, 13, 0, 0]  	169	1  <--- 3
[0, 0, 12, 1, 0]  	171	1 
[0, 2, 8, 3, 0]  	173	2 
[0, 1, 2, 9, 0]  	173	2 
[0, 1, 8, 4, 0]  	176	2 
[0, 1, 0, 11, 0]  	177	2 
[0, 1, 7, 5, 0]  	178	2 
[0, 2, 5, 6, 0]  	179	1 
[0, 0, 8, 5, 0]  	179	1 
[0, 2, 12, 0, 0]  	180	2 
[0, 1, 6, 6, 0]  	180	2 
[0, 0, 7, 6, 0]  	181	1 
[0, 0, 6, 7, 0]  	183	1 
[0, 0, 3, 10, 0]  	189	1 
[0, 0, 2, 11, 0]  	191	1 
[0, 0, 1, 12, 0]  	193	1 
[0, 0, 0, 13, 0]  	195	1  <--- 4
[0, 0, 11, 4, 0]  	203	1 
[5, 0, 0, 1, 1]  	65	5 
[3, 1, 0, 2, 1]  	72	5 
[3, 0, 1, 2, 1]  	73	5 
[3, 2, 2, 1, 1]  	95	6 
[2, 6, 1, 0, 1]  	105	6 
[2, 6, 0, 1, 1]  	107	5 
[2, 5, 1, 1, 1]  	108	5 
[2, 3, 3, 1, 1]  	110	7 
[2, 2, 2, 3, 1]  	115	5 
[0, 6, 0, 3, 1]  	117	4 
[2, 5, 3, 0, 1]  	119	9 
[2, 2, 0, 5, 1]  	119	7 
[2, 0, 2, 5, 1]  	121	6 
[1, 8, 0, 1, 1]  	121	7 
[2, 1, 0, 6, 1]  	122	8 
[1, 7, 1, 1, 1]  	122	7 
[1, 3, 4, 2, 1]  	128	5 
[2, 1, 3, 4, 1]  	131	6 
[1, 9, 1, 0, 1]  	131	6 
[1, 3, 2, 4, 1]  	132	6 
[1, 7, 3, 0, 1]  	133	5 
[1, 2, 3, 4, 1]  	133	5 
[1, 6, 4, 0, 1]  	134	6 
[1, 3, 1, 5, 1]  	134	6 
[1, 2, 2, 5, 1]  	135	6 
[1, 1, 2, 6, 1]  	138	6 
[0, 9, 0, 2, 1]  	138	5 
[0, 7, 3, 1, 1]  	138	5 
[0, 6, 3, 2, 1]  	141	4 
[0, 5, 3, 3, 1]  	144	5 
[0, 11, 1, 0, 1]  	145	4 
[0, 10, 2, 0, 1]  	146	4 
[0, 9, 3, 0, 1]  	147	5 
[0, 8, 4, 0, 1]  	148	5 
[0, 4, 0, 7, 1]  	153	4 
[0, 3, 8, 1, 1]  	155	4 
[0, 3, 7, 2, 1]  	157	3 
[0, 2, 8, 2, 1]  	158	3 
[0, 3, 5, 4, 1]  	161	3 
[0, 5, 1, 6, 1]  	163	4 
[0, 3, 3, 6, 1]  	165	3 
[0, 2, 4, 6, 1]  	166	2 
[0, 2, 11, 0, 1]  	167	2 
[0, 1, 12, 0, 1]  	168	2 
[1, 0, 2, 6, 2]  	126	6 
[0, 10, 0, 1, 2]  	135	6 
[1, 2, 1, 6, 2]  	137	5 
[0, 8, 1, 2, 2]  	139	5 
[0, 9, 2, 1, 2]  	149	4 
[0, 3, 9, 0, 2]  	153	3 
[0, 1, 9, 2, 2]  	159	2 
[1, 1, 2, 5, 3]  	123	6 
[2, 1, 1, 5, 4]  	120	5 
[0, 3, 6, 2, 4]  	144	4 
[0, 3, 4, 5, 5]  	163	3 
[0, 1, 7, 4, 250]  	163	2 
[0, 2, 0, 8, 252]  	144	3 
[1, 2, 2, 4, 253]  	120	4 
[0, 2, 3, 6, 253]  	153	2 
[1, 0, 4, 4, 254]  	122	4 
[0, 6, 5, 0, 254]  	137	2 
[0, 5, 6, 0, 254]  	138	2 
[0, 4, 2, 5, 254]  	149	2 
[0, 4, 8, 0, 254]  	152	2 
[0, 0, 3, 8, 254]  	159	1 
[0, 1, 0, 10, 254]  	162	2 
[0, 1, 5, 6, 254]  	167	1 
[0, 0, 6, 6, 254]  	168	1 
[4, 1, 1, 0, 255]  	65	3 
[2, 0, 4, 0, 255]  	72	3 
[1, 4, 0, 1, 255]  	73	3 
[0, 0, 0, 7, 255]  	105	1 
[1, 7, 1, 0, 255]  	107	3 
[1, 0, 4, 3, 255]  	107	2 
[1, 6, 2, 0, 255]  	108	3 
[0, 4, 0, 4, 255]  	108	2 
[0, 9, 0, 1, 255]  	123	5 
[0, 7, 3, 0, 255]  	123	4 
[0, 6, 3, 1, 255]  	126	4 
[0, 4, 6, 0, 255]  	126	2 
[0, 4, 3, 3, 255]  	132	3 
[0, 2, 9, 0, 255]  	141	2 
[0, 2, 7, 2, 255]  	145	3 
[0, 2, 6, 3, 255]  	147	3 
[0, 0, 6, 5, 255]  	153	1 
[0, 0, 5, 6, 255]  	155	1 
[0, 0, 12, 0, 255]  	156	1 
------
The gap is between 6 and 249.
Lengths: 2 2 7 7 2 4.
For 175 = 3*d-d1-d2-d3-d4 you get 2 in char 0.
1 + 0*2^64 + 0*2^128 + 0*2^192*y^1*z^1*w^10
1 + 0*2^64 + 0*2^128 + 0*2^192*z^10*w^3

For 100 = 2*d-d1-d2-d3-d4 you get 7 in char 0.
1 + 0*2^64 + 0*2^128 + 0*2^192*x^4*y^5
1 + 0*2^64 + 0*2^128 + 0*2^192*x^2*y^2*z^2*w^2
1 + 0*2^64 + 0*2^128 + 0*2^192*x^1*y^3*z^3*w^1
1 + 0*2^64 + 0*2^128 + 0*2^192*x^1*w^6
1 + 0*2^64 + 0*2^128 + 0*2^192*y^6*z^1*w^1
1 + 0*2^64 + 0*2^128 + 0*2^192*y^4*z^4
1 + 0*2^64 + 0*2^128 + 0*2^192*y^1*z^1*w^5

For 25 = d-d1-d2-d3-d4 you get 2 in char 0.
1 + 0*2^64 + 0*2^128 + 0*2^192*x^1*w^1
1 + 0*2^64 + 0*2^128 + 0*2^192*y^1*z^1

Extra powers of p used 3.
The invariant extra is equal to 33.
Start computing 2^4 Delta^1 (x1x2x3x4)^1... Done.
Start computing 2^5 Delta^2 (x1x2x3x4)^1... Done.
Start computing 2^6 Delta^3 (x1x2x3x4)^1... Done.
Start computing 2^7 Delta^4 (x1x2x3x4)^1... Done.
Start computing 2^8 Delta^5 (x1x2x3x4)^1... Done.
Start computing 2^9 Delta^6 (x1x2x3x4)^1... Done.
Start computing 2^10 Delta^7 (x1x2x3x4)^1... Done.
Start computing 2^11 Delta^8 (x1x2x3x4)^1... Done.
Start computing 2^12 Delta^9 (x1x2x3x4)^1... Done.
Start computing 2^13 Delta^10 (x1x2x3x4)^1... Done.
Start computing 2^14 Delta^11 (x1x2x3x4)^1... Done.
Start computing 2^15 Delta^12 (x1x2x3x4)^1... Done.
Start computing 2^16 Delta^13 (x1x2x3x4)^1... Done.
Start computing 2^17 Delta^14 (x1x2x3x4)^1... Done.
Start computing 2^18 Delta^15 (x1x2x3x4)^1... Done.
Start computing 2^19 Delta^16 (x1x2x3x4)^1... Done.
Start computing 2^20 Delta^17 (x1x2x3x4)^1... Done.
Start computing 2^21 Delta^18 (x1x2x3x4)^1... Done.
Start computing 2^22 Delta^19 (x1x2x3x4)^1... Done.
Start computing 2^23 Delta^20 (x1x2x3x4)^1... Done.
Start computing 2^24 Delta^21 (x1x2x3x4)^1... Done.
Start computing 2^25 Delta^22 (x1x2x3x4)^1... Done.
Start computing 2^26 Delta^23 (x1x2x3x4)^1... Done.
Start computing 2^27 Delta^24 (x1x2x3x4)^1... Done.
Start computing 2^28 Delta^25 (x1x2x3x4)^1... Done.
Start computing 2^29 Delta^26 (x1x2x3x4)^1... Done.
Start computing 2^30 Delta^27 (x1x2x3x4)^1... Done.
Start computing 2^31 Delta^28 (x1x2x3x4)^1... Done.
Start computing 2^32 Delta^29 (x1x2x3x4)^1... Done.
Start computing 2^33 Delta^30 (x1x2x3x4)^1... Done.
Start computing 2^34 Delta^31 (x1x2x3x4)^1... Done.
Start computing 2^35 Delta^32 (x1x2x3x4)^1... Done.
Start computing 2^36 Delta^33 (x1x2x3x4)^1... Done.
Start computing 2^37 Delta^34 (x1x2x3x4)^1... Done.
Start computing 2^38 Delta^35 (x1x2x3x4)^1... Done.
Start computing aa.
1 2 3 4 5 