/* Comments begin... 
No set up needed.

Please input coefficients below.
Coefficient of   x^8 * z^1               = Coefficient of   x^7 * y^2               = Coefficient of   x^4 * y^1 * w^2         = Coefficient of   x^2 * y^1 * z^2 * w^1   = Coefficient of   x^1 * y^3 * z^1 * w^1   = Coefficient of   x^1 * w^4               = Coefficient of   y^5 * w^1               = Coefficient of   y^1 * z^4               = 
Here is the polynomial we're using this time:

1 + 0*2^64 + 0*2^128 + 0*2^192*x^8*z^1 + 1 + 0*2^64 + 0*2^128 + 0*2^192*x^7*y^2 + 1 + 0*2^64 + 0*2^128 + 0*2^192*x^2*y^1*z^2*w^1 + 1 + 0*2^64 + 0*2^128 + 0*2^192*x^1*w^4 + 1 + 0*2^64 + 0*2^128 + 0*2^192*y^5*w^1 + 1 + 0*2^64 + 0*2^128 + 0*2^192*y^1*z^4


Allocate G_len 20 elements and old = 0.
Allocate M_len = 400 elements.
Allocate G_len 40 elements and old = 20.
Allocate M_len = 800 elements.
Allocate G_len 80 elements and old = 40.
Allocate M_len = 1600 elements.
Allocate M_len = 3200 elements.
Allocate G_len 160 elements and old = 80.
Allocate M_len = 6400 elements.
Allocate M_len = 12800 elements.
Allocate G_len 320 elements and old = 160.
Allocate M_len = 25600 elements.
Allocate M_len = 51200 elements.
The final length of G is 199
[2, 1, 2, 0, 0]  	55	3 
[8, 0, 0, 0, 0]  	56	3  <--- 1
[3, 0, 2, 1, 0]  	67	5 
[7, 2, 0, 0, 0]  	71	4 
[6, 3, 0, 0, 0]  	75	6 
[2, 0, 1, 4, 0]  	93	4 
[6, 2, 1, 1, 0]  	95	7 
[6, 0, 4, 0, 0]  	102	7 
[1, 2, 5, 0, 0]  	104	4 
[6, 0, 0, 4, 0]  	106	9 
[1, 1, 6, 0, 0]  	108	5 
[6, 2, 0, 3, 0]  	112	6 
[5, 7, 0, 0, 0]  	112	7 
[1, 0, 4, 3, 0]  	115	4 
[5, 6, 0, 1, 0]  	117	6 
[4, 0, 6, 0, 0]  	118	8 
[1, 3, 1, 4, 0]  	119	5 
[2, 0, 6, 1, 0]  	120	5 
[5, 2, 0, 4, 0]  	121	8 
[4, 7, 0, 1, 0]  	121	7 
[1, 9, 1, 0, 0]  	121	7 
[1, 9, 0, 1, 0]  	122	6 
[1, 5, 4, 0, 0]  	122	6 
[4, 6, 1, 1, 0]  	125	6 
[4, 3, 0, 4, 0]  	125	7 
[1, 8, 2, 0, 0]  	125	6 
[4, 6, 0, 2, 0]  	126	6 
[2, 0, 0, 7, 0]  	126	4 
[4, 9, 0, 0, 0]  	127	8 
[1, 7, 3, 0, 0]  	129	5 
[1, 4, 2, 3, 0]  	129	5 
[4, 8, 1, 0, 0]  	131	6 
[1, 3, 4, 2, 0]  	132	5 
[2, 8, 0, 2, 0]  	134	7 
[0, 11, 1, 0, 0]  	136	4 
[0, 8, 0, 3, 0]  	136	4 
[1, 6, 0, 4, 0]  	137	4 
[0, 11, 0, 1, 0]  	137	4 
[0, 7, 4, 0, 0]  	137	4 
[1, 12, 0, 0, 0]  	139	6 
[0, 7, 0, 4, 0]  	141	4 
[3, 11, 0, 0, 0]  	142	6 
[0, 9, 3, 0, 0]  	144	4 
[0, 6, 2, 3, 0]  	144	4 
[0, 6, 1, 4, 0]  	145	3 
[0, 5, 6, 0, 0]  	145	3 
[1, 1, 0, 8, 0]  	146	5 
[0, 5, 3, 3, 0]  	148	3 
[2, 5, 0, 5, 0]  	149	6 
[1, 6, 3, 2, 0]  	150	4 
[1, 0, 1, 8, 0]  	150	4 
[0, 5, 1, 5, 0]  	150	3 
[0, 4, 6, 1, 0]  	150	3 
[1, 0, 0, 9, 0]  	151	2 
[0, 5, 0, 6, 0]  	151	2 
[0, 4, 5, 2, 0]  	151	2 
[0, 1, 4, 5, 0]  	151	2 
[1, 3, 0, 7, 0]  	152	2 
[0, 4, 4, 3, 0]  	152	2 
[0, 4, 3, 4, 0]  	153	3 
[0, 3, 8, 0, 0]  	153	3 
[0, 14, 0, 0, 0]  	154	3  <--- 2
[0, 4, 1, 6, 0]  	155	2 
[0, 1, 0, 9, 0]  	155	2 
[0, 4, 0, 7, 0]  	156	3 
[0, 3, 3, 5, 0]  	158	2 
[0, 2, 8, 1, 0]  	158	2 
[1, 0, 8, 2, 0]  	159	2 
[0, 3, 2, 6, 0]  	159	2 
[0, 3, 1, 7, 0]  	160	2 
[0, 1, 9, 1, 0]  	162	1 
[2, 0, 10, 0, 0]  	164	3 
[0, 8, 3, 2, 0]  	165	2 
[0, 2, 1, 8, 0]  	165	2 
[0, 1, 6, 4, 0]  	165	2 
[0, 0, 10, 1, 0]  	166	1 
[0, 0, 9, 2, 0]  	167	1 
[0, 1, 2, 8, 0]  	169	1 
[0, 0, 7, 4, 0]  	169	1 
[0, 3, 5, 4, 0]  	172	2 
[0, 2, 10, 0, 0]  	172	2 
[0, 0, 3, 8, 0]  	173	1 
[0, 0, 2, 9, 0]  	174	1 
[0, 1, 11, 0, 0]  	176	1 
[0, 0, 0, 11, 0]  	176	1  <--- 4
[0, 0, 12, 0, 0]  	180	1  <--- 3
[0, 0, 5, 7, 0]  	187	1 
[7, 1, 0, 0, 1]  	60	4 
[1, 0, 0, 4, 1]  	71	2 
[2, 3, 1, 1, 1]  	78	5 
[1, 6, 1, 1, 1]  	104	5 
[5, 5, 0, 1, 1]  	106	9 
[1, 5, 2, 1, 1]  	108	5 
[2, 0, 5, 2, 1]  	121	7 
[1, 11, 0, 0, 1]  	128	6 
[1, 4, 3, 2, 1]  	128	5 
[1, 0, 6, 2, 1]  	129	5 
[0, 10, 2, 0, 1]  	140	4 
[0, 7, 1, 3, 1]  	140	4 
[0, 13, 0, 0, 1]  	143	5 
[0, 6, 0, 5, 1]  	146	4 
[0, 4, 2, 5, 1]  	154	3 
[0, 3, 7, 1, 1]  	154	3 
[0, 3, 6, 2, 1]  	155	2 
[0, 6, 5, 1, 1]  	157	4 
[0, 3, 4, 4, 1]  	157	3 
[0, 2, 7, 2, 1]  	159	2 
[0, 2, 6, 3, 1]  	160	2 
[0, 2, 5, 4, 1]  	161	2 
[1, 5, 1, 1, 2]  	93	3 
[7, 0, 0, 3, 2]  	97	5 
[6, 1, 0, 3, 2]  	101	5 
[5, 2, 0, 3, 2]  	105	7 
[5, 1, 1, 3, 2]  	109	6 
[4, 7, 1, 0, 2]  	120	7 
[3, 8, 0, 1, 2]  	125	6 
[0, 7, 3, 1, 2]  	138	5 
[0, 7, 2, 2, 2]  	139	5 
[0, 4, 1, 5, 2]  	139	4 
[3, 0, 8, 0, 2]  	141	5 
[1, 0, 9, 0, 2]  	142	6 
[0, 9, 2, 1, 2]  	145	3 
[0, 5, 5, 1, 2]  	146	3 
[0, 2, 0, 8, 2]  	150	3 
[7, 0, 1, 0, 3]  	64	4 
[6, 0, 0, 3, 3]  	90	5 
[1, 7, 0, 1, 3]  	100	4 
[5, 0, 5, 0, 3]  	110	8 
[2, 8, 1, 0, 3]  	117	7 
[0, 8, 1, 1, 3]  	119	4 
[3, 5, 0, 3, 3]  	124	6 
[2, 6, 0, 3, 3]  	128	7 
[1, 3, 3, 3, 3]  	133	5 
[2, 0, 8, 0, 3]  	134	7 
[1, 0, 8, 1, 3]  	143	5 
[0, 6, 3, 2, 3]  	143	4 
[0, 5, 4, 2, 3]  	147	3 
[0, 5, 2, 4, 3]  	149	4 
[3, 2, 1, 3, 4]  	106	9 
[3, 7, 1, 0, 4]  	113	8 
[0, 1, 3, 6, 4]  	152	2 
[0, 9, 0, 2, 5]  	131	4 
[0, 3, 1, 6, 5]  	144	3 
[0, 1, 9, 0, 249]  	146	1 
[0, 4, 7, 0, 249]  	149	2 
[0, 1, 5, 4, 250]  	150	1 
[0, 5, 5, 0, 251]  	130	1 
[0, 4, 6, 0, 251]  	134	1 
[0, 3, 6, 1, 251]  	139	2 
[0, 2, 8, 0, 251]  	142	1 
[0, 2, 6, 2, 251]  	144	2 
[0, 2, 4, 4, 251]  	146	1 
[0, 1, 1, 8, 251]  	154	2 
[0, 0, 2, 8, 251]  	158	1 
[0, 5, 0, 4, 252]  	119	3 
[0, 4, 1, 4, 252]  	123	2 
[0, 5, 4, 1, 252]  	131	3 
[0, 1, 8, 0, 252]  	131	1 
[0, 1, 4, 4, 252]  	135	1 
[0, 1, 0, 8, 252]  	139	2 
[0, 3, 2, 5, 252]  	143	2 
[0, 2, 7, 1, 252]  	143	2 
[0, 3, 0, 7, 252]  	145	2 
[0, 0, 8, 2, 252]  	152	1 
[6, 2, 0, 0, 253]  	64	3 
[1, 3, 4, 0, 253]  	100	3 
[1, 5, 3, 0, 253]  	107	5 
[4, 6, 0, 1, 253]  	110	2 
[2, 9, 0, 0, 253]  	113	5 
[1, 4, 2, 2, 253]  	113	3 
[1, 7, 2, 0, 253]  	114	4 
[1, 10, 0, 0, 253]  	117	3 
[0, 2, 6, 1, 253]  	128	2 
[0, 12, 0, 0, 253]  	132	3 
[0, 5, 2, 3, 253]  	133	2 
[0, 4, 5, 1, 253]  	135	2 
[0, 0, 4, 7, 253]  	172	1 
[1, 1, 4, 0, 254]  	78	1 
[0, 5, 2, 0, 254]  	85	1 
[5, 5, 0, 0, 254]  	90	4 
[4, 6, 0, 0, 254]  	94	2 
[0, 9, 0, 0, 254]  	99	1 
[0, 4, 4, 0, 254]  	104	1 
[2, 0, 4, 2, 254]  	106	5 
[0, 7, 1, 1, 254]  	108	3 
[0, 3, 5, 1, 254]  	124	2 
[0, 0, 4, 4, 254]  	124	1 
[0, 3, 2, 4, 254]  	127	1 
[0, 0, 0, 8, 254]  	128	1 
[2, 0, 2, 1, 255]  	60	3 
[0, 1, 4, 0, 255]  	71	1 
[5, 1, 0, 3, 255]  	94	3 
[1, 4, 2, 1, 255]  	97	3 
[0, 3, 0, 4, 255]  	97	1 
[2, 7, 1, 0, 255]  	106	8 
[0, 0, 4, 3, 255]  	108	1 
[3, 4, 0, 3, 255]  	113	7 
[0, 4, 2, 3, 255]  	122	2 
[0, 2, 3, 4, 255]  	131	2 
------
The gap is between 6 and 248.
Lengths: 2 2 6 8 2 3.
For 164 = 3*d-d1-d2-d3-d4 you get 2 in char 0.
1 + 0*2^64 + 0*2^128 + 0*2^192*y^2*z^2*w^7
1 + 0*2^64 + 0*2^128 + 0*2^192*y^1*z^7*w^3

For 93 = 2*d-d1-d2-d3-d4 you get 6 in char 0.
1 + 0*2^64 + 0*2^128 + 0*2^192*x^5*y^1*z^1*w^2
1 + 0*2^64 + 0*2^128 + 0*2^192*x^4*y^3*w^2
1 + 0*2^64 + 0*2^128 + 0*2^192*x^1*y^1*z^5
1 + 0*2^64 + 0*2^128 + 0*2^192*y^7*w^1
1 + 0*2^64 + 0*2^128 + 0*2^192*y^3*z^4
1 + 0*2^64 + 0*2^128 + 0*2^192*z^3*w^3

For 22 = d-d1-d2-d3-d4 you get 2 in char 0.
1 + 0*2^64 + 0*2^128 + 0*2^192*x^1*z^1
1 + 0*2^64 + 0*2^128 + 0*2^192*y^2

Extra powers of p used 2.
The invariant extra is equal to 33.
Start computing 2^4 Delta^1 (x1x2x3x4)^1... Done.
Start computing 2^5 Delta^2 (x1x2x3x4)^1... Done.
Start computing 2^6 Delta^3 (x1x2x3x4)^1... Done.
Start computing 2^7 Delta^4 (x1x2x3x4)^1... Done.
Start computing 2^8 Delta^5 (x1x2x3x4)^1... Done.
Start computing 2^9 Delta^6 (x1x2x3x4)^1... Done.
Start computing 2^10 Delta^7 (x1x2x3x4)^1... Done.
Start computing 2^11 Delta^8 (x1x2x3x4)^1... Done.
Start computing 2^12 Delta^9 (x1x2x3x4)^1... Done.
Start computing 2^13 Delta^10 (x1x2x3x4)^1... Done.
Start computing 2^14 Delta^11 (x1x2x3x4)^1... Done.
Start computing 2^15 Delta^12 (x1x2x3x4)^1... Done.
Start computing 2^16 Delta^13 (x1x2x3x4)^1... Done.
Start computing 2^17 Delta^14 (x1x2x3x4)^1... Done.
Start computing 2^18 Delta^15 (x1x2x3x4)^1... Done.
Start computing 2^19 Delta^16 (x1x2x3x4)^1... Done.
Start computing 2^20 Delta^17 (x1x2x3x4)^1... Done.
Start computing 2^21 Delta^18 (x1x2x3x4)^1... Done.
Start computing 2^22 Delta^19 (x1x2x3x4)^1... Done.
Start computing 2^23 Delta^20 (x1x2x3x4)^1... Done.
Start computing 2^24 Delta^21 (x1x2x3x4)^1... Done.
Start computing 2^25 Delta^22 (x1x2x3x4)^1... Done.
Start computing 2^26 Delta^23 (x1x2x3x4)^1... Done.
Start computing 2^27 Delta^24 (x1x2x3x4)^1... Done.
Start computing 2^28 Delta^25 (x1x2x3x4)^1... Done.
Start computing 2^29 Delta^26 (x1x2x3x4)^1... Done.
Start computing 2^30 Delta^27 (x1x2x3x4)^1... Done.
Start computing 2^31 Delta^28 (x1x2x3x4)^1... Done.
Start computing 2^32 Delta^29 (x1x2x3x4)^1... Done.
Start computing 2^33 Delta^30 (x1x2x3x4)^1... Done.
Start computing 2^34 Delta^31 (x1x2x3x4)^1... Done.
Start computing 2^35 Delta^32 (x1x2x3x4)^1... Done.
Start computing 2^36 Delta^33 (x1x2x3x4)^1... Done.
Start computing 2^37 Delta^34 (x1x2x3x4)^1... Done.
Start computing 2^38 Delta^35 (x1x2x3x4)^1... Done.
Start computing aa.
1